44_Aerobics_Aerobics_44_585
52
605 172 19 29 0.01008444
134 225 19 32 0.010101161
177 180 22 17 0.010140774
118 174 37 58 0.010274788
169 208 23 20 0.010289258
638 193 21 28 0.010551789
813 282 52 53 0.010605225
621 190 23 18 0.012101646
181 191 10 9 0.012975888
183 180 24 16 0.013172515
292 192 29 15 0.013446244
156 210 22 18 0.014105362
283 210 34 38 0.01464746
313 187 27 16 0.014735362
256 218 20 32 0.015480972
338 176 22 18 0.015947085
793 257 50 92 0.017317623
630 178 14 16 0.017466053
247 210 39 54 0.018711478
814 216 31 41 0.019979605
126 243 22 17 0.020075371
597 180 27 16 0.020970182
800 282 49 54 0.021468217
251 215 30 39 0.022254247
635 175 14 16 0.022282612
596 180 10 8 0.024032483
361 208 23 18 0.025903447
348 164 21 28 0.026631707
235 226 19 33 0.027154239
610 186 20 29 0.028386345
124 181 25 44 0.035080742
591 171 20 31 0.03762745
422 196 19 31 0.04103288
311 155 23 20 0.042093188
421 178 7 8 0.04360542
300 153 22 28 0.045860473
344 175 22 18 0.049248785
590 178 24 17 0.049624115
599 189 24 18 0.0538834
590 183 19 28 0.053965867
283 195 36 37 0.055876747
316 153 22 28 0.06282126
638 177 10 10 0.06319644
632 180 10 10 0.06462298
252 147 28 42 0.07714613
592 186 23 19 0.10310466
177 202 19 35 0.1722833
531 186 19 34 0.32374382
277 189 46 53 0.32424662
537 186 22 32 0.7145112
182 205 24 41 0.72938544
820 206 35 53 0.9773542

