44_Aerobics_Aerobics_44_443
23
1003 947 16 144 0.01004047
410 259 86 150 0.010630202
5 257 165 405 0.0112788975
960 860 50 118 0.011794771
3 224 101 203 0.012152761
956 653 54 114 0.012745687
465 1141 40 69 0.015314622
803 814 221 325 0.01578188
23 109 107 213 0.016278096
982 948 42 136 0.017470103
0 42 158 346 0.018298907
930 622 94 188 0.0204018
596 1149 40 65 0.02100187
572 1133 57 95 0.022977402
873 839 122 147 0.025415292
0 123 177 426 0.027777717
952 882 72 190 0.028713588
998 938 23 105 0.02893216
516 1123 35 70 0.030969296
973 917 46 126 0.050510064
7 87 87 243 0.10817915
0 75 107 384 0.122767545
393 259 72 149 0.99811625

