44_Aerobics_Aerobics_44_852
162
642 216 9 12 0.010151938
49 279 9 10 0.010306296
900 232 11 12 0.010322115
268 225 17 30 0.01036984
900 180 12 20 0.010377339
708 230 15 9 0.010415586
808 217 6 8 0.010559179
83 258 22 17 0.010569112
437 234 7 7 0.01063156
678 219 23 16 0.010705967
465 229 21 18 0.010728268
191 241 15 12 0.010926702
846 185 13 19 0.011640841
1 278 13 40 0.011649617
639 213 13 18 0.011896062
849 188 9 11 0.011908332
377 248 26 14 0.011965489
0 232 11 22 0.012270032
535 259 23 18 0.012405282
28 312 23 18 0.012465035
914 188 9 13 0.012856291
462 241 21 20 0.01299257
832 195 13 18 0.013082483
872 168 11 21 0.013107904
882 201 8 11 0.01311969
557 232 22 18 0.0131900795
616 239 20 28 0.013224639
564 249 13 11 0.013232039
877 210 12 18 0.013338056
880 213 9 12 0.013360547
866 202 8 11 0.013871304
946 206 16 17 0.013887699
39 262 10 10 0.013978168
901 183 7 11 0.01404584
712 220 25 15 0.014127825
365 278 25 17 0.014169695
623 202 9 12 0.014219698
622 229 22 18 0.014296562
870 175 12 20 0.014500159
422 249 10 8 0.01453853
912 171 7 11 0.014638302
169 245 19 26 0.014673835
624 241 23 18 0.014777894
575 233 10 11 0.015039507
640 237 21 27 0.01530925
931 167 13 19 0.015579369
350 212 20 25 0.01604035
288 222 8 8 0.016174681
177 234 19 20 0.0162486
121 261 22 18 0.016261145
543 248 12 11 0.016365455
166 244 13 13 0.016375614
676 229 13 11 0.01663782
872 179 8 12 0.016839055
45 258 14 17 0.01711137
376 275 25 19 0.017177014
844 185 19 28 0.017323053
530 257 21 19 0.017677587
534 247 12 12 0.01785807
676 221 11 11 0.018677475
682 242 23 19 0.019313341
646 224 20 27 0.019363267
935 231 25 16 0.019377798
877 168 11 20 0.01942872
95 258 15 21 0.019766849
431 252 21 29 0.019775312
415 248 23 16 0.019831311
880 171 7 12 0.019925598
226 218 19 23 0.020000268
613 201 9 13 0.02012049
720 231 14 9 0.020719161
611 193 18 30 0.021069061
874 172 7 12 0.021572055
881 181 7 13 0.021596402
350 216 13 13 0.02182106
571 244 14 18 0.02183372
934 169 7 11 0.02235353
612 207 14 19 0.022406397
654 200 10 13 0.023241969
192 236 12 12 0.024227256
878 177 11 20 0.024456048
471 232 7 8 0.025008924
568 232 21 17 0.025554132
620 200 13 19 0.02698375
821 201 7 10 0.027232653
618 209 20 20 0.027798433
868 215 9 12 0.028034717
572 248 20 27 0.028133478
224 226 14 14 0.028330851
929 181 10 12 0.029968655
474 229 22 20 0.030349163
834 199 8 11 0.030586366
633 232 21 19 0.030800534
832 183 13 18 0.03195137
0 278 7 15 0.032093026
905 196 9 13 0.03239746
425 245 22 20 0.032632947
48 261 9 10 0.033763494
1017 216 7 17 0.035032127
652 198 12 18 0.03609296
1017 227 7 16 0.036664188
866 212 13 19 0.038326588
649 198 8 13 0.04060552
648 195 12 20 0.041947898
619 212 18 29 0.042526267
262 241 14 21 0.04402949
289 232 11 11 0.047274426
704 245 34 36 0.04886578
678 229 24 18 0.04961163
670 219 23 17 0.050423793
222 219 15 19 0.05099066
486 232 25 21 0.051647544
834 186 9 12 0.05241019
496 202 11 12 0.052509945
492 206 22 19 0.05747447
945 193 16 28 0.05923134
1016 211 8 27 0.061104618
954 199 15 20 0.06499137
904 192 13 19 0.06640445
276 232 10 8 0.06696752
1016 222 8 25 0.06791659
895 229 21 19 0.07093863
340 217 20 20 0.07675754
528 243 17 31 0.07932263
530 244 21 19 0.08297803
270 231 22 18 0.085240334
676 228 22 27 0.08667509
611 198 13 21 0.09442146
0 274 8 24 0.09584067
313 263 24 18 0.09597199
912 186 13 20 0.09704114
680 236 22 28 0.10621893
536 245 23 19 0.123601556
635 239 21 20 0.12368098
850 198 10 14 0.124136835
926 178 14 19 0.13171673
282 230 22 18 0.14572217
129 294 20 34 0.14983979
557 241 19 29 0.15053442
705 227 24 18 0.15523434
672 225 22 20 0.2181834
494 200 14 18 0.2289646
712 227 25 18 0.28923938
263 241 23 22 0.2905655
187 235 20 18 0.29699314
560 245 22 18 0.32958433
848 195 13 19 0.35075188
269 238 19 30 0.41896996
167 240 21 20 0.42839783
327 222 22 21 0.44787234
0 240 12 19 0.5189009
93 254 20 29 0.5252586
121 285 28 41 0.58349323
385 268 37 50 0.6209086
440 249 27 38 0.6353105
221 222 19 20 0.64225125
489 226 18 33 0.6429406
908 191 15 18 0.677644
699 256 39 49 0.6854544
238 256 22 32 0.72194684
946 202 22 19 0.72472036
345 213 20 20 0.7469259

