44_Aerobics_Aerobics_44_246
117
378 200 8 12 0.010082693
1016 676 7 40 0.010195254
113 1216 8 10 0.01031047
825 152 9 13 0.010394091
72 1205 13 16 0.010409669
877 146 20 17 0.010523936
936 224 23 18 0.01097909
391 1221 6 9 0.011029663
677 187 22 27 0.011123114
278 1219 8 10 0.011334077
68 36 37 69 0.0115331495
523 162 55 88 0.0116006965
744 160 28 39 0.011788098
872 176 9 11 0.0118248705
403 1215 8 12 0.012135428
421 1170 36 59 0.012342655
404 213 9 11 0.012384694
391 220 19 30 0.012400574
225 1190 7 9 0.012428484
37 1222 7 8 0.012495623
87 43 39 69 0.012698288
340 196 13 20 0.0127267875
1010 640 13 52 0.012788015
329 200 16 34 0.012935429
551 164 26 49 0.013349941
399 195 8 10 0.013386928
637 196 13 19 0.013492131
181 1203 13 16 0.013552724
7 1216 7 11 0.013679495
960 739 16 39 0.014149512
384 198 17 30 0.014286231
226 1203 6 9 0.014563494
351 200 8 12 0.014634334
15 1215 8 11 0.014808612
824 151 12 18 0.015203207
50 1234 6 7 0.015490372
343 201 7 11 0.015519923
814 193 10 14 0.015550442
222 1186 13 20 0.015620096
374 210 8 11 0.015660362
341 211 8 12 0.015864668
978 714 12 27 0.01599714
93 20 37 65 0.016154889
180 1234 5 7 0.016630325
348 195 12 19 0.016638212
773 174 13 20 0.01670663
384 1234 8 10 0.01730762
881 176 11 9 0.01755427
354 210 8 12 0.017790986
362 279 19 33 0.017871372
391 1189 16 34 0.01824904
391 1202 6 10 0.018303929
325 1198 18 29 0.018316464
1003 641 21 85 0.018591853
69 26 59 87 0.018985318
687 190 20 20 0.020261023
748 163 19 30 0.021453511
971 705 16 37 0.021828271
771 158 12 22 0.02201749
326 220 12 21 0.023163088
317 1209 18 29 0.024258742
872 169 9 10 0.0243396
37 1237 7 9 0.024570985
340 225 10 13 0.024894804
325 213 8 13 0.02593245
190 1215 13 17 0.026020583
877 167 14 16 0.026072958
338 208 13 21 0.026634663
874 171 21 19 0.028336229
770 160 18 33 0.02857413
769 148 9 13 0.029118441
168 1202 8 8 0.029881006
880 170 10 11 0.030789671
808 191 12 21 0.031829
319 1204 13 22 0.035391457
106 1203 13 17 0.035593648
63 21 35 70 0.03965915
79 1211 12 16 0.04147381
812 190 12 20 0.046472225
1012 655 12 53 0.05015892
824 156 13 19 0.050186206
73 1216 7 9 0.051058393
773 636 44 66 0.052343115
74 1208 8 11 0.052550107
323 211 13 21 0.052825242
53 1220 7 7 0.054608002
389 206 10 13 0.056043625
401 1202 12 19 0.061144404
100 1214 9 10 0.06368653
767 146 12 19 0.07117375
387 203 13 18 0.087785855
333 217 16 34 0.08897613
828 152 14 16 0.11589198
250 1178 18 29 0.11732736
185 1217 7 8 0.16004197
404 1206 7 11 0.20606019
9 1202 8 14 0.21734834
102 1206 9 12 0.22766905
11 1201 12 17 0.22833662
829 156 13 17 0.24687633
334 221 20 21 0.2656
387 196 9 13 0.28153878
384 195 14 17 0.2838412
193 1218 7 9 0.30154335
777 639 58 75 0.3213385
81 1213 9 11 0.32594678
190 1209 8 9 0.3372574
79 1209 10 12 0.348364
100 1203 14 17 0.4311654
185 1207 7 9 0.47424254
242 1178 20 29 0.53476626
318 1212 13 19 0.543419
792 1022 38 59 0.5644648
544 172 37 56 0.56582576
660 629 52 84 0.59151965
882 149 10 11 0.7363292
269 598 63 83 0.85835683

