44_Aerobics_Aerobics_44_96
22
178 142 16 37 0.010084382
971 340 21 37 0.011660675
547 290 36 69 0.017185468
596 312 51 90 0.017993854
807 317 6 8 0.018787785
173 100 28 75 0.020729471
567 296 39 59 0.021563455
457 375 28 40 0.021592494
618 324 25 17 0.024308037
612 336 30 39 0.025332278
604 316 24 17 0.025368163
510 283 56 83 0.031380583
595 290 53 81 0.033084728
606 326 41 55 0.036104027
501 284 43 69 0.041559782
444 430 40 69 0.13009016
607 320 22 21 0.13615423
186 120 19 53 0.16457008
609 308 30 40 0.30285877
514 348 21 19 0.4002185
190 135 16 37 0.6287866
967 327 33 54 0.95407945

