44_Aerobics_Aerobics_44_343
91
629 246 39 56 0.010276728
669 183 34 59 0.010360786
1017 225 6 17 0.010732824
857 159 19 22 0.010759294
850 194 9 12 0.011008882
759 177 10 12 0.011173209
957 257 14 19 0.011260392
861 159 19 31 0.011504282
296 189 20 39 0.011510645
995 226 12 21 0.012146827
848 191 13 20 0.012244435
678 177 8 11 0.0123613635
855 167 8 11 0.012424347
558 184 18 24 0.0130024
860 246 25 50 0.013126194
932 255 13 19 0.013804632
800 186 13 17 0.013806553
974 271 14 21 0.014191792
892 185 31 60 0.014856905
996 233 12 23 0.016532704
864 177 8 11 0.016882164
690 193 9 13 0.016935613
667 162 14 16 0.017027222
1017 206 6 17 0.017037097
759 149 8 12 0.01707836
908 158 19 27 0.017204762
803 189 9 12 0.017588587
674 207 26 43 0.017926257
668 208 22 20 0.018168533
671 190 20 19 0.018496228
1013 187 9 27 0.018807959
816 194 13 18 0.019407302
834 194 8 11 0.019707173
735 204 13 20 0.020039016
596 178 27 40 0.020153651
853 162 12 20 0.020193856
737 196 9 12 0.020684764
1013 229 8 32 0.020928841
836 167 8 12 0.020936823
1015 193 6 14 0.021021007
942 251 13 19 0.021961227
971 262 17 34 0.023029936
755 162 17 30 0.024760585
1003 221 16 36 0.025540862
652 187 19 31 0.025798654
852 171 12 20 0.026292836
662 179 9 11 0.027727906
856 238 34 66 0.027740672
789 177 13 18 0.028971877
818 179 8 10 0.030572932
819 197 9 11 0.03269879
549 186 12 23 0.033366002
1015 219 8 30 0.034174465
660 176 14 18 0.03617618
792 180 8 12 0.038671095
682 189 20 20 0.042082425
557 172 18 32 0.042094074
734 193 13 19 0.04456371
565 175 13 24 0.04507623
686 166 13 16 0.045305565
841 159 17 32 0.04659843
854 176 8 11 0.048034895
670 164 9 11 0.048521888
1015 200 9 29 0.05034717
818 161 8 13 0.055164695
554 185 18 31 0.056277584
815 158 13 19 0.058151882
834 163 12 20 0.06932562
678 191 18 35 0.07042883
661 162 13 17 0.07154757
654 186 21 20 0.081890725
765 168 17 29 0.08246801
585 171 20 34 0.09278419
757 143 13 21 0.09464762
572 176 13 24 0.09800273
837 174 8 12 0.10319654
835 170 12 20 0.111062236
759 173 14 20 0.12314214
686 170 13 18 0.13104051
688 169 9 11 0.14164284
801 180 9 13 0.17807402
943 237 14 18 0.20032492
689 173 9 12 0.20351744
663 164 9 12 0.21262804
798 177 13 19 0.366995
898 198 19 35 0.43036044
927 157 13 19 0.4703371
761 173 19 22 0.53132004
386 159 18 30 0.58295614
588 175 26 41 0.9352125
290 177 34 54 0.97032905

