44_Aerobics_Aerobics_44_167
99
841 231 15 29 0.010021676
647 268 11 20 0.010975141
882 268 10 14 0.011001756
773 275 9 15 0.01114796
622 118 20 31 0.01121973
370 265 19 32 0.011726721
591 107 24 19 0.011943461
834 283 19 32 0.011990245
718 257 24 41 0.0120913945
998 248 7 8 0.012857973
655 266 13 21 0.0130728325
723 262 10 11 0.013309896
847 494 177 189 0.0133577185
817 256 13 19 0.013681233
980 255 12 19 0.013682101
819 258 9 10 0.013687907
924 241 24 39 0.014391565
998 275 23 47 0.014396679
262 301 37 61 0.014453537
982 257 9 12 0.0152340215
871 271 13 22 0.015673246
749 280 19 30 0.01577731
712 261 9 11 0.018354326
893 288 21 19 0.019107942
668 269 21 21 0.01941991
906 275 21 19 0.019451063
825 264 20 21 0.019536745
998 270 9 14 0.020981057
831 261 10 12 0.023270074
814 270 20 21 0.023344105
899 279 28 40 0.024403227
807 260 27 42 0.025026217
706 271 19 20 0.025470959
837 256 18 31 0.025736695
928 238 17 31 0.025892418
657 243 12 17 0.026614284
887 308 43 64 0.026941717
846 230 15 18 0.026955426
980 241 8 10 0.027736828
602 106 20 31 0.027938453
776 269 19 23 0.028764412
744 243 13 19 0.029602624
325 332 36 64 0.029663661
710 258 13 19 0.029944733
529 350 9 11 0.030026505
591 101 20 32 0.030826522
1002 279 17 36 0.031552084
1012 302 8 16 0.03457811
1010 257 12 19 0.035122048
734 252 19 20 0.03931078
961 261 11 14 0.043269083
965 258 16 29 0.043275133
868 283 12 24 0.046269298
1009 272 9 14 0.046508223
993 257 12 20 0.04809661
185 279 19 30 0.050371308
995 259 8 11 0.053769223
905 282 21 21 0.05511025
656 253 12 20 0.057177857
726 267 21 21 0.058818474
375 262 28 16 0.06065465
828 259 15 18 0.06566521
735 259 16 31 0.06739614
875 264 18 33 0.06852566
615 300 17 34 0.0726889
176 282 22 22 0.074498646
957 263 19 20 0.07988913
868 276 27 42 0.0866512
1013 259 8 11 0.0877583
1010 299 11 22 0.09169326
369 278 26 44 0.11072359
658 257 8 11 0.113715194
999 263 18 32 0.12601545
996 267 13 21 0.12803514
876 264 19 21 0.1308096
718 260 21 20 0.15252489
771 274 13 22 0.16779867
769 267 17 34 0.20817095
659 247 8 10 0.2114026
1006 268 12 21 0.2132663
765 274 17 34 0.2277537
377 266 26 19 0.22910169
337 338 39 58 0.2328029
925 249 22 21 0.31867313
377 266 22 30 0.35999328
720 265 21 22 0.38874656
880 260 14 17 0.43921676
892 313 51 88 0.44450182
686 267 18 32 0.5546914
577 244 14 21 0.5694166
617 307 19 34 0.57859397
748 244 14 19 0.6056847
795 273 28 44 0.6230819
843 233 19 20 0.71655977
959 260 14 19 0.7416455
892 512 120 144 0.85132295
375 282 27 42 0.8615012
178 275 18 36 0.9101767
275 305 58 95 0.93517846

