44_Aerobics_Aerobics_44_194
92
503 219 32 35 0.0102085825
627 146 46 46 0.010644905
533 329 47 52 0.01075211
642 128 9 10 0.0108787455
609 140 9 11 0.010891566
424 315 24 16 0.010910975
711 91 23 17 0.0112233
692 175 9 8 0.011452967
692 158 14 16 0.011459805
634 143 23 17 0.011483532
532 148 9 6 0.011500856
601 136 21 19 0.011773243
694 94 10 10 0.012138047
804 145 8 8 0.012202682
509 226 25 17 0.012220479
649 157 23 17 0.012477649
517 163 10 7 0.012632114
373 85 5 7 0.012851722
761 183 44 49 0.012967072
372 143 7 10 0.013193077
431 316 13 11 0.01338191
872 194 29 14 0.013526867
382 108 13 19 0.013527273
196 270 29 43 0.013637085
417 155 13 17 0.013766616
577 379 41 49 0.013842035
675 80 12 9 0.013857436
696 142 8 9 0.013931112
783 176 23 17 0.014328138
700 76 24 16 0.014494164
702 131 9 9 0.014891989
234 296 25 18 0.014979127
566 307 41 54 0.014998579
708 174 10 7 0.015438027
766 191 34 35 0.015807193
535 310 41 53 0.016232679
703 143 8 9 0.017067734
643 160 12 11 0.017171018
641 146 10 9 0.017289089
674 172 10 8 0.017469907
737 159 9 7 0.017707536
185 264 59 85 0.018082634
540 315 31 37 0.018815242
594 140 8 10 0.019419158
679 148 8 9 0.02121704
483 162 9 7 0.021236442
593 126 14 17 0.021495776
403 159 9 10 0.021505661
459 135 18 19 0.021878378
608 131 9 9 0.023710847
704 90 23 17 0.024051392
578 142 14 18 0.024279067
509 231 26 16 0.024292458
587 136 20 19 0.02495379
669 78 23 17 0.025269788
765 211 25 16 0.025511814
586 67 6 11 0.025715128
704 162 9 7 0.026852062
458 143 9 11 0.026981339
230 282 21 33 0.027495328
667 88 23 18 0.029750993
580 145 8 10 0.030972544
641 102 13 17 0.031415276
384 125 8 10 0.031555165
726 161 8 8 0.03439438
584 129 7 8 0.03484555
189 246 36 60 0.034954295
372 96 6 7 0.03510317
190 261 40 60 0.035219
706 78 12 9 0.035297837
619 172 22 19 0.035500944
498 158 11 7 0.038016167
464 134 9 12 0.038112465
764 216 28 15 0.040361837
375 128 6 8 0.041169018
670 159 14 17 0.042440593
643 105 10 12 0.0426598
385 113 8 9 0.042967267
839 193 26 17 0.04608148
419 157 9 11 0.04705785
634 151 33 33 0.054603215
375 113 6 8 0.055281837
666 190 24 19 0.063728295
651 250 29 42 0.06383485
386 100 7 8 0.06594286
595 128 9 9 0.09408067
673 163 10 10 0.09805597
221 273 38 56 0.103804976
695 163 8 8 0.10741231
637 155 23 19 0.1413013
640 97 14 16 0.17962748
463 138 11 13 0.7511524

