44_Aerobics_Aerobics_44_809
25
540 250 28 16 0.010158926
536 243 34 33 0.0123245735
70 696 7 9 0.012809735
854 201 45 57 0.014320786
355 161 30 78 0.0147600565
181 717 6 7 0.01531688
165 696 9 8 0.01588704
835 190 33 41 0.01678424
184 254 25 32 0.020333627
27 232 32 70 0.022056485
137 692 8 8 0.022493852
144 696 9 8 0.022898775
143 692 8 8 0.023666212
63 196 33 69 0.025468491
146 319 18 35 0.025547734
65 686 8 10 0.027910853
202 239 61 80 0.039850954
818 196 110 161 0.0508925
496 217 37 34 0.051764376
809 173 116 113 0.05625297
136 698 8 9 0.067654185
826 178 81 75 0.09046429
831 182 42 57 0.10585154
173 253 32 38 0.8674775
489 204 36 53 0.94427216

