44_Aerobics_Aerobics_44_66
20
194 216 19 30 0.011515925
480 257 15 20 0.012110992
94 249 21 25 0.012528587
181 237 12 20 0.014290261
237 170 22 22 0.014837112
234 170 19 31 0.015351993
182 241 8 11 0.01883417
473 258 28 34 0.022326222
186 230 20 22 0.024862459
192 226 28 40 0.043086495
194 222 9 11 0.04448702
192 220 13 19 0.044807293
43 289 26 43 0.17483604
474 260 23 21 0.48556027
87 254 22 19 0.78077924
905 228 26 40 0.9739818
255 140 69 90 0.9793636
677 193 32 43 0.9814089
783 199 45 58 0.98553735
436 232 38 50 0.9868925

