44_Aerobics_Aerobics_44_549
20
686 302 22 18 0.011346091
1 118 13 46 0.011551495
284 191 25 17 0.012546917
996 270 25 104 0.012927194
319 180 21 30 0.015395374
597 360 9 13 0.015554969
541 337 19 21 0.017670311
546 352 20 21 0.018227028
598 362 12 23 0.020797774
551 354 21 21 0.025137769
287 184 20 31 0.028153837
0 134 14 42 0.03369441
595 358 12 20 0.060561355
550 343 18 34 0.061538056
557 316 18 29 0.084414706
561 319 18 22 0.27317074
350 166 27 41 0.58051944
444 55 63 87 0.91403526
247 108 36 55 0.973558
806 36 34 64 0.98101485

