44_Aerobics_Aerobics_44_17
31
191 194 25 17 0.0102478
161 19 43 52 0.0108493185
129 120 32 36 0.011140583
494 117 45 47 0.011164331
190 203 35 32 0.012004216
123 114 42 53 0.012015539
429 78 23 20 0.012236774
675 5 13 19 0.012350913
147 142 41 49 0.013611614
429 72 23 20 0.014173193
601 74 37 61 0.014349617
503 133 47 51 0.015404282
526 131 46 52 0.016398987
490 134 26 18 0.018296273
137 141 31 39 0.019505734
246 87 34 34 0.020039065
499 124 34 33 0.02099568
166 154 29 16 0.021147914
424 75 20 32 0.02248393
195 189 32 34 0.024655389
217 205 26 26 0.025195489
160 159 23 19 0.025391964
130 133 43 53 0.0345768
421 51 25 43 0.051817227
212 191 33 34 0.06815241
152 150 32 34 0.10072182
281 158 39 31 0.11497559
488 123 32 35 0.164469
273 322 49 60 0.47442165
821 323 59 85 0.5220245
377 64 30 38 0.72387516

