44_Aerobics_Aerobics_44_127
60
665 274 29 40 0.010044605
132 285 17 34 0.010146385
483 289 11 22 0.010223147
771 229 52 79 0.010381934
235 311 23 48 0.010678357
626 287 13 21 0.01075348
660 266 40 57 0.011677915
782 256 31 42 0.012235437
261 320 7 15 0.0129169095
512 303 11 22 0.012966517
500 307 8 14 0.013526047
542 304 11 22 0.013563629
482 302 37 59 0.01440183
246 316 11 24 0.015604237
735 249 28 42 0.016404726
290 317 17 30 0.017143399
246 329 11 25 0.018818289
256 303 7 16 0.019083768
98 259 25 47 0.019993914
238 295 15 33 0.020064194
485 297 12 24 0.021034878
667 259 29 41 0.021646827
730 241 39 58 0.022349356
488 309 27 43 0.024263257
534 308 8 16 0.024556162
319 313 12 19 0.025512893
942 359 12 9 0.025575634
238 315 16 36 0.026382077
211 300 8 17 0.026433164
484 321 7 11 0.028141405
258 317 16 35 0.031162973
295 309 8 15 0.03170184
305 308 7 15 0.032430273
615 301 11 26 0.032516535
999 372 7 9 0.033398665
304 316 8 14 0.03472584
951 45 40 68 0.036367115
301 313 12 19 0.036419146
248 302 7 16 0.037766334
619 295 18 33 0.038590156
491 292 18 33 0.0392906
257 316 12 23 0.047117345
322 316 8 13 0.049925696
294 307 11 21 0.05832315
205 289 16 32 0.060127653
318 307 11 19 0.062420424
320 310 8 14 0.06613347
302 306 11 21 0.06698717
277 317 11 21 0.068521634
279 321 7 14 0.06869591
498 302 12 24 0.079015486
94 271 26 45 0.079919145
253 300 11 22 0.08981335
293 316 8 15 0.09781817
533 306 11 22 0.12285124
210 288 12 25 0.15583755
246 299 11 23 0.18994935
292 313 11 21 0.1918068
208 295 12 23 0.29751095
786 246 36 63 0.7835522

