44_Aerobics_Aerobics_44_3
38
316 174 23 49 0.010322301
312 116 6 12 0.010455909
163 199 42 62 0.010579803
188 181 38 58 0.010627278
844 175 21 20 0.01098588
639 162 16 34 0.011074176
321 181 16 38 0.0114604905
638 166 11 22 0.011486635
842 162 18 32 0.01156833
808 140 12 24 0.012134748
572 100 19 31 0.012891103
828 127 18 32 0.012897554
587 144 17 37 0.013085279
468 175 13 22 0.013240422
413 159 18 31 0.016538853
455 162 20 30 0.016795881
317 158 16 39 0.01692144
160 173 39 63 0.017180147
313 153 22 51 0.017648961
741 151 12 28 0.019143801
576 102 11 23 0.019720351
594 164 38 62 0.020232122
582 167 40 64 0.023634827
400 163 17 36 0.023743749
612 158 18 36 0.028425023
640 162 8 15 0.029132636
408 173 21 20 0.036138766
626 156 7 14 0.039414637
736 155 16 33 0.039460175
605 156 25 47 0.04092225
750 156 11 26 0.041563563
579 135 34 64 0.0469298
623 153 12 21 0.054008182
638 160 11 21 0.06074418
810 141 19 23 0.088733636
577 127 24 47 0.115350835
813 130 17 35 0.21201429
711 152 16 33 0.33391342

