44_Aerobics_Aerobics_44_640
24
79 412 9 10 0.010125172
507 401 34 32 0.010450317
79 421 9 9 0.011181542
874 213 24 20 0.011435074
566 192 12 21 0.013056798
971 431 23 19 0.015495767
976 404 26 16 0.020996444
977 407 19 32 0.024823368
73 414 8 10 0.028176742
71 419 9 9 0.035631597
629 238 25 19 0.053405304
413 223 23 21 0.056078915
983 405 25 18 0.07453759
634 226 17 32 0.107706964
626 234 21 20 0.15038452
989 400 19 35 0.2087713
627 225 16 35 0.51045567
934 420 18 37 0.76949745
651 421 20 35 0.81544036
381 416 21 33 0.89605117
415 215 19 35 0.9104427
134 239 20 34 0.91692734
94 443 20 35 0.923168
876 203 18 36 0.9458504

