44_Aerobics_Aerobics_44_916
35
447 194 42 55 0.0100787915
474 192 44 51 0.01023713
521 323 34 42 0.010624937
2 200 10 60 0.010641647
16 353 44 128 0.011554315
608 184 22 34 0.011786543
853 154 50 99 0.012636432
258 323 33 40 0.01298727
356 198 33 38 0.013147236
898 293 35 69 0.014018831
25 216 34 74 0.015914515
900 273 54 93 0.017027015
14 313 37 145 0.017238399
875 232 26 47 0.020753544
867 261 37 65 0.023689339
774 377 35 71 0.024113271
0 182 22 98 0.02874945
499 185 30 42 0.03774657
854 182 51 97 0.04024647
855 171 40 65 0.04377739
870 222 35 66 0.047653366
865 190 37 69 0.05256634
354 189 44 53 0.07221644
626 205 34 42 0.081439465
602 182 37 55 0.12778224
490 178 34 55 0.2050208
616 193 41 57 0.7945322
520 304 39 68 0.83873206
791 196 39 57 0.8884797
495 64 38 55 0.90354127
346 178 32 55 0.9176223
371 192 38 59 0.9395899
703 295 41 57 0.94015896
253 303 40 61 0.95589787
132 200 38 55 0.97110873

