44_Aerobics_Aerobics_44_329
52
1017 62 5 12 0.0101479655
683 318 22 19 0.010154055
632 297 23 18 0.010548116
628 285 9 10 0.010812343
893 315 22 18 0.010863723
81 394 24 46 0.011166474
335 129 20 29 0.0118475985
688 249 11 11 0.012056749
814 317 22 18 0.012083161
878 300 11 14 0.012087204
510 291 19 22 0.012106589
946 253 9 16 0.012108221
178 56 12 19 0.013684617
153 43 6 9 0.013891062
163 45 6 8 0.014808013
816 256 17 30 0.015597378
632 277 22 19 0.015656982
832 276 20 20 0.015998123
167 61 6 8 0.01610579
872 298 10 14 0.018168237
1016 72 6 14 0.0191651
85 47 5 8 0.020297348
368 138 22 19 0.021824362
93 407 28 43 0.024907205
806 344 23 19 0.025949292
812 325 21 20 0.026633117
679 250 10 13 0.026969317
648 311 23 19 0.028737089
799 330 19 22 0.029275404
679 309 16 34 0.0297269
820 256 10 13 0.033722397
192 46 7 9 0.03709098
677 326 21 19 0.043129668
681 245 21 19 0.048873223
820 261 10 14 0.052558135
73 41 5 10 0.05303592
945 254 16 31 0.05639414
326 73 11 14 0.05672576
816 254 18 20 0.057335578
633 269 22 18 0.06262047
802 340 19 22 0.07200345
181 60 6 9 0.078064315
804 325 18 32 0.09384132
678 246 13 19 0.1216778
184 47 7 8 0.122097425
327 70 19 22 0.2515949
819 258 13 20 0.2569824
90 396 26 45 0.4494478
872 296 19 22 0.4731156
944 251 13 23 0.5024334
684 318 18 32 0.7125829
325 70 15 19 0.8282343

