44_Aerobics_Aerobics_44_332
150
886 327 8 9 0.010156011
868 286 6 7 0.010499495
985 298 8 13 0.010515234
422 297 33 52 0.010545194
635 328 6 9 0.010556265
763 291 18 19 0.010771217
849 329 8 10 0.010819235
716 307 13 18 0.010910923
959 326 8 12 0.010929902
65 320 14 16 0.011126251
1000 337 24 89 0.011175523
195 309 10 10 0.011273411
896 323 8 11 0.011401531
535 284 8 11 0.011841961
706 294 8 7 0.012190871
72 296 18 18 0.012278386
398 298 12 12 0.012335885
365 336 11 21 0.012381009
367 341 7 12 0.012611385
991 298 9 14 0.012683399
235 280 22 18 0.012786594
50 301 10 8 0.012889197
823 310 9 11 0.012943024
593 290 7 10 0.013418599
454 306 9 11 0.013606863
328 283 7 8 0.013972137
822 306 13 17 0.014020795
1006 337 13 46 0.014042353
722 323 8 11 0.014236927
320 307 8 9 0.014455412
193 295 21 18 0.014776943
377 310 8 11 0.014784561
298 299 17 21 0.015527917
851 289 12 18 0.015882896
1015 312 7 10 0.016401133
171 300 28 34 0.016666688
983 296 12 19 0.017113216
745 309 9 12 0.017433006
241 291 11 12 0.017952383
165 305 14 17 0.01805709
398 302 12 13 0.018517962
171 317 23 17 0.018574439
943 312 9 13 0.019407349
699 315 21 18 0.019514836
839 298 9 10 0.019668106
327 289 12 16 0.020190157
673 300 8 8 0.020274386
260 316 12 18 0.02046972
940 310 13 18 0.020473804
593 282 6 7 0.020566912
271 320 9 12 0.020907177
166 308 9 10 0.02145266
231 291 10 13 0.021505237
394 299 19 28 0.022220002
940 293 12 17 0.022303335
653 301 14 16 0.022454305
53 321 9 10 0.023116078
690 307 14 16 0.024025774
199 302 19 26 0.024282852
548 309 11 14 0.02523836
784 321 8 11 0.025302337
0 300 9 19 0.025870837
650 293 20 18 0.02598772
209 302 14 13 0.026041534
332 288 11 16 0.026084337
97 309 8 9 0.026687475
271 315 9 11 0.026808478
720 311 8 10 0.028371383
0 295 9 17 0.029770937
934 312 8 13 0.030132873
453 295 8 9 0.03140726
390 296 15 18 0.03197717
210 298 11 12 0.032282397
146 310 9 10 0.03305596
836 295 14 19 0.033298206
1014 340 6 15 0.033376932
641 323 12 17 0.03368921
1012 335 9 26 0.033841018
692 296 7 7 0.035968587
691 309 8 9 0.038060904
26 290 13 16 0.0404644
69 301 14 15 0.0409788
259 312 13 16 0.04231062
1013 321 11 20 0.042909216
850 307 8 10 0.04465633
744 305 13 18 0.044910397
262 319 8 12 0.045289572
878 304 8 10 0.046808768
942 296 9 11 0.047712263
932 309 12 20 0.055606194
445 293 22 18 0.058993384
189 304 21 20 0.06259315
385 306 11 12 0.06377837
68 323 9 10 0.06565483
869 301 13 15 0.06632168
934 319 9 15 0.06708197
836 306 10 13 0.06904053
865 292 13 16 0.0758698
945 322 9 14 0.0807819
447 301 20 20 0.08101123
931 293 13 17 0.08167412
230 288 13 19 0.08218188
530 303 8 14 0.09400313
120 301 13 17 0.10595186
0 303 8 13 0.10949297
942 319 12 19 0.11137318
1015 324 7 13 0.11238704
261 314 9 12 0.114537284
48 307 14 14 0.11656468
985 302 10 17 0.1217621
0 298 7 12 0.12281836
529 300 12 19 0.12671426
671 304 15 15 0.12813947
78 301 9 13 0.13326207
649 308 8 10 0.13454925
933 316 12 20 0.13924748
854 292 7 9 0.15702942
656 304 9 10 0.20210236
534 290 8 15 0.20703946
648 296 8 10 0.21004015
70 303 10 11 0.21607766
933 296 8 11 0.22461672
72 299 12 13 0.23020868
310 300 9 11 0.27026975
173 307 23 20 0.27345768
235 286 20 20 0.30949003
533 288 12 20 0.31316045
76 298 11 14 0.32775274
329 291 8 11 0.36937654
988 300 12 18 0.3824634
643 326 8 10 0.4242083
833 302 14 19 0.42869493
393 296 20 20 0.4460669
700 308 22 20 0.44823074
297 304 10 14 0.45399618
870 303 10 11 0.45495945
334 290 7 11 0.48401627
867 294 9 11 0.49436817
302 302 10 14 0.515451
673 306 11 10 0.5254364
205 298 20 20 0.54020447
383 303 16 17 0.5609099
50 308 11 10 0.5796776
768 294 9 12 0.59745187
655 297 10 11 0.5998325
546 305 15 21 0.6099664
123 300 15 16 0.6178361
21 291 15 18 0.65130687
430 305 21 33 0.664363
748 304 15 18 0.75614375

