33_Running_Running_33_266
75
1001 207 17 42 0.010062448
251 219 31 45 0.010072323
150 139 29 16 0.01047545
1 266 42 98 0.010543513
18 269 34 62 0.0108398
955 174 41 58 0.011456985
216 147 37 52 0.011677017
731 41 25 47 0.011872522
110 150 24 17 0.012149207
943 133 42 57 0.012940319
138 137 27 16 0.013055987
45 130 18 33 0.015413441
232 203 37 61 0.016061105
379 228 35 72 0.018423278
927 128 41 57 0.019059183
351 125 21 30 0.019546494
156 146 24 19 0.020277593
121 147 24 18 0.020747604
987 171 34 67 0.0208188
43 137 23 20 0.024268791
269 131 25 19 0.025375638
442 136 25 41 0.025535343
784 212 44 84 0.027031152
653 177 30 37 0.029092116
754 219 38 38 0.030330757
535 170 27 43 0.030821053
2 272 35 62 0.033278733
476 156 37 61 0.035951976
101 149 28 39 0.036638368
639 322 42 62 0.038408272
8 153 25 51 0.039906777
882 201 33 44 0.042176962
348 154 29 40 0.04378302
341 164 37 59 0.05368812
426 126 25 44 0.055951584
635 300 37 62 0.06548321
124 151 31 36 0.07406361
125 192 39 56 0.08092449
265 124 28 39 0.083884634
66 197 34 61 0.08950946
42 155 18 40 0.08967534
391 125 26 47 0.10671568
323 167 28 41 0.11920753
221 154 22 30 0.1265662
990 193 34 65 0.12754758
886 128 43 57 0.13931614
321 156 28 40 0.16313942
665 202 36 35 0.18063885
280 196 32 58 0.18735412
404 134 29 43 0.20194845
663 186 33 38 0.2083502
442 129 20 33 0.20895371
123 177 37 54 0.22280605
40 163 25 46 0.22425567
62 140 25 47 0.23264597
893 114 38 55 0.25137496
359 253 43 70 0.2836554
156 145 31 37 0.2895049
382 205 38 57 0.32723874
517 168 35 61 0.4369406
240 220 41 59 0.5096721
480 149 27 45 0.5112307
484 248 44 66 0.59415776
919 106 38 56 0.60137206
392 129 36 53 0.61276346
1 157 39 60 0.6231204
770 263 41 68 0.6302143
98 255 35 71 0.6691813
805 200 43 59 0.696585
253 147 37 63 0.6985421
182 169 39 56 0.736591
873 191 39 61 0.7644533
741 213 46 54 0.79438794
798 85 36 64 0.85473365
613 116 34 62 0.8884516

