33_Running_Running_33_786
204
320 375 10 14 0.01005236
642 95 14 19 0.010098678
840 189 7 8 0.010114683
123 358 28 14 0.010180905
256 212 8 10 0.010181573
675 242 9 12 0.010186953
673 127 23 17 0.01022323
288 172 8 10 0.010247306
911 460 21 21 0.0102935955
694 116 30 14 0.010298128
151 262 5 7 0.010393576
673 236 9 10 0.010510349
41 240 11 19 0.010522601
137 261 6 8 0.010628772
138 377 23 18 0.0106431525
419 406 6 9 0.010670537
684 330 21 16 0.0107091805
85 245 6 8 0.0107459035
141 461 17 21 0.010912112
975 338 18 26 0.010970974
6 213 6 14 0.011006504
230 266 5 9 0.011076203
182 251 6 7 0.011084436
710 100 28 15 0.011155059
96 101 16 6 0.011295
234 249 6 10 0.011339503
88 98 32 12 0.011374512
701 90 29 12 0.011566313
168 167 5 9 0.011666656
368 337 9 14 0.011790931
94 93 16 7 0.011843513
761 224 28 15 0.012020579
17 492 7 11 0.012039127
113 486 7 10 0.012048375
917 167 8 8 0.012132771
712 132 27 15 0.0122615695
369 331 8 13 0.012419708
102 182 7 10 0.012440071
924 132 14 15 0.012464606
216 274 5 9 0.012488106
850 184 7 8 0.012550858
877 328 22 18 0.012628314
708 91 15 8 0.012792806
979 135 10 10 0.012798535
869 146 13 17 0.013181895
714 356 22 18 0.0133215245
959 151 23 18 0.013411828
288 230 9 13 0.013430978
254 445 8 10 0.01356264
668 95 24 27 0.01357607
136 382 22 19 0.013632238
883 520 12 9 0.013651795
234 506 6 11 0.0137385465
757 135 15 15 0.013831638
85 91 33 11 0.013840947
437 408 6 9 0.014354285
109 245 13 16 0.014390868
926 149 14 17 0.014717035
825 150 6 8 0.014759709
180 453 8 11 0.0149095785
960 376 9 11 0.01493714
432 248 7 12 0.0150062945
955 101 22 18 0.015155063
925 512 22 19 0.015211426
1002 157 19 21 0.015311358
943 348 13 16 0.015351468
672 239 13 19 0.015515442
959 118 11 11 0.015584086
939 149 21 18 0.015725276
449 331 7 13 0.015796596
991 160 23 18 0.016035616
521 248 28 18 0.016202241
245 446 9 10 0.01675181
325 484 8 10 0.016824031
963 102 9 8 0.01686866
735 135 10 8 0.017066853
711 336 23 18 0.017307432
181 333 7 7 0.017445851
698 100 30 14 0.018242523
239 247 7 11 0.0182642
297 279 8 9 0.019021813
370 256 13 17 0.019186765
681 128 25 17 0.01932431
507 133 35 32 0.019590957
840 165 6 8 0.01965022
71 93 10 7 0.019771658
709 338 14 17 0.019824639
740 121 22 27 0.02011758
990 151 23 18 0.020653626
68 385 20 21 0.020716866
513 338 10 11 0.020894866
867 515 11 10 0.020942776
945 131 15 16 0.021267641
689 334 14 16 0.021347152
946 115 19 27 0.021790642
216 269 5 8 0.022089045
821 136 7 9 0.022121437
366 334 12 20 0.022625173
275 214 18 29 0.0227844
960 160 23 18 0.024375996
452 339 6 13 0.024910701
852 164 7 8 0.02515866
253 450 9 11 0.02524203
919 151 8 8 0.026084792
710 341 10 11 0.026241176
82 92 12 7 0.026337866
960 150 31 37 0.026615174
114 259 6 8 0.027359182
334 257 15 12 0.027945215
178 504 6 10 0.028973244
46 239 12 17 0.029208558
48 459 13 16 0.029434655
884 341 12 12 0.030905146
709 330 24 16 0.0321833
945 154 9 9 0.032265723
79 107 11 7 0.03234996
763 138 14 15 0.032535955
302 278 8 9 0.03281076
758 150 11 10 0.033063807
897 153 10 8 0.033775132
968 158 24 19 0.03380771
243 214 6 8 0.036129996
915 133 14 16 0.0369394
728 437 36 54 0.0385422
348 466 10 12 0.03876729
673 105 44 49 0.03926747
145 248 6 6 0.039315455
882 147 13 18 0.041675065
956 114 20 26 0.041934222
708 327 15 16 0.042264473
276 224 20 21 0.042469107
765 139 11 11 0.043527186
708 345 23 29 0.045046166
951 117 10 12 0.045117643
339 462 19 17 0.04801605
73 383 20 23 0.049252808
72 114 9 9 0.049591314
754 146 22 18 0.05003222
970 151 21 19 0.050032858
371 258 10 12 0.051068157
898 127 15 16 0.052352093
356 114 26 43 0.052666515
841 150 6 8 0.053622156
765 148 13 11 0.057644103
679 111 33 36 0.05962862
17 246 6 9 0.060161777
550 339 7 11 0.060269807
638 91 23 29 0.060404822
312 371 13 20 0.061752267
189 370 9 14 0.06257531
872 137 6 7 0.06424869
888 149 22 19 0.06708811
930 152 8 9 0.06826586
884 151 8 9 0.07008371
758 138 11 9 0.070495985
699 132 27 17 0.07356156
896 120 19 17 0.077562235
709 329 12 11 0.07817421
851 151 6 9 0.08130407
843 139 7 10 0.08479439
332 250 16 17 0.087469764
245 451 13 16 0.090011604
691 336 11 11 0.09443631
948 136 8 9 0.10293675
50 237 7 10 0.110538736
42 243 7 11 0.11333494
890 336 14 18 0.11612698
927 135 9 8 0.13281652
978 342 10 14 0.13892926
689 332 12 12 0.16443256
107 247 6 9 0.16567966
901 131 9 9 0.17099494
760 144 20 18 0.17258263
142 460 12 15 0.20093407
183 370 13 18 0.20246786
282 225 19 22 0.2218484
870 149 8 9 0.24815118
49 241 8 12 0.2493267
884 137 7 8 0.2923714
133 376 22 30 0.2958372
921 449 18 33 0.36403832
918 136 9 9 0.38253537
246 452 9 12 0.38967302
801 134 14 17 0.397459
951 113 22 20 0.3997871
693 119 36 35 0.4033906
330 253 21 19 0.40894434
90 456 13 16 0.4189348
145 464 10 15 0.47598964
113 247 7 9 0.47737065
134 247 6 8 0.49015084
314 371 18 22 0.5369941
341 464 13 14 0.5418934
733 454 29 40 0.5446502
943 351 13 18 0.5748726
48 464 13 16 0.61253524
900 123 11 11 0.61267304
881 336 19 20 0.61594987
520 234 28 37 0.6470651
976 339 14 18 0.6937167
915 448 19 36 0.719188
847 137 7 10 0.78751135
503 462 34 38 0.8085011
505 122 31 39 0.97200215

