33_Running_Running_33_760
25
548 214 38 65 0.010709746
536 221 58 86 0.011407005
630 223 72 82 0.012251721
611 209 125 119 0.012982718
604 216 40 71 0.013086233
379 215 54 93 0.013928689
701 252 52 56 0.015313932
333 154 60 84 0.01591205
584 198 35 78 0.017968632
390 272 24 49 0.020957235
583 150 33 73 0.021790037
564 194 88 135 0.021835914
200 340 73 91 0.030870354
548 238 40 71 0.031818192
731 254 48 56 0.03302056
596 230 41 70 0.03598235
756 255 42 59 0.03943031
711 270 66 95 0.042429727
585 170 33 80 0.061329443
189 315 105 138 0.06740281
689 243 100 155 0.073552705
682 221 107 117 0.1120155
702 233 74 85 0.14250143
577 210 58 95 0.16584188
433 345 76 126 0.99471116

