33_Running_Running_33_747
44
605 397 32 66 0.010335871
1005 238 13 45 0.010386874
800 198 6 10 0.010747511
895 190 18 33 0.010795566
568 198 5 8 0.010800811
697 457 32 67 0.010972656
971 250 31 76 0.01124499
958 182 18 33 0.0115062455
1015 140 5 12 0.012675699
420 388 34 74 0.012699784
807 248 6 10 0.013309803
772 226 10 23 0.013527198
823 246 6 11 0.01465711
806 232 6 11 0.018114062
772 261 9 14 0.018756239
1012 143 10 24 0.020111077
593 280 8 11 0.020762578
611 400 18 35 0.021209724
643 285 6 9 0.021213774
1014 147 7 15 0.021571828
407 400 50 102 0.022150151
352 157 6 12 0.022353025
789 187 7 9 0.024392704
770 258 12 20 0.024665525
419 412 36 73 0.02483671
434 412 35 73 0.027755544
617 426 28 49 0.029239433
472 303 10 26 0.029282248
820 233 6 12 0.030402038
802 184 7 10 0.03637599
563 295 9 14 0.03706523
990 179 21 21 0.038052317
612 401 12 25 0.041550588
786 194 12 19 0.04356801
623 421 40 64 0.0439463
941 176 19 34 0.07141493
561 292 12 20 0.07283222
999 173 17 37 0.09157225
891 202 26 45 0.10741704
605 400 57 83 0.12214638
789 196 7 12 0.14173825
614 413 35 72 0.44339266
763 181 8 14 0.48060036
765 180 10 14 0.6548023

