33_Running_Running_33_316
157
1011 154 10 27 0.010126932
226 144 11 11 0.010538479
514 208 36 59 0.010741779
278 104 10 11 0.010905254
215 110 9 12 0.01095643
653 114 12 21 0.011008269
190 124 18 27 0.011180066
370 142 14 17 0.0113161225
337 131 9 11 0.0116586955
448 128 12 17 0.011949264
503 132 12 17 0.012088729
290 229 35 60 0.012390201
359 102 7 7 0.012507567
606 126 9 13 0.012618198
795 127 14 17 0.012623511
712 135 13 17 0.012731366
385 132 7 8 0.0128213465
321 175 22 21 0.012826345
315 162 20 20 0.0130419
454 148 8 11 0.013054624
671 123 18 27 0.014100627
278 101 13 17 0.014121265
144 171 14 18 0.014479036
447 168 21 31 0.015191709
189 133 11 14 0.015193657
434 103 6 8 0.015215677
799 129 9 13 0.015971206
356 133 9 9 0.016262067
183 132 11 14 0.016507076
651 118 19 28 0.01655931
272 174 19 39 0.01679633
884 157 13 18 0.01682149
243 144 12 12 0.017100755
421 150 30 38 0.017234417
411 150 22 17 0.018566225
282 142 22 19 0.018783428
177 124 18 27 0.018833429
817 321 41 106 0.019108823
886 160 10 13 0.019780595
608 171 40 58 0.020207966
505 133 8 13 0.020516047
104 154 9 14 0.020858403
273 116 13 18 0.020861806
919 223 46 51 0.021193461
40 175 8 15 0.021328848
332 112 13 16 0.021398678
470 144 12 19 0.02157914
654 139 13 20 0.021773767
887 133 13 16 0.022130247
510 140 12 19 0.022161942
383 151 10 10 0.022988703
472 147 8 13 0.023172216
372 145 10 10 0.02389549
411 156 23 19 0.024799453
333 106 9 10 0.025103748
858 113 13 17 0.026164528
376 116 7 8 0.026180547
439 164 28 40 0.026693815
264 128 13 19 0.026695328
670 133 10 14 0.026933314
699 155 14 20 0.027200859
108 152 13 17 0.027915444
479 143 9 13 0.02798485
289 109 10 12 0.028710801
454 121 8 10 0.02915488
548 121 10 15 0.030034844
369 133 13 17 0.030047087
879 143 13 17 0.03007671
476 141 13 19 0.03034674
891 157 13 18 0.031600382
415 111 12 18 0.03193592
603 118 12 17 0.03240635
827 109 12 16 0.033726957
276 118 8 11 0.035575256
566 130 9 13 0.03563879
371 103 6 6 0.035958372
222 141 21 19 0.036631484
598 125 10 13 0.03763986
431 118 13 18 0.03806327
689 150 19 21 0.039080977
476 131 12 18 0.039848555
462 120 13 16 0.03999378
642 110 12 22 0.04008801
664 131 8 15 0.04036472
478 132 9 13 0.04153392
425 129 9 13 0.0424903
789 122 10 13 0.045743886
390 105 5 6 0.046205338
419 106 6 9 0.047858357
783 120 20 18 0.048166055
326 105 13 15 0.048186567
798 312 47 112 0.0485503
565 128 13 18 0.0486288
39 172 11 21 0.04948548
220 104 10 12 0.04999402
327 135 10 12 0.050794277
887 135 9 12 0.05361937
139 167 21 18 0.055442076
511 135 10 13 0.057514623
648 147 8 13 0.057810985
326 132 13 18 0.05900973
431 128 11 12 0.06297805
646 144 13 19 0.06361511
881 145 9 12 0.0662457
451 131 8 10 0.0693334
272 129 10 14 0.07061445
677 65 8 9 0.07495525
468 125 12 18 0.07864732
434 120 9 10 0.08010809
335 114 9 10 0.08215613
701 145 18 30 0.08641384
408 103 6 7 0.08691985
423 125 13 19 0.08954708
372 136 8 11 0.0904883
707 145 19 22 0.09119725
524 229 31 42 0.100771494
389 117 6 7 0.10501258
238 141 21 19 0.11347064
479 230 29 41 0.11726324
107 156 13 18 0.11833847
214 99 13 18 0.13233966
406 114 7 9 0.1404993
464 122 9 11 0.14217134
428 125 14 17 0.16170046
691 154 20 22 0.16793382
470 127 8 13 0.19196333
418 113 7 10 0.20228906
322 169 28 43 0.21617356
546 124 13 18 0.23524824
216 102 8 13 0.24871483
327 110 10 11 0.27127552
270 126 13 19 0.2775796
663 129 12 22 0.28769505
45 109 13 17 0.29238653
37 111 13 18 0.3266062
413 172 38 63 0.3415536
594 118 14 17 0.34864545
573 131 14 17 0.35316154
102 156 13 19 0.38515386
403 183 41 60 0.39009094
667 131 13 20 0.3993895
528 220 37 57 0.40541252
350 169 37 56 0.4212656
263 165 30 59 0.42416394
183 131 20 21 0.44875684
627 180 41 64 0.45791325
787 123 15 18 0.46564707
716 135 15 19 0.47466266
286 102 14 17 0.5353621
155 186 35 53 0.57312316
817 111 14 17 0.57782394
761 150 45 69 0.6027964
893 120 14 17 0.61116034
912 133 14 16 0.6245596
857 199 46 63 0.7421996
853 113 14 19 0.7444105
224 159 35 69 0.7545086

