10_People_Marching_People_Marching_2_34
900
727 597 6 8 0.012923203
643 563 6 7 0.012936568
349 626 13 17 0.0129890675
174 752 24 17 0.013000755
647 642 10 13 0.013006343
342 438 4 6 0.013008577
1014 590 7 13 0.0130565455
323 538 6 6 0.013062643
440 499 5 7 0.013084484
933 580 6 9 0.01315205
70 546 7 9 0.013165375
532 454 4 7 0.013220681
255 642 10 12 0.0132222
939 602 20 21 0.013293638
965 405 5 6 0.013306328
583 583 6 7 0.013322779
726 626 9 11 0.013341402
17 614 7 11 0.0134373475
788 423 5 5 0.013452154
215 422 4 5 0.01350842
658 372 5 7 0.013545898
497 659 9 12 0.01356132
866 612 8 12 0.013640247
4 450 5 11 0.013712566
385 622 12 17 0.013749185
428 690 12 20 0.013751605
854 626 10 13 0.013790072
498 486 5 6 0.013848605
983 592 9 12 0.013910114
867 533 5 8 0.013937776
533 389 5 6 0.013943118
223 727 19 32 0.013994254
597 375 4 6 0.013995491
290 550 6 6 0.013996025
224 637 12 17 0.014028747
666 707 22 21 0.0140475305
708 659 14 18 0.014066708
871 389 4 6 0.014073984
819 547 6 9 0.014097361
854 389 5 6 0.014110045
422 520 5 6 0.014120847
630 375 5 6 0.014140117
49 657 8 13 0.01415238
307 644 9 11 0.01415781
551 453 4 7 0.014175118
54 484 5 6 0.014202778
903 435 4 6 0.014205676
722 437 5 7 0.0142529765
583 375 4 6 0.014306638
963 487 6 6 0.014353252
648 531 5 7 0.014360951
885 390 5 6 0.014480615
134 516 6 8 0.014496378
593 481 6 9 0.014508078
516 689 13 24 0.014510684
649 692 23 19 0.014526014
261 375 4 6 0.014583449
678 579 5 7 0.014633708
498 500 5 7 0.014770252
1008 635 11 25 0.0148770325
467 614 8 8 0.014911125
625 547 6 8 0.015012104
422 452 4 6 0.015074929
642 673 13 18 0.015163022
839 390 4 6 0.01529035
5 700 11 24 0.01529318
515 597 6 7 0.015310136
370 626 9 10 0.015401375
898 561 12 18 0.015406965
329 734 23 21 0.015411176
197 405 4 6 0.015417566
979 451 5 7 0.015430238
947 500 5 7 0.015471126
651 699 23 19 0.015471597
389 421 4 6 0.015501276
374 486 6 6 0.015525863
638 699 23 19 0.015534187
758 440 5 5 0.01557909
962 578 8 10 0.015686095
469 483 4 6 0.015689593
852 610 13 18 0.0156993
404 565 5 6 0.015758049
829 733 21 32 0.015762478
71 598 7 9 0.015824955
933 486 5 6 0.01582936
580 452 5 8 0.015968366
679 469 4 6 0.016073529
226 630 8 10 0.016077118
86 485 5 6 0.016079819
580 625 7 10 0.016110983
906 125 29 14 0.016252711
819 608 12 18 0.016289422
34 579 7 10 0.016291799
981 650 13 21 0.01630442
324 374 4 6 0.01632489
688 683 22 20 0.016340572
705 468 5 7 0.016381059
615 467 5 8 0.016399518
771 502 5 6 0.016431522
552 614 7 7 0.016470253
516 471 5 6 0.016507626
935 469 5 6 0.016559916
329 703 22 20 0.016562564
978 437 4 6 0.016618159
467 659 12 18 0.01666668
71 503 6 8 0.016686127
405 482 5 6 0.016769145
183 499 5 6 0.016784845
198 421 5 6 0.016821083
547 531 5 6 0.016846526
278 374 4 6 0.01688468
560 652 13 20 0.01689244
610 453 5 8 0.016901169
1009 575 11 23 0.016958961
653 642 13 18 0.016975394
915 564 6 9 0.016975734
705 567 6 6 0.0169961
71 483 5 7 0.017059792
494 656 13 18 0.017165981
999 564 6 9 0.017170576
632 454 5 7 0.017206825
337 498 6 7 0.017216375
181 405 5 6 0.017353332
181 421 4 6 0.01735359
756 470 4 6 0.017371984
606 676 19 30 0.017599154
852 406 4 5 0.017617837
230 390 5 6 0.017628593
247 551 5 6 0.017691396
835 608 13 18 0.017764807
916 455 5 5 0.017782971
1011 581 7 12 0.01779351
566 485 5 6 0.017795311
174 637 10 13 0.01782185
278 421 5 5 0.017849943
533 405 5 7 0.017875927
551 503 5 6 0.017888261
596 500 5 7 0.017901383
147 582 5 8 0.017940216
39 457 5 7 0.017953796
642 597 7 8 0.018050132
102 484 5 7 0.018052515
583 482 5 8 0.018065305
837 611 9 13 0.018101526
67 576 6 9 0.018247249
787 485 5 6 0.018257221
838 405 4 6 0.018261
898 634 13 20 0.018337026
131 578 6 8 0.018344415
885 436 4 6 0.018370356
771 611 7 11 0.018390022
325 439 4 5 0.018445993
21 532 6 9 0.018561834
999 546 7 11 0.018588465
246 390 4 5 0.018654635
534 435 4 7 0.018691849
852 531 5 8 0.018709946
883 567 7 9 0.018732274
417 377 5 7 0.018792724
245 404 4 5 0.018809034
317 671 13 19 0.018866876
963 594 13 18 0.0189134
457 728 18 33 0.018989848
599 451 5 8 0.019045603
142 681 13 19 0.019115675
295 375 4 5 0.019121064
135 501 5 6 0.019150509
12 704 13 20 0.019160243
992 621 13 20 0.019180285
168 706 19 28 0.019203275
116 484 5 6 0.019292843
518 564 6 7 0.019307747
825 564 6 10 0.019361837
215 485 4 6 0.019368833
32 563 8 9 0.019398797
919 436 5 6 0.019453395
146 643 10 11 0.01945444
914 408 5 6 0.019471942
582 436 5 7 0.019478844
258 627 8 9 0.019486569
737 598 7 9 0.019508678
422 624 8 10 0.019528147
613 663 10 12 0.019547377
112 516 6 9 0.019609176
857 546 6 9 0.019753082
485 389 5 5 0.0197772
947 581 8 10 0.019839307
43 683 12 19 0.019873194
342 422 4 6 0.019899128
854 612 9 12 0.01996529
821 611 9 12 0.019980706
309 438 4 5 0.020026488
592 470 6 11 0.020031523
565 453 5 7 0.02010081
324 421 4 5 0.020185167
435 626 13 18 0.020193685
465 733 13 25 0.020234946
617 546 6 9 0.02023722
130 567 6 8 0.020262912
839 423 4 5 0.020377694
242 629 10 9 0.02039799
743 562 6 8 0.02040297
775 470 4 7 0.020452928
419 387 5 6 0.020487105
217 502 5 6 0.020568892
951 564 6 9 0.02058793
657 656 13 19 0.020659847
228 422 4 6 0.020678395
773 438 4 5 0.020788532
312 547 6 7 0.020806486
259 453 5 6 0.020834917
421 567 5 5 0.020958502
772 707 23 26 0.020983472
439 454 4 5 0.021043148
453 516 5 7 0.021072807
70 513 6 9 0.021079818
677 567 5 7 0.021153016
561 625 7 10 0.02117506
865 550 7 8 0.0211867
228 579 6 7 0.021210184
564 516 5 7 0.021298172
995 541 12 21 0.021300102
134 440 5 6 0.021347694
683 677 19 29 0.021418273
167 403 4 5 0.021435682
667 668 13 19 0.021468364
902 514 5 7 0.02157949
614 499 5 7 0.02164126
978 569 6 8 0.02169567
550 391 4 6 0.021719385
566 550 6 7 0.021720255
131 642 9 11 0.021836912
550 421 5 6 0.02184605
804 611 7 12 0.021896897
403 453 4 6 0.021911206
34 501 5 8 0.021949682
469 390 4 5 0.021954043
33 613 7 10 0.02207628
997 640 18 33 0.022135077
885 405 5 6 0.022150178
478 624 12 17 0.022164097
358 421 4 5 0.022195915
7 623 7 12 0.022228712
691 596 6 7 0.022328975
303 672 13 19 0.022332786
839 673 22 21 0.022358626
316 687 14 19 0.022378454
966 596 9 11 0.0225049
326 729 23 40 0.022577476
23 562 8 11 0.022592574
462 639 9 13 0.02265153
690 611 7 9 0.022710845
486 454 4 5 0.0227114
585 469 5 10 0.022779979
611 614 7 8 0.022801546
694 532 5 6 0.022816462
85 456 4 6 0.022826428
85 518 6 8 0.022852723
565 390 4 5 0.023019213
225 533 6 8 0.023090623
70 469 4 6 0.02317021
116 438 5 6 0.02318398
150 515 5 7 0.02319828
800 729 20 34 0.023274802
53 468 5 6 0.023275089
947 532 6 8 0.02332966
106 683 14 18 0.023342833
34 484 5 7 0.023439303
803 471 4 6 0.023516783
599 403 5 6 0.023536768
468 624 12 18 0.023574289
966 436 5 6 0.023622224
756 565 6 7 0.023738068
33 596 7 11 0.023764055
873 593 7 12 0.023807094
742 452 5 6 0.02383312
807 500 5 6 0.02383642
262 403 4 6 0.02384172
848 643 14 18 0.023872875
293 437 4 6 0.023948055
628 530 6 8 0.02398033
758 595 7 9 0.024065807
948 518 5 8 0.024131326
390 451 5 6 0.024230225
306 614 8 9 0.024255633
566 406 5 5 0.024369732
916 582 7 10 0.024381606
407 404 4 6 0.0244649
167 580 5 7 0.024515491
515 405 5 6 0.024551306
612 486 5 8 0.024569677
56 576 7 10 0.024676787
749 653 13 20 0.02473634
39 648 9 12 0.024809936
726 545 5 7 0.024943465
21 501 5 8 0.024948522
578 501 5 7 0.025013512
326 453 5 6 0.025023136
101 438 4 6 0.025037466
676 501 5 6 0.02507214
949 470 6 6 0.02514362
709 583 6 7 0.025151078
834 592 7 9 0.02516207
38 466 5 7 0.025195204
82 613 7 9 0.02529367
517 437 5 6 0.025316495
930 658 28 40 0.02536662
6 549 7 11 0.025477955
753 608 12 18 0.025517358
90 733 19 30 0.025615556
566 435 4 7 0.025633493
279 498 5 6 0.025668148
293 454 5 6 0.025674876
311 421 4 6 0.025700219
934 453 5 6 0.025709605
502 390 4 5 0.02585352
100 644 13 17 0.025854291
931 422 5 5 0.025961686
547 403 5 6 0.026025131
97 530 6 10 0.026025778
289 628 8 10 0.02603796
509 638 13 19 0.026099065
327 495 6 8 0.026128413
549 437 4 6 0.026294053
598 390 4 5 0.026305085
756 452 5 6 0.026319066
121 609 6 9 0.026411286
358 439 4 6 0.026453214
91 716 23 18 0.02653624
436 392 5 5 0.0265572
928 653 21 30 0.026560616
662 467 5 6 0.026561676
16 622 8 12 0.026579717
109 643 13 16 0.02669427
19 519 5 8 0.02677351
617 579 7 9 0.026852548
406 390 5 6 0.027009659
389 392 4 5 0.027112706
100 552 7 11 0.027117651
388 549 5 6 0.02718595
311 567 7 7 0.027195705
196 625 7 10 0.027203627
773 453 4 6 0.02721072
217 516 5 7 0.02724944
518 389 4 6 0.027300885
566 503 4 6 0.027314287
650 676 19 30 0.027451882
622 624 13 17 0.02751067
212 631 8 10 0.027554855
24 486 5 7 0.027581548
950 484 5 6 0.027682023
424 420 4 6 0.027688429
195 549 5 7 0.027716305
1 559 7 12 0.027727319
635 687 23 19 0.027728619
696 567 5 7 0.02785672
165 630 13 17 0.027856857
499 469 5 6 0.027934518
569 532 7 8 0.02800423
579 544 6 8 0.02804775
852 623 14 18 0.028081743
343 625 9 12 0.028092882
105 518 6 10 0.028125467
517 421 5 6 0.028133208
661 565 5 7 0.028152714
19 578 7 11 0.028215881
36 518 6 8 0.02828017
560 670 14 21 0.028281748
295 421 4 5 0.028401524
357 471 5 6 0.028422758
438 612 6 9 0.028430039
262 391 4 5 0.028476598
212 439 4 6 0.028508557
438 564 5 7 0.028534383
978 579 8 11 0.028559366
487 406 4 5 0.028637212
831 672 21 21 0.028659983
342 390 4 5 0.028693162
245 423 4 5 0.028723555
647 551 6 7 0.028728286
134 627 7 10 0.028860642
150 484 5 6 0.028901264
405 611 6 8 0.028956598
374 439 5 6 0.02895776
352 639 9 14 0.028971156
485 468 5 6 0.029225862
817 592 8 10 0.029247062
66 534 6 9 0.029349305
280 565 7 8 0.029372156
118 455 4 6 0.029389834
464 521 6 8 0.029401287
390 438 5 6 0.029407367
516 454 5 6 0.029482288
679 549 5 7 0.029506154
487 438 4 6 0.029575622
900 408 5 6 0.029581742
246 438 5 6 0.029622883
225 516 6 8 0.029647497
67 453 4 7 0.029702986
727 612 8 9 0.02978474
86 531 6 11 0.029887045
483 548 5 7 0.029910162
387 405 4 6 0.029920582
870 422 4 5 0.02994138
566 422 5 6 0.030012613
278 404 4 5 0.030028114
901 547 6 8 0.030072786
870 436 4 5 0.030219652
997 652 14 21 0.030264683
786 613 9 12 0.030269299
772 564 6 8 0.030272922
932 438 4 5 0.030280065
37 653 10 13 0.030303648
755 489 5 6 0.030356292
804 452 4 6 0.030373821
185 550 5 7 0.030376103
453 630 9 11 0.030410213
437 406 5 5 0.030573124
488 502 5 8 0.030579096
737 609 8 11 0.030605271
294 406 4 5 0.030647464
884 457 4 5 0.03065542
511 627 9 10 0.03065826
230 439 4 6 0.030680466
215 637 10 12 0.030746896
582 390 4 5 0.03081681
249 498 5 7 0.030835457
690 549 5 6 0.03083556
612 667 14 19 0.030851353
708 596 6 8 0.030913364
180 600 6 7 0.03097799
310 406 4 5 0.031003263
280 457 4 6 0.031034859
211 611 6 9 0.03108088
102 599 6 8 0.031152472
727 485 5 7 0.031200295
961 565 7 9 0.031240696
130 601 6 9 0.03127963
502 437 4 6 0.031286523
613 598 7 9 0.031396274
808 583 6 10 0.031419173
695 467 5 7 0.03146506
358 390 4 5 0.031511668
345 536 5 7 0.031566557
342 485 6 6 0.031657577
438 421 5 6 0.03170651
17 548 7 11 0.031747717
469 405 4 5 0.031796467
660 550 5 7 0.03180736
165 439 4 5 0.03188219
371 610 7 10 0.031929094
611 661 14 17 0.032088205
645 439 5 6 0.03209384
967 453 5 6 0.0321822
311 454 4 6 0.03220689
534 504 5 7 0.0322368
384 639 10 13 0.032490287
247 470 4 6 0.032737322
295 470 5 6 0.032756314
343 406 4 5 0.03276
35 532 6 8 0.03285189
143 655 13 17 0.032896288
279 391 4 5 0.03297112
163 597 6 8 0.033143613
344 471 5 7 0.03314557
441 521 5 7 0.033225086
598 420 5 7 0.03324295
226 639 9 12 0.033418737
916 486 5 6 0.033471912
512 641 9 12 0.033472892
422 691 13 20 0.033482447
141 677 14 17 0.033551246
343 452 5 6 0.033623654
451 566 5 7 0.033662394
852 438 4 6 0.033673935
421 483 4 7 0.033801604
261 669 13 18 0.03380706
134 486 5 6 0.0339284
641 582 7 8 0.034003504
182 740 25 29 0.034026466
437 437 4 6 0.0340628
255 564 7 8 0.03408731
303 707 19 31 0.034127403
260 438 4 6 0.03415198
355 484 5 6 0.034463312
83 638 9 11 0.034467485
702 674 21 19 0.03457888
326 390 4 5 0.034632348
550 516 5 7 0.034684125
310 496 5 7 0.035078436
423 406 5 6 0.035099607
948 454 5 6 0.035182938
854 422 4 6 0.03519095
594 581 6 7 0.035206106
582 404 4 6 0.03526641
210 596 6 7 0.03528775
374 389 4 6 0.035296384
591 640 12 18 0.03538088
498 610 8 9 0.0354582
407 435 4 6 0.035473596
245 452 5 6 0.035580985
278 544 6 7 0.03560984
306 624 13 17 0.03567933
916 469 5 5 0.035754737
534 517 5 6 0.035791013
658 627 9 11 0.035901196
786 593 7 10 0.03598911
517 518 4 6 0.035995662
117 597 6 9 0.03606668
177 628 8 10 0.036102664
585 692 20 31 0.036216993
630 486 5 7 0.036270928
327 405 4 5 0.036292907
389 484 5 6 0.036309317
35 548 7 9 0.036371082
150 596 6 8 0.036393493
645 454 4 6 0.036515612
1013 564 6 12 0.036571506
454 422 4 5 0.03660879
358 406 4 5 0.03671828
163 551 5 7 0.036743112
503 406 4 5 0.03687357
471 438 4 5 0.036975246
182 439 4 5 0.037042066
71 615 7 9 0.037188873
101 455 5 6 0.037196934
374 405 4 5 0.037219364
805 435 4 6 0.037240658
968 423 5 6 0.037249338
605 623 12 17 0.03728299
695 583 5 6 0.037297513
788 437 5 6 0.03743557
933 544 6 9 0.037476365
374 452 5 6 0.03749664
868 469 5 5 0.037579816
198 483 4 6 0.0376276
952 425 4 5 0.037741028
707 611 7 8 0.037832472
50 643 8 10 0.037842724
516 503 5 7 0.03785605
373 597 6 7 0.03787848
784 583 6 10 0.037899293
152 547 6 8 0.03790744
322 642 13 18 0.037932586
152 440 4 6 0.038024705
455 504 5 8 0.038038634
517 612 8 9 0.038041078
900 503 5 6 0.038043346
882 577 7 11 0.038054053
978 420 5 7 0.03812703
790 452 4 5 0.038136177
692 515 5 8 0.038219716
53 533 7 9 0.038231865
807 636 20 21 0.038308762
168 454 4 6 0.03845471
180 565 6 7 0.03848722
149 454 4 5 0.038711127
54 629 8 10 0.03873864
838 436 4 6 0.03874276
199 520 5 7 0.03888231
490 521 5 8 0.03907868
774 485 4 7 0.039092816
870 456 5 6 0.039172594
374 420 4 6 0.039222922
631 503 5 7 0.039362486
730 501 4 7 0.03955803
358 594 6 8 0.039606694
81 566 6 11 0.039689604
404 533 5 6 0.039715502
278 539 6 7 0.03980193
500 640 13 17 0.03982354
741 437 5 6 0.039867174
563 585 6 7 0.03986775
498 521 5 7 0.039869513
885 469 5 5 0.03988901
224 566 7 8 0.039918944
66 626 9 9 0.03995056
597 597 6 8 0.039968837
628 468 5 7 0.0399743
440 485 4 6 0.03998484
371 549 5 7 0.040025715
200 439 4 6 0.040038534
598 612 7 9 0.040070694
184 580 5 7 0.04013174
663 456 4 6 0.04024459
293 390 4 5 0.040299565
724 581 7 8 0.040379282
581 423 4 6 0.040400777
742 534 5 6 0.040446565
199 599 6 7 0.040497832
133 452 4 6 0.040614065
322 470 5 7 0.040669788
454 438 4 5 0.040799655
693 485 5 7 0.040954094
917 420 5 6 0.040966697
393 472 5 7 0.041317683
163 497 5 7 0.041878738
489 530 6 7 0.041973416
458 530 5 7 0.04209742
486 608 8 9 0.042497613
454 483 5 7 0.042539794
742 485 5 7 0.04265854
216 535 6 7 0.0427455
730 469 5 7 0.042821854
856 564 6 10 0.04293127
627 595 7 9 0.0429705
809 592 7 10 0.043094072
702 680 20 30 0.043190576
388 614 8 10 0.043255117
439 596 5 7 0.043596257
533 530 6 7 0.04372936
453 405 5 5 0.04373613
112 645 10 12 0.0440633
439 469 5 7 0.04419786
502 455 4 5 0.04427537
356 453 5 5 0.0442985
634 708 27 43 0.044302627
483 422 5 5 0.044306535
674 532 5 7 0.04432009
255 582 7 8 0.04432172
512 683 20 28 0.044436757
501 420 5 6 0.044567984
326 548 6 6 0.044807557
621 719 29 41 0.044813927
165 485 4 6 0.044831432
916 501 5 6 0.044901595
549 565 6 7 0.04500228
198 453 4 6 0.04507907
805 487 5 6 0.04511791
503 549 5 8 0.045133814
532 420 5 7 0.04526047
469 469 4 6 0.045285992
601 626 8 11 0.045569524
419 615 7 8 0.04568984
352 627 8 12 0.04569402
242 612 8 9 0.045856092
836 576 7 11 0.04606174
259 424 4 6 0.046185642
132 468 5 6 0.046254043
834 567 7 11 0.046279937
550 626 8 10 0.046448834
869 407 4 6 0.046556324
213 454 4 6 0.046738934
695 457 5 6 0.047220334
182 484 4 6 0.0472219
951 434 4 5 0.047325406
788 470 5 7 0.047479715
170 716 20 21 0.04749052
854 468 4 5 0.047573026
402 471 5 7 0.047595512
407 584 6 6 0.04767237
643 470 5 6 0.04772674
464 579 7 9 0.04814161
902 471 4 5 0.04825958
887 484 5 6 0.04826959
228 489 5 6 0.0482716
175 738 24 31 0.04876597
134 547 6 8 0.048766755
900 421 5 6 0.048870053
716 657 14 19 0.04902226
826 470 4 6 0.049144566
182 454 4 6 0.049210645
472 422 4 5 0.04973753
836 516 5 6 0.049923647
229 453 4 5 0.050011147
274 612 7 9 0.050430976
936 499 5 6 0.050434936
645 486 5 6 0.050534222
465 529 5 8 0.05096646
102 646 9 12 0.05108231
120 569 6 9 0.05122492
308 472 5 7 0.05134438
387 624 9 12 0.05171719
740 471 4 6 0.05173812
307 391 4 5 0.051917147
469 454 4 6 0.05195357
382 672 14 17 0.051976044
324 581 6 7 0.05213862
838 470 4 6 0.052289464
677 453 5 6 0.0523458
498 530 5 7 0.05235168
277 593 7 7 0.05242968
470 549 6 7 0.052431032
818 582 7 10 0.052459054
563 613 6 8 0.052558392
662 667 14 18 0.052558478
102 467 5 6 0.05256253
83 597 7 10 0.052591063
695 501 5 8 0.052914917
743 499 4 7 0.052962646
867 562 6 9 0.052982204
580 597 6 8 0.053138174
34 623 7 9 0.053210158
119 576 6 8 0.053213436
424 438 5 6 0.053332444
773 547 6 7 0.05349623
328 594 6 8 0.05372951
535 566 6 7 0.053894304
435 549 5 7 0.053936105
902 484 5 5 0.054112278
165 612 6 8 0.054161783
663 487 5 6 0.05421059
504 625 9 11 0.054309454
406 424 5 6 0.054558128
83 468 4 6 0.054564815
933 535 6 9 0.054726064
3 613 6 11 0.054798964
149 468 5 6 0.0549636
824 486 5 6 0.05505256
230 469 4 6 0.055338692
631 611 8 10 0.055380832
96 624 8 11 0.055781122
945 546 6 9 0.055994455
456 455 4 6 0.056068037
648 501 4 6 0.056134496
532 627 7 10 0.05667835
774 533 5 6 0.056708198
627 580 7 9 0.05701293
641 611 9 9 0.057245214
214 468 5 6 0.057584856
70 564 7 11 0.057832457
258 500 5 6 0.058057323
167 564 6 8 0.058062892
501 642 10 12 0.058263253
867 484 4 6 0.058358945
180 611 7 9 0.058558814
470 626 9 12 0.05873393
905 456 5 6 0.058905102
388 585 5 7 0.05904929
215 669 13 19 0.059067834
729 517 5 7 0.05918189
855 455 4 6 0.05935011
422 549 5 6 0.059466816
886 503 5 7 0.059520602
517 529 5 7 0.05962679
854 515 5 7 0.059679408
305 717 22 20 0.060311653
835 667 20 32 0.0604647
661 578 5 7 0.06048926
886 515 5 7 0.060590714
753 515 5 7 0.061271124
467 567 6 7 0.061448578
806 533 5 8 0.061455175
789 532 5 6 0.062136408
870 503 5 6 0.062371504
85 630 9 11 0.06291332
725 535 5 7 0.06339261
916 529 5 7 0.063422136
834 551 6 9 0.06376804
388 535 5 7 0.063954554
820 502 5 7 0.06445093
552 580 6 7 0.06508266
790 520 5 7 0.06513126
147 611 6 9 0.06661385
853 485 5 6 0.06665281
167 632 9 12 0.06705636
450 612 7 9 0.06745423
774 583 6 9 0.06752002
81 732 20 31 0.0680503
755 579 7 10 0.0683907
296 580 6 8 0.068401515
754 550 6 7 0.06842303
360 548 6 7 0.06845537
424 472 4 7 0.068879224
649 517 5 8 0.069364585
933 518 5 7 0.06945315
305 592 6 8 0.069818735
308 582 7 7 0.06982896
770 592 7 10 0.0700126
666 532 5 8 0.070095085
324 645 9 13 0.07013206
824 515 5 7 0.07018484
216 566 6 8 0.0703117
404 718 13 26 0.07040886
294 611 8 10 0.07052813
663 501 5 6 0.070626535
181 470 4 6 0.0706565
167 636 10 13 0.0711179
884 421 4 6 0.07116272
198 470 4 5 0.07159838
340 606 8 11 0.07211638
196 611 7 9 0.072281234
421 534 5 7 0.07296639
452 469 4 6 0.07357855
121 466 4 6 0.073688745
220 671 13 19 0.07398502
673 612 7 10 0.07407312
247 486 5 6 0.07418163
323 611 8 11 0.07434788
624 626 10 12 0.07481771
260 468 5 7 0.07486056
147 627 8 11 0.07486718
1016 533 6 12 0.07490301
481 626 9 12 0.07501928
672 704 21 33 0.07534659
356 611 8 11 0.075389065
408 549 5 8 0.0756043
658 516 5 7 0.07586669
248 564 6 8 0.07591735
437 629 8 11 0.0760482
455 580 6 9 0.07611638
308 482 5 7 0.07621833
755 500 4 7 0.076256864
565 566 7 9 0.07640235
835 456 5 6 0.077654466
165 471 5 6 0.077973634
593 641 9 13 0.078365475
228 497 5 7 0.078461476
801 565 7 11 0.07854528
520 700 24 46 0.07856644
296 593 7 8 0.07864546
550 595 7 7 0.07877739
275 468 4 6 0.07899037
746 515 5 7 0.07915268
65 638 10 12 0.079292566
838 501 4 6 0.07931769
841 483 4 7 0.079885624
662 614 9 9 0.08061532
580 613 8 9 0.08118159
853 503 5 7 0.081194915
292 568 7 8 0.081346706
872 516 6 8 0.08142972
340 549 5 6 0.0814659
930 565 6 10 0.082031034
276 487 5 7 0.08239215
564 593 6 8 0.08277071
212 550 6 7 0.08306218
440 530 5 7 0.083158106
130 607 6 9 0.08338233
340 598 8 9 0.08339748
737 579 8 11 0.083433226
175 688 14 19 0.08367427
297 495 5 7 0.08420627
100 613 7 9 0.08467772
371 564 5 7 0.085628584
629 517 5 7 0.08567827
483 598 7 9 0.086384684
681 486 4 7 0.087066256
100 557 8 12 0.08765561
342 567 6 7 0.08769674
195 580 6 8 0.08776776
385 562 6 7 0.087776445
579 535 7 9 0.08777811
774 520 5 6 0.08880882
227 612 7 10 0.089183584
227 549 6 8 0.08955989
590 685 19 32 0.089808054
915 520 6 8 0.09000633
755 610 9 12 0.0902666
38 684 13 18 0.09035673
787 548 6 10 0.09036946
361 566 5 7 0.09038029
261 595 6 8 0.092474945
355 584 6 7 0.09275347
194 534 5 8 0.09283767
757 533 4 6 0.09291916
276 585 7 8 0.09395935
438 582 5 7 0.09465527
308 626 10 12 0.095667906
913 547 7 11 0.096134156
230 596 6 8 0.096885905
676 518 6 7 0.09857666
353 533 6 7 0.098702
500 596 7 9 0.09968668
534 599 7 8 0.09984705
529 583 7 7 0.101266265
449 596 7 9 0.10277867
245 598 7 8 0.1037615
515 581 7 9 0.10391126
264 487 5 7 0.10415868
294 487 4 6 0.104515694
249 583 7 8 0.104628325
448 684 13 19 0.10470695
324 487 6 8 0.1066093
418 597 6 7 0.10666955
861 722 31 39 0.1087885
210 580 6 8 0.10902233
388 593 7 8 0.10979685
342 641 12 17 0.10985513
376 582 6 8 0.10994548
607 624 9 12 0.11163539
454 549 5 8 0.11256704
466 595 8 10 0.11337766
277 629 8 11 0.11563458
342 578 6 8 0.11574841
900 563 8 12 0.116475
370 640 13 16 0.11846813
196 564 6 8 0.119683504
325 565 6 8 0.12124307
244 639 13 17 0.12189618
422 581 5 7 0.12580751
99 682 19 20 0.12735946
405 597 6 8 0.12841198
761 743 27 26 0.1319458
805 518 5 7 0.13381708
716 697 20 30 0.14771086
454 636 13 18 0.15347631
746 551 5 8 0.16550033
395 658 21 18 0.17117941
997 721 26 48 0.17895737

