10_People_Marching_People_Marching_2_638
21
374 61 37 60 0.010193883
703 82 96 191 0.010435391
6 7 68 233 0.01116451
252 230 28 46 0.0113109015
354 0 30 33 0.011827295
436 135 36 60 0.011846342
469 251 148 128 0.0130942855
14 35 37 155 0.013945445
285 163 32 66 0.015578858
254 213 25 46 0.01637301
10 0 42 122 0.017343843
314 309 79 156 0.017827302
211 70 45 52 0.019139888
322 317 53 122 0.022122452
412 137 35 62 0.023483703
379 165 26 43 0.0358755
322 138 24 51 0.03963666
248 221 36 65 0.046372566
481 67 37 55 0.054711238
294 40 27 44 0.16260669
426 236 272 386 0.92048275

