10_People_Marching_People_Marching_10_People_Marching_People_Marching_10_368
21
883 170 40 74 0.01050395
191 80 53 76 0.012696154
635 167 57 73 0.018250873
462 183 43 59 0.019002132
263 184 42 56 0.021399936
388 161 42 58 0.060977377
934 222 29 42 0.17248854
515 226 46 50 0.3719814
929 224 36 59 0.43265858
269 190 46 59 0.4857218
0 177 29 62 0.48580346
658 188 48 47 0.6021237
449 190 51 61 0.6215843
525 220 43 49 0.666052
329 151 62 77 0.86056006
399 155 42 55 0.8625544
723 109 66 78 0.9019939
43 99 66 76 0.9181838
599 129 59 84 0.9222418
853 168 72 80 0.9258427
184 91 70 89 0.9744908

