10_People_Marching_People_Marching_2_2
315
486 461 13 24 0.010011733
730 400 21 18 0.010032733
865 418 9 15 0.010040015
794 492 39 62 0.010242818
403 417 9 10 0.010265637
369 397 14 16 0.010380328
39 390 20 26 0.010605126
290 418 10 10 0.010706063
384 413 13 17 0.010718576
428 446 20 31 0.010775821
549 389 10 11 0.010779666
945 366 9 11 0.0108036855
255 469 18 34 0.010835112
577 403 10 12 0.010963982
305 414 14 17 0.011330456
498 405 9 10 0.011440018
62 220 9 14 0.011444879
149 374 6 5 0.0116310585
513 448 10 12 0.011755065
448 466 26 45 0.012275819
575 401 13 18 0.012311445
539 369 13 15 0.0124287065
453 471 18 34 0.012434368
675 363 13 17 0.012541684
343 463 8 16 0.012648819
495 383 12 17 0.0127269495
253 382 14 16 0.012790303
291 388 14 16 0.012882029
3 387 12 19 0.012907733
561 399 9 12 0.012950012
135 413 9 11 0.013016936
735 388 9 10 0.013055465
614 384 8 11 0.013096559
964 399 9 16 0.013101477
262 421 10 9 0.013117993
694 367 14 16 0.013119813
210 376 7 6 0.013257996
183 374 7 6 0.013323016
641 412 12 21 0.013615154
976 368 13 17 0.013635617
737 403 10 10 0.013749146
504 495 34 64 0.013760752
230 413 13 18 0.013928767
131 376 5 7 0.014034214
902 409 19 29 0.014060811
235 404 15 16 0.014068078
512 382 13 17 0.014330367
572 418 13 20 0.0143874
905 356 8 9 0.014464578
334 462 25 46 0.0144969085
416 472 12 22 0.014537888
777 387 21 25 0.014691881
367 384 14 15 0.014712444
846 412 19 23 0.01506606
103 414 8 10 0.015066088
484 416 8 12 0.015079198
116 377 6 7 0.015186766
533 399 13 17 0.015255611
420 418 9 11 0.01533279
362 413 21 18 0.01539768
355 414 13 17 0.015534356
33 210 13 18 0.015605374
817 374 8 12 0.015882405
864 372 8 9 0.015959818
274 417 14 16 0.015964177
37 395 9 13 0.015980694
194 373 7 6 0.015988022
404 396 13 16 0.016121084
6 396 7 14 0.016134424
521 450 22 18 0.016348468
269 398 14 16 0.016361725
566 418 13 20 0.016466754
237 413 13 17 0.016738612
182 415 12 19 0.016809328
376 361 6 6 0.016848601
369 416 11 10 0.016930152
662 436 12 28 0.016930731
965 373 9 10 0.016937796
63 397 12 20 0.017444756
255 464 13 23 0.017548548
340 419 9 10 0.017594323
229 401 14 17 0.01761079
723 370 9 7 0.01770087
344 449 26 44 0.017803822
97 398 12 17 0.017834859
626 428 11 23 0.017965587
245 383 14 16 0.01804918
514 519 34 67 0.018176047
902 402 13 22 0.01822817
335 455 18 34 0.018621488
479 398 13 18 0.018641837
66 375 7 9 0.018683039
452 425 12 21 0.018808998
449 455 20 31 0.018963695
258 376 8 7 0.019055884
144 413 13 18 0.019291136
663 400 21 22 0.01935076
716 394 19 28 0.019375458
818 383 9 12 0.019551208
96 386 12 18 0.019609336
639 381 8 15 0.020057173
825 343 8 12 0.02016589
386 416 10 10 0.020166174
289 394 20 18 0.020167517
163 388 7 7 0.020342752
340 401 10 8 0.02044237
66 401 8 11 0.020458715
226 389 8 7 0.020551693
594 403 10 12 0.02056457
4 393 12 22 0.020570481
835 415 20 30 0.020881066
163 406 7 8 0.021060541
276 420 10 10 0.021210125
452 463 12 26 0.021474324
5 390 8 13 0.021610528
160 421 19 30 0.02188235
592 401 13 17 0.022092877
66 386 7 10 0.022343367
656 411 18 30 0.022486089
311 442 12 20 0.022530125
415 397 12 17 0.022582522
768 397 13 11 0.02261979
937 458 33 76 0.022718748
659 432 13 24 0.02291306
737 371 8 8 0.022991704
568 425 13 19 0.02326621
388 401 10 9 0.023343014
669 440 20 30 0.023804883
515 397 13 17 0.024037942
448 399 8 11 0.024314217
48 387 12 19 0.024453444
184 418 8 12 0.02453898
615 368 8 9 0.024711119
639 360 7 9 0.024745096
766 390 12 11 0.025270622
855 372 9 11 0.025629388
941 355 13 16 0.02587633
511 446 14 18 0.026140198
387 362 7 6 0.026473423
754 401 10 11 0.027358517
405 360 6 5 0.02745775
753 398 14 17 0.02888644
231 416 9 11 0.029076356
240 416 9 11 0.029336335
357 417 10 11 0.030584168
722 389 14 16 0.031028798
159 416 12 19 0.031354155
755 369 8 8 0.03201724
192 420 9 11 0.032188248
655 437 19 32 0.032474604
309 386 13 16 0.032570787
535 401 9 12 0.03272412
147 415 8 12 0.033008236
89 390 7 9 0.033067968
573 425 12 21 0.033094432
873 352 6 9 0.033364717
975 348 13 16 0.03339702
817 401 9 14 0.0336866
322 401 8 9 0.033934176
147 402 7 9 0.034228668
435 388 7 8 0.034384873
162 418 8 12 0.034634706
637 369 12 19 0.034678705
51 390 7 12 0.03477403
703 355 7 7 0.03499289
542 400 13 17 0.035984423
435 361 6 6 0.03651495
1014 367 8 10 0.036562696
815 411 18 23 0.036699697
798 386 9 13 0.036720436
181 400 7 8 0.036784135
969 352 8 10 0.037025265
429 445 12 20 0.037538677
879 343 7 10 0.03764474
386 387 8 8 0.037900414
979 370 8 11 0.03797369
189 416 13 19 0.03818473
700 368 14 15 0.039599888
472 402 8 10 0.039848737
993 353 13 16 0.040371127
880 350 8 9 0.041071504
131 403 7 10 0.041247007
827 416 19 24 0.041549023
146 388 7 7 0.04158912
308 417 9 11 0.04160233
274 376 9 8 0.042733334
633 370 7 10 0.04425785
758 387 14 17 0.0450865
448 388 8 10 0.045637473
483 387 8 9 0.045915443
901 485 30 71 0.046379503
544 401 9 12 0.046864174
528 356 6 8 0.047315247
306 376 7 6 0.0481913
116 386 7 8 0.04830726
526 419 10 13 0.05015772
636 379 12 19 0.050702464
260 448 25 45 0.05136075
239 407 9 10 0.05183352
910 353 14 16 0.052402128
339 456 36 59 0.052756377
500 369 6 8 0.05370656
936 358 8 9 0.053743105
827 349 13 17 0.05490144
811 408 19 31 0.055258576
51 395 12 19 0.05578066
197 390 8 7 0.056618337
471 384 8 10 0.056894556
577 365 8 11 0.058206737
722 400 11 12 0.05861298
113 400 13 17 0.058906805
679 362 8 8 0.060299847
135 388 6 8 0.061476693
567 368 9 9 0.061515126
514 376 8 9 0.061635077
449 372 6 8 0.061974116
337 373 6 7 0.062162083
439 370 6 8 0.06437007
696 369 9 9 0.06586172
371 399 10 10 0.06643895
473 372 6 8 0.06656112
213 391 7 7 0.06756662
724 391 10 10 0.06796902
163 430 9 15 0.06802083
195 404 8 9 0.06847513
520 358 7 8 0.06931704
759 389 10 11 0.06933749
305 398 9 10 0.07033859
421 371 6 6 0.07034614
342 461 12 23 0.07137481
179 392 7 7 0.0714417
1002 419 20 20 0.07330048
420 361 6 6 0.07378558
215 398 8 8 0.07422079
52 398 9 12 0.07703018
617 358 7 10 0.07753792
557 385 14 17 0.07756824
795 384 13 18 0.07930494
632 383 9 14 0.07952404
909 403 13 21 0.07966447
422 388 7 8 0.08044379
37 389 9 14 0.08084824
762 393 21 19 0.081683494
264 401 9 10 0.083566695
862 415 13 22 0.08365611
978 345 7 9 0.0858672
320 386 8 9 0.087215245
517 399 9 11 0.08793233
434 401 12 17 0.08934712
355 402 9 9 0.09088791
640 371 8 12 0.09141216
405 372 6 7 0.09298957
293 391 9 8 0.09408158
814 399 13 20 0.094626874
1003 424 19 22 0.09589696
1002 416 17 35 0.09835824
231 404 9 10 0.09932116
272 401 10 9 0.09939114
565 360 7 8 0.09988031
760 388 20 19 0.102349035
482 401 8 10 0.10508799
520 415 13 18 0.105266094
481 372 7 8 0.1055828
497 385 9 10 0.10675008
406 398 9 11 0.10704689
720 397 14 17 0.11088767
99 389 7 10 0.11092967
625 357 7 9 0.11098745
100 401 7 10 0.11148057
370 375 7 7 0.11167181
536 371 9 10 0.11305292
524 417 13 18 0.11566906
256 385 9 9 0.11718649
905 407 18 23 0.11784727
580 359 7 7 0.11848345
560 387 11 12 0.12003513
360 375 7 8 0.12008178
292 376 8 7 0.12050334
359 389 8 8 0.122581124
830 351 9 12 0.12480123
86 398 12 19 0.12731005
390 371 7 8 0.12822075
695 355 7 7 0.13019878
274 386 8 9 0.13702142
404 391 8 9 0.14051923
327 375 6 7 0.14110191
631 380 12 19 0.14281312
542 371 9 10 0.14396212
515 384 8 10 0.14607197
417 399 9 11 0.15035233
247 386 10 9 0.15276787
944 357 9 11 0.15498461
656 398 19 24 0.16188565
677 365 8 10 0.16290875
88 402 8 12 0.1681904
370 386 9 9 0.16845387
293 397 12 10 0.16985807
913 355 9 11 0.1800007
592 356 7 9 0.18110743
825 349 9 13 0.18302724
35 387 13 19 0.18996556
160 427 13 20 0.19016309
486 478 24 47 0.2051593
338 388 9 9 0.21134287
978 350 9 11 0.21651535
703 369 10 10 0.22091353
995 355 9 11 0.24248305
311 389 9 10 0.24299459
436 403 8 12 0.2508514
962 395 13 23 0.29254884
791 385 13 17 0.31481367
115 402 9 11 0.3174315
663 472 29 63 0.40809634
763 421 28 44 0.4564566
951 456 31 79 0.5036695

