10_People_Marching_People_Marching_2_498
224
493 337 23 18 0.010121775
229 70 9 11 0.010151554
526 33 13 22 0.010192305
190 615 43 55 0.010197627
172 77 16 33 0.010231649
295 0 20 27 0.010252313
746 442 24 17 0.01035051
723 403 21 18 0.010359446
359 85 31 38 0.010379431
356 32 21 19 0.010389516
638 164 23 17 0.010478763
255 152 18 33 0.010784389
233 109 28 64 0.010785769
373 88 32 37 0.010843958
170 60 7 10 0.01105265
66 38 11 9 0.011162131
379 492 19 32 0.011231601
524 26 17 31 0.011261001
353 0 10 5 0.011329552
528 441 21 29 0.011341792
910 37 9 12 0.011373611
665 277 23 19 0.011389283
97 181 21 19 0.011436002
351 79 44 51 0.011453605
367 23 12 9 0.011458531
748 447 22 18 0.011469235
646 7 11 12 0.011589887
409 562 27 16 0.011948087
63 47 22 19 0.011964119
937 143 20 31 0.01196682
14 483 22 18 0.0122719975
376 80 25 17 0.012442338
656 8 12 11 0.01251317
618 144 19 31 0.012568208
359 9 23 16 0.012578249
647 178 20 30 0.012701953
544 458 30 37 0.012752739
185 594 57 79 0.012851486
237 65 14 18 0.013017438
734 440 22 30 0.013053358
104 176 21 20 0.013074458
317 334 20 30 0.013075855
120 265 22 18 0.013195685
13 524 18 34 0.013250475
783 530 21 20 0.013427851
702 311 8 13 0.013454819
789 523 11 10 0.013479875
811 568 22 18 0.0136628235
347 376 23 17 0.013668261
969 0 27 10 0.013834799
934 109 33 56 0.013905151
3 457 9 12 0.013995248
245 134 24 18 0.014082615
412 298 35 63 0.0141183715
311 316 10 11 0.014135559
905 63 21 20 0.014386007
604 89 19 28 0.014431078
0 446 28 69 0.014513132
0 0 14 29 0.014556843
910 154 18 33 0.014574023
914 164 12 24 0.0146146
735 49 20 22 0.014659549
739 462 20 29 0.014897025
8 493 24 48 0.014945029
488 335 20 31 0.014984413
837 275 23 20 0.015126643
745 180 20 22 0.015243167
957 81 21 30 0.015244791
559 8 9 12 0.015274534
176 58 8 9 0.015457522
734 466 20 21 0.01565973
38 614 26 17 0.01566401
607 102 22 18 0.015707048
902 48 20 29 0.016172647
663 298 41 57 0.016177217
908 530 19 34 0.01629047
662 0 24 9 0.016341377
307 15 12 20 0.016368402
727 401 22 18 0.016403101
517 33 11 22 0.01641915
841 52 18 32 0.016620776
289 289 14 18 0.01665547
610 127 15 22 0.016776333
557 597 18 33 0.01682613
347 377 21 27 0.016969012
2 5 9 14 0.01739502
1 436 8 13 0.017476931
29 5 26 17 0.017617159
717 20 23 18 0.017737927
9 500 17 38 0.017881041
0 433 10 21 0.018047495
903 424 17 32 0.01807517
942 82 20 30 0.018103875
240 67 10 12 0.018372932
221 67 21 19 0.018509634
1 453 12 21 0.018553605
177 447 20 19 0.01887866
659 256 37 58 0.01899863
263 316 18 34 0.019065466
38 614 28 42 0.01912349
354 426 19 31 0.019506408
606 114 23 19 0.020209594
1008 271 12 27 0.020354744
346 401 28 16 0.020918068
613 130 24 19 0.021035826
33 606 36 60 0.02115476
309 313 28 39 0.021302905
907 35 13 19 0.02150774
290 0 19 17 0.021564879
970 1 28 15 0.021923026
215 625 33 40 0.022152537
939 105 23 17 0.022160089
952 81 22 19 0.022366226
65 34 15 19 0.022658817
119 271 13 20 0.022769032
895 38 22 19 0.023173878
971 554 19 29 0.023328597
325 314 10 9 0.023384929
782 520 23 16 0.023388676
348 389 24 16 0.023676528
884 85 14 19 0.02386203
663 262 28 42 0.024084847
167 67 11 23 0.024742823
114 269 18 33 0.024993522
995 240 23 48 0.02501832
300 310 27 42 0.025032885
235 140 21 20 0.025606561
31 612 24 19 0.026202057
729 408 20 29 0.026496803
220 64 19 31 0.026901267
905 524 26 44 0.027524859
800 177 20 21 0.02804207
898 516 37 59 0.028439173
876 83 19 30 0.029632205
171 438 23 19 0.029686123
0 454 21 52 0.030543143
2 461 15 41 0.030551895
294 1 11 12 0.031050537
206 76 18 32 0.031935085
290 274 19 32 0.03201069
0 434 15 43 0.033497468
940 114 22 19 0.034225065
726 420 23 19 0.035287447
41 4 24 17 0.036368277
167 421 22 19 0.036541075
710 2 22 19 0.038707726
366 31 15 20 0.040064998
874 6 27 38 0.040565506
537 438 23 20 0.041004106
775 133 22 21 0.04106819
65 147 23 20 0.041230556
203 62 20 30 0.04266979
529 27 7 9 0.043066796
643 4 20 19 0.043240596
746 36 21 20 0.043499067
263 176 17 35 0.044793315
162 428 19 21 0.045341272
521 29 6 9 0.047073383
74 20 15 16 0.04781442
519 36 7 11 0.048209984
122 268 18 32 0.04839952
777 137 18 34 0.048725903
292 0 14 11 0.049513098
961 179 19 31 0.051986877
223 73 18 33 0.053066485
193 24 15 20 0.053799305
553 12 17 31 0.054044843
195 7 12 9 0.0575632
189 5 24 15 0.058795553
360 22 23 18 0.060078815
239 136 17 37 0.06162555
120 271 22 20 0.062287156
216 593 22 30 0.06267003
66 21 22 17 0.06421647
70 23 13 11 0.06448391
164 423 15 22 0.06796532
0 1 11 22 0.068333745
409 585 26 20 0.069119215
238 115 22 18 0.07319936
721 412 18 34 0.081971034
208 617 42 57 0.082824
238 136 22 19 0.084742546
69 149 25 20 0.08520979
65 31 20 29 0.0907281
574 595 12 28 0.09482613
792 541 21 28 0.09678619
169 423 18 32 0.09758746
35 600 26 42 0.09901499
875 15 23 19 0.10460744
551 4 20 20 0.10648321
210 598 20 33 0.10705739
944 127 21 20 0.108823225
876 6 23 19 0.117453106
717 420 23 18 0.12346132
769 133 20 22 0.12517695
572 53 17 34 0.12802134
560 50 17 35 0.13280654
345 421 26 19 0.16618018
892 420 23 20 0.18939683
239 123 18 36 0.19692774
411 574 25 39 0.20317812
835 271 19 31 0.2269914
650 4 22 19 0.25032175
942 118 20 33 0.25901762
540 442 21 30 0.26044193
874 0 21 30 0.26256657
187 29 22 20 0.26961413
165 418 17 32 0.2882062
775 128 18 33 0.29798585
416 584 21 32 0.3055736
350 414 21 31 0.32405353
1003 266 17 36 0.3317274
575 593 18 32 0.36368027
191 21 21 30 0.3820742
786 536 19 31 0.3929391
607 121 21 32 0.40268052
895 416 18 32 0.41296428
546 1 18 30 0.43116632
705 0 21 20 0.44089705
363 27 21 29 0.4428547
31 13 19 28 0.5478464
540 3 22 21 0.6424809
957 543 19 32 0.65817654
72 142 19 33 0.7698639

