10_People_Marching_People_Marching_10_People_Marching_People_Marching_10_240
315
985 229 25 44 0.010241475
98 233 20 30 0.010257724
727 487 35 59 0.010282602
352 226 10 10 0.01029498
515 254 28 41 0.010335451
718 220 13 18 0.010381772
467 239 12 25 0.010382521
894 250 23 18 0.010420216
593 182 7 8 0.010423319
402 182 7 9 0.010466537
607 224 10 11 0.010468824
967 206 12 20 0.01054418
679 236 11 12 0.0105931545
135 189 12 12 0.010704129
428 238 20 37 0.010717423
883 213 10 12 0.010759004
519 252 25 19 0.010845559
989 329 27 48 0.0108930245
48 216 21 20 0.011059052
318 221 23 17 0.011142821
753 195 13 17 0.011269388
599 226 9 11 0.011313771
935 269 30 41 0.011328831
912 209 9 11 0.0113301305
74 137 24 17 0.011366349
887 222 12 12 0.011402978
878 239 19 30 0.011416794
227 187 20 24 0.011428264
341 187 13 17 0.011491844
350 193 13 16 0.011515007
882 211 13 17 0.011522592
832 258 33 54 0.011583252
32 237 21 21 0.011585976
272 212 11 9 0.011827987
789 199 9 10 0.01191006
8 178 27 41 0.01203111
886 237 15 18 0.012129582
821 225 9 11 0.012238444
591 233 22 19 0.012252678
770 238 21 19 0.012253799
293 207 14 17 0.012295742
720 223 10 11 0.012643514
40 191 24 18 0.012924602
279 168 6 6 0.013000204
197 195 10 14 0.013003564
743 237 21 28 0.013053683
6 197 18 31 0.0131708095
705 204 12 18 0.013240341
744 240 10 14 0.013254179
318 207 15 16 0.013300338
612 213 10 10 0.013412011
39 176 27 16 0.013437418
840 270 24 21 0.0134743145
549 227 20 30 0.0137260705
680 228 9 12 0.013905197
874 265 20 32 0.013907053
499 210 10 13 0.013927463
169 190 18 28 0.014046004
464 244 18 26 0.014288843
784 211 19 26 0.014291234
231 206 22 18 0.014351344
137 186 19 25 0.014479248
451 220 13 22 0.014494995
159 201 21 20 0.014582648
541 210 12 14 0.014634739
1015 226 8 15 0.014651933
660 188 12 17 0.014905272
387 181 13 17 0.015121593
743 212 20 26 0.015223489
970 236 20 21 0.015266139
835 222 9 11 0.015274075
833 218 13 19 0.015279843
714 204 20 27 0.015292123
640 208 9 10 0.015412333
617 241 31 43 0.015485114
73 209 19 31 0.015511072
330 236 24 20 0.0155545315
461 211 19 31 0.015642498
821 211 8 11 0.015886862
632 220 23 18 0.016031727
995 214 19 21 0.016052417
374 221 12 10 0.01621093
848 193 8 12 0.01650696
197 179 13 16 0.016682772
1014 229 10 25 0.016795235
509 202 12 19 0.016891371
662 184 6 8 0.016908688
863 209 9 12 0.017147264
598 223 13 19 0.017193388
851 219 10 12 0.017246397
477 181 19 28 0.017406791
630 179 7 8 0.017412983
401 335 66 80 0.017454438
383 213 10 10 0.017702162
497 195 10 13 0.017898938
616 206 19 30 0.017937275
208 195 10 12 0.018025259
1007 210 9 14 0.018250672
104 189 13 21 0.018316198
991 233 18 34 0.018405631
647 166 6 8 0.018601984
735 193 12 17 0.01867887
330 212 20 29 0.018794654
896 223 13 11 0.018840594
239 176 13 17 0.018975627
679 233 13 18 0.019132277
825 238 21 20 0.0191736
305 194 14 16 0.019240044
521 238 24 18 0.019243842
881 215 20 28 0.019430937
900 174 12 19 0.019503161
673 206 12 17 0.019521909
622 195 14 17 0.020072825
509 195 12 17 0.020211393
690 205 13 17 0.020212049
763 200 19 19 0.020238526
372 181 6 7 0.020571832
791 222 10 13 0.021019835
976 209 18 35 0.021186542
769 276 19 33 0.021476237
678 225 13 19 0.021720914
342 184 5 7 0.02190162
223 181 13 15 0.02201791
860 207 13 18 0.022895457
613 179 6 8 0.022937326
713 181 8 11 0.022949588
903 251 23 18 0.023058964
448 203 13 20 0.023120653
892 212 22 18 0.02316323
691 268 20 21 0.023537064
451 206 8 12 0.023658352
876 256 24 18 0.023894034
825 279 22 21 0.024013523
349 205 14 16 0.024330463
973 204 25 47 0.024505561
796 212 19 27 0.02493748
983 252 22 20 0.025055356
375 210 22 19 0.025937798
468 195 8 12 0.026107708
799 221 10 13 0.027010756
849 216 13 18 0.028061122
396 189 13 17 0.028291985
776 235 21 19 0.028343804
897 233 18 32 0.028461535
361 211 20 30 0.028578589
709 221 13 18 0.0289415
302 206 14 15 0.029043607
10 183 18 33 0.029528685
684 238 19 30 0.029757176
743 214 9 12 0.02979903
257 188 13 16 0.030302582
997 215 18 32 0.030593969
537 217 21 20 0.030835472
645 173 7 9 0.030940833
902 177 8 11 0.031078435
389 184 9 10 0.03127511
162 191 11 12 0.031290337
45 209 23 19 0.031386185
600 221 22 19 0.031448185
38 184 21 31 0.031504747
306 164 6 7 0.031518087
872 178 9 13 0.031907428
176 203 14 22 0.032173544
200 188 18 29 0.03243621
692 254 27 39 0.032510985
275 191 14 17 0.033058774
465 205 9 13 0.03382351
226 206 13 11 0.03411529
884 219 20 19 0.0341192
754 197 9 11 0.034440227
741 212 13 18 0.03454153
219 222 25 39 0.035239156
495 193 12 19 0.03527756
209 180 9 11 0.03605015
467 191 12 20 0.03688702
340 212 14 15 0.03718254
860 323 37 68 0.03753248
206 199 18 28 0.037841957
131 187 20 19 0.03819591
625 206 12 11 0.038347315
481 191 9 14 0.038448587
463 202 12 20 0.03856575
530 216 21 19 0.038593963
296 166 5 6 0.03889386
810 270 28 38 0.039720714
231 189 20 18 0.0397822
340 221 12 9 0.03997106
875 175 13 19 0.04011104
974 225 26 44 0.042103417
399 191 9 12 0.042943742
711 225 8 11 0.043393668
671 197 8 9 0.04379436
40 229 19 31 0.04389037
295 210 9 10 0.044478536
1005 207 11 21 0.045022614
680 232 22 19 0.04580396
384 206 22 26 0.04625617
798 208 10 12 0.046541847
753 207 13 17 0.046745967
790 219 13 19 0.046884988
205 195 14 18 0.047201566
974 205 13 21 0.047331158
589 191 13 18 0.048670985
359 180 6 7 0.048900064
688 227 10 12 0.049099296
929 258 41 59 0.049364347
1012 221 11 24 0.049583305
625 197 9 10 0.049774185
325 175 6 7 0.05041538
370 216 22 19 0.050947923
981 323 38 67 0.05127548
43 201 18 33 0.052651763
527 207 18 29 0.0528836
495 214 13 24 0.05311409
768 199 10 13 0.054324552
104 198 17 32 0.05594836
795 206 13 18 0.057456482
707 207 7 11 0.058173876
372 214 10 10 0.061048925
746 219 14 16 0.062176555
370 211 15 17 0.06304079
322 210 9 9 0.06348732
335 218 22 17 0.06419135
453 232 24 45 0.066655494
796 218 13 18 0.06687054
262 215 22 19 0.06739668
799 198 9 10 0.06778857
737 195 9 11 0.069169566
199 200 21 19 0.07139874
497 208 13 21 0.07148749
290 192 8 9 0.07362871
970 338 47 78 0.07374726
460 236 19 34 0.074273884
199 181 9 12 0.07542675
716 192 12 18 0.075974286
352 207 9 10 0.076029405
719 193 9 14 0.07613328
592 193 9 12 0.07641926
888 235 22 19 0.07727451
278 178 6 7 0.077722356
375 218 22 19 0.07787703
999 210 13 20 0.07828639
755 208 9 12 0.08390094
852 212 8 12 0.084162496
711 190 12 20 0.08453382
741 237 14 20 0.08534994
676 208 8 11 0.08773284
161 189 14 18 0.09220643
141 188 14 18 0.09336758
238 191 10 12 0.09800566
517 239 27 41 0.09911352
724 206 8 14 0.0993677
619 203 22 18 0.10216912
371 193 8 9 0.103324234
321 195 8 10 0.10418722
722 204 12 19 0.10547031
692 207 8 11 0.10559818
309 180 6 7 0.10608663
342 215 10 9 0.1061473
423 333 74 90 0.10820175
277 193 9 10 0.111158736
353 196 8 9 0.111641
685 225 14 19 0.111908376
836 208 8 12 0.11222909
411 320 103 124 0.112368636
713 193 8 14 0.11311827
871 174 13 20 0.11340223
305 209 9 9 0.11476761
308 197 8 9 0.12105981
225 183 9 10 0.12204773
259 190 9 10 0.12599665
295 182 5 7 0.12734337
217 227 25 19 0.12777375
263 209 22 20 0.12813666
478 188 12 20 0.13163383
326 167 6 8 0.13583869
242 178 8 10 0.13657197
834 205 12 19 0.13758235
343 190 8 9 0.13867013
536 209 19 20 0.14214836
551 219 19 30 0.1439504
684 257 27 39 0.14824823
849 210 13 18 0.1483122
228 189 15 16 0.15245225
230 191 10 11 0.1601098
789 206 13 16 0.16304877
490 209 18 34 0.16385333
223 218 20 30 0.17515123
105 193 20 22 0.17906174
768 203 11 12 0.18734542
220 203 23 17 0.19473855
662 190 8 10 0.20378381
261 180 7 9 0.21140155
789 207 11 12 0.21488635
170 196 19 30 0.2153647
196 194 14 21 0.21571882
259 211 21 20 0.21606585
388 186 14 17 0.22666621
743 217 13 18 0.22944915
325 234 26 42 0.24259917
193 198 21 20 0.24351893
290 265 31 59 0.24673165
7 239 20 33 0.24695987
794 299 34 60 0.25866413
553 226 23 20 0.2865889
839 266 21 34 0.29403827
715 243 21 33 0.30480105
889 220 22 19 0.31570336
136 208 20 34 0.32436794
246 313 60 72 0.33060497
223 268 29 46 0.33797312
613 231 39 63 0.34940478
421 230 32 61 0.35451475
382 250 21 35 0.3673647
927 421 84 147 0.80977

