10_People_Marching_People_Marching_2_944
46
63 468 24 51 0.010168443
120 420 30 47 0.010245241
4 414 27 45 0.010259602
63 541 33 72 0.010476276
228 508 37 58 0.0105037065
162 484 31 58 0.010521935
519 545 50 93 0.010622942
630 527 38 61 0.010642369
505 497 40 62 0.010742605
600 426 60 74 0.010838398
246 478 38 60 0.0119873425
253 475 46 86 0.012217348
183 676 57 96 0.012564109
0 311 72 163 0.012620284
288 502 35 61 0.012749515
537 563 33 75 0.0132391825
692 535 36 70 0.01396031
666 498 37 64 0.0140077425
234 471 24 20 0.014638817
637 414 42 55 0.015969915
2 452 33 141 0.01662971
122 440 37 63 0.016658211
0 407 38 59 0.018194053
232 478 21 32 0.018459812
0 491 27 90 0.018953351
0 464 27 81 0.019150365
503 486 38 55 0.019785745
660 481 38 61 0.021636605
173 504 22 21 0.022306142
667 639 32 37 0.02407137
155 448 27 42 0.026580889
83 414 53 86 0.02962141
228 468 37 55 0.038874872
293 486 27 43 0.040118307
3 330 50 110 0.05599637
631 527 31 39 0.07860424
613 661 79 70 0.08456779
170 493 19 35 0.098787576
255 450 27 45 0.14895393
233 463 27 42 0.21995838
114 410 38 67 0.26973045
137 478 25 44 0.34194788
245 503 37 55 0.4248243
58 446 30 66 0.468512
483 450 29 42 0.59806114
607 451 43 58 0.7985646

