10_People_Marching_People_Marching_10_People_Marching_People_Marching_10_People_Marching_People_Marching_10_716
38
973 543 45 56 0.01011253
341 317 34 14 0.010123687
960 547 48 49 0.010865245
730 514 24 18 0.011023745
52 412 8 7 0.011780768
65 525 40 53 0.012288788
654 504 22 17 0.012921039
524 299 45 66 0.013357405
733 511 20 32 0.013717544
730 524 21 30 0.014976433
717 526 21 29 0.015453145
531 241 42 56 0.016498402
55 399 48 43 0.017101068
937 466 28 17 0.017212486
177 545 41 52 0.019757181
85 420 29 15 0.023004169
0 401 31 35 0.025186064
8 418 27 17 0.028143607
921 434 39 55 0.029377582
66 455 38 31 0.03170233
127 556 26 43 0.03412479
80 441 36 33 0.035407897
680 530 20 31 0.03642559
653 518 21 21 0.038400304
890 550 26 18 0.046992127
60 401 37 30 0.05450494
930 457 32 34 0.121712096
653 520 18 32 0.13384849
122 412 37 35 0.14359868
652 509 17 37 0.23132291
129 399 24 18 0.26171917
333 343 44 68 0.5372568
5 436 28 39 0.7720721
509 270 57 92 0.7896779
198 406 38 55 0.91531897
123 423 35 36 0.93225616
72 442 33 40 0.9388394
771 255 70 109 0.97861344

