10_People_Marching_People_Marching_10_People_Marching_People_Marching_10_People_Marching_People_Marching_10_619
163
241 503 8 12 0.010001019
180 434 7 7 0.010137146
120 434 6 8 0.010156942
176 457 13 18 0.0102193225
243 496 8 12 0.010378104
87 490 8 12 0.010451456
337 495 7 10 0.010477216
258 450 8 8 0.010802141
644 441 12 19 0.011032258
596 462 8 12 0.0110503
190 487 13 18 0.011223825
950 67 74 242 0.011495035
291 473 7 10 0.011690983
551 503 11 20 0.011702094
414 442 11 17 0.011750723
113 478 7 12 0.011840265
50 368 7 8 0.012407081
192 469 21 26 0.012718726
548 364 4 8 0.012902678
241 450 8 9 0.013404082
89 479 8 14 0.013483972
66 367 7 9 0.013787867
359 436 5 7 0.014008795
624 438 11 20 0.014035575
465 454 13 17 0.014666148
36 472 12 21 0.014853934
608 438 11 20 0.01502224
153 475 11 19 0.015561504
546 455 8 13 0.016097035
60 484 12 19 0.016268507
165 462 7 10 0.016405387
353 455 11 17 0.016531851
643 431 6 10 0.016652081
521 491 7 13 0.016945938
88 476 12 19 0.017001001
553 507 7 14 0.017604463
596 432 7 13 0.01796192
277 451 7 9 0.018195381
543 451 12 19 0.01842212
175 476 12 18 0.01893385
55 479 8 14 0.01969816
393 392 5 9 0.02125568
178 459 8 11 0.021610115
398 467 12 17 0.021942977
371 457 6 7 0.022122638
340 447 5 7 0.022148829
502 433 6 9 0.02250084
172 486 12 18 0.022833144
236 468 13 17 0.022989796
306 449 6 9 0.023811612
483 476 7 10 0.024206232
593 429 12 21 0.024289574
467 472 8 10 0.024619265
517 456 7 11 0.02556806
193 491 8 11 0.02639322
273 455 12 18 0.02717339
153 492 7 11 0.027525403
209 469 13 17 0.027555829
226 468 19 18 0.02759754
63 487 8 13 0.027681986
177 479 8 12 0.027886113
317 515 18 32 0.02867532
48 395 8 10 0.029484605
393 385 6 9 0.029706467
262 471 13 18 0.030228995
63 478 8 14 0.030440519
628 429 6 11 0.031313796
225 451 9 10 0.031347517
631 360 6 9 0.03282576
663 443 9 14 0.033518378
495 455 12 19 0.033591192
646 445 7 11 0.033602696
211 472 10 12 0.03368089
154 478 8 13 0.033712603
464 433 6 7 0.03394808
611 442 7 12 0.03449102
561 444 8 14 0.034499787
372 435 5 7 0.03623091
389 432 5 6 0.03798555
269 472 12 19 0.038191166
320 520 19 23 0.03838824
447 445 13 16 0.040366307
392 458 7 9 0.040384237
60 476 12 19 0.040942088
487 450 6 7 0.042537194
581 442 7 13 0.04310064
294 448 7 10 0.04510335
193 464 10 13 0.04733596
239 471 10 11 0.047581863
175 488 8 13 0.049751107
534 454 8 14 0.050093267
242 459 13 17 0.051295165
165 483 12 19 0.05161517
626 442 7 12 0.054218914
53 487 9 14 0.055421405
500 439 12 18 0.058698084
52 477 13 20 0.059288207
400 461 12 17 0.0624514
516 442 12 20 0.0646839
419 458 8 11 0.06689993
419 431 4 7 0.06753699
532 450 11 20 0.06764875
194 470 10 14 0.06961385
98 476 8 14 0.07288047
304 456 12 19 0.07353632
291 456 11 20 0.07576046
578 438 12 21 0.077770285
551 445 7 13 0.07825104
212 459 13 18 0.07921735
100 484 12 19 0.09051136
594 438 7 15 0.09204107
662 440 13 20 0.09547102
344 461 5 9 0.09820199
484 458 7 9 0.0985663
264 474 9 11 0.105122805
272 474 7 12 0.10578512
451 456 9 9 0.10670495
329 446 6 10 0.10705667
531 446 7 13 0.107189596
226 457 13 16 0.108070545
244 461 9 11 0.11993017
293 460 7 12 0.12268851
214 461 9 11 0.1245935
102 487 9 13 0.1336269
231 471 10 12 0.13644248
406 433 5 7 0.13714133
276 458 7 11 0.13850509
550 442 11 21 0.14189395
167 486 8 13 0.1467089
591 435 11 20 0.16292223
439 442 7 9 0.1634994
518 445 7 11 0.16458967
498 458 7 11 0.16728249
192 467 13 19 0.17080243
95 472 12 20 0.17366882
160 476 12 19 0.17500664
191 463 13 18 0.1820277
51 484 13 20 0.18558624
401 469 8 12 0.19451341
528 443 12 21 0.19613178
257 457 13 17 0.19678204
162 479 8 13 0.19990976
228 459 9 11 0.20075318
328 460 7 10 0.21484937
374 445 6 7 0.22799562
391 446 6 8 0.24106799
307 459 7 13 0.24365132
468 457 8 9 0.26806137
557 441 13 21 0.27788478
358 445 6 7 0.28581256
405 446 6 7 0.30341065
465 449 7 9 0.30536023
668 440 14 19 0.33020917
259 460 9 11 0.33379805
434 461 10 11 0.3355326
438 435 6 8 0.35052884
455 433 6 7 0.3648674
402 464 8 11 0.47317818
450 448 8 9 0.47636065
431 459 14 16 0.5051761
502 442 7 10 0.64823794
417 444 6 10 0.6797402
356 457 6 10 0.7566289

