10_People_Marching_People_Marching_2_27
120
214 62 7 9 0.010055676
859 179 22 19 0.010075262
264 238 12 26 0.010179415
640 186 23 18 0.010391355
427 194 19 24 0.010436425
770 202 13 21 0.010615528
614 201 14 21 0.01077331
421 195 12 23 0.010896801
990 208 12 27 0.011168026
486 163 13 22 0.011183946
800 233 13 25 0.011198351
897 198 22 17 0.011367634
357 173 32 53 0.011384924
617 182 26 17 0.01152464
992 196 17 33 0.01160214
649 194 23 20 0.011992578
648 219 24 20 0.012195672
69 205 23 44 0.012228643
858 196 31 57 0.012268155
921 241 23 20 0.012301708
608 213 23 19 0.012430995
473 148 32 35 0.012986757
420 205 19 34 0.013013648
529 183 21 19 0.013064235
903 201 10 10 0.013245756
965 184 11 22 0.013663208
265 188 22 19 0.0139206685
261 239 17 34 0.014052536
903 194 19 32 0.01409913
160 172 22 17 0.014821326
908 238 19 35 0.015100226
886 189 9 11 0.015116453
761 241 19 22 0.015187986
974 200 12 25 0.015289022
769 211 19 21 0.015574937
138 285 25 47 0.015634773
760 210 34 57 0.016239138
615 216 26 18 0.017080698
780 211 13 22 0.01813737
870 213 23 20 0.01885016
124 152 19 29 0.019178532
912 201 11 10 0.019592924
702 188 36 51 0.019694168
709 192 20 34 0.020405637
568 186 24 18 0.020718753
921 243 27 46 0.021311844
535 182 25 17 0.022968508
884 185 13 19 0.023364497
347 151 23 20 0.023603119
619 190 18 33 0.023801334
876 198 23 17 0.025270082
211 207 14 22 0.026518177
135 288 32 66 0.02743501
492 195 14 23 0.028780008
614 202 24 19 0.028913906
0 204 15 34 0.030168654
461 154 20 31 0.030584903
2 188 9 37 0.030744486
581 201 19 36 0.031105006
43 213 19 25 0.031157475
486 204 18 32 0.03430892
258 205 18 32 0.03443932
77 214 13 24 0.036577415
515 196 20 22 0.0383849
649 187 23 21 0.039699804
260 197 18 24 0.040941883
773 237 18 35 0.042487085
344 127 29 40 0.0437821
909 214 23 20 0.04469732
748 221 18 33 0.04758303
135 200 23 21 0.049392793
299 185 21 21 0.051284548
905 200 23 17 0.051756136
124 208 21 21 0.05412232
166 188 18 31 0.054610502
214 204 22 21 0.05657544
919 216 24 19 0.056930684
354 144 19 34 0.05741576
910 267 28 44 0.05782857
800 235 18 33 0.057997808
156 184 22 19 0.06282536
520 198 21 23 0.06913121
904 227 34 63 0.07028772
76 210 17 34 0.07418321
544 202 19 34 0.083861515
760 233 19 24 0.0858775
206 186 15 18 0.08682729
976 206 19 33 0.09067909
970 195 18 32 0.09282535
871 196 18 36 0.09630861
132 205 19 31 0.10623019
438 182 26 43 0.11184231
219 197 18 32 0.12253139
126 202 20 22 0.124536484
27 189 24 43 0.17100303
988 207 18 33 0.1961144
614 206 24 45 0.19898587
919 214 26 43 0.20434645
305 181 18 33 0.22527061
644 188 27 39 0.26577178
133 196 19 31 0.30055308
768 220 18 34 0.32165322
798 226 17 35 0.32444972
910 214 25 45 0.33554816
538 192 27 40 0.34533104
39 199 24 44 0.3952244
314 180 27 40 0.40371814
487 194 18 32 0.4087837
524 192 19 34 0.428851
209 197 18 33 0.47375044
7 188 18 35 0.5224632
865 203 20 36 0.53610384
916 257 36 60 0.54042
649 211 25 45 0.5710019
364 182 21 33 0.64990324
265 193 19 32 0.66084343
430 184 25 44 0.69059974
836 225 25 42 0.69411874
578 190 28 44 0.7150335
706 202 28 41 0.85934305

