10_People_Marching_People_Marching_2_256
22
3 165 29 161 0.010353498
798 64 44 59 0.010714637
627 3 48 97 0.011365405
720 152 38 40 0.01198854
777 82 52 83 0.012957408
570 255 52 57 0.015197404
325 219 46 66 0.016335892
633 10 49 54 0.01922723
588 230 48 61 0.019478971
0 200 49 228 0.020768303
807 139 41 64 0.024971195
0 249 32 96 0.029159918
152 199 63 88 0.06679557
137 229 38 73 0.16659492
0 226 33 167 0.23904486
572 224 57 86 0.3087746
818 135 56 81 0.7287993
330 206 60 85 0.8264664
710 142 45 61 0.884589
958 155 43 58 0.89391583
175 185 71 92 0.9469908
449 210 76 91 0.97666174

