10_People_Marching_People_Marching_2_430
59
382 196 23 27 0.010176341
606 193 19 34 0.010303524
278 216 32 37 0.010501472
273 209 43 51 0.010588492
86 141 29 34 0.010825161
297 179 25 26 0.0109514035
223 276 28 45 0.011287648
70 133 24 16 0.011975087
200 269 53 94 0.012071588
88 139 26 15 0.0124914935
39 119 39 59 0.012613631
106 186 23 18 0.0126860095
831 305 41 58 0.012692831
348 178 29 15 0.012800361
264 195 22 30 0.013467756
89 181 23 19 0.017592484
862 286 32 37 0.017745564
257 217 34 36 0.019867074
108 190 24 18 0.020114178
71 157 30 41 0.021952748
71 163 24 17 0.023101443
375 180 28 15 0.024030862
592 227 22 20 0.024444401
344 189 31 36 0.025236899
64 160 23 18 0.02910462
605 190 28 41 0.029455435
81 148 23 17 0.029487431
314 180 25 17 0.0295728
252 210 44 51 0.029626535
836 268 31 38 0.030177819
341 200 28 16 0.030296838
598 79 42 52 0.031341672
605 182 38 55 0.031831004
95 165 21 31 0.03203353
63 150 41 55 0.033548348
302 194 22 20 0.034973178
311 188 32 36 0.03683077
255 188 40 52 0.04221667
53 124 39 54 0.043876044
362 170 27 15 0.04843054
206 155 22 28 0.06282377
59 129 30 39 0.06354093
208 159 25 19 0.073783524
61 131 25 17 0.08274742
217 254 38 63 0.0917156
584 227 26 45 0.105256915
834 275 38 57 0.11286817
904 247 41 49 0.1196662
540 160 43 58 0.12068709
295 189 28 39 0.17318703
363 172 24 27 0.20227781
87 145 24 18 0.30744007
216 156 23 29 0.5251156
770 198 38 52 0.85177714
163 163 34 37 0.8809418
288 129 32 34 0.8961379
916 249 33 41 0.90975094
637 194 34 62 0.9363713
417 172 30 35 0.9380689

