10_People_Marching_People_Marching_10_People_Marching_People_Marching_10_848
41
717 182 28 43 0.010132372
97 245 23 18 0.010220934
0 161 16 61 0.010434505
1010 162 10 24 0.010524998
0 125 25 74 0.011072938
577 219 41 57 0.011366146
157 219 35 62 0.01158061
24 234 11 31 0.012245162
862 208 22 31 0.013026663
503 135 40 52 0.013139146
517 103 29 14 0.013466363
57 384 38 61 0.014080139
844 203 31 40 0.01413088
0 170 11 48 0.015043018
0 133 20 59 0.015388972
578 179 37 57 0.016686207
104 240 24 20 0.022539686
137 197 19 37 0.022841716
243 217 18 37 0.025274228
848 178 44 50 0.02647287
63 143 23 53 0.027300172
239 206 30 59 0.029145852
162 216 27 43 0.030319482
24 228 22 50 0.048448365
14 216 14 42 0.049096916
63 162 22 55 0.061848953
518 117 33 37 0.06816459
15 229 22 49 0.08912893
849 197 41 53 0.11435444
103 229 24 45 0.15245828
728 184 33 64 0.17913328
41 204 22 54 0.23015107
765 130 41 70 0.65615124
729 180 28 43 0.66638756
582 195 33 59 0.8055117
992 194 24 51 0.88474554
131 183 27 48 0.91473657
362 193 36 52 0.9375157
645 164 39 61 0.9378425
246 216 30 44 0.9520807
483 157 37 53 0.9725648

