10_People_Marching_People_Marching_10_People_Marching_People_Marching_10_524
36
464 173 43 59 0.010081594
11 155 47 96 0.010132899
890 138 39 66 0.010330516
887 124 39 64 0.010421765
351 281 40 58 0.010621209
393 232 22 30 0.010722885
906 109 54 88 0.01124867
397 241 22 19 0.011290021
479 67 93 124 0.011440164
650 143 26 17 0.011884784
6 146 38 66 0.012515709
194 215 43 57 0.01295825
701 93 27 49 0.013092787
267 176 51 85 0.013487576
435 119 96 148 0.014860877
260 215 46 49 0.014934293
65 147 46 71 0.015050849
265 198 54 88 0.021173725
910 133 54 91 0.021714395
215 229 32 39 0.023483874
469 93 72 78 0.024371488
97 352 35 57 0.02467055
697 108 41 65 0.030535333
453 145 57 95 0.032744486
5 201 47 105 0.03365985
713 93 53 85 0.03906064
211 220 41 57 0.065433346
697 86 36 67 0.069620155
752 77 49 63 0.07060888
772 77 50 94 0.08848753
77 104 50 103 0.095939256
491 82 61 87 0.2999989
277 209 44 48 0.3716335
846 135 42 68 0.45624688
584 166 63 79 0.7679404
75 134 67 86 0.87662584

