10_People_Marching_People_Marching_10_People_Marching_People_Marching_10_69
900
549 9 7 10 0.010936791
724 387 11 15 0.010998612
863 134 13 16 0.01101342
420 407 9 13 0.0110290535
711 233 11 18 0.01103828
628 187 7 11 0.011052942
452 141 6 10 0.011082075
768 173 8 11 0.011088519
177 393 12 19 0.011132365
611 62 5 8 0.011137143
267 611 22 18 0.011141266
526 202 12 17 0.011219365
629 158 6 9 0.011224893
260 200 8 12 0.011249068
642 408 12 19 0.011313359
581 159 6 7 0.011315904
542 602 14 20 0.011326915
719 185 7 11 0.011357633
574 265 10 13 0.011384292
801 159 8 9 0.011434621
626 455 12 22 0.011479241
884 125 9 12 0.011625616
187 442 13 20 0.01167013
533 219 7 11 0.011694178
875 524 25 15 0.01170264
86 155 7 10 0.011711285
270 215 12 17 0.011714597
162 216 10 12 0.011720191
98 638 19 29 0.01174055
82 514 22 18 0.011748874
811 570 20 27 0.011801081
765 328 12 18 0.011886279
662 16 6 8 0.011915084
696 634 21 21 0.011917734
463 251 8 12 0.011923805
435 139 6 10 0.011959994
484 348 8 14 0.011962986
711 451 13 20 0.011972442
547 299 7 11 0.012163225
114 127 7 8 0.012184683
247 404 12 20 0.0121949725
503 667 24 19 0.01219905
434 471 19 21 0.012226933
447 365 13 20 0.012335124
245 610 13 19 0.012342434
513 280 11 18 0.012370902
703 29 7 9 0.012373245
641 201 7 12 0.012375221
204 597 18 28 0.012384717
182 2 5 7 0.012415708
990 529 21 19 0.012416029
797 376 11 17 0.012441684
646 103 11 18 0.012442627
628 412 12 21 0.012455512
275 187 13 16 0.01246322
648 174 7 12 0.012587824
802 169 7 10 0.012605616
627 92 6 8 0.01263695
534 611 21 21 0.012643604
1000 521 20 21 0.012672488
142 173 13 16 0.012796746
742 359 10 15 0.012809765
960 151 7 13 0.012855267
644 15 5 8 0.012883157
411 571 14 20 0.012912047
608 246 9 12 0.012956896
818 579 22 20 0.012997702
574 497 19 21 0.012998351
264 516 12 20 0.013091819
439 288 9 15 0.01316421
416 425 13 18 0.013178578
812 529 21 19 0.0132041685
466 408 13 21 0.013230439
758 504 14 19 0.013267643
546 281 8 12 0.013427024
292 422 13 19 0.0134363435
934 156 8 11 0.0134463655
453 245 12 18 0.013453964
97 122 13 16 0.013466514
419 94 5 8 0.01377444
549 206 7 10 0.013832488
133 45 5 7 0.013850603
669 529 13 21 0.0138573265
268 517 13 21 0.013926699
407 140 6 9 0.013932718
390 215 9 11 0.014012847
459 467 13 20 0.0140802115
678 93 5 9 0.014088198
133 183 13 16 0.014091012
798 544 14 21 0.014253874
870 105 13 16 0.01428323
782 140 13 16 0.014414228
833 329 9 15 0.014434916
98 143 13 16 0.014475744
674 392 13 17 0.014555948
416 190 7 12 0.014557925
534 187 11 18 0.014578208
742 203 7 12 0.014612257
405 200 8 11 0.014646448
406 188 12 17 0.014686271
534 235 7 10 0.014693441
514 203 7 11 0.014723965
96 76 7 9 0.014752353
465 208 8 11 0.014882728
183 221 9 12 0.014905957
95 63 7 9 0.014924945
88 90 7 9 0.015015234
164 0 5 7 0.015034917
474 498 13 19 0.015055959
575 293 10 15 0.0150607405
675 30 6 7 0.015101538
504 632 19 23 0.0151280435
631 139 6 10 0.015171747
119 78 7 8 0.015219557
513 265 7 10 0.015342338
607 393 12 19 0.015353334
724 266 8 14 0.015366647
337 140 7 8 0.015447568
422 444 14 20 0.015543209
534 268 7 11 0.015654005
565 0 8 9 0.015744852
561 91 6 9 0.01576381
1011 561 10 26 0.015849771
765 380 12 18 0.015885469
205 584 22 18 0.015941909
88 127 7 10 0.016015008
675 207 7 10 0.016031977
998 202 14 17 0.016138459
661 256 10 12 0.016256385
227 159 7 9 0.016295888
612 28 5 8 0.016325474
170 620 22 18 0.016390366
453 319 12 18 0.016438674
436 221 11 18 0.016497457
118 237 11 13 0.01656484
663 29 5 8 0.016626662
130 90 6 8 0.016692497
656 547 13 23 0.016723605
440 1 6 8 0.01673836
872 393 12 20 0.016788756
117 92 7 8 0.0168296
868 156 12 18 0.016843509
582 11 7 9 0.016894175
611 214 9 12 0.016895862
486 13 5 7 0.01690655
592 204 12 17 0.016941417
994 332 8 13 0.01699905
424 445 21 20 0.017262885
207 488 12 21 0.01734564
696 29 6 8 0.017348265
679 46 5 7 0.017363986
5 609 17 25 0.017394114
693 201 7 11 0.017483572
741 191 8 12 0.017523376
103 93 7 9 0.017547635
549 91 6 9 0.01767079
734 310 11 14 0.01770247
103 313 13 19 0.017844718
501 491 14 20 0.0178843
819 128 9 10 0.017885957
481 556 15 20 0.017938552
371 172 12 17 0.017983885
548 251 8 12 0.018092815
87 77 8 11 0.01817565
642 152 6 11 0.018205572
687 381 13 17 0.018236715
518 315 8 13 0.018254576
638 246 9 15 0.018478133
77 267 13 17 0.018503848
547 270 7 11 0.018514425
438 230 8 13 0.01855844
164 174 8 11 0.01860035
426 656 18 34 0.018625287
595 371 11 19 0.01863806
951 301 12 18 0.018842032
709 251 9 13 0.01909737
706 139 6 10 0.019104047
579 327 10 14 0.019110374
942 329 12 18 0.019163348
1000 593 19 23 0.01916684
591 221 9 12 0.019193836
515 253 7 11 0.019237263
681 414 19 20 0.019269913
116 156 8 9 0.019370073
564 189 7 9 0.019378925
66 199 9 12 0.019384893
359 142 5 7 0.019467132
143 199 9 14 0.019474113
488 238 8 13 0.0195109
568 24 6 9 0.019544503
325 470 13 19 0.019624138
295 1 5 7 0.019715779
921 540 22 19 0.019728754
855 145 9 12 0.019736856
315 668 24 18 0.019751
838 473 15 20 0.019843781
338 372 13 20 0.019891443
722 473 14 20 0.019895328
866 129 9 10 0.020114634
277 2 5 6 0.020142233
889 522 22 17 0.020218434
301 531 13 20 0.020255333
128 153 13 16 0.020263422
785 150 8 13 0.020392915
323 140 6 9 0.020395588
194 209 10 11 0.020464592
19 568 12 21 0.02048724
498 173 7 10 0.020531366
349 204 13 17 0.020562585
735 137 12 18 0.02069229
599 110 5 8 0.020789394
528 28 6 9 0.020833813
533 80 6 7 0.020874511
550 238 7 11 0.020940477
463 173 8 9 0.021043245
702 334 13 18 0.021095075
405 169 8 11 0.021101609
919 546 22 20 0.021358091
643 327 12 18 0.021375315
209 128 7 9 0.021435995
151 1 6 8 0.021492422
95 484 14 18 0.021575939
434 361 12 21 0.021695662
94 241 11 13 0.021699447
662 92 6 9 0.021957427
533 47 6 9 0.022040352
307 0 5 6 0.022094963
680 129 7 10 0.022129714
496 237 7 12 0.022158256
72 222 10 14 0.022286866
584 220 8 12 0.022339247
402 579 20 21 0.022424553
416 155 8 10 0.022455597
935 444 21 19 0.022465786
456 217 8 13 0.022477888
961 545 12 23 0.022478245
580 125 6 8 0.022803511
681 233 7 11 0.022816347
423 340 11 20 0.022905827
847 365 9 13 0.023141822
600 504 20 21 0.023321731
94 637 23 18 0.023376055
231 225 9 11 0.023472821
671 524 13 20 0.02350642
626 363 13 19 0.023654466
426 659 22 21 0.023686064
605 310 10 15 0.023707017
563 236 8 12 0.023719596
550 577 14 21 0.023738343
503 265 7 12 0.024023935
869 158 9 13 0.024045797
581 74 5 9 0.024061328
687 248 9 13 0.024138117
610 90 5 8 0.024150059
907 571 20 20 0.024181582
487 30 5 6 0.024302237
724 208 7 13 0.024567023
450 369 12 21 0.024617197
916 169 9 14 0.024691911
913 166 13 20 0.02494248
597 298 10 14 0.025011022
595 506 20 20 0.025071647
449 10 5 7 0.025211591
657 173 7 12 0.02535307
530 122 6 9 0.025703054
375 154 7 10 0.025716837
406 572 15 20 0.025786934
885 325 11 13 0.025958622
777 145 8 12 0.02600208
708 283 9 13 0.02627183
392 1 5 8 0.026504079
432 533 13 18 0.026652727
322 188 12 18 0.026702832
818 341 10 15 0.026764097
584 625 20 21 0.026880143
438 206 7 11 0.027007753
745 93 7 10 0.027148394
862 407 12 20 0.02732002
811 395 12 18 0.027379598
195 421 13 19 0.027455669
3 654 15 37 0.027509572
897 136 9 12 0.027592102
848 413 13 20 0.027641669
360 626 19 30 0.027664939
380 409 14 17 0.027675223
726 96 7 8 0.02771263
402 0 5 8 0.027795939
330 613 22 19 0.02790734
706 338 13 18 0.02791952
268 605 22 17 0.028006287
168 488 20 22 0.02808171
77 189 9 13 0.028134879
1016 326 8 22 0.02815214
544 538 13 21 0.028243454
741 110 6 9 0.028312663
661 308 11 14 0.028483827
529 283 8 13 0.02883186
819 92 8 11 0.029015955
689 139 6 10 0.029379057
496 248 8 11 0.029486347
213 221 9 11 0.029501285
627 231 9 12 0.029508496
517 30 6 8 0.029549476
854 151 8 12 0.029601809
767 569 13 24 0.029789051
113 609 19 28 0.029939411
581 348 8 14 0.029981034
209 660 21 20 0.030035935
341 205 8 12 0.03005033
544 188 7 10 0.030138316
126 235 11 13 0.03053767
711 49 6 9 0.030624928
722 142 7 11 0.030627418
135 63 5 8 0.030658547
54 557 13 20 0.030717323
747 389 13 17 0.030739537
134 199 9 13 0.030778386
686 657 20 31 0.030787928
564 107 6 9 0.030792471
64 309 14 18 0.030859487
276 144 6 8 0.030915814
721 382 13 18 0.030943908
514 188 7 11 0.030996878
287 405 12 18 0.031010378
502 31 5 7 0.031250168
705 209 8 12 0.03162718
227 2 6 7 0.031627323
895 129 9 11 0.03181656
443 470 21 21 0.032188512
72 191 9 13 0.032240525
305 192 7 9 0.03240006
418 1 5 8 0.03242867
502 432 14 22 0.03264408
78 224 10 14 0.03280411
90 646 23 20 0.03306446
504 493 20 20 0.033288915
129 137 7 9 0.033289567
80 229 10 13 0.033530682
754 376 12 18 0.03355373
757 171 8 13 0.03377083
823 570 21 21 0.033778097
116 327 14 20 0.03377932
748 569 18 29 0.03385612
871 107 10 12 0.033894498
594 28 5 9 0.033990398
601 309 10 15 0.03419859
113 505 20 19 0.034531344
323 198 8 12 0.03482946
441 250 7 13 0.035178266
720 172 7 12 0.03520325
149 16 5 7 0.035481974
726 125 7 10 0.035543803
442 188 7 12 0.03554432
610 171 7 10 0.035622273
819 438 12 22 0.03567004
598 658 23 21 0.035722133
760 76 7 10 0.03579378
222 200 9 12 0.03582322
678 77 6 7 0.035888705
500 95 6 7 0.036093406
293 131 7 8 0.03610472
310 109 6 7 0.036118098
454 239 8 13 0.03621578
518 161 6 9 0.036218714
717 539 21 22 0.036272157
751 616 22 21 0.036374107
821 165 8 11 0.036561284
381 382 14 17 0.0365918
568 298 9 14 0.03667723
684 417 13 19 0.036897007
143 189 10 13 0.03690743
324 1 6 7 0.037154336
691 299 10 14 0.037168264
774 63 6 10 0.037295613
146 111 7 8 0.037437122
551 576 22 21 0.03779917
151 29 5 7 0.037860807
183 444 13 21 0.03809864
181 64 6 7 0.038598083
342 0 5 8 0.038666267
564 456 14 19 0.038741283
547 130 6 9 0.038958155
450 120 6 10 0.039198656
838 616 24 20 0.039262652
197 12 5 6 0.039404035
687 389 13 18 0.039458152
149 151 8 10 0.03969214
1009 182 12 20 0.039986953
485 110 5 7 0.040028665
300 420 14 19 0.04009401
366 498 21 20 0.040437702
647 91 6 7 0.040466346
217 2 5 7 0.040619634
113 173 8 10 0.04072244
846 418 13 20 0.04115167
167 62 6 7 0.04132568
376 1 5 9 0.04136966
607 239 10 14 0.041656338
712 235 8 14 0.041750353
711 78 6 8 0.04180217
422 111 6 9 0.041971765
610 111 7 10 0.042314455
994 594 20 21 0.04244703
385 153 7 10 0.042534087
262 176 7 9 0.042908087
101 149 9 12 0.042924225
150 46 5 7 0.04294105
455 247 9 13 0.042964775
711 93 6 8 0.042986047
197 110 7 10 0.04312177
136 663 22 21 0.043123666
712 215 9 13 0.043604217
581 207 8 10 0.043628924
277 15 4 6 0.043653045
87 510 21 19 0.043710787
429 311 12 19 0.04390616
594 329 12 18 0.043969527
182 128 8 11 0.044004384
240 141 7 9 0.044146013
559 532 20 21 0.044488072
530 252 7 10 0.044543523
131 178 10 11 0.04457478
792 376 12 18 0.044648863
150 78 6 8 0.04514925
709 60 6 8 0.045220904
583 286 9 13 0.045238517
691 76 5 8 0.0452791
117 189 9 12 0.045409657
455 176 9 11 0.045557313
243 3 5 7 0.04603736
600 190 7 10 0.046106916
384 193 9 11 0.04624721
355 454 20 20 0.046282027
743 390 13 18 0.046567265
182 106 7 10 0.046735242
197 47 6 6 0.04688183
661 226 8 12 0.046924714
271 412 12 18 0.046941787
519 46 6 8 0.047199883
631 248 11 13 0.047250275
126 474 21 19 0.047273763
767 76 7 12 0.047384165
718 214 9 14 0.0474535
136 110 7 10 0.04772742
646 34 5 8 0.048076123
215 659 22 20 0.048185673
641 579 22 20 0.04830954
471 94 6 8 0.0484185
356 3 5 8 0.04852628
487 47 5 6 0.04855692
376 180 8 14 0.0486723
166 140 8 11 0.04891732
162 153 9 12 0.04913825
311 146 7 8 0.04931911
226 64 6 7 0.049682256
611 356 12 18 0.04981758
162 89 7 8 0.05008289
597 130 6 9 0.050133757
262 153 7 9 0.050142538
294 17 4 6 0.05017883
184 13 4 6 0.05028473
420 62 5 7 0.050320357
388 64 6 7 0.0507451
422 15 5 6 0.05079561
163 127 7 8 0.050799448
465 31 6 7 0.0510679
545 217 8 12 0.0512219
645 44 5 7 0.051448245
291 455 20 20 0.051678546
540 374 12 19 0.051910385
354 160 7 10 0.052010722
585 230 10 14 0.05205827
342 160 7 10 0.052189246
378 77 6 8 0.05224427
465 278 9 13 0.05235065
692 482 20 20 0.05237733
386 200 9 12 0.05256869
311 16 4 6 0.052599855
889 631 23 19 0.05309127
568 266 9 13 0.0531107
877 644 20 32 0.053177606
293 30 5 6 0.053200133
794 541 20 20 0.053705342
531 172 7 10 0.05370955
438 15 4 7 0.053765018
661 48 5 8 0.053913962
726 49 7 9 0.054112654
623 125 7 11 0.054128356
688 189 7 13 0.054228414
693 112 6 9 0.054322887
489 141 6 9 0.05454193
177 651 21 21 0.054597434
238 353 13 20 0.05463893
422 488 23 19 0.054680385
307 500 18 21 0.054697324
960 629 20 32 0.05481134
596 283 10 13 0.054840595
658 287 11 13 0.0548414
436 620 27 18 0.05488901
689 50 7 8 0.0551742
881 441 19 20 0.05518755
272 124 7 9 0.055893593
660 77 6 7 0.05589816
1011 185 8 13 0.056019954
976 602 20 21 0.056051
758 117 8 12 0.05609377
425 169 9 12 0.056228932
327 107 6 8 0.056735482
244 184 7 10 0.05698442
645 79 5 8 0.05722962
661 157 7 11 0.057410147
719 358 13 19 0.0575692
341 15 5 7 0.0576248
689 233 8 12 0.057836264
661 303 11 14 0.057975456
726 499 22 20 0.057987962
157 410 13 21 0.058168612
589 442 13 22 0.058362246
774 356 12 17 0.05837925
259 2 6 7 0.058398604
451 200 8 11 0.058407594
456 32 5 7 0.05863452
109 248 13 18 0.059013624
473 561 20 21 0.059031084
633 45 5 8 0.05907346
337 186 7 12 0.059415463
226 483 14 21 0.059512008
99 196 10 13 0.059580524
452 324 11 15 0.060048945
453 60 5 7 0.06007123
470 265 9 13 0.06023185
692 60 6 8 0.060249195
710 171 7 11 0.060427163
727 106 7 10 0.060433906
865 136 9 11 0.060471874
134 184 9 12 0.06048121
242 93 6 7 0.060850326
309 46 4 6 0.06087784
317 546 21 20 0.061023097
389 110 5 7 0.061154693
242 173 7 10 0.061195474
884 481 20 19 0.061329007
354 77 6 7 0.061421376
145 229 12 14 0.061768487
487 188 8 13 0.061782002
210 168 9 11 0.06193891
284 661 22 20 0.062114235
722 65 7 9 0.06216346
480 157 7 12 0.06224417
162 110 7 9 0.062401704
327 16 5 7 0.06289572
207 136 9 11 0.06313969
355 169 7 10 0.06343057
119 199 10 13 0.063526705
215 193 9 12 0.06364501
503 207 8 11 0.063752435
629 78 6 8 0.06402263
723 72 6 9 0.064032644
679 137 7 11 0.06428292
705 124 6 12 0.0646256
774 149 8 13 0.06471953
691 224 8 11 0.065233275
534 609 14 21 0.06525418
818 524 15 20 0.06525598
227 171 7 10 0.06542449
780 501 14 18 0.065488726
560 317 10 15 0.06552434
500 282 8 13 0.065563574
582 254 9 13 0.0657541
264 14 5 7 0.06600239
402 124 6 9 0.06607876
144 174 10 12 0.06652722
138 660 18 33 0.06662223
231 13 4 6 0.06705817
468 64 6 6 0.06728028
596 137 7 8 0.06746136
195 2 6 7 0.067519754
149 61 5 7 0.0678003
608 81 6 8 0.06781399
616 265 10 13 0.06789313
740 326 13 18 0.0679576
294 91 5 7 0.06813193
292 46 4 6 0.06822115
645 130 8 10 0.06856139
776 105 8 12 0.06913748
448 2 5 9 0.06923382
695 123 7 11 0.06942142
310 33 5 6 0.06958231
664 142 6 10 0.069746815
586 93 6 11 0.06989557
181 164 11 13 0.07035688
579 175 6 7 0.071163
630 491 15 22 0.07171958
356 531 19 21 0.07177235
217 110 7 11 0.07183424
322 79 6 7 0.071865164
323 32 5 6 0.071949
566 174 6 9 0.07197343
993 525 21 18 0.07200269
661 61 5 7 0.07231625
626 223 10 13 0.07265721
147 127 7 8 0.07276552
934 442 13 21 0.07286565
261 31 5 6 0.07298996
533 91 7 9 0.0731259
352 206 9 12 0.07314581
709 301 13 17 0.07332192
381 348 13 21 0.07340923
693 271 11 14 0.073435165
578 491 14 20 0.073582254
516 93 6 8 0.073853336
166 31 5 7 0.07390862
221 516 20 20 0.07416655
355 50 6 8 0.07460863
164 44 6 7 0.07462084
216 197 9 13 0.074745476
272 217 9 12 0.074882135
1017 329 7 15 0.07489745
485 62 6 7 0.07513029
149 93 6 9 0.07531834
591 231 9 14 0.07546532
515 282 8 13 0.075521946
95 244 12 17 0.07558723
628 325 12 17 0.07561685
489 544 19 24 0.075686604
516 62 7 9 0.07628969
183 96 7 9 0.07633136
430 168 8 11 0.07633825
278 46 4 6 0.076353356
343 170 7 9 0.07651115
499 219 8 13 0.07669201
615 124 6 10 0.07689645
643 138 8 11 0.07711661
535 465 21 21 0.07731852
168 17 5 6 0.0774026
119 141 7 10 0.07740739
356 27 5 8 0.07754673
134 129 7 10 0.07785664
356 110 6 6 0.07790961
423 78 6 8 0.07798319
596 92 5 10 0.07803001
390 595 23 21 0.07807099
101 145 8 11 0.0788147
176 136 9 11 0.07899663
164 185 11 12 0.078997545
438 291 11 18 0.07937742
408 191 8 12 0.07939006
563 370 12 19 0.07940056
384 145 8 9 0.08004397
216 65 6 7 0.080173455
438 223 8 13 0.08019909
876 391 12 20 0.08043742
449 267 9 15 0.08074444
786 402 14 20 0.08083082
628 62 6 8 0.08088565
530 141 6 9 0.08096358
327 160 6 10 0.08100834
785 142 9 11 0.081128016
342 77 6 8 0.08118226
582 186 8 10 0.081323646
645 61 5 7 0.081341594
741 123 7 11 0.08171648
377 144 7 10 0.081825785
421 45 5 7 0.082059756
500 110 6 7 0.082269154
197 64 6 7 0.08233211
359 10 5 8 0.08235948
373 27 5 8 0.08249479
528 205 9 12 0.08254715
215 14 5 6 0.08264165
375 108 6 8 0.08266897
404 47 5 7 0.08273714
688 325 13 18 0.08277469
641 310 10 14 0.08311465
263 79 5 6 0.08328799
567 126 6 9 0.08359301
613 207 10 13 0.083614245
198 134 9 12 0.08371334
468 75 6 8 0.08377352
658 183 7 13 0.0841554
487 267 9 14 0.08436999
440 109 7 9 0.084692016
560 79 6 11 0.08471704
500 57 6 7 0.08475053
674 154 7 12 0.08503839
468 298 10 15 0.08504319
548 154 6 8 0.08551435
470 124 5 8 0.08573761
513 237 8 14 0.08589938
625 280 10 14 0.08595515
214 160 9 12 0.08635797
437 31 5 6 0.08691804
607 188 9 12 0.086925305
484 309 12 18 0.08694349
275 171 7 8 0.08701065
297 199 9 13 0.08740735
248 30 5 7 0.08756171
821 366 12 18 0.08765093
760 504 22 19 0.08776692
394 501 22 19 0.08783572
355 95 6 7 0.088064335
244 12 5 6 0.0881064
214 75 6 7 0.08840603
278 157 6 9 0.08850116
191 129 9 12 0.088717535
567 142 7 8 0.08949376
280 31 4 6 0.089598686
181 31 5 7 0.08979916
438 45 4 6 0.08982853
651 456 21 20 0.090104684
612 156 6 10 0.09023252
713 182 7 12 0.091215655
232 30 5 6 0.09188305
229 77 5 7 0.09195308
261 61 5 6 0.09196285
275 201 8 10 0.09227735
324 47 6 7 0.092409894
1 658 19 22 0.092632756
659 229 9 12 0.09278382
423 29 4 7 0.09280552
624 172 8 13 0.09284055
679 216 8 12 0.0932737
196 215 10 13 0.09406632
614 142 6 9 0.09420354
201 91 6 9 0.09431463
653 343 12 18 0.09468518
548 138 6 8 0.094956666
408 61 5 7 0.09502927
385 75 7 8 0.095432915
907 469 13 19 0.09547611
389 28 5 7 0.09559585
950 475 22 21 0.0958267
680 250 9 15 0.095909014
689 175 7 11 0.09626732
233 140 7 11 0.09676894
129 80 7 9 0.09679299
515 79 6 8 0.09711527
482 92 6 8 0.097124614
162 82 7 7 0.09722009
302 198 9 14 0.09722755
553 79 7 11 0.097968504
98 564 20 22 0.0981806
602 81 5 9 0.098195255
376 17 5 7 0.098319136
243 49 5 7 0.09841575
253 404 12 20 0.09848314
117 619 24 20 0.09887954
209 605 20 20 0.09888471
527 111 8 10 0.09890928
500 51 6 7 0.09897839
391 15 5 7 0.09937018
289 184 8 11 0.09939839
564 158 6 8 0.10069004
392 126 6 8 0.100975156
807 396 13 19 0.10110563
463 214 9 14 0.101481326
274 78 5 7 0.101633914
244 60 5 7 0.101663604
440 96 6 10 0.10249654
676 63 5 8 0.1026074
705 159 8 13 0.10269816
470 499 14 19 0.102830015
262 110 6 8 0.1029425
151 145 8 11 0.10322673
605 553 22 20 0.10333586
548 174 6 8 0.10339202
594 173 7 10 0.10350477
520 111 6 9 0.103569396
453 48 5 7 0.10427853
437 61 5 7 0.10470215
502 122 6 9 0.10493794
531 158 7 10 0.105002545
719 442 15 20 0.105027385
705 108 6 10 0.10509601
406 16 4 7 0.10553252
742 75 7 11 0.10583707
369 57 7 9 0.10586967
184 73 6 8 0.105912544
264 183 8 11 0.10618721
229 187 8 12 0.106263705
483 78 6 7 0.10675783
215 31 5 7 0.10690563
518 166 8 11 0.10738516
341 107 6 7 0.10739604
160 556 22 20 0.1083087
166 208 11 13 0.10875834
292 137 7 9 0.109057166
263 145 7 9 0.10925021
113 217 10 14 0.109443754
737 140 8 13 0.10948494
467 187 8 14 0.109608516
212 46 5 7 0.10974987
691 152 7 14 0.11049513
246 113 7 8 0.11071725
400 111 7 10 0.11075862
312 153 7 9 0.11089324
661 262 11 14 0.11090058
682 190 7 13 0.111005425
277 62 5 6 0.1111089
454 96 7 8 0.111154445
269 564 22 20 0.11185692
264 128 7 9 0.11211354
180 48 5 7 0.11227442
866 541 22 19 0.11259567
434 78 6 9 0.11268407
468 48 6 7 0.11284843
231 550 23 18 0.11394087
517 126 6 8 0.1144004
354 125 6 9 0.11450115
497 185 9 14 0.114563026
294 63 5 7 0.114796475
451 186 8 12 0.115239605
113 106 8 11 0.116100416
262 46 5 7 0.116175845
340 33 6 7 0.11633291
340 98 6 7 0.11661931
513 561 19 22 0.11706714
10 605 18 30 0.117091924
309 61 5 7 0.11710226
536 190 8 12 0.11724322
200 74 6 8 0.117402606
499 78 7 9 0.11807468
630 369 12 19 0.11808879
821 161 9 12 0.119568124
326 168 6 9 0.120140284
399 524 22 19 0.12032135
371 125 6 9 0.12041011
232 91 6 8 0.12049618
360 58 6 8 0.121073365
131 155 9 12 0.12137913
594 206 8 12 0.12155103
345 59 6 7 0.12174294
48 594 22 21 0.12190881
403 32 5 7 0.12193253
243 157 7 11 0.12283016
449 111 6 8 0.12323481
585 139 6 9 0.123547465
324 61 6 7 0.12428451
451 78 6 7 0.1244836
930 576 21 21 0.12456385
312 81 6 7 0.12477562
243 76 6 7 0.12479473
243 123 7 8 0.12570211
647 105 8 13 0.1276599
295 159 7 9 0.12821572
158 513 21 19 0.12830599
782 104 8 12 0.12837066
580 112 7 11 0.12837079
468 112 6 9 0.13040215
487 127 6 8 0.13043165
182 161 10 13 0.13097417
760 111 8 13 0.1316761
499 157 7 12 0.1323785
264 91 5 7 0.13520701
370 44 7 9 0.13555528
199 188 9 13 0.13621858
308 123 7 10 0.13623421
100 125 8 11 0.13721165
752 93 7 11 0.137802
407 159 8 11 0.1388538
497 141 6 9 0.13952757
326 96 6 7 0.14088705
389 46 6 8 0.14155214
641 190 8 13 0.14295943
980 333 13 17 0.14352754
295 176 8 11 0.14363755
258 633 20 22 0.14404279
839 475 21 21 0.14510189
473 139 7 10 0.14651278
418 141 7 12 0.14750856
343 47 6 7 0.1475299
548 108 7 12 0.14771728
373 174 8 12 0.14942035
767 441 14 21 0.15191408
277 188 9 11 0.15237708
596 154 6 10 0.1525183
273 112 7 8 0.15288724
372 97 6 8 0.15306343
404 73 6 8 0.15334678
321 124 7 10 0.15352221
223 110 9 11 0.1543705
309 171 7 11 0.15543194
324 189 8 12 0.15586461
301 604 21 20 0.156173
516 142 6 9 0.15843183
879 577 22 20 0.16040206
389 94 6 8 0.16386643
471 158 8 11 0.16707005
733 413 14 20 0.17079838
208 91 7 9 0.17612697
195 31 6 8 0.17868827
420 120 7 10 0.17876896
311 94 7 7 0.18053973
229 47 5 7 0.18264642
289 81 6 7 0.18265225
276 92 6 7 0.19482607
408 96 7 10 0.20450732
340 125 6 10 0.20616978
293 109 7 9 0.21494533
439 126 8 11 0.21880373

