10_People_Marching_People_Marching_2_514
18
960 73 52 99 0.010931392
955 111 50 129 0.0117320875
0 300 19 124 0.012419626
512 42 175 261 0.012703412
53 39 98 138 0.01643153
520 56 100 140 0.018427677
903 99 91 171 0.020479886
75 52 60 101 0.021619307
121 266 128 170 0.022353588
933 88 86 192 0.032131366
0 553 44 121 0.033642523
812 220 191 309 0.06885039
777 257 186 320 0.07663751
389 206 106 175 0.1085441
825 252 101 253 0.84384084
550 41 103 175 0.9168304
154 222 133 218 0.98409396
415 178 115 232 0.9896444

