10_People_Marching_People_Marching_2_395
177
115 177 47 47 0.010043034
1011 295 12 53 0.0101256985
732 178 39 56 0.010248066
325 250 7 9 0.010297798
63 248 12 9 0.010683799
762 228 24 19 0.010776615
53 237 12 8 0.010872166
318 243 21 20 0.011021203
947 222 9 10 0.011145401
818 213 21 20 0.011307819
48 235 24 15 0.011610247
448 217 10 8 0.011640924
855 219 8 10 0.011643778
98 183 9 8 0.011732597
67 235 12 9 0.011932635
415 208 12 9 0.011995551
424 226 25 16 0.0121279815
860 211 20 28 0.01214058
48 191 9 8 0.0124307955
4 207 8 9 0.012549387
137 214 23 17 0.012783579
44 212 24 16 0.012920035
671 180 19 32 0.013009844
50 250 13 9 0.013013261
62 237 21 27 0.013027006
447 199 23 17 0.013629526
98 209 23 27 0.01390587
58 219 25 15 0.014166311
6 220 29 35 0.014216269
668 227 14 21 0.014223916
992 206 20 30 0.014234927
6 246 26 16 0.014435547
488 197 25 17 0.014469365
27 210 22 17 0.014566231
399 217 12 10 0.014669436
123 183 34 34 0.014699193
15 234 11 11 0.014836046
109 212 25 15 0.014948286
5 218 7 10 0.014978635
702 212 20 30 0.015010997
636 214 14 18 0.015165928
122 197 22 17 0.015204027
670 232 28 40 0.015278373
764 216 24 18 0.0153630255
937 219 23 28 0.015556926
1010 358 11 58 0.015612779
130 193 9 7 0.015922418
763 229 41 54 0.015941294
33 244 22 28 0.016356185
34 252 11 9 0.016440017
770 237 30 39 0.016481023
639 244 9 13 0.01655265
359 262 24 18 0.016591536
861 213 13 18 0.016848784
380 229 24 16 0.017058376
394 228 25 17 0.017334606
242 182 21 22 0.017942222
635 235 14 17 0.018116033
117 217 11 7 0.018263979
638 238 9 12 0.018401321
171 185 24 18 0.018840691
632 240 12 19 0.018949237
51 217 10 8 0.019034158
352 240 20 29 0.01943368
490 215 26 16 0.019784437
663 218 14 19 0.019997811
28 249 24 16 0.020046378
42 214 21 26 0.020490669
84 217 10 8 0.020739641
66 222 10 8 0.020946525
296 343 21 20 0.021443514
410 228 27 16 0.021471089
452 203 8 8 0.021910606
162 163 21 31 0.021928148
927 151 23 19 0.022663152
633 242 9 14 0.022970306
171 194 25 17 0.023803387
483 209 23 29 0.023884594
150 190 8 8 0.02413952
995 182 18 33 0.024294378
144 217 10 9 0.024855431
123 211 23 17 0.02569468
4 252 8 12 0.026197426
662 208 38 54 0.026228556
806 194 20 31 0.026242077
940 185 22 30 0.026479995
349 225 21 30 0.026713423
516 217 11 10 0.027203862
330 230 24 19 0.027278425
416 216 13 9 0.027462298
512 203 24 17 0.027842088
633 238 9 13 0.027885938
35 200 15 17 0.028132284
89 212 26 15 0.028639851
323 233 9 10 0.029339576
517 211 26 17 0.02948061
844 216 22 19 0.02968762
389 205 14 17 0.029882161
249 178 20 30 0.030120028
433 220 12 9 0.030220428
19 216 10 8 0.030488081
114 203 11 7 0.030651348
953 184 22 23 0.031635765
90 169 23 16 0.032014977
2 247 12 20 0.032738097
97 217 11 8 0.03388128
34 214 9 10 0.03395924
47 204 11 8 0.034117974
322 225 39 53 0.03430544
864 216 8 10 0.034509134
71 204 10 8 0.034913052
768 217 20 31 0.036267225
321 230 14 19 0.038536888
101 206 11 7 0.039489664
463 185 24 18 0.04061739
155 195 25 17 0.041407768
390 209 22 27 0.04168337
392 215 24 17 0.041710537
329 236 22 31 0.04182245
754 208 39 54 0.041836448
93 179 43 48 0.044335436
812 207 20 32 0.04530203
471 197 26 19 0.04535285
58 223 31 32 0.046157546
631 235 13 19 0.046649117
148 201 8 8 0.046798725
281 261 21 22 0.046867955
69 230 25 18 0.048143215
156 183 23 19 0.04856448
80 205 9 7 0.05315077
664 217 21 20 0.053219326
95 201 25 16 0.05523468
760 214 30 40 0.055292666
511 213 23 16 0.060335696
461 195 24 19 0.060457814
55 242 25 17 0.061491996
39 200 24 17 0.061642982
660 228 19 20 0.06242728
470 186 26 19 0.06353513
157 169 23 17 0.06477791
519 202 23 18 0.068861976
517 204 20 31 0.07009465
37 203 9 10 0.07520417
685 213 22 20 0.07746683
425 218 25 16 0.07957072
744 218 25 20 0.0880003
11 244 18 32 0.08895097
45 246 24 17 0.089122884
11 262 23 19 0.091032274
104 200 26 16 0.09194309
410 214 25 16 0.094110385
286 256 19 31 0.10004047
97 172 11 9 0.101797685
130 201 9 7 0.1035875
656 221 19 31 0.1071003
389 210 14 16 0.11207513
131 214 9 9 0.13077499
99 185 32 35 0.15742382
417 214 24 27 0.16205773
518 193 20 32 0.16451597
61 231 25 18 0.16708057
931 144 22 29 0.16973028
1 232 9 13 0.1808299
0 230 12 18 0.19499235
671 217 21 32 0.24363159
461 186 30 36 0.2620667
327 223 28 39 0.31051716
829 215 20 23 0.3273591
158 176 30 37 0.35006145
8 230 22 20 0.37115857
225 167 29 36 0.38850063
470 184 31 36 0.4041423
744 209 31 38 0.45120484
832 210 21 31 0.5578202
955 176 31 35 0.78928685
218 161 32 36 0.8499186
579 179 27 40 0.8819416

