10_People_Marching_People_Marching_2_307
48
775 192 20 31 0.0101030255
48 197 82 134 0.010260754
830 210 38 59 0.010726228
636 212 26 45 0.011046872
225 230 37 73 0.011468787
1011 181 10 66 0.011805536
726 321 23 19 0.012866364
709 220 25 48 0.013493883
24 561 36 75 0.014017175
4 336 37 136 0.015099005
733 189 24 19 0.01557205
698 482 95 143 0.015960673
634 189 28 41 0.015975859
871 170 20 32 0.016115753
792 291 22 20 0.016809579
998 212 21 116 0.01693108
2 309 38 61 0.017206261
124 39 33 69 0.017404035
121 542 46 114 0.018534223
6 178 46 101 0.018581163
862 173 35 61 0.01864889
635 202 35 66 0.018704195
121 555 37 78 0.018884007
203 203 62 81 0.019901682
972 186 52 224 0.020888146
688 137 13 19 0.021439148
3 305 42 112 0.024008896
1 329 38 64 0.029156735
836 172 13 19 0.030777553
793 404 28 38 0.03230163
716 502 60 99 0.035110034
204 233 63 84 0.03572914
0 409 38 127 0.039771996
701 163 22 19 0.040092334
702 164 20 33 0.045466654
5 441 29 92 0.04780981
699 169 23 19 0.06004862
989 281 28 93 0.06828831
1008 194 15 75 0.070090964
140 45 56 92 0.08273779
88 197 46 65 0.09588369
981 220 33 162 0.1309839
59 210 56 99 0.13546845
50 236 38 74 0.13797319
659 200 53 88 0.44612834
77 182 58 107 0.68168
260 179 76 104 0.8690077
518 138 86 129 0.9746971

