10_People_Marching_People_Marching_10_People_Marching_People_Marching_10_People_Marching_People_Marching_10_674
452
72 413 20 29 0.010051425
759 327 6 8 0.010056427
626 302 7 7 0.010133721
439 254 7 7 0.010140468
755 374 14 17 0.010173974
69 392 12 18 0.0101980455
87 250 6 7 0.010233759
466 380 10 11 0.01025073
592 312 7 8 0.010289933
553 315 5 6 0.010300422
278 252 7 9 0.010327505
277 341 7 10 0.010552037
840 281 18 19 0.010570847
674 254 8 7 0.01071384
404 360 8 9 0.010796472
225 253 8 8 0.010864599
388 375 9 11 0.010878597
1015 358 5 10 0.011099527
712 347 6 7 0.011100328
659 375 9 10 0.011117221
545 375 9 10 0.011140331
348 472 19 29 0.011160189
592 328 13 17 0.011160899
351 342 8 9 0.011178231
684 377 13 16 0.011193832
720 376 14 16 0.011196545
559 340 13 17 0.01122457
531 371 14 17 0.011250225
591 360 10 9 0.011274714
727 266 9 8 0.011310352
613 376 14 16 0.0114104245
344 281 5 7 0.011485162
595 389 11 9 0.011495545
887 311 8 11 0.011506279
214 322 13 17 0.011517651
65 421 9 13 0.01169211
830 398 21 18 0.0117099285
785 341 7 8 0.011751909
714 312 5 8 0.011772527
977 311 19 17 0.011900817
349 480 12 21 0.011901243
0 432 10 29 0.01195079
937 364 8 10 0.0119516235
725 285 8 8 0.012015782
129 253 6 9 0.012031041
167 225 6 7 0.012129172
594 381 11 10 0.012310245
132 456 41 66 0.012315987
18 294 7 8 0.012353449
307 330 7 8 0.012521633
3 442 15 36 0.012529094
91 423 21 19 0.012565641
692 403 8 10 0.0126200225
482 263 6 7 0.012651273
303 480 20 20 0.012664133
963 323 9 11 0.012684785
130 421 10 11 0.012716535
280 282 7 10 0.012743286
69 268 6 6 0.012743371
819 357 7 10 0.012766511
182 313 8 9 0.01279088
168 268 5 7 0.012812545
94 390 13 18 0.012821746
725 295 7 9 0.0128279505
433 262 8 7 0.012855509
275 327 7 10 0.01296252
792 315 8 9 0.01297656
1004 553 16 38 0.012998601
414 377 11 12 0.013033107
55 311 6 6 0.013056688
641 388 9 11 0.013065379
472 358 9 12 0.013121685
173 394 14 18 0.013139004
466 264 6 8 0.013174262
839 288 12 17 0.013208842
323 470 12 19 0.013234019
344 264 6 8 0.013240235
84 392 10 12 0.013300163
799 578 22 19 0.013302335
639 340 12 17 0.013373054
463 475 20 29 0.01344128
47 440 9 16 0.013443993
331 474 19 31 0.01349255
103 325 13 17 0.013539707
359 255 5 7 0.013611422
83 406 10 13 0.013667533
76 418 20 21 0.013686523
852 361 8 10 0.013717358
960 344 9 11 0.014019035
286 492 25 44 0.014046414
974 297 9 8 0.014078127
128 418 14 17 0.014197324
708 386 10 10 0.014229233
108 393 21 19 0.01481953
1008 323 12 17 0.014886833
161 400 21 18 0.014905586
106 435 22 19 0.014967306
245 295 8 10 0.015157292
132 404 13 18 0.015274047
117 263 6 7 0.01565034
771 266 10 10 0.015670687
289 313 8 9 0.015914045
151 311 8 9 0.016072456
791 324 13 18 0.01608636
1000 528 17 36 0.016087607
0 447 10 29 0.016137762
773 290 13 17 0.016520241
999 327 13 15 0.016681066
55 266 5 6 0.01668396
269 531 19 34 0.016702887
832 330 8 11 0.016719144
99 270 7 6 0.016739286
723 386 10 11 0.016753908
713 328 6 8 0.016764939
258 492 17 35 0.016791536
497 383 13 17 0.01681661
404 378 12 11 0.016836869
280 499 20 22 0.01685116
705 276 7 8 0.017024534
592 299 6 7 0.017212745
129 312 8 8 0.01726612
505 360 8 10 0.017388891
991 540 33 63 0.017412005
4 301 7 10 0.017502988
83 270 6 6 0.017698357
497 378 13 17 0.01771215
255 253 9 10 0.017749812
341 480 12 21 0.017752448
360 512 20 31 0.017817045
949 313 9 10 0.01795484
449 318 7 7 0.017970769
657 347 7 9 0.018111084
220 324 12 18 0.018123914
192 203 7 9 0.018364402
998 547 24 48 0.018418204
770 315 7 7 0.018451303
417 312 6 8 0.018468047
411 375 14 17 0.018472366
180 269 6 6 0.018478949
799 292 9 11 0.018649498
531 335 6 7 0.01866963
18 268 7 9 0.018683298
256 259 8 10 0.018783247
19 403 12 20 0.01880316
796 313 13 16 0.018823545
41 440 18 30 0.018841071
82 389 13 18 0.018993055
990 312 8 10 0.019099575
865 328 8 12 0.019308502
386 282 6 8 0.01932073
323 343 8 9 0.01953479
414 471 18 32 0.019691827
176 234 6 7 0.019752176
421 280 7 8 0.019800503
169 398 21 19 0.02004724
70 395 8 12 0.02014514
929 301 8 9 0.020295857
563 376 9 9 0.020344391
207 309 13 17 0.020353308
755 294 8 8 0.02036844
773 332 7 7 0.020981027
764 261 22 17 0.021062393
631 330 7 8 0.02107444
881 337 13 17 0.021107614
465 249 6 9 0.021302482
768 379 9 9 0.021331761
130 264 7 8 0.02133716
517 373 9 9 0.021419698
292 328 8 9 0.02143406
499 381 10 11 0.021612288
21 408 8 13 0.021642286
373 295 5 7 0.021743191
1001 515 22 19 0.021958614
694 263 12 16 0.021964582
291 497 18 33 0.022008091
977 372 6 9 0.022143325
102 434 21 29 0.022398498
786 290 13 17 0.022689385
189 326 14 16 0.022707157
0 415 11 21 0.022775166
211 261 8 7 0.022817388
380 358 14 16 0.022855747
533 285 5 8 0.022905812
278 297 8 10 0.022905927
18 367 12 18 0.023049068
389 339 13 17 0.023079673
313 311 8 10 0.023186555
829 307 13 17 0.023258671
114 253 7 9 0.023480609
161 308 9 9 0.023624426
563 364 9 9 0.023634315
3 264 7 9 0.023820749
377 360 9 11 0.023946773
502 331 6 7 0.024492007
6 276 12 18 0.024502175
833 395 14 17 0.024608554
967 532 29 39 0.024721455
634 277 7 9 0.02485393
626 253 7 7 0.024911204
977 365 7 8 0.025141435
241 278 8 10 0.025170175
163 394 14 17 0.025295088
417 255 8 8 0.02535551
741 350 6 6 0.025367497
246 313 7 10 0.025386585
346 299 5 8 0.025550893
565 315 6 8 0.025590615
420 347 8 8 0.02577178
373 316 6 6 0.02597642
505 287 6 9 0.0260984
596 337 13 17 0.026372181
116 399 13 19 0.02644644
261 306 9 11 0.026935702
943 364 7 9 0.027045297
64 418 12 20 0.027226679
614 379 11 10 0.027592842
304 283 7 9 0.027711648
118 313 7 7 0.027889771
421 360 10 10 0.027897686
248 253 8 9 0.027947947
463 342 13 17 0.028089834
226 295 8 9 0.028220894
659 360 8 10 0.028253725
289 296 7 10 0.028400825
70 313 6 7 0.028443305
761 548 23 20 0.028561875
339 340 13 17 0.028732937
754 285 8 9 0.028813923
512 287 6 9 0.02889996
799 327 10 12 0.029542249
785 264 9 10 0.029900985
679 386 10 12 0.029952938
630 346 8 8 0.030367382
686 379 10 11 0.030515477
81 404 14 18 0.030878088
450 362 9 12 0.031069854
511 357 13 17 0.0313514
321 313 7 8 0.031428687
595 278 6 7 0.031552944
759 349 6 7 0.031591717
710 364 6 8 0.03185852
40 439 12 21 0.03221933
229 266 14 16 0.03232815
193 343 14 16 0.032463957
768 361 7 8 0.032545447
551 330 6 8 0.032612905
166 282 6 7 0.03279667
476 476 20 31 0.03290376
502 346 7 9 0.03347061
630 386 12 11 0.033609517
626 377 15 16 0.033768106
471 331 6 8 0.034050133
194 298 7 8 0.03406251
566 296 6 8 0.03454665
881 329 13 17 0.035035037
657 397 10 12 0.035134096
66 248 6 6 0.035183407
691 277 8 10 0.03542469
359 524 19 32 0.035457127
760 316 6 8 0.035776015
177 248 5 7 0.035967316
576 357 14 16 0.036017064
55 251 5 7 0.036135
675 373 13 17 0.03637521
210 253 7 8 0.036413316
793 329 8 10 0.036681976
446 359 14 19 0.036748327
110 330 9 9 0.036947977
274 459 18 24 0.037019417
581 278 5 6 0.037052143
132 280 7 8 0.037873093
629 380 10 10 0.038277667
624 363 9 9 0.0382801
702 269 8 9 0.038300924
643 332 7 8 0.038325753
512 291 6 9 0.038639933
819 347 7 9 0.039015695
533 359 8 10 0.03927208
610 349 9 8 0.039551985
645 359 8 9 0.039590646
51 392 12 19 0.039851855
392 254 7 8 0.039957285
2 418 8 13 0.040041402
565 327 7 8 0.040424265
533 375 9 10 0.040482957
370 282 6 8 0.040700402
215 299 7 8 0.040766187
148 286 7 8 0.04091905
959 295 14 15 0.040949233
197 313 8 9 0.04106156
615 251 5 7 0.04141318
183 297 6 8 0.041519232
359 313 6 7 0.0416421
216 325 9 11 0.041764148
1015 317 7 10 0.042326108
222 327 9 12 0.042426143
821 271 10 11 0.042437155
376 328 7 8 0.042478707
53 394 9 14 0.04262687
22 244 7 10 0.043130457
832 309 9 12 0.04320449
420 261 8 7 0.04348537
944 376 7 9 0.04369424
896 308 12 17 0.043898232
584 298 6 8 0.04429856
788 286 8 9 0.04432153
200 255 6 8 0.044391252
296 283 8 10 0.04465935
543 358 9 10 0.045144238
937 376 7 10 0.04516028
867 284 12 16 0.045590084
478 360 10 13 0.04590007
399 344 8 9 0.045975212
562 385 14 17 0.046597604
102 281 6 7 0.04714628
274 314 9 10 0.047210276
865 345 8 11 0.047405392
105 328 8 11 0.047459695
403 259 7 9 0.048407923
406 312 6 7 0.048636433
140 408 14 18 0.049166713
449 343 8 10 0.049507607
848 288 9 13 0.04957281
195 346 10 12 0.049751863
484 301 6 7 0.050251447
373 254 6 7 0.05088318
496 313 6 8 0.05121137
357 280 5 7 0.05229927
614 359 10 10 0.05264405
656 327 7 9 0.052680887
239 267 9 10 0.05268256
515 348 7 8 0.053588614
948 293 14 16 0.054402925
230 276 8 10 0.05488259
803 283 9 11 0.054947592
419 330 7 8 0.055203933
773 344 8 8 0.055831537
359 264 5 7 0.05587366
89 312 7 8 0.055891138
69 295 6 7 0.055946216
545 346 8 10 0.056027748
918 306 12 16 0.05620376
660 278 10 9 0.056868367
192 329 10 10 0.056928843
841 290 8 13 0.05703393
504 293 6 7 0.057221532
799 313 9 11 0.05727282
354 298 6 8 0.057295535
580 269 5 6 0.057750903
84 297 6 6 0.05790269
166 246 6 9 0.058088206
920 302 8 10 0.05820793
56 294 6 6 0.05858712
161 300 8 9 0.05919409
883 332 9 11 0.060551256
641 276 7 9 0.06067988
271 450 17 32 0.060745757
775 287 8 8 0.060783222
707 377 14 16 0.061500765
179 280 6 8 0.062599644
926 307 9 10 0.06311643
400 375 22 18 0.06348221
739 378 7 8 0.06359009
657 401 11 12 0.06371994
441 343 8 10 0.063876845
690 393 9 10 0.06417242
271 459 18 34 0.06451023
256 297 13 17 0.064980075
132 297 7 8 0.06748514
195 280 6 8 0.06763877
598 340 9 11 0.06772499
723 379 8 9 0.06811268
16 280 8 10 0.06829054
341 318 5 7 0.06874849
481 329 6 8 0.06959276
969 375 6 9 0.06999032
642 343 8 10 0.070466466
82 282 7 6 0.07153023
45 439 12 21 0.0719925
961 313 14 14 0.07204279
562 343 8 10 0.07260542
757 361 7 8 0.07275107
97 312 7 8 0.07278148
117 295 7 7 0.07418999
116 285 7 8 0.07448688
487 312 6 8 0.07455492
434 330 7 8 0.07478898
352 328 7 8 0.07505408
342 328 7 8 0.07596836
883 340 9 11 0.07692091
54 285 5 6 0.07942388
137 456 57 72 0.07958881
723 348 6 7 0.07995516
309 264 7 10 0.080276825
400 252 8 8 0.08183729
796 323 13 18 0.08220256
638 269 8 8 0.08387778
225 312 9 10 0.08389944
594 330 9 10 0.08394227
726 361 8 8 0.08547631
775 294 9 10 0.08655076
742 359 7 8 0.08678508
758 378 7 9 0.0872998
386 331 7 8 0.08858496
406 330 8 9 0.089869305
196 262 6 7 0.09015292
101 297 6 7 0.090375304
392 342 8 10 0.09738602
578 360 10 10 0.0981836
739 284 8 9 0.10139773
388 259 7 9 0.10386468
674 271 8 9 0.10481873
210 312 8 11 0.11066952
566 282 5 7 0.110901244
514 360 9 11 0.11231525
530 344 8 9 0.11251398
452 329 7 9 0.11343489
613 264 6 8 0.113862544
840 282 9 13 0.116090134
788 293 9 11 0.11844614
148 294 7 9 0.118979596
296 262 8 11 0.11932168
341 343 9 10 0.121110566
326 329 7 9 0.12458937
258 299 10 13 0.13118936
676 375 10 11 0.13409345
383 361 10 10 0.13480765
7 279 8 11 0.13835964
1001 329 9 11 0.14126462
675 274 8 10 0.14551577
950 296 10 11 0.1492059
709 379 10 11 0.15409727
71 284 6 6 0.15529871
465 344 9 11 0.160404
628 262 7 8 0.17472836
1011 326 8 9 0.18326654
598 268 7 8 0.1839582
232 268 9 11 0.18500106
845 283 10 14 0.18897861
372 266 6 9 0.18961316
868 289 10 12 0.18998489
962 297 10 10 0.19494331
695 266 9 11 0.1952043
319 266 7 10 0.21312667
898 310 9 12 0.25626537
867 309 10 13 0.26248446
168 228 6 9 0.30915305
963 315 10 11 0.31052014
919 307 9 12 0.31990558
822 273 10 13 0.32981455
517 252 7 11 0.34984824
982 315 11 12 0.42444798

