10_People_Marching_People_Marching_2_191
150
308 325 13 20 0.010148267
176 281 10 10 0.010182924
496 336 11 23 0.010375341
309 339 12 25 0.01068823
938 363 20 28 0.010777789
169 280 22 17 0.010789132
238 298 26 36 0.010821266
1014 301 7 12 0.010866783
881 329 9 10 0.011009587
900 366 19 29 0.011190698
143 330 9 11 0.011324907
360 279 9 13 0.011429961
329 298 19 22 0.011702029
86 298 21 19 0.011728004
873 326 21 18 0.0117291575
305 298 16 30 0.011856914
1012 474 8 31 0.011897497
916 345 8 10 0.011940457
272 316 14 18 0.012013246
143 302 9 13 0.012022809
1014 341 10 26 0.012103567
32 280 11 12 0.012343842
176 298 10 12 0.012455453
739 314 8 9 0.012553885
1003 301 16 35 0.01259639
321 306 9 16 0.012658726
812 321 19 27 0.012734291
482 323 11 24 0.013088782
653 317 24 18 0.01325787
842 316 24 19 0.0133903045
262 293 21 19 0.013472831
298 328 18 31 0.0137113985
938 359 20 20 0.013807352
361 276 19 20 0.013842869
521 310 18 25 0.014597277
827 315 21 20 0.014721848
118 294 12 19 0.014746837
141 341 9 14 0.014825184
234 321 24 17 0.014870054
248 283 11 12 0.015031682
377 238 11 14 0.016245598
78 238 9 8 0.01668939
359 276 12 18 0.017759815
389 317 17 29 0.018148718
261 296 12 13 0.018610276
963 352 21 19 0.01872179
940 450 12 23 0.019006079
695 372 20 21 0.019794613
228 308 21 18 0.019900156
936 448 17 33 0.02093621
563 339 12 19 0.021245351
823 204 5 6 0.021710476
734 313 21 19 0.022582505
368 310 9 14 0.022988277
860 320 20 27 0.023475476
362 301 17 29 0.023800626
366 297 12 20 0.024328811
2 291 11 25 0.024348488
179 329 10 11 0.024847528
286 324 19 22 0.025303578
640 327 22 17 0.025393652
974 350 14 21 0.025809605
247 280 14 18 0.026622292
566 342 8 12 0.027018795
1005 321 16 34 0.027397573
1000 311 13 18 0.027829178
811 308 19 29 0.029235605
17 303 21 20 0.02925583
135 298 18 27 0.029420327
26 278 21 19 0.0305381
256 283 10 10 0.030829763
329 236 10 15 0.030875735
1002 313 9 12 0.031032793
291 281 9 13 0.031206524
591 338 13 21 0.03137584
310 310 8 14 0.031624522
133 301 8 13 0.03226582
183 299 24 17 0.03226884
694 370 13 22 0.032728106
289 278 12 18 0.03289437
800 300 9 11 0.03332537
818 323 23 20 0.03365701
165 294 14 19 0.035458628
269 321 20 20 0.035905875
139 338 12 20 0.038156044
465 310 11 26 0.03947188
184 320 23 18 0.040874645
327 239 13 18 0.041746855
346 307 18 22 0.042410646
797 298 14 18 0.042425007
646 296 25 17 0.04521506
178 300 18 28 0.045904018
179 312 21 19 0.046365786
455 310 16 30 0.047280464
651 307 17 30 0.048154756
175 325 21 18 0.048831083
313 299 12 19 0.05237521
962 478 12 23 0.055598546
92 304 18 28 0.056014076
738 322 20 21 0.057778735
665 320 20 26 0.061786372
137 344 9 13 0.06199811
96 319 14 18 0.06382076
631 359 8 14 0.064496785
319 299 9 15 0.06986963
501 332 6 14 0.06988323
136 341 12 19 0.07142149
964 344 19 21 0.071751006
143 310 10 14 0.072058156
376 241 14 16 0.074815676
520 320 18 26 0.08002341
71 238 8 9 0.081758246
382 242 12 13 0.08206917
1006 309 12 18 0.08949434
308 306 13 20 0.0954668
26 293 21 21 0.095778786
249 280 21 19 0.09845287
136 304 13 19 0.113043375
140 300 13 19 0.11382019
14 289 18 30 0.11521808
16 296 20 22 0.11955276
460 319 12 27 0.12503412
131 299 13 19 0.1255485
500 327 11 23 0.1376202
366 307 13 20 0.13815038
1008 311 9 12 0.14158688
170 295 20 19 0.14640275
246 309 23 21 0.1555116
318 302 13 21 0.15780944
629 355 12 20 0.16171275
828 321 20 23 0.16894032
837 310 21 30 0.18721545
252 296 19 29 0.20710863
140 307 14 18 0.28876308
256 293 20 20 0.3770496
971 341 18 30 0.3865634
516 316 13 26 0.42884114
94 314 19 22 0.44752008
185 313 22 19 0.4832142
239 311 22 19 0.4856804
384 315 19 22 0.53458077
379 237 15 17 0.55192983
455 318 12 26 0.5650029
332 307 20 22 0.56581914
80 292 19 22 0.59344834
316 298 13 21 0.662892
330 235 14 19 0.6802711
657 321 22 21 0.7274123
840 316 22 29 0.7585472
746 321 20 28 0.7759823

