10_People_Marching_People_Marching_2_373
465
576 34 13 11 0.0100451065
935 0 8 10 0.010103235
144 109 24 18 0.010107114
617 65 24 18 0.010124652
567 90 25 19 0.010155187
672 4 11 11 0.0102298185
633 94 22 21 0.010241204
224 43 21 20 0.010251336
670 190 27 40 0.010312028
11 17 23 17 0.010328689
972 48 13 18 0.010344118
5 17 11 12 0.010357119
688 14 10 12 0.010385658
622 16 10 11 0.010465096
274 12 14 18 0.010481695
136 83 23 19 0.010537415
166 113 28 39 0.010667653
886 332 34 60 0.010678877
359 78 24 19 0.010707033
0 484 26 84 0.010749559
360 7 22 23 0.010768098
141 129 24 19 0.010774226
108 428 28 47 0.010806183
767 4 14 17 0.010808269
82 38 13 11 0.010893965
555 0 19 25 0.010915164
107 37 19 28 0.010981415
635 168 23 28 0.011050467
394 94 24 19 0.011072588
715 8 18 27 0.011079567
559 80 22 19 0.01109905
475 30 20 22 0.011138072
695 239 29 41 0.011153691
220 0 13 16 0.01118238
47 225 24 19 0.011276346
3 3 13 18 0.0113216825
1 148 9 31 0.011396276
736 9 18 27 0.011416052
665 196 25 18 0.011431981
735 165 28 37 0.011490474
78 194 22 29 0.011512723
650 27 22 18 0.011517635
555 94 25 18 0.011519811
893 74 22 20 0.011576676
776 154 25 20 0.011625616
513 62 21 20 0.011636837
376 110 25 19 0.011654812
729 62 24 18 0.011672556
150 96 27 37 0.011748663
787 0 11 9 0.011757132
782 80 23 19 0.011872047
191 48 20 20 0.011958496
863 33 12 10 0.012083446
544 30 22 18 0.012112105
383 5 14 11 0.012205907
212 215 34 31 0.0122489575
11 48 23 18 0.0122977225
755 78 22 19 0.012346459
373 126 29 37 0.012352489
610 33 10 11 0.012558826
393 40 20 26 0.012574276
988 81 25 20 0.012635956
490 10 19 27 0.012663406
480 269 22 30 0.012697942
735 70 20 28 0.012784126
81 6 12 11 0.012807009
514 4 11 11 0.012849333
340 5 13 10 0.012991727
1001 130 19 32 0.013120098
1009 50 8 14 0.013146376
889 67 24 18 0.013165444
867 252 23 30 0.013283716
6 3 18 29 0.013384227
799 0 11 9 0.013448105
76 41 24 18 0.013452256
0 150 18 30 0.013475474
124 66 20 28 0.013485165
895 249 30 39 0.013511579
531 73 20 20 0.013523756
788 263 32 34 0.013651749
207 204 23 19 0.013655025
415 20 11 12 0.013737972
44 254 30 37 0.013783562
757 241 26 19 0.013802081
75 3 23 17 0.013866607
463 16 13 20 0.013876001
768 90 24 18 0.013887836
462 79 19 23 0.013971021
92 1 14 16 0.013977669
575 35 20 26 0.014095751
333 127 23 20 0.014145064
476 276 23 20 0.014164087
335 28 22 18 0.014205775
93 239 28 38 0.014209536
969 61 18 31 0.014296447
763 30 15 18 0.014354844
439 1 10 12 0.014478098
226 79 20 20 0.014604329
849 34 11 11 0.014638144
997 49 14 19 0.01478277
138 128 23 28 0.014794371
797 296 35 51 0.014809927
64 31 21 17 0.014918566
833 189 30 35 0.015053951
892 22 14 15 0.015074243
526 2 14 17 0.015195827
690 3 13 17 0.015448453
615 31 21 24 0.015494423
118 60 15 19 0.015516441
222 225 23 19 0.015520089
79 14 15 15 0.015653793
965 50 13 19 0.01567062
984 547 25 30 0.015682165
733 556 38 21 0.015754942
659 51 15 21 0.015794165
343 273 28 41 0.016286641
5 5 10 11 0.016293885
827 51 22 20 0.016334834
443 284 30 35 0.016356047
218 94 21 21 0.01635817
27 60 22 20 0.016389959
355 0 12 11 0.016463425
651 60 22 26 0.016517468
859 247 27 39 0.016520761
27 205 14 19 0.016544865
700 135 24 25 0.016701289
451 385 27 42 0.01672163
288 166 23 28 0.016777543
268 62 22 20 0.016841093
167 437 31 57 0.016875051
805 28 19 27 0.016882267
854 1 9 10 0.016888838
887 48 22 18 0.016893597
748 0 14 18 0.017176434
466 26 13 22 0.017227238
887 26 21 18 0.017277014
171 72 22 22 0.017292136
612 3 9 9 0.017356103
335 16 22 19 0.017432502
886 35 13 11 0.01745523
454 15 13 20 0.01746525
770 35 19 27 0.017465586
941 29 13 18 0.0175074
502 0 11 12 0.017925067
366 110 24 19 0.018041644
64 20 12 11 0.018060332
817 185 23 22 0.01812466
663 388 28 42 0.018158391
401 30 21 19 0.018199284
625 0 13 15 0.018320756
25 49 22 19 0.018479131
807 510 29 41 0.018510647
836 241 29 39 0.018542191
175 15 23 19 0.018733172
969 431 36 54 0.018764267
773 67 20 29 0.018942868
1001 28 21 28 0.018952956
615 183 25 47 0.018975375
163 185 31 36 0.019079579
810 90 20 30 0.019379918
762 246 28 42 0.019599007
130 91 22 19 0.019781396
1016 21 7 14 0.019890513
122 42 23 18 0.019898538
415 96 22 29 0.02004312
96 306 28 39 0.02028361
196 103 24 29 0.02034997
775 15 21 20 0.02043911
1014 29 6 15 0.020455016
704 31 18 29 0.020588085
855 60 24 18 0.020812796
110 61 21 28 0.020908937
856 195 26 27 0.020911466
814 43 21 20 0.021037906
417 58 21 28 0.021039821
3 85 9 31 0.021245787
533 11 14 17 0.021312933
953 281 30 41 0.021376189
858 231 24 30 0.021423781
807 147 26 20 0.021436613
1002 82 17 33 0.021468623
378 10 23 17 0.02170822
622 168 22 31 0.02170887
449 43 13 22 0.021861063
611 15 14 16 0.021904737
795 123 24 19 0.022201406
991 211 24 20 0.022232419
641 3 10 10 0.022254031
323 2 12 12 0.022455126
924 160 24 28 0.022457514
882 34 22 16 0.02251664
37 19 12 11 0.022641564
262 75 24 19 0.022644456
744 171 23 22 0.022723252
1012 25 9 25 0.022805292
950 3 9 11 0.022884028
525 63 15 21 0.022917189
97 293 29 38 0.02293117
957 60 23 19 0.022946775
390 245 26 44 0.022966677
692 205 33 63 0.022979842
814 35 21 19 0.023072727
567 80 25 19 0.023116728
340 156 28 36 0.023151351
844 40 20 25 0.023194473
203 100 22 20 0.02320247
103 237 23 29 0.02322275
849 208 23 20 0.02341483
811 59 23 20 0.023440031
455 71 21 29 0.023503935
492 88 28 43 0.023567155
732 5 13 18 0.023599459
757 232 30 34 0.023627944
618 41 22 19 0.023645168
384 96 25 27 0.023661442
928 76 21 22 0.023678886
550 45 23 18 0.023980979
32 2 11 10 0.024333287
643 32 19 27 0.024508607
726 4 13 20 0.024863772
46 51 22 19 0.024992466
182 495 27 46 0.024997521
150 107 25 19 0.025006425
656 0 14 14 0.025074206
548 34 20 29 0.025102783
816 91 23 20 0.025225077
938 204 26 28 0.025428975
826 472 34 60 0.025506096
919 212 30 36 0.025599625
237 106 23 19 0.025620794
60 228 23 29 0.025718635
25 86 21 28 0.025799038
811 183 23 29 0.026088936
892 29 13 11 0.02612962
746 34 18 29 0.026601132
541 11 14 17 0.026644021
172 9 18 27 0.026666723
837 226 31 37 0.026746992
82 16 11 11 0.026783435
394 61 22 27 0.027006645
885 177 30 34 0.027099999
400 50 21 21 0.027136281
361 96 24 26 0.027158346
231 32 22 19 0.027318448
412 50 22 22 0.027480183
19 1 15 16 0.027482776
232 48 22 20 0.027524324
773 127 21 31 0.027657272
383 6 21 25 0.027695663
321 1 15 17 0.02777675
632 404 29 40 0.027830642
419 42 20 27 0.027896773
993 210 25 42 0.028095705
1 197 17 33 0.028363548
661 20 11 11 0.028578518
817 490 35 61 0.028586533
138 92 21 29 0.029042324
881 0 13 9 0.02914044
44 43 19 30 0.0292403
57 17 24 17 0.029330036
929 287 27 41 0.02962575
543 86 27 41 0.03014316
409 28 21 19 0.03021667
509 32 23 18 0.030249676
869 45 22 25 0.030519683
354 17 21 18 0.03082031
48 57 22 21 0.030834941
795 63 23 21 0.03129977
141 1 14 17 0.03133932
21 3 11 11 0.03141976
1 12 20 19 0.031439386
53 427 29 70 0.031852946
74 40 18 30 0.031923324
267 48 22 19 0.032196432
1 139 19 31 0.03220712
401 79 23 20 0.03277228
327 126 25 26 0.03296118
351 80 23 19 0.03333146
577 67 21 29 0.033455454
425 50 20 23 0.033709984
498 20 14 19 0.034088336
121 382 30 41 0.03447248
206 65 21 21 0.035300843
87 34 23 18 0.03533509
60 50 22 20 0.035500582
11 87 20 28 0.03553863
872 59 21 27 0.035583764
774 160 21 31 0.035711195
56 57 22 21 0.036133166
908 228 29 37 0.036268376
343 319 28 40 0.03636037
363 12 14 18 0.036941063
328 431 24 52 0.03701933
409 18 21 19 0.037339978
187 65 20 22 0.037909795
765 116 26 19 0.038219478
693 293 30 39 0.038283825
352 67 22 25 0.03879933
124 6 15 17 0.0390562
45 19 23 16 0.03928239
402 57 22 20 0.03935916
448 36 19 28 0.03956437
270 0 13 14 0.03958237
412 430 30 42 0.039680395
231 81 24 18 0.040137958
1007 46 11 24 0.040381353
811 162 21 33 0.040755972
757 334 28 42 0.04089239
1 45 12 21 0.040917702
4 206 12 23 0.04121853
199 197 25 29 0.041288294
52 22 12 11 0.041534264
356 125 30 35 0.04158297
345 57 23 20 0.041798417
5 39 18 31 0.04180487
613 111 28 36 0.04180579
133 40 20 27 0.042160686
613 18 10 10 0.042700198
927 123 22 29 0.043104604
534 78 23 20 0.043298315
514 11 14 17 0.043487806
54 245 30 40 0.043798473
355 43 22 24 0.044280343
55 225 24 20 0.0443805
675 139 24 27 0.044666708
700 30 20 22 0.04470587
193 61 20 29 0.044857465
410 57 23 20 0.045507837
759 81 24 20 0.045516204
277 359 32 59 0.046028994
261 139 28 26 0.04679048
296 13 20 25 0.04725622
730 87 21 28 0.04796326
796 18 20 22 0.048007373
502 86 25 44 0.04806237
44 425 32 59 0.04828453
658 0 11 11 0.0487104
349 26 22 19 0.049405806
521 62 19 30 0.04956105
727 8 14 20 0.050294112
962 187 29 37 0.050733972
558 32 21 19 0.053245135
998 206 22 30 0.053269606
358 255 25 44 0.053345483
855 51 24 19 0.054059744
825 57 22 21 0.054102845
223 530 32 47 0.05428568
774 91 26 19 0.05450088
801 68 20 30 0.05458955
182 434 28 45 0.055083938
847 52 23 19 0.055288754
772 13 14 18 0.055999987
114 34 22 18 0.05605125
627 1 9 11 0.056499224
31 16 22 17 0.056642484
771 95 21 29 0.056765042
654 18 22 18 0.057227872
223 31 20 20 0.058015134
805 131 20 32 0.05840109
457 316 35 55 0.058640335
699 188 26 41 0.058783524
792 366 33 58 0.058903795
701 0 13 19 0.059020963
212 0 13 17 0.059364416
613 74 22 25 0.059616365
255 76 22 20 0.06008584
199 222 30 35 0.060584895
90 186 21 28 0.061906133
931 49 14 19 0.062276732
346 52 23 19 0.06314999
757 272 31 40 0.06341365
569 301 29 44 0.06379848
333 161 25 28 0.06389923
616 107 22 31 0.06391023
242 6 14 17 0.06421487
238 8 21 19 0.0644651
494 24 20 21 0.06553114
12 67 19 32 0.06564674
200 253 26 42 0.06667855
769 49 22 19 0.06690702
620 34 21 19 0.06705476
40 57 20 31 0.067162864
248 149 30 36 0.06790355
582 368 26 43 0.06873059
923 492 38 55 0.06879247
987 239 26 44 0.069238134
113 419 33 63 0.06968025
158 5 15 18 0.07181686
920 381 27 42 0.07363084
876 94 22 29 0.07391215
862 136 21 32 0.074215695
728 45 22 20 0.07611883
803 290 28 44 0.07652504
891 163 29 37 0.07661068
330 274 28 41 0.077008545
946 11 12 19 0.07744099
164 68 21 28 0.07764914
55 303 28 41 0.078073435
119 9 21 18 0.07888641
656 56 21 21 0.079083435
696 337 30 43 0.07947555
947 493 36 56 0.08138128
840 68 21 29 0.08179939
874 68 25 20 0.08259523
181 114 30 36 0.083010025
312 204 27 43 0.08381807
364 381 32 39 0.08619511
563 0 14 14 0.08654302
545 47 22 18 0.08751276
264 197 30 35 0.08757338
756 30 20 21 0.08867326
481 37 18 32 0.08873244
861 286 26 43 0.08953204
52 536 35 41 0.08962058
674 435 29 44 0.09012224
87 368 36 54 0.09373182
518 253 29 39 0.09413868
839 152 22 32 0.09577495
983 435 27 41 0.09589056
119 36 22 19 0.09612342
876 45 23 18 0.09664291
169 384 29 41 0.09848166
714 165 23 29 0.10229761
118 63 24 18 0.10286113
772 182 28 36 0.10338026
936 73 21 30 0.105315425
19 315 38 50 0.10532481
573 64 24 19 0.105325066
157 7 21 20 0.10726909
568 31 24 18 0.10734647
291 464 27 47 0.10872679
285 293 30 44 0.10994306
258 262 29 38 0.11803714
514 408 34 57 0.118225016
627 462 37 59 0.11886916
365 42 22 20 0.119584285
251 397 32 59 0.11971825
150 347 33 36 0.12224889
265 95 27 26 0.12562065
393 347 32 38 0.12862296
377 4 23 18 0.130852
77 35 23 18 0.13232309
872 394 30 62 0.13248447
973 90 20 31 0.13891292
185 15 21 22 0.14700857
301 12 22 20 0.15036103
168 289 30 42 0.15358987
314 532 36 45 0.15502341
995 75 20 31 0.1585025
996 479 27 43 0.17032033
1005 375 19 35 0.17209268
637 29 23 19 0.17691246
140 45 23 19 0.18466167
70 458 33 62 0.18988812
133 308 31 36 0.19050972
284 17 22 20 0.19573651
253 456 29 63 0.20255908
984 146 27 39 0.20896043
767 490 35 59 0.2152151
319 45 22 20 0.21778686
225 306 28 45 0.22505298
379 181 26 44 0.24424843
354 430 32 62 0.25597575
695 475 35 65 0.30429053
148 498 36 61 0.32059407

