10_People_Marching_People_Marching_2_36
252
192 300 20 30 0.010137821
415 301 20 21 0.0101825055
726 225 6 7 0.010246058
858 298 22 18 0.010344298
10 343 21 21 0.010559996
237 320 22 20 0.010599449
358 319 22 29 0.01083338
491 276 23 16 0.01086588
164 270 10 9 0.010880198
328 297 23 18 0.010881743
608 288 14 18 0.010918686
284 287 24 17 0.010934109
570 298 24 17 0.010934305
544 275 10 9 0.011148039
2 239 6 12 0.01120152
817 301 13 9 0.01123132
941 289 21 25 0.011329655
60 378 13 18 0.011433043
865 305 10 10 0.011456807
55 460 9 9 0.011497121
84 225 9 8 0.011517961
692 225 5 8 0.011591733
944 326 11 10 0.01165791
54 370 13 18 0.011972075
774 304 9 8 0.012033235
487 304 24 17 0.012104178
219 327 22 21 0.0121817095
943 329 13 20 0.012247295
944 276 14 16 0.012408489
528 289 14 9 0.012440411
810 339 25 28 0.012543875
744 304 24 16 0.012966578
611 292 9 10 0.01301108
395 300 23 21 0.013032187
658 224 5 8 0.013036775
62 371 11 12 0.01304247
946 303 10 11 0.013055932
254 227 20 19 0.013068853
773 291 22 26 0.013102039
862 293 11 11 0.013207034
0 357 7 34 0.013287897
939 323 22 17 0.013702715
615 332 21 22 0.013904432
51 404 11 15 0.013928165
668 305 22 20 0.0140369
1000 273 10 9 0.014097956
676 266 18 28 0.0143585885
37 284 19 25 0.014418394
937 340 35 33 0.0144270295
503 261 8 8 0.014582839
335 249 12 21 0.014649648
282 320 25 18 0.014713661
33 255 8 9 0.014764216
172 305 22 20 0.014802143
108 411 13 22 0.014873378
696 316 23 21 0.015042587
155 299 38 50 0.015531395
753 306 9 7 0.015687516
769 276 15 15 0.015693702
0 373 7 33 0.01572312
216 308 35 53 0.015773712
743 296 21 29 0.016266096
391 311 20 30 0.016444018
995 288 15 16 0.016560528
152 306 24 20 0.01672686
0 375 15 35 0.01693258
686 313 21 20 0.017071646
17 428 14 17 0.017255597
628 303 10 11 0.017363051
50 224 8 9 0.017460022
682 286 21 28 0.017521644
40 394 20 28 0.017574348
161 255 13 18 0.017629907
1010 274 8 10 0.017654996
954 298 22 18 0.01770058
594 286 11 10 0.01774008
497 279 11 9 0.018087666
578 282 21 28 0.018402368
156 313 22 21 0.018560925
381 300 20 21 0.018617332
304 287 24 18 0.018694574
776 318 26 18 0.01870699
33 290 14 12 0.01882625
0 346 10 27 0.019255549
321 329 22 33 0.019299626
209 318 20 22 0.019438326
516 291 13 10 0.01946399
80 367 12 19 0.019687928
3 352 17 32 0.019932836
31 342 21 27 0.020115485
964 286 22 25 0.02049872
711 279 10 9 0.020672282
553 241 7 10 0.020738939
832 293 13 12 0.020837156
565 275 10 10 0.02106031
630 291 10 12 0.02130446
89 305 13 18 0.021372255
852 292 13 12 0.021501133
945 277 10 11 0.021911751
185 316 21 23 0.022109102
421 297 36 50 0.022312716
328 290 22 19 0.022402465
287 326 30 36 0.022434674
610 302 21 19 0.02254531
217 321 21 22 0.02258339
707 285 12 9 0.023008771
148 262 7 7 0.023294983
362 288 23 20 0.02384897
621 314 20 20 0.023896458
868 315 14 17 0.02409217
802 308 10 8 0.024200002
41 335 24 18 0.024808979
499 285 11 9 0.024984537
300 283 22 28 0.025457812
733 303 23 17 0.025471255
989 304 23 17 0.026150323
173 312 21 22 0.026508097
908 302 13 16 0.026745379
797 287 22 17 0.027067494
977 299 13 11 0.027371151
113 297 15 20 0.027751865
352 287 23 28 0.02956764
555 299 25 17 0.029642066
426 304 21 23 0.0298101
741 279 8 8 0.030126661
38 330 21 28 0.030256236
861 289 21 25 0.030425057
996 308 10 9 0.03096041
493 281 23 17 0.031216025
60 368 13 19 0.031604353
707 295 21 33 0.031674426
910 304 10 12 0.03187997
575 317 20 31 0.031968832
961 302 10 10 0.032008734
19 431 10 11 0.032504
259 231 13 19 0.032729283
617 295 21 26 0.032779276
594 276 12 12 0.033472296
997 291 10 10 0.03381038
1011 300 13 19 0.03498703
54 242 10 10 0.03576695
0 318 13 18 0.035825558
718 278 15 14 0.03873998
26 344 24 19 0.039254434
9 337 21 19 0.039823674
588 281 21 18 0.03995961
685 303 21 20 0.03997957
781 297 23 17 0.04090103
545 290 10 10 0.041012783
113 290 10 12 0.04144807
163 258 8 10 0.041802797
121 290 23 18 0.041935217
703 282 22 18 0.041987296
634 296 20 21 0.04220413
650 305 21 21 0.042753566
801 291 10 9 0.04329478
787 301 11 8 0.044110853
766 283 14 16 0.044572625
566 292 11 10 0.04615936
575 291 11 10 0.046419926
1014 305 9 11 0.046455275
299 338 32 35 0.04651142
870 318 10 10 0.046726998
815 292 12 11 0.04949563
741 305 8 8 0.049913134
811 296 24 16 0.05505245
629 289 14 19 0.05576435
674 274 12 12 0.05596012
612 320 21 30 0.060457733
744 320 24 21 0.06134546
566 313 28 41 0.06288625
477 298 20 31 0.06328381
537 286 23 17 0.063427575
1 321 9 12 0.063559614
945 288 10 11 0.063866295
140 304 22 19 0.06639246
785 291 15 14 0.067697674
972 295 22 18 0.06820224
841 287 23 24 0.07194405
447 299 20 32 0.07197633
1006 289 14 17 0.07245608
976 293 12 12 0.07454459
554 285 20 29 0.07488279
640 290 10 14 0.077528566
942 285 14 17 0.08069917
932 292 10 12 0.08385802
63 241 12 11 0.08416312
691 287 15 15 0.08473932
51 409 13 17 0.085470065
738 290 8 6 0.08702161
562 288 22 18 0.09983438
1009 292 9 11 0.10165273
49 403 14 19 0.10489083
457 308 21 31 0.10565582
715 281 21 17 0.10671189
512 287 24 17 0.11255946
759 288 9 8 0.11345317
111 289 15 18 0.119312294
314 289 23 20 0.120357655
161 300 22 31 0.120965905
957 278 15 15 0.12654875
931 291 13 17 0.12755099
122 298 23 20 0.12949635
646 296 21 32 0.12951738
721 281 10 9 0.13334623
131 293 22 28 0.13462982
27 338 23 20 0.13964966
772 279 9 9 0.13989592
319 288 24 27 0.14234874
568 288 22 19 0.14373896
758 315 30 37 0.1486073
623 299 20 21 0.15210013
12 309 16 17 0.16033912
111 290 20 27 0.16184357
94 310 14 19 0.16507584
929 297 14 16 0.165954
519 286 22 30 0.18203828
769 286 9 9 0.19545542
722 284 11 10 0.20038223
959 282 15 17 0.20390731
164 307 21 30 0.20825124
384 292 29 37 0.20951268
692 289 11 9 0.22829296
820 325 31 39 0.22841527
948 335 34 38 0.23763867
58 238 21 17 0.24134628
650 307 22 31 0.2629563
750 315 21 32 0.26501226
854 290 22 19 0.2728345
520 285 25 18 0.27419275
477 309 28 39 0.27866408
188 309 28 39 0.29079852
637 289 14 19 0.2926704
13 314 16 16 0.30909687
970 291 21 18 0.3100968
225 317 20 32 0.31286725
811 326 31 40 0.31750423
787 293 11 10 0.31935233
427 296 26 39 0.33024645
590 273 20 20 0.33605185
557 318 26 42 0.34209475
505 314 28 41 0.3423778
310 334 31 38 0.35355252
900 301 14 16 0.35610127
258 316 29 40 0.35759765
699 302 29 39 0.43900034
811 290 21 19 0.44493353
848 289 21 19 0.48974186
669 270 20 19 0.52858245
827 291 21 19 0.5679429
92 307 14 19 0.6428401
30 286 20 20 0.7606133

