10_People_Marching_People_Marching_10_People_Marching_People_Marching_10_499
93
591 74 23 18 0.010132703
641 178 14 17 0.010562667
820 112 34 38 0.010615983
658 75 10 11 0.010711858
371 165 14 18 0.010838511
895 11 39 11 0.011028789
824 19 26 17 0.011129557
358 146 29 39 0.011293397
756 78 31 36 0.0117685115
790 0 30 11 0.012184867
587 146 14 18 0.0123976255
644 79 23 27 0.012404528
797 81 41 55 0.012470207
474 303 32 33 0.0125828935
464 269 10 10 0.012669285
584 147 12 18 0.012906026
426 291 25 18 0.012985644
641 76 22 18 0.013241724
788 137 47 56 0.013274906
814 109 60 79 0.013390537
788 107 62 81 0.013392705
453 281 12 11 0.013413033
946 53 49 100 0.014950428
382 204 38 56 0.015137864
611 74 10 10 0.01541331
388 208 30 39 0.016161688
609 315 23 28 0.016224913
702 120 35 34 0.016413651
608 316 25 15 0.016575346
707 142 33 37 0.016827723
697 116 44 50 0.01787343
615 326 29 16 0.017940594
440 264 43 45 0.018046146
423 314 33 33 0.018087285
577 286 9 15 0.018098744
373 169 10 10 0.018577589
432 326 24 18 0.019687014
557 284 20 27 0.020267762
898 0 58 74 0.020351382
914 40 31 15 0.020543586
783 6 27 16 0.02102377
587 57 21 31 0.021438792
348 128 22 28 0.021974709
895 3 25 26 0.022400606
556 23 13 23 0.022582991
609 70 14 18 0.023590803
782 0 23 25 0.025169762
789 1 32 31 0.025304694
456 267 23 18 0.025345478
420 275 34 32 0.02592291
701 133 44 52 0.026655853
481 312 23 18 0.026991451
615 312 26 16 0.027117971
374 231 42 52 0.027701579
749 83 22 21 0.030270582
454 258 23 28 0.03068998
904 24 29 15 0.031943284
705 196 20 20 0.033871833
799 112 35 35 0.03405676
384 246 20 22 0.036272377
510 266 14 17 0.037449893
735 59 31 37 0.038982447
892 10 29 15 0.04395743
490 274 22 27 0.044016942
509 273 21 28 0.044089075
500 282 10 11 0.04459133
651 72 21 19 0.04733879
566 295 9 13 0.049787365
548 25 19 22 0.05143477
814 104 46 54 0.054623067
425 283 24 18 0.06599003
914 51 64 82 0.066441864
909 43 28 16 0.07602646
790 6 26 18 0.07901266
571 285 21 26 0.08081322
504 275 20 20 0.081607096
566 292 13 19 0.08201119
379 238 31 37 0.084387876
513 267 9 11 0.08564137
794 105 45 53 0.0857664
894 13 45 49 0.09134988
605 62 21 30 0.09169798
448 278 23 18 0.09674535
454 274 23 20 0.09783608
900 19 34 35 0.098228835
922 78 49 56 0.10069343
648 66 21 30 0.11815452
495 278 21 19 0.13977094
576 355 30 36 0.15327476
446 269 33 32 0.1621334
551 20 19 32 0.32064733
572 287 14 20 0.3627425
744 75 31 37 0.4884809

