10_People_Marching_People_Marching_2_898
37
645 869 65 84 0.010974452
532 716 31 44 0.010993706
323 610 12 21 0.011225608
325 723 13 19 0.011327219
323 648 13 21 0.01165785
408 753 33 34 0.011802477
471 655 28 39 0.011867489
285 663 13 20 0.013633981
444 635 22 19 0.0148299625
817 620 62 85 0.01524238
380 689 21 21 0.015328607
688 808 108 125 0.016183805
615 905 35 69 0.01652186
790 642 43 54 0.01667725
376 781 44 50 0.0172423
663 581 65 69 0.017788203
381 786 34 35 0.018096298
772 613 98 109 0.01860359
175 651 13 20 0.018608613
503 872 89 126 0.019297339
511 915 69 85 0.021011883
520 717 36 39 0.021606047
733 614 28 15 0.022341738
408 758 25 17 0.023037652
325 695 19 33 0.025692018
243 680 14 19 0.026507493
709 822 67 92 0.029941896
276 810 31 45 0.039764572
253 773 48 85 0.042199343
790 624 44 60 0.04613384
384 682 18 35 0.047362816
381 674 18 35 0.06962408
786 626 66 83 0.07616961
517 885 59 100 0.08882782
264 797 40 63 0.4801933
516 705 45 57 0.5708949
688 596 40 56 0.7605852

