10_People_Marching_People_Marching_2_1046
173
67 204 8 11 0.010016431
894 239 18 33 0.010042907
35 211 14 19 0.010142493
0 212 11 20 0.010241857
947 212 17 31 0.010468306
833 273 21 30 0.01047
679 231 36 61 0.010561526
335 244 13 17 0.010689133
386 212 8 10 0.010737077
133 234 11 11 0.010760471
969 228 22 20 0.010792139
1007 270 14 43 0.010832991
614 243 13 21 0.011095926
934 187 6 7 0.011207056
751 246 10 13 0.011399817
168 212 20 18 0.0114859305
969 249 23 19 0.011597761
191 243 18 30 0.011638872
167 218 10 10 0.011643349
253 262 13 18 0.01173106
111 283 20 32 0.011882579
624 212 12 19 0.012018103
391 211 19 30 0.012038395
1012 232 10 13 0.012039371
587 242 13 22 0.012072908
625 233 8 12 0.012075251
121 276 28 41 0.012307445
1012 238 11 23 0.012408734
322 186 12 18 0.0125262095
723 230 12 22 0.012603041
708 259 12 27 0.012756839
571 230 39 51 0.013087834
134 221 10 9 0.013133546
393 188 18 31 0.01325237
954 211 8 13 0.0133111235
401 197 9 9 0.013441508
950 200 13 20 0.013584317
342 228 8 11 0.014364948
416 203 19 28 0.014500302
36 216 8 9 0.014539788
604 233 39 53 0.014629603
958 228 13 21 0.014696368
352 189 7 8 0.014787124
368 236 11 13 0.014808786
176 246 14 22 0.0149131715
3 241 10 27 0.014925961
722 240 12 23 0.015089202
151 298 25 49 0.015333149
822 219 8 9 0.015338203
867 239 20 19 0.01606595
618 241 20 21 0.01632532
569 231 8 11 0.01633363
183 247 23 19 0.0166664
831 218 8 9 0.016973881
198 163 13 19 0.017013485
427 321 51 52 0.017230226
959 211 8 13 0.017527597
0 266 7 31 0.017545054
61 205 17 29 0.017679617
622 230 13 20 0.017853135
201 158 7 10 0.017912704
337 198 13 18 0.017978918
871 234 10 12 0.018248886
344 187 6 8 0.018429235
183 258 22 21 0.018652475
209 214 23 19 0.019102002
709 267 19 35 0.019140366
952 203 8 11 0.019307807
170 231 22 18 0.019581616
2 254 8 34 0.019904165
199 187 10 14 0.019993102
357 248 9 11 0.020065613
52 201 14 21 0.020202633
800 270 32 38 0.020319449
339 248 8 11 0.020348156
66 211 8 12 0.02042785
572 229 13 19 0.021095656
13 255 11 26 0.021726787
325 255 12 17 0.02209332
279 261 12 14 0.022230776
324 194 12 18 0.022544537
205 194 11 13 0.022598863
880 234 11 11 0.023392223
386 196 13 19 0.02403131
606 221 20 30 0.025072498
685 194 12 19 0.02516273
1004 233 16 35 0.025290668
588 188 13 16 0.025687989
584 192 12 19 0.026244318
389 232 10 12 0.027040388
367 240 14 14 0.027206967
200 166 8 12 0.027705727
575 230 8 11 0.027938513
794 264 42 54 0.028333792
80 200 13 18 0.028639223
18 214 7 10 0.028781313
592 194 9 14 0.029414035
353 199 7 9 0.029432397
211 213 17 30 0.030367002
960 202 9 12 0.030443406
589 192 13 19 0.030625623
872 225 18 30 0.030652797
952 206 12 21 0.03090496
601 212 9 15 0.031127222
2 216 7 12 0.031175494
688 197 8 11 0.03194129
48 196 16 31 0.0330326
392 228 19 21 0.033675812
586 217 20 31 0.03381785
80 209 12 17 0.034608025
177 254 21 20 0.034960065
98 205 10 13 0.035031013
216 222 24 19 0.03852924
585 194 9 13 0.040055893
62 202 13 19 0.04199576
701 253 37 60 0.042118546
614 241 21 31 0.04299503
706 261 27 44 0.043290433
327 258 8 12 0.043566503
956 207 13 20 0.044214837
389 200 8 10 0.050718635
957 199 13 20 0.052306205
870 231 14 19 0.053259414
627 215 7 11 0.05371642
607 213 8 14 0.056167446
971 237 18 33 0.057309583
136 239 22 20 0.058397446
325 190 7 10 0.060140163
350 216 9 13 0.06493495
963 216 18 34 0.06548892
343 214 13 19 0.066680506
83 203 8 10 0.06724544
135 239 20 32 0.06779471
136 233 21 20 0.07044426
743 242 13 23 0.07081673
872 236 27 39 0.07203073
158 245 22 20 0.07277012
345 217 8 12 0.07339487
578 240 18 24 0.07445744
7 241 15 34 0.076005995
347 214 13 18 0.0766047
136 290 35 62 0.07700727
56 206 21 20 0.081436075
128 240 21 19 0.08476448
972 257 23 19 0.08896079
604 211 12 18 0.09528296
327 250 8 13 0.101211466
82 212 9 11 0.1048999
739 238 18 33 0.10614994
129 232 21 19 0.11315418
599 210 12 20 0.11994691
340 201 7 10 0.13398795
387 228 13 20 0.13638808
874 239 22 21 0.14652872
873 232 22 18 0.15122342
744 242 20 22 0.15793963
422 193 18 30 0.16212091
704 244 25 47 0.17828763
325 246 12 19 0.19585966
199 186 20 20 0.20272997
326 197 7 10 0.21555036
1005 221 17 34 0.23217109
173 245 20 32 0.23783222
199 191 14 17 0.23967953
581 238 21 31 0.30007705
1007 228 17 21 0.3112283
282 258 14 18 0.37292686
98 207 14 16 0.42105544
217 215 22 21 0.43499982
50 203 18 29 0.44163126
363 234 19 21 0.44844148
423 197 23 21 0.54827493
513 199 42 64 0.9251035

