10_People_Marching_People_Marching_2_171
184
542 327 23 17 0.010002794
811 293 26 17 0.010053247
341 614 13 23 0.0101913335
26 452 24 16 0.010354076
336 108 19 28 0.010515598
6 565 14 21 0.01054605
397 328 22 18 0.010652547
586 367 19 22 0.010671101
569 300 9 11 0.010701378
565 427 14 23 0.010707847
478 436 22 18 0.010723355
202 446 22 25 0.010829763
514 358 21 18 0.010930577
658 371 19 22 0.011165741
556 324 14 19 0.011220835
419 307 13 18 0.011493671
1006 271 17 24 0.011584585
585 399 20 20 0.01166201
462 467 21 19 0.011663681
342 112 15 20 0.011711324
133 582 12 25 0.011772138
664 375 22 21 0.01191884
808 308 27 16 0.012023851
151 318 12 21 0.012047887
587 373 18 29 0.012261315
178 306 14 18 0.012301163
471 326 21 18 0.012367396
903 315 19 34 0.012469497
637 356 20 20 0.012538738
525 324 23 17 0.0126131615
2 132 12 22 0.0129515
655 354 21 20 0.012958561
573 429 21 29 0.013004805
573 292 14 18 0.013143914
90 483 22 18 0.013244017
179 310 9 11 0.013255744
547 357 20 20 0.013324915
505 583 26 16 0.013393486
28 173 18 32 0.0134244785
419 153 13 19 0.013444532
576 400 20 20 0.013444639
636 386 13 24 0.013549664
154 323 21 19 0.013558692
0 465 9 22 0.013561766
16 473 10 11 0.013635206
462 487 21 20 0.013653174
341 620 17 23 0.013709335
309 439 26 17 0.0137334885
433 424 24 17 0.013863029
155 306 21 18 0.013906354
622 387 19 23 0.013951577
240 438 21 19 0.014191706
267 452 24 17 0.014455895
229 154 19 31 0.01459919
221 588 20 21 0.01460796
588 251 20 28 0.015032163
774 71 25 19 0.015222373
459 337 20 19 0.015257339
380 511 23 17 0.015262239
747 90 19 29 0.0155802835
452 81 20 21 0.0156405
425 494 20 22 0.015862407
901 336 18 22 0.016324569
400 486 14 19 0.016370436
455 533 21 22 0.016662274
685 120 21 29 0.01722933
576 297 9 11 0.01743504
990 265 19 30 0.017575087
764 80 21 21 0.017592346
66 433 14 17 0.017611252
777 80 23 20 0.01784024
253 425 22 17 0.018190749
310 360 25 20 0.018322047
163 359 13 21 0.01876889
549 331 10 10 0.018791968
262 484 22 27 0.018799158
576 366 20 20 0.01882779
787 114 19 21 0.01910243
607 387 19 24 0.019262407
249 433 21 19 0.020041555
648 369 19 31 0.02076122
792 115 22 21 0.020813098
0 469 8 14 0.021187205
812 306 20 28 0.021362318
381 506 24 17 0.021507384
319 419 23 17 0.022050478
651 347 18 31 0.022130454
431 651 20 30 0.022149729
467 329 14 17 0.02321293
123 125 17 30 0.023540286
216 324 23 18 0.024311906
563 63 16 31 0.024492104
996 309 19 33 0.025024798
563 424 19 22 0.025059482
382 403 21 19 0.025241476
343 102 23 19 0.025374355
356 654 12 23 0.025725273
209 434 21 19 0.02576725
674 272 21 30 0.025793308
636 326 14 18 0.025793806
190 456 23 17 0.026663406
194 367 21 20 0.02721517
347 609 18 32 0.02759621
445 426 19 27 0.02859465
676 153 29 40 0.029182548
123 447 22 19 0.029894022
903 242 26 17 0.029992498
337 98 17 30 0.030641947
282 450 25 17 0.031128915
96 658 22 21 0.031626154
720 347 19 24 0.032287043
280 375 24 17 0.03258071
670 365 20 31 0.03310806
365 480 14 18 0.033330057
342 374 23 19 0.033488683
50 456 13 12 0.03410554
558 417 20 29 0.034492243
742 97 12 22 0.034745764
521 361 22 18 0.035196286
572 413 20 29 0.03553505
973 269 22 21 0.03567883
316 350 21 28 0.0366914
895 297 37 59 0.036846995
766 69 22 21 0.03763904
128 440 22 19 0.037688036
337 608 18 33 0.038474906
335 341 23 19 0.04016012
336 372 23 19 0.041790873
464 346 19 27 0.043235824
42 577 23 18 0.045746353
450 529 22 28 0.047350425
215 435 23 21 0.04871483
286 436 24 17 0.053614784
228 158 11 23 0.05376419
347 99 17 31 0.057951555
731 337 20 31 0.061572436
836 99 19 23 0.062439308
570 275 20 21 0.0660802
611 382 19 30 0.06976258
223 582 19 22 0.0721969
986 256 18 34 0.07772403
202 362 19 27 0.0791857
439 293 14 18 0.079555936
102 545 22 26 0.0842023
469 356 24 20 0.08452607
199 355 19 30 0.085412085
45 453 21 17 0.08689229
386 358 21 20 0.08704748
8 142 16 33 0.09288017
416 323 14 19 0.095617525
444 293 14 18 0.09646007
304 359 23 19 0.09940198
364 281 19 30 0.1039369
15 178 18 35 0.10462886
552 354 20 28 0.10650477
777 74 18 32 0.1121477
438 426 25 19 0.11644298
220 434 21 28 0.11781104
390 360 23 20 0.12109266
94 653 30 30 0.12485265
561 577 19 30 0.12667337
31 436 23 18 0.12903622
265 490 21 28 0.13258491
417 491 23 27 0.13293263
244 95 16 32 0.14051247
6 144 22 21 0.14262992
64 356 19 30 0.14433426
320 297 22 20 0.15735945
722 336 19 32 0.1770178
466 354 20 21 0.19416194
343 113 23 21 0.2013194
906 335 21 29 0.20468006
300 439 25 18 0.21667218
246 103 22 22 0.22984646
773 65 19 32 0.2735881
11 628 19 32 0.30663985
114 125 17 31 0.3489698
747 270 19 29 0.36180428
189 305 23 20 0.38204968
977 257 20 35 0.49657032
573 66 16 32 0.5004965
672 87 20 29 0.53102255
841 98 18 30 0.58453465
458 74 19 31 0.71832407

