10_People_Marching_People_Marching_10_People_Marching_People_Marching_10_People_Marching_People_Marching_10_1024
307
849 1049 47 67 0.010038537
52 348 15 24 0.010070535
760 1734 23 42 0.010089816
420 1792 43 68 0.010109823
234 404 8 11 0.010127945
463 1783 32 47 0.010156097
669 369 17 21 0.010170546
130 994 15 23 0.010252351
279 1753 26 41 0.01027792
645 1070 21 40 0.010313989
283 1727 33 47 0.01036597
79 400 9 14 0.010367052
470 1763 27 22 0.010512859
467 1036 26 23 0.010574305
981 1084 39 71 0.010695907
245 377 16 20 0.010798514
708 1027 22 40 0.010821863
95 1066 23 38 0.010823665
845 1027 49 61 0.010843784
610 1053 15 24 0.010870961
356 1739 28 20 0.010895461
973 1100 15 25 0.010905695
81 1056 46 68 0.010905773
653 1049 10 19 0.011059272
569 353 10 12 0.0110894395
734 1776 27 23 0.011142365
1004 1102 20 40 0.011189891
109 344 15 23 0.011215641
246 402 9 11 0.0112614585
838 1037 16 24 0.011267093
245 357 25 32 0.011284908
327 332 10 13 0.011305053
347 1007 15 24 0.011321043
660 1091 23 27 0.011359337
173 387 9 11 0.011362941
587 350 15 20 0.011368251
59 362 10 16 0.011545425
69 301 15 17 0.011573151
689 364 16 22 0.0116560375
521 1797 30 21 0.011665395
68 362 15 24 0.0117571475
89 1062 33 50 0.011778536
112 348 10 13 0.011815064
14 980 28 60 0.0118217515
278 1034 29 48 0.011855176
402 345 12 17 0.011857176
130 362 16 22 0.011864821
381 382 11 18 0.01209736
790 1053 25 25 0.01211271
597 385 8 9 0.0121140685
459 345 15 23 0.012275593
286 1058 21 37 0.012283777
462 383 9 13 0.012371113
150 399 9 13 0.012381603
237 1013 39 72 0.012434391
150 389 10 13 0.01244817
738 331 37 43 0.0124745
496 1038 13 14 0.012611041
837 1043 24 25 0.012732912
612 386 7 10 0.012808444
762 1750 25 26 0.0129033895
339 396 14 26 0.013044693
477 382 9 12 0.013083166
178 1055 24 24 0.013136531
610 368 8 10 0.013182025
782 1062 25 24 0.013221054
205 346 17 20 0.013253779
546 1032 25 24 0.013303992
684 1010 25 23 0.013532187
245 1033 24 24 0.013645516
279 367 27 21 0.0137514165
132 1075 23 39 0.013903222
374 301 15 25 0.014185462
496 366 9 12 0.014223529
633 360 15 24 0.01432148
555 350 15 20 0.014417196
691 369 10 12 0.014419242
418 367 10 17 0.014491146
665 1753 27 23 0.014496296
297 324 28 23 0.014533531
673 1007 22 39 0.01454198
712 1088 28 25 0.014598072
107 358 15 22 0.014664992
227 353 10 12 0.015314593
245 1045 25 23 0.0153500475
852 1046 26 23 0.015660223
855 1064 24 37 0.015749162
903 392 26 34 0.015753657
602 1770 27 26 0.016097685
881 1692 44 65 0.01627843
852 1059 34 47 0.016297532
111 362 10 15 0.016766274
721 1049 26 22 0.016860502
9 971 37 84 0.017478364
549 1050 25 23 0.01747929
559 383 8 10 0.017693434
222 363 16 21 0.018455228
319 333 25 36 0.01866682
583 1045 15 24 0.018743329
758 1032 30 56 0.018789036
384 1057 11 15 0.018879678
937 1078 24 42 0.019563088
330 1049 26 23 0.019627074
264 353 11 10 0.019676138
672 374 11 12 0.019828018
416 1057 18 23 0.0198956
781 1052 25 25 0.01991775
85 1023 43 70 0.020093339
674 1738 25 36 0.020182647
208 382 11 11 0.02019029
784 1059 22 42 0.020295562
133 367 10 13 0.02070715
704 1054 37 73 0.020791678
968 1768 44 70 0.02125026
665 1010 16 25 0.02133875
510 1798 29 21 0.021531813
647 367 9 12 0.021613628
625 1762 27 24 0.021687381
694 357 26 23 0.021720741
591 1780 33 48 0.022035696
108 1028 26 22 0.022128752
562 1066 21 40 0.02225563
438 378 15 24 0.022301516
328 342 11 13 0.022341773
227 991 16 26 0.022425288
993 1745 31 78 0.022563305
993 1099 23 27 0.022676855
674 318 22 40 0.023152117
996 1091 15 28 0.023191815
240 1005 22 39 0.023198286
756 1059 21 42 0.023204725
294 989 23 38 0.02392211
170 1061 22 25 0.024240196
441 383 10 14 0.024306577
217 1729 23 41 0.024470285
700 345 23 37 0.02457974
681 379 15 21 0.024643276
287 372 10 10 0.024685713
684 383 10 14 0.024785513
778 1033 27 23 0.024833148
302 1033 23 25 0.024833644
370 1039 22 37 0.025200585
573 1037 16 24 0.02547072
572 383 8 9 0.025587741
171 404 10 12 0.025648909
672 376 15 22 0.0259464
677 1753 27 23 0.026176907
173 1060 23 35 0.026634304
192 385 11 12 0.026910968
661 339 26 23 0.02704593
690 1051 16 23 0.027060239
187 408 10 11 0.027504845
234 1724 28 23 0.027588852
898 1046 67 91 0.028349876
311 312 35 47 0.02848182
183 351 16 19 0.028611148
31 1016 27 61 0.029136732
742 315 23 38 0.029364062
508 1789 34 44 0.029868353
703 1071 25 25 0.030217089
382 1053 15 23 0.0309081
849 1036 37 44 0.031068811
68 295 21 36 0.03136271
62 290 16 25 0.03148429
172 351 16 20 0.03154391
795 201 23 42 0.031596173
636 367 9 13 0.03268949
650 1033 15 28 0.032793634
132 1688 30 55 0.03286806
224 990 22 36 0.033503924
465 1898 44 71 0.033618152
519 365 9 12 0.033669855
831 1032 24 37 0.033739537
572 368 8 10 0.034023315
390 1052 25 24 0.034039885
209 349 11 13 0.034190882
57 357 14 26 0.034311913
63 346 21 41 0.035070285
325 336 16 23 0.03537962
324 1045 17 22 0.03543309
665 1074 21 42 0.03597659
186 354 11 14 0.03599842
462 1829 31 51 0.03659055
696 1759 28 22 0.036624182
98 363 10 15 0.03692022
770 1042 42 73 0.03769608
636 1761 27 24 0.038785674
777 1052 31 53 0.0387898
27 333 21 42 0.038814325
636 382 8 11 0.0388609
91 1032 32 51 0.03930473
769 1730 31 52 0.04032058
175 354 11 14 0.040525984
503 1029 26 22 0.041410435
454 366 10 15 0.041635536
232 383 9 11 0.041691512
95 360 15 23 0.04169656
551 1778 30 48 0.04171635
256 1746 34 49 0.04321115
405 334 21 38 0.0438578
673 334 24 38 0.04433446
350 1756 33 46 0.04482991
478 368 10 15 0.044915173
363 1893 55 80 0.044967618
406 1045 22 38 0.04503952
243 349 17 20 0.04561597
331 1748 31 51 0.046908744
379 378 15 25 0.047384176
445 367 10 15 0.048063617
859 350 22 40 0.05102394
414 364 15 25 0.051601086
475 364 15 23 0.052513905
490 1036 25 24 0.052681528
649 384 8 11 0.052911684
183 358 16 20 0.054682825
248 381 10 12 0.054795247
315 1037 25 24 0.05498663
536 370 7 9 0.055019233
451 362 15 23 0.056867186
675 1025 22 39 0.05754961
696 347 26 22 0.05814195
318 327 25 23 0.05835999
656 1803 40 73 0.058527462
299 308 34 46 0.05925646
408 1059 24 38 0.059563156
226 368 10 11 0.06189881
651 1044 14 26 0.062312007
990 1095 23 39 0.064478844
335 984 31 51 0.06558838
173 1057 16 23 0.0668317
985 1084 23 39 0.06692563
557 355 10 12 0.06746201
411 1063 27 24 0.06786827
211 361 16 20 0.0684311
247 353 11 12 0.069321625
155 365 11 14 0.06978448
67 291 17 23 0.072236836
372 300 23 37 0.07315635
34 337 15 28 0.073259614
62 1696 45 70 0.07619133
643 1022 21 42 0.07680145
443 363 15 24 0.07721216
593 362 9 11 0.077527106
322 1035 23 37 0.07887214
456 1043 25 36 0.079389915
484 1042 25 26 0.081176884
904 1773 42 69 0.08166619
590 354 10 13 0.08207069
173 357 16 21 0.08259615
774 1033 31 54 0.08392777
245 363 16 21 0.08537053
674 380 10 13 0.086703315
563 1036 22 37 0.08823611
470 1770 29 33 0.08879421
571 1044 23 25 0.09012729
605 1810 37 74 0.0928608
152 361 16 21 0.09494579
706 1756 23 39 0.09740969
203 1056 26 25 0.09746289
186 361 12 13 0.105868526
400 341 16 24 0.107478045
248 368 10 13 0.11483138
858 1727 34 48 0.117393464
558 363 9 10 0.12297154
676 1748 24 38 0.1284582
917 1064 43 71 0.13669601
250 1026 22 40 0.13785324
778 294 34 46 0.14375675
985 1755 33 54 0.1464711
632 1754 32 48 0.1493746
450 1825 31 53 0.15179794
214 364 11 13 0.15933232
857 1751 39 71 0.16324073
175 361 11 14 0.17192353
238 1720 32 46 0.17425916
760 1743 31 50 0.22464928
214 1747 30 52 0.2535628
373 1885 67 94 0.25414014
62 296 24 24 0.26234403
769 1746 33 52 0.2773414
803 1780 35 52 0.28664675
596 1761 30 50 0.30360124
790 1771 42 67 0.30522057
552 1773 27 37 0.30716267
280 1049 23 26 0.31581447
663 1801 33 51 0.33085987
712 1068 22 43 0.3346876
612 1819 39 72 0.3691016
862 1777 35 52 0.3711289
266 1742 42 67 0.3830068
490 1724 28 35 0.40435654
731 1841 42 74 0.40620965
209 1046 22 42 0.4069484
472 1042 26 36 0.4385208
129 1704 31 57 0.44367597
583 1890 38 72 0.46378514
517 1842 34 54 0.4725115
957 1921 52 73 0.49052465
888 1687 32 54 0.4928868
917 1777 42 72 0.55526537
176 1737 37 71 0.5631823
4 1688 52 73 0.5671606
399 1783 45 72 0.59826463
608 1979 78 99 0.6196854
209 1944 75 107 0.68222415
897 1061 48 72 0.7333219
75 1696 44 68 0.74071854

