10_People_Marching_People_Marching_2_823
37
234 419 21 22 0.010679889
845 488 22 19 0.011903367
911 473 22 18 0.011927918
951 489 24 18 0.012225528
942 464 24 16 0.012821124
374 198 124 180 0.014565991
969 508 24 18 0.01502768
194 451 46 109 0.015158323
947 481 36 56 0.017783979
199 456 32 41 0.017890958
213 475 38 68 0.018062476
194 464 43 65 0.018231172
798 454 23 21 0.018603902
975 462 11 10 0.02077877
944 470 23 18 0.022689508
952 472 25 18 0.023029443
85 332 11 23 0.024503052
921 470 23 18 0.025026882
1011 457 13 19 0.025268808
964 463 13 10 0.026166167
940 460 20 30 0.03227994
361 246 206 245 0.034654178
945 493 22 19 0.034795396
993 462 12 11 0.039545834
225 406 18 36 0.042740107
1014 461 9 11 0.046595875
792 474 42 59 0.048889484
969 459 22 18 0.053475812
997 455 19 33 0.06913797
952 487 27 40 0.09494252
959 460 22 17 0.10290186
230 409 25 42 0.12877433
942 482 26 41 0.12902837
195 447 41 61 0.15702899
987 459 22 19 0.18045068
795 451 32 38 0.3294532
346 212 192 218 0.99050635

