10_People_Marching_People_Marching_10_People_Marching_People_Marching_10_447
514
616 54 23 17 0.010021449
257 760 21 27 0.010088353
658 154 22 19 0.010102411
162 539 21 20 0.010127266
103 525 21 28 0.010144872
313 667 22 19 0.01014582
383 230 21 31 0.01017724
492 83 24 18 0.010207898
937 238 23 19 0.010210852
301 400 22 21 0.010250305
721 457 13 22 0.010286957
265 281 21 25 0.010324488
7 187 22 22 0.010352736
572 59 23 18 0.010370692
1011 183 9 27 0.010381939
290 334 21 20 0.010384168
606 139 22 20 0.010414927
44 666 22 20 0.010439233
535 270 22 20 0.010448468
983 271 23 19 0.010467283
956 195 21 20 0.010496086
28 506 20 21 0.010532813
53 821 35 64 0.010568035
192 47 13 19 0.01057034
691 759 41 55 0.010570618
867 527 28 24 0.010621499
2 0 9 14 0.010669485
956 105 21 21 0.010672078
285 259 14 18 0.010697436
585 11 23 18 0.010703549
11 59 20 21 0.010709104
896 397 18 30 0.010763944
270 552 21 21 0.01076892
584 110 23 18 0.010771578
523 223 23 17 0.0108151985
322 571 20 28 0.010921261
615 97 22 25 0.01093247
105 682 21 21 0.010932821
36 125 13 19 0.011013151
357 513 24 20 0.011020226
219 419 19 28 0.011033466
842 58 22 20 0.011091432
221 320 23 17 0.011110994
42 65 28 37 0.011111209
200 419 21 27 0.0111227995
276 276 14 21 0.011145979
317 494 22 20 0.011193648
955 314 20 21 0.011213663
312 305 21 22 0.011233661
997 707 17 34 0.011280567
895 409 18 34 0.011301237
531 1 14 11 0.011356075
874 413 20 29 0.011366498
386 16 8 14 0.011454848
677 701 12 26 0.011474383
193 35 14 18 0.011549769
826 289 22 19 0.011585065
168 599 21 31 0.011638373
671 142 22 21 0.011654566
730 172 23 19 0.011696774
511 33 14 9 0.011702436
211 878 13 27 0.011710568
774 746 23 21 0.011711396
974 105 21 20 0.011731917
575 155 22 26 0.01177751
953 226 22 21 0.01182501
697 111 22 19 0.011831303
967 12 20 31 0.011848084
341 0 9 10 0.011867208
873 12 22 18 0.01187001
636 270 23 20 0.011874451
782 304 13 21 0.011916779
232 81 22 19 0.011965185
820 400 13 21 0.011990562
136 572 21 20 0.011994427
943 225 20 20 0.0120586185
840 202 22 20 0.012066142
569 95 23 19 0.012075928
859 587 22 20 0.012101491
497 37 23 17 0.01216452
171 775 19 32 0.012196912
1 172 40 52 0.012237621
887 404 24 21 0.012255414
395 797 30 41 0.01229679
833 449 14 23 0.012422236
655 52 20 19 0.012445456
92 171 21 19 0.012446629
206 336 21 20 0.01246338
810 308 23 20 0.012511997
838 54 19 28 0.012534729
529 268 22 19 0.012544235
372 30 11 21 0.012627624
863 629 18 32 0.012665743
927 755 36 62 0.012669596
653 115 22 19 0.012708604
826 367 21 21 0.012732397
651 151 25 24 0.012791115
329 474 23 19 0.012803482
544 758 22 29 0.012809759
917 270 13 24 0.012812791
218 346 23 19 0.01290967
612 693 20 29 0.012911919
189 429 21 21 0.012920856
140 874 20 31 0.012936319
526 64 24 17 0.012971967
953 234 22 20 0.0129845375
972 220 20 21 0.013006012
957 16 20 21 0.013236454
968 68 21 28 0.013238841
752 100 22 29 0.013305102
349 867 40 66 0.013326188
455 185 22 28 0.013326371
908 67 14 23 0.013339023
996 702 12 21 0.013339976
198 541 20 30 0.013358547
911 353 20 21 0.013379832
3 43 10 26 0.013437999
225 83 22 18 0.013441539
169 585 21 30 0.013442734
663 154 23 21 0.0136089055
638 332 23 20 0.013609162
570 51 21 19 0.013662875
742 426 14 22 0.013670131
903 734 25 18 0.013691145
142 346 20 21 0.013699048
25 176 27 43 0.0137003055
557 323 20 30 0.013713384
769 160 20 20 0.013743322
222 882 18 34 0.013804716
549 35 25 17 0.013805184
176 38 9 12 0.013833778
312 315 21 22 0.013855612
774 210 14 22 0.013897647
889 353 21 21 0.013911448
608 265 20 27 0.013917565
742 71 22 25 0.013919576
187 11 21 19 0.01393385
746 173 21 20 0.0140139805
57 586 21 20 0.01402024
762 62 21 20 0.014030989
424 33 19 28 0.014192566
944 66 20 20 0.014214559
999 221 17 32 0.014228431
655 207 22 20 0.01425555
730 463 20 21 0.014366224
773 284 12 22 0.014379072
432 32 12 12 0.014391417
832 194 22 20 0.014415426
196 38 9 11 0.014440033
105 126 19 27 0.014463688
960 218 18 29 0.014478234
657 190 21 18 0.0144953905
485 118 19 33 0.014496773
874 35 21 20 0.0145203555
252 117 14 18 0.014528231
711 378 22 20 0.014604013
148 659 30 38 0.014659328
758 0 13 16 0.01468213
1001 452 18 36 0.014728565
944 29 17 30 0.01475819
931 326 22 26 0.014813099
742 131 24 19 0.014857924
893 197 21 20 0.014867755
560 5 13 11 0.015027462
871 382 22 21 0.01503176
34 183 19 32 0.015067264
838 244 17 32 0.015103168
832 57 20 20 0.015167723
826 172 21 19 0.015200037
820 810 38 67 0.015201894
253 865 19 34 0.015242072
313 7 23 17 0.015321476
700 94 20 29 0.015363344
211 36 10 11 0.015367673
675 314 20 20 0.015371252
690 92 21 19 0.015434207
624 76 22 19 0.015507519
672 364 23 19 0.015581533
290 234 20 20 0.015688416
657 480 21 20 0.015732722
781 703 22 19 0.01574673
384 14 12 20 0.015772268
35 815 35 63 0.015839636
65 101 15 19 0.015898287
237 318 25 17 0.015928583
604 131 23 19 0.015948335
724 2 13 12 0.015970958
974 354 20 21 0.015983066
424 283 21 21 0.016099285
597 919 35 58 0.016175373
209 33 14 18 0.016234826
10 63 19 30 0.016271645
39 591 23 19 0.016409272
410 65 22 19 0.016423924
710 235 12 21 0.016473923
226 292 22 17 0.016551811
214 107 22 20 0.01658553
203 386 24 18 0.016700976
522 257 19 28 0.016756115
36 782 24 47 0.016881572
410 81 23 20 0.017016979
62 4 21 20 0.017036451
878 44 20 19 0.017078929
814 175 14 19 0.017096268
714 540 23 19 0.01718204
961 206 20 20 0.01722459
406 91 23 19 0.017228013
866 329 21 20 0.017250309
306 78 12 21 0.017264195
679 138 23 21 0.017314084
988 262 18 32 0.017399322
539 702 19 30 0.017411433
338 366 20 21 0.017473336
155 877 19 32 0.01762246
600 160 23 21 0.017719269
295 138 12 22 0.017739905
31 164 19 31 0.017774703
109 510 23 18 0.017843764
118 482 26 16 0.017868668
615 133 24 19 0.01789803
168 533 27 38 0.017928112
4 185 11 30 0.017949862
94 163 21 18 0.018046714
680 2 20 26 0.018099602
738 140 21 19 0.018208949
715 291 20 21 0.01837201
567 157 21 21 0.018416783
766 748 22 21 0.018618116
250 754 22 20 0.018678091
1 250 17 24 0.018705703
190 95 21 19 0.018765895
526 257 22 19 0.018773597
994 339 14 22 0.018786637
205 49 21 19 0.0188168
571 3 24 16 0.018842207
457 305 25 19 0.018891301
569 109 24 18 0.018914444
718 297 20 20 0.018938271
80 894 19 34 0.018939095
209 876 20 31 0.01894209
377 843 33 70 0.018979177
680 131 23 20 0.019014318
4 249 17 34 0.019071316
38 590 13 20 0.019102663
970 164 21 21 0.019128984
926 732 23 18 0.019167393
1004 460 19 23 0.019252483
567 333 21 24 0.019476399
73 541 22 19 0.01959088
652 142 21 29 0.019853735
276 548 26 19 0.019917574
567 275 24 20 0.019924687
952 705 23 20 0.01995678
700 652 20 29 0.019982537
823 720 22 20 0.020224338
668 511 22 21 0.020262983
374 32 7 13 0.020317243
412 86 20 31 0.020643577
322 475 20 29 0.020760484
584 4 24 17 0.021122273
174 36 13 18 0.021240383
563 332 19 23 0.021346474
538 914 34 65 0.021351505
285 587 21 21 0.021659141
637 239 22 20 0.021728879
318 80 12 23 0.021910181
511 265 21 20 0.021919897
878 390 18 30 0.021958021
645 267 20 31 0.022338977
804 174 13 19 0.022496387
859 286 18 29 0.022565493
16 226 21 20 0.022677543
215 97 22 20 0.02268491
302 638 20 29 0.0226956
737 130 22 19 0.02270166
422 31 13 19 0.022725152
776 205 21 22 0.022730993
140 659 28 41 0.023035632
808 310 19 28 0.023086274
260 437 19 29 0.023093535
160 886 17 33 0.023133295
332 468 23 19 0.023142317
64 446 23 20 0.023320405
207 540 19 21 0.02338078
17 156 21 21 0.023597173
76 616 22 27 0.023841064
831 710 23 29 0.023897303
841 43 19 29 0.024025016
662 0 14 19 0.024144216
459 287 23 19 0.024166353
618 62 22 18 0.024240568
187 304 14 18 0.02427029
496 287 18 32 0.024328368
224 302 24 17 0.024378762
424 48 22 18 0.024384059
785 269 12 22 0.024544017
859 429 21 21 0.024636235
414 73 21 30 0.024731653
771 494 21 30 0.024805427
816 720 23 20 0.024825573
882 409 21 20 0.0248286
460 100 21 19 0.024840595
487 115 24 19 0.024875088
402 835 36 67 0.024962876
571 83 23 18 0.025248362
296 335 22 22 0.025429493
260 430 21 29 0.025455883
777 704 22 28 0.025531571
613 360 22 30 0.025579222
695 83 24 19 0.025653621
497 43 23 19 0.025680177
605 96 23 18 0.025704432
605 842 40 56 0.025737599
203 65 19 27 0.025926307
652 58 21 19 0.025941677
315 200 21 29 0.026367813
668 34 23 18 0.026405137
418 163 19 31 0.02654517
958 707 21 30 0.026601871
400 76 19 32 0.026634341
208 98 21 20 0.02664244
847 287 19 30 0.026696542
895 201 21 21 0.026752306
615 138 24 20 0.027075369
155 734 22 20 0.02711085
603 62 23 18 0.027177943
12 163 25 45 0.027347809
185 573 22 22 0.027446076
104 538 21 26 0.027464079
586 58 22 27 0.027469406
426 80 23 19 0.027471976
120 126 20 21 0.027776506
510 260 22 19 0.027889855
668 501 25 42 0.027891211
223 326 23 28 0.027906435
967 96 20 32 0.027960062
354 507 19 29 0.028315596
989 345 22 20 0.028552841
784 26 20 20 0.028681895
196 288 13 18 0.028888935
246 289 25 17 0.028891906
809 124 22 20 0.029077025
928 726 27 42 0.029176699
307 844 35 65 0.02921093
610 141 23 27 0.029800737
902 727 21 31 0.030114817
1 0 11 18 0.030645296
232 292 21 27 0.030732963
716 371 21 19 0.030828943
994 515 19 32 0.030968301
162 728 19 31 0.03202556
309 642 25 20 0.032188546
661 144 29 36 0.03222374
41 127 21 19 0.03223662
830 527 23 27 0.032343257
143 50 20 19 0.032421578
412 453 21 32 0.03251205
756 788 38 60 0.032566406
487 323 20 30 0.03269801
500 786 30 44 0.03280868
503 292 23 21 0.032939877
295 326 24 23 0.033222903
988 109 22 22 0.033545665
459 105 20 21 0.033618603
8 233 19 30 0.033633694
872 321 20 29 0.033647645
271 74 20 21 0.033668973
801 19 13 20 0.033683
173 43 13 18 0.033844255
560 111 22 20 0.03397394
978 263 19 31 0.03409942
672 43 21 27 0.034673013
205 102 19 29 0.03499594
410 339 28 38 0.035064474
11 290 23 22 0.035491966
683 30 22 18 0.03557665
686 0 23 14 0.035582192
298 848 34 61 0.035705812
81 620 20 20 0.03578954
233 298 24 18 0.03649073
153 175 21 28 0.03667649
832 51 20 21 0.036779214
986 370 24 20 0.036843847
695 93 23 19 0.036963005
554 3 23 16 0.03752676
912 0 13 17 0.03762186
48 1 13 21 0.03792712
170 469 20 28 0.03803148
905 440 19 31 0.03808656
321 10 13 19 0.038087286
121 593 21 22 0.038676567
527 186 22 19 0.038856257
679 367 23 20 0.039103962
166 464 21 28 0.03911059
540 42 24 18 0.039589386
40 778 18 36 0.039632343
282 364 24 25 0.039806064
0 119 10 24 0.03998138
527 180 22 20 0.04009226
571 226 24 18 0.04027195
122 453 25 18 0.040345237
387 138 20 31 0.04037264
474 113 23 20 0.040373288
835 238 19 31 0.04042679
695 0 27 13 0.040752526
296 390 21 30 0.041002836
247 320 24 19 0.04114997
252 122 13 19 0.041489247
792 705 24 20 0.041642778
490 156 21 31 0.041684832
24 158 22 20 0.042400114
903 67 19 30 0.042528737
70 651 23 21 0.04270535
799 705 21 29 0.042905025
573 271 20 28 0.043052476
630 99 23 19 0.0435621
86 193 22 22 0.04376292
957 776 44 58 0.04410089
128 579 21 30 0.04416005
273 548 20 21 0.04433102
534 0 24 16 0.044627022
188 577 20 30 0.045757655
383 642 21 30 0.046075005
482 109 21 30 0.04623228
837 194 22 26 0.046278555
766 357 22 18 0.04632888
966 395 21 31 0.046329472
521 347 20 31 0.046678614
711 30 22 27 0.046722513
296 234 22 20 0.04700917
328 425 23 28 0.047412604
460 296 20 34 0.047651127
757 102 28 37 0.047916364
5 178 28 39 0.047926676
902 156 22 25 0.04825156
401 788 37 57 0.049241874
875 110 21 21 0.049290378
847 47 21 20 0.04941212
603 152 23 27 0.049901564
995 101 19 32 0.05006006
183 304 13 21 0.050218478
426 29 20 19 0.050333392
505 32 24 17 0.050540753
782 17 20 21 0.050599705
527 0 23 15 0.05167761
956 25 18 31 0.052516524
610 685 20 31 0.05252222
747 81 21 20 0.052611392
894 239 21 21 0.05354012
107 537 23 20 0.054064695
994 357 19 33 0.054857455
170 538 21 21 0.05521799
46 76 20 21 0.055353947
70 440 22 29 0.0554103
858 465 28 38 0.056940973
80 190 18 31 0.05714573
233 635 21 30 0.05935161
623 98 23 18 0.059686445
850 291 21 21 0.060118333
719 0 22 17 0.0609825
685 265 21 22 0.06132534
257 73 20 28 0.061615072
251 808 21 30 0.061703518
512 76 22 28 0.06178944
217 339 23 20 0.061867926
667 48 23 21 0.063527465
489 782 36 56 0.06362441
257 570 20 22 0.0636632
951 28 21 22 0.06379364
589 62 23 19 0.0638103
215 870 25 42 0.0647337
535 64 24 19 0.065142125
145 172 19 29 0.065145604
718 48 22 21 0.06637275
14 455 20 24 0.06650643
639 668 19 31 0.06788511
848 648 19 33 0.06832832
770 745 22 30 0.06901495
951 25 13 22 0.06904528
504 34 23 27 0.0699446
251 480 19 31 0.07051575
662 2 25 17 0.070922956
558 630 19 30 0.07234492
566 746 26 39 0.07398735
108 128 21 20 0.07590023
331 159 21 22 0.07633698
668 137 27 38 0.07710017
235 293 24 17 0.077286996
542 132 22 20 0.07903952
336 251 21 21 0.079167105
461 468 25 43 0.08059905
39 682 20 32 0.08075984
400 85 20 32 0.08159634
59 105 23 19 0.08491438
873 622 19 31 0.08850816
928 618 21 30 0.08978095
188 123 20 22 0.09028624
968 474 22 31 0.094495535
107 59 20 20 0.09547342
848 11 18 22 0.0969558
175 825 21 30 0.1090989
270 280 21 21 0.11114701
347 847 36 69 0.11578264
874 2 22 19 0.119293064
810 635 18 32 0.120391555
1013 235 11 23 0.12990831
133 791 19 29 0.13486728
702 12 21 26 0.13541974
205 61 22 20 0.17524783
12 285 17 33 0.18559267
619 3 20 22 0.19529077
543 36 23 19 0.2112925
736 332 21 21 0.23537667
460 38 21 18 0.26041374

