10_People_Marching_People_Marching_2_40
304
65 68 11 10 0.010367135
845 79 13 19 0.010377188
12 37 14 17 0.010399821
807 27 22 17 0.010439848
157 27 9 9 0.010502889
409 46 18 19 0.010535516
401 155 20 36 0.010556594
11 54 13 19 0.010633331
897 116 22 18 0.0106364265
667 47 19 20 0.010662632
231 210 23 21 0.010663376
246 40 9 10 0.010688503
612 84 12 20 0.010704245
4 39 9 12 0.010730085
822 144 27 42 0.010826694
847 76 10 12 0.010852906
827 55 13 17 0.010884628
279 56 10 10 0.010935486
139 71 24 18 0.010979028
807 35 13 17 0.011092928
36 58 20 29 0.011123104
568 523 43 57 0.011139332
813 99 22 19 0.011148865
113 56 12 8 0.0111789685
751 105 23 18 0.011253116
557 56 19 26 0.011359733
148 54 12 9 0.011366005
300 99 14 21 0.011411171
656 113 20 20 0.011487143
291 101 20 19 0.011543689
663 103 13 20 0.011587843
194 76 12 9 0.01164774
526 50 11 12 0.011668051
349 101 22 20 0.011721412
808 38 10 12 0.011746283
909 89 13 17 0.011791559
453 45 8 12 0.011911088
100 93 14 22 0.011964119
200 88 23 18 0.012002244
577 68 14 17 0.012025437
97 4 13 17 0.012130176
833 248 48 63 0.012240324
624 39 9 13 0.012254479
192 444 96 126 0.012610062
482 40 13 17 0.012650272
251 72 23 17 0.012658607
397 143 30 56 0.012714326
101 97 24 19 0.012751982
840 73 9 13 0.012949159
886 100 23 19 0.013223581
98 57 12 8 0.013294963
2 51 25 43 0.013383138
849 112 22 18 0.013396403
622 37 12 20 0.013408598
0 70 10 24 0.013603127
1 0 8 8 0.013621957
127 30 10 8 0.013642353
59 65 21 18 0.013662527
761 97 24 18 0.013674118
166 55 20 27 0.013737578
609 106 8 12 0.013817134
809 93 20 28 0.013837844
566 3 12 19 0.013922194
74 87 22 19 0.013996156
785 194 39 53 0.014082973
110 23 14 15 0.014083833
201 53 23 17 0.014151043
285 67 13 19 0.014390165
806 60 10 12 0.014452273
324 123 19 30 0.014478194
203 458 66 99 0.014522867
936 167 20 21 0.014611695
221 187 27 42 0.014631109
680 221 34 71 0.014760146
86 41 10 10 0.014868322
180 218 29 41 0.014926374
765 41 10 12 0.0149605
664 42 9 12 0.0152746
71 82 19 31 0.015310128
763 39 13 17 0.015463887
15 39 10 12 0.015761347
663 168 30 40 0.015844157
625 286 37 63 0.016073437
838 71 13 18 0.016086482
534 318 49 54 0.016177846
659 171 36 57 0.016180692
16 83 13 21 0.01621065
107 69 23 17 0.016296629
453 49 12 17 0.016832395
322 89 21 27 0.016870115
65 62 10 10 0.017075479
1 83 7 16 0.017136008
516 292 38 69 0.017320616
501 251 37 67 0.017350923
896 87 13 18 0.017398344
320 71 13 20 0.017443988
869 87 14 18 0.017608548
509 47 19 19 0.01780072
815 36 10 12 0.018097498
464 70 9 13 0.018174637
844 72 14 18 0.018198235
15 0 10 11 0.018339328
812 34 14 17 0.018422166
570 46 19 18 0.018521627
581 72 11 11 0.01855569
34 43 10 10 0.018589638
624 52 9 14 0.018716726
34 114 37 61 0.018738143
810 54 19 26 0.018877236
24 85 23 19 0.019023225
859 51 13 19 0.019131301
208 57 12 7 0.01921921
417 105 21 29 0.01924961
320 34 13 20 0.019260809
743 112 21 29 0.019412465
26 66 22 20 0.019922107
5 56 10 13 0.02023169
807 116 24 20 0.02033053
523 284 50 83 0.020668289
461 93 18 30 0.020773059
754 47 19 19 0.021018775
93 68 25 17 0.021395689
825 194 34 65 0.021511232
779 121 23 27 0.02206884
463 8 8 13 0.022200644
898 140 32 63 0.022953741
223 91 24 18 0.022955637
454 70 12 18 0.023111206
805 58 13 17 0.023128107
35 80 20 30 0.02345002
468 110 20 22 0.023771485
461 68 13 18 0.0239533
108 38 23 16 0.024042519
924 149 26 45 0.024043502
540 98 23 19 0.024110718
765 178 39 53 0.024153609
287 56 10 12 0.024175188
196 59 10 9 0.024254367
968 250 46 93 0.02430613
860 102 20 21 0.024584027
485 232 39 57 0.024644302
538 86 22 18 0.0248601
414 48 11 15 0.025024725
856 111 22 20 0.025237475
367 86 21 28 0.025375685
234 90 24 19 0.025958635
645 52 13 21 0.026012994
418 100 21 22 0.026174476
301 84 20 20 0.026192615
823 167 34 62 0.026239857
0 75 13 39 0.026272679
785 126 22 19 0.026629038
980 268 37 65 0.027325658
362 57 21 19 0.028336424
973 310 43 106 0.028439334
688 69 14 17 0.028908603
4 7 8 9 0.028955694
130 54 11 9 0.029156346
187 37 14 15 0.02975553
576 49 11 13 0.029866612
80 428 83 133 0.03002023
460 6 12 20 0.030542936
408 43 13 17 0.030729555
122 38 23 17 0.030738719
112 366 49 117 0.030814828
706 48 14 17 0.030940484
679 252 36 59 0.031155782
454 51 9 13 0.03138316
182 39 15 14 0.031463724
300 109 19 31 0.031596452
479 98 17 33 0.031880718
517 44 13 17 0.03199476
52 35 18 19 0.032287728
578 132 28 40 0.03230676
652 172 30 40 0.032399267
765 51 11 12 0.033144522
56 30 10 11 0.033577815
0 297 20 121 0.033824697
44 135 31 41 0.03397508
285 53 13 18 0.033999234
435 82 19 20 0.034132134
741 60 14 16 0.03516157
562 45 10 12 0.035787355
98 29 10 9 0.03579367
2 297 40 136 0.03590014
155 42 15 15 0.03594224
298 96 19 29 0.036529295
560 54 14 16 0.038455304
691 240 33 64 0.0385876
95 120 26 42 0.038661428
188 73 24 16 0.038744792
440 84 20 21 0.039978255
58 85 23 19 0.04070731
694 42 13 17 0.04088314
486 53 13 18 0.041347668
164 58 13 11 0.041874472
60 38 10 12 0.04192158
957 172 38 59 0.042769413
501 135 25 41 0.04346993
1 20 12 18 0.04447097
318 82 20 20 0.04479744
550 509 61 94 0.046011824
879 84 14 18 0.04727664
869 94 20 30 0.047742072
123 71 22 18 0.048153445
904 118 21 30 0.048157115
622 48 12 21 0.049509853
485 43 9 11 0.050116073
769 84 20 30 0.05013158
5 57 17 34 0.050422747
4 52 13 20 0.05140584
792 119 23 21 0.0519928
747 69 14 17 0.053337637
174 59 12 10 0.054342706
672 42 13 16 0.054407425
897 160 34 62 0.05511169
499 238 36 61 0.055930175
660 56 9 13 0.05743104
791 69 14 16 0.05854537
990 331 34 71 0.05888392
196 82 19 31 0.059352145
667 154 27 42 0.059577335
562 55 10 11 0.06107811
0 78 9 25 0.06108992
487 55 10 13 0.062065776
748 113 22 20 0.064879
673 50 9 13 0.06607359
658 53 12 19 0.06666822
810 138 27 41 0.06674481
758 44 13 16 0.06907551
462 49 13 18 0.06963852
667 100 21 20 0.0706841
464 52 10 12 0.07246944
523 42 13 16 0.07398838
492 54 13 17 0.07577439
474 104 19 33 0.07662798
469 44 9 13 0.07739208
674 43 9 12 0.077982664
252 82 20 29 0.07810717
166 55 24 17 0.07832146
146 40 14 15 0.08284454
158 43 11 10 0.087345004
190 83 21 20 0.093287006
467 42 12 17 0.09491306
151 29 9 9 0.09862763
129 42 11 8 0.1002728
115 43 10 8 0.10030403
495 140 24 43 0.10555041
108 443 57 112 0.1061319
584 122 25 42 0.10857412
881 101 20 20 0.114669956
513 50 12 13 0.118085355
903 117 24 18 0.12324574
322 144 18 37 0.12367103
189 39 10 10 0.12583089
741 65 14 16 0.13048074
797 112 28 41 0.13258176
229 198 27 39 0.1335935
230 88 21 28 0.13417593
357 121 26 41 0.13498221
951 208 46 97 0.13513127
98 39 12 11 0.13717711
184 40 11 10 0.13748299
248 84 24 18 0.1383686
159 54 23 18 0.14111137
700 41 13 17 0.14126883
758 49 11 14 0.14793539
96 37 15 16 0.14989857
846 234 41 74 0.15410526
99 7 9 10 0.15497756
405 149 27 42 0.15854049
381 87 21 30 0.16165186
698 252 37 72 0.161796
3 22 8 12 0.16233246
563 65 15 17 0.16410713
424 96 19 32 0.16825865
99 132 26 40 0.17176922
573 43 14 16 0.17324047
707 84 21 18 0.17588057
715 53 14 16 0.17846876
679 99 23 20 0.18034892
55 37 11 13 0.19025663
765 198 41 49 0.1974873
97 88 20 31 0.1978363
147 42 11 11 0.19839157
134 83 24 21 0.20686579
113 26 9 8 0.20719951
818 52 14 17 0.21127936
412 43 13 16 0.21156362
17 2 10 12 0.2153715
764 87 24 18 0.2251699
718 263 42 69 0.23321614
137 77 19 32 0.2348945
49 127 36 54 0.23860109
268 117 22 32 0.2654536
795 67 15 16 0.28761733
587 264 35 65 0.2890888
853 51 13 18 0.301325
713 350 36 78 0.3214685
168 210 31 60 0.32425365
514 87 22 20 0.327637
524 527 78 84 0.34311375
944 231 42 69 0.34689128
666 194 35 67 0.59919894

