10_People_Marching_People_Marching_2_668
118
966 344 10 11 0.010480859
387 312 9 8 0.0104916105
413 277 24 17 0.010497934
826 338 23 17 0.010645834
576 309 22 18 0.010794502
994 316 17 30 0.011004969
899 333 9 8 0.011072912
995 375 7 11 0.011097329
518 319 25 19 0.011211612
963 358 13 19 0.01123686
899 280 6 7 0.011988353
820 315 8 6 0.012278884
978 369 12 22 0.012325915
960 328 11 12 0.012460587
345 317 7 8 0.0128219025
1007 327 13 18 0.012938705
402 315 9 8 0.0131520815
833 342 9 9 0.013367249
884 330 8 7 0.0134163145
961 314 8 9 0.013438215
407 310 25 19 0.013498328
965 361 8 11 0.013504773
978 360 7 10 0.013524525
968 299 7 8 0.01366997
946 310 8 10 0.013743658
997 362 7 9 0.014354992
501 299 9 10 0.014795316
605 291 24 17 0.015027856
961 368 11 21 0.015361216
649 322 24 19 0.015618167
505 295 26 16 0.015925316
854 282 6 6 0.016168756
779 308 25 19 0.01629125
766 320 23 20 0.016830564
456 305 32 54 0.01701736
494 307 23 18 0.017376406
369 314 9 8 0.01748191
297 358 23 33 0.017525971
831 325 23 17 0.017732868
886 295 7 7 0.018020162
47 300 7 5 0.018189434
963 373 7 12 0.018349055
514 311 16 22 0.01881632
1013 306 11 21 0.019973677
52 312 6 6 0.020314481
395 311 24 17 0.020530233
455 330 20 29 0.0211095
914 344 11 10 0.02193421
918 329 11 10 0.02223105
811 340 22 17 0.022422116
362 320 28 34 0.022757523
592 312 9 9 0.023168078
471 320 23 21 0.024224015
993 342 9 11 0.024425976
583 306 20 29 0.024489438
835 314 7 7 0.02477491
947 325 20 20 0.024998868
978 340 14 18 0.025088254
985 328 9 12 0.025841095
517 311 25 19 0.02622725
855 250 6 8 0.026399167
41 301 6 6 0.027063351
836 299 6 6 0.027129898
867 296 7 7 0.027610337
886 284 6 7 0.027733697
1011 330 8 11 0.02792466
969 341 18 31 0.02945906
845 321 23 19 0.029469684
914 320 16 31 0.03042137
708 311 20 30 0.031340178
908 331 17 29 0.032927893
986 336 20 20 0.033734314
377 331 22 27 0.035617456
856 312 25 20 0.035849582
980 345 9 10 0.03856604
992 329 10 12 0.03870124
998 253 6 5 0.04025483
1016 311 7 12 0.04029716
849 296 7 8 0.041401066
818 343 10 10 0.043306462
587 308 24 17 0.04468258
476 310 23 19 0.047651105
837 331 9 8 0.04824735
915 328 21 18 0.049775973
983 325 13 20 0.05045338
371 332 14 22 0.052075144
413 325 32 35 0.053735744
900 343 11 9 0.055195205
935 323 17 28 0.055383675
378 322 20 28 0.060298488
896 339 22 17 0.06701012
1007 340 13 19 0.07150491
1010 344 9 12 0.07213248
851 310 18 30 0.07313782
654 307 22 33 0.07590901
462 325 21 22 0.08193329
358 314 8 9 0.08609918
651 297 35 52 0.12511152
985 326 20 20 0.1256067
920 328 22 20 0.14666757
911 338 23 19 0.15056917
855 319 25 21 0.17236729
476 314 17 33 0.19079894
600 308 25 20 0.24158856
465 314 20 33 0.36953458
367 329 21 29 0.42421725
920 334 23 20 0.43167138
954 323 20 21 0.49685454
660 302 32 40 0.5129577
860 310 18 31 0.7111098
512 307 20 32 0.7160006
605 303 23 31 0.79504144
770 312 21 33 0.8220449
543 285 28 43 0.8279857
410 305 40 54 0.89980406
190 300 34 39 0.903998
296 341 30 55 0.9242791
98 260 31 42 0.96701425

