10_People_Marching_People_Marching_2_591
305
895 1174 21 19 0.010053133
800 1109 10 12 0.010062785
252 1155 13 19 0.010118421
320 1286 20 32 0.010127677
223 1228 19 32 0.010175712
538 1119 22 17 0.010195726
685 1295 20 20 0.010228337
550 200 16 32 0.010242074
529 1328 12 28 0.010259109
387 132 14 18 0.010355463
39 1098 18 28 0.0103751365
648 192 16 32 0.010426172
415 162 13 18 0.010433122
520 1184 22 19 0.010499261
245 1158 13 18 0.010501888
364 1203 13 19 0.0105186
941 1165 13 20 0.010524745
767 1257 21 27 0.01061734
611 1259 18 30 0.010692709
354 1251 14 23 0.01069676
524 1171 20 20 0.010708726
506 200 21 18 0.010768103
714 201 16 34 0.010769053
662 1244 13 23 0.010769307
846 246 25 18 0.010812587
908 1246 27 42 0.0108214915
319 1170 13 18 0.010830263
19 188 13 21 0.010834769
540 1198 21 19 0.010903325
476 1168 13 21 0.010926475
523 1110 24 17 0.010945419
863 1064 10 12 0.010984673
880 1086 13 18 0.011035432
646 1281 13 22 0.011042507
500 198 14 19 0.011132481
397 175 18 29 0.011179707
652 1203 13 19 0.011275665
842 1239 20 21 0.011300167
973 1168 13 20 0.011330365
559 1144 10 12 0.011352287
291 1173 10 14 0.011390121
894 1123 13 19 0.011391178
436 166 12 19 0.011401714
242 1167 13 18 0.011439496
527 199 21 19 0.01165076
932 1046 12 18 0.011716916
699 1324 19 22 0.011742951
149 183 13 19 0.011747456
736 5 10 7 0.011783415
776 1267 20 21 0.011864541
149 189 19 19 0.011955368
306 1207 14 18 0.012002696
877 1182 13 19 0.012014311
893 182 37 33 0.012054274
0 1149 8 27 0.012114803
389 136 10 11 0.012127777
293 1180 13 19 0.012155504
981 1173 37 60 0.012204947
420 184 9 14 0.012241679
353 195 8 13 0.012366581
424 1257 20 32 0.0124745825
992 1173 22 19 0.012517112
102 1170 23 47 0.012518444
578 1306 18 33 0.012576858
730 1344 24 49 0.012806207
762 1074 21 19 0.012921136
555 1198 20 27 0.012967249
914 708 8 10 0.013015515
150 1189 12 21 0.013029391
673 1311 18 33 0.0130434595
325 1233 14 20 0.013136458
254 1213 19 31 0.01321177
988 1182 22 20 0.013214587
1013 1107 10 25 0.013217572
912 1218 20 19 0.013234711
797 1105 14 18 0.013269123
453 1322 32 67 0.013449648
418 164 8 11 0.013599461
341 1201 14 20 0.013716817
834 1197 13 22 0.013748383
161 186 18 27 0.013761741
959 1096 13 18 0.013838526
448 1146 13 22 0.013953985
372 207 11 14 0.014031036
815 1075 23 18 0.014068329
426 1196 18 32 0.014151342
782 1157 21 19 0.014197685
9 160 16 34 0.014355297
597 48 13 13 0.014514728
981 693 7 10 0.014602086
500 1119 21 19 0.0148118595
569 1298 19 23 0.014890841
164 1158 13 19 0.014901295
703 11 9 8 0.014970982
619 1228 19 21 0.01500473
697 1266 20 22 0.015057658
1014 1114 9 26 0.015119974
38 1184 13 23 0.015145629
331 1247 20 32 0.0151634645
861 1203 13 20 0.015175197
287 184 13 20 0.015210462
994 693 7 10 0.01524467
291 1101 14 21 0.015264555
815 1162 19 21 0.015267385
930 697 7 10 0.015480693
817 1137 13 19 0.015554853
500 206 19 19 0.015722914
647 1285 18 31 0.01576851
285 1254 20 32 0.015908722
900 1306 17 36 0.01595183
522 1262 18 31 0.01611322
909 1087 13 19 0.016148265
598 41 23 17 0.01617799
803 1301 20 21 0.016195858
163 1166 13 19 0.016339192
222 1241 18 33 0.016377302
854 175 31 35 0.016455397
965 696 7 9 0.01650542
933 1054 13 18 0.016632378
420 193 10 12 0.016671574
907 1101 13 19 0.01671739
860 1267 22 19 0.016795708
736 1266 13 24 0.016820608
370 181 7 13 0.01692959
73 1154 18 34 0.017048066
512 223 21 20 0.017180976
204 1150 22 19 0.017325738
545 1142 21 18 0.017361334
435 198 8 11 0.017372426
432 178 13 21 0.017688222
280 1251 22 19 0.017772214
595 1126 13 17 0.018037874
325 1225 20 29 0.018083313
223 176 16 31 0.018085998
894 1182 22 19 0.018108122
673 986 9 12 0.018298324
914 156 41 55 0.018401302
696 10 9 10 0.018701905
539 1108 23 17 0.018895004
273 189 16 27 0.019015625
574 1292 19 31 0.019170856
933 1166 13 19 0.019529924
606 1352 19 31 0.019620808
699 1326 31 69 0.019677458
540 1188 21 19 0.019742776
617 1207 21 19 0.019797888
1 153 9 30 0.01982686
581 1191 20 26 0.020059168
517 218 17 32 0.020128874
940 1123 13 18 0.020165114
867 1183 13 19 0.020202193
766 1247 12 21 0.020203372
221 187 18 28 0.02027044
349 1204 21 20 0.020290053
41 1185 20 23 0.020293126
630 44 10 10 0.020501353
889 174 49 46 0.020600656
735 1261 20 29 0.021141784
250 1202 21 20 0.021307826
0 144 9 32 0.021373944
207 177 16 30 0.021405065
656 1213 12 21 0.02144564
301 1103 12 20 0.021756193
876 1338 18 31 0.021988928
354 1213 20 20 0.0221103
743 1188 22 20 0.022310574
481 1183 21 26 0.02243485
1000 1312 16 37 0.022443406
8 1181 10 25 0.022606958
458 1308 25 46 0.02322301
520 1321 18 32 0.023359286
599 183 23 21 0.023397163
705 1319 18 34 0.023467826
524 208 21 20 0.023679955
771 1266 13 21 0.024089942
903 1103 12 19 0.024283633
934 1124 13 19 0.024285298
447 164 13 21 0.024324303
11 1182 15 39 0.024592387
881 1078 14 17 0.0246413
78 1155 13 20 0.024678672
432 193 13 19 0.024708414
511 1221 20 30 0.024790874
555 1188 21 19 0.024808805
367 178 11 20 0.02517148
988 1180 25 45 0.025271282
463 182 14 25 0.025465142
963 1101 13 18 0.025531981
446 178 13 22 0.025783265
912 1077 13 18 0.025870034
127 181 13 18 0.02587818
139 176 16 29 0.025889315
556 1351 18 35 0.026012257
349 192 13 20 0.026275227
0 507 9 26 0.026374256
993 192 20 22 0.026444014
926 1074 12 19 0.026622353
450 189 19 21 0.027432702
385 194 18 29 0.02752907
385 1168 13 20 0.027532436
804 1305 19 31 0.027566127
670 1235 13 23 0.027962707
12 1182 12 22 0.02803719
557 1141 13 19 0.028204031
400 184 8 13 0.028411351
161 178 16 28 0.030037966
282 1090 20 21 0.030428123
415 1127 13 20 0.030638194
807 1296 21 29 0.03102221
851 1103 14 19 0.031912956
737 1190 22 19 0.03207162
912 1133 20 21 0.03293342
277 1168 13 19 0.03293783
685 1258 18 30 0.03368312
489 1259 18 32 0.03453427
638 1344 22 20 0.034676496
574 1123 13 17 0.03490115
607 1278 20 22 0.03541493
450 1134 18 30 0.036780983
424 186 17 29 0.036890984
485 1271 18 34 0.037161533
104 1169 21 20 0.037341643
378 207 21 19 0.037402283
597 41 14 17 0.038267408
644 1204 13 20 0.039317895
289 1171 14 20 0.04019228
389 184 8 13 0.040503833
493 1224 21 29 0.04116311
817 1158 14 21 0.041583188
620 1216 20 22 0.041950796
79 1121 14 18 0.04254537
512 204 17 32 0.04334527
444 1274 24 45 0.043576963
362 1218 21 20 0.043650836
575 1248 18 29 0.04413747
691 1265 18 23 0.04448345
509 1340 21 52 0.04544483
611 1274 19 30 0.046837997
594 45 21 18 0.047664
306 1150 13 19 0.049278725
721 10 10 9 0.049349926
386 1273 26 43 0.049616832
527 1271 17 31 0.051198475
577 1188 20 20 0.051251963
399 193 9 15 0.052249707
215 185 21 19 0.0530707
129 1152 13 19 0.053668078
387 182 13 20 0.0549558
358 1136 13 20 0.055064876
40 1206 21 55 0.055149246
391 195 10 13 0.05661435
35 176 20 22 0.05713376
337 1172 14 18 0.057697125
605 1138 22 19 0.05832761
412 1132 19 20 0.059425768
335 183 13 23 0.060201045
396 1227 19 32 0.061134163
584 1188 19 21 0.06268636
942 1087 13 18 0.0631661
507 209 21 21 0.06396741
43 1184 16 36 0.06401942
372 201 9 13 0.06571172
450 1139 12 23 0.06645395
669 193 19 25 0.06720317
363 1137 13 20 0.07119929
360 1213 19 31 0.071283594
339 194 9 14 0.071723
529 1273 20 23 0.073997155
353 1248 20 32 0.07482594
455 1192 21 32 0.07538959
398 182 12 20 0.08168399
843 1244 22 21 0.08254627
536 1221 21 22 0.089974195
1005 191 18 22 0.09062357
282 188 14 20 0.096220165
513 1180 20 22 0.10039301
1003 188 16 36 0.101330705
417 1275 25 47 0.1032957
282 273 24 17 0.1036383
323 1135 14 19 0.11568434
90 175 18 28 0.12510528
415 187 19 21 0.14918706
44 1105 21 19 0.15396376
427 1209 19 33 0.15942182
396 191 13 19 0.16812113
369 203 18 21 0.18487616
390 193 13 19 0.18711963
505 1118 23 19 0.25479487
370 199 13 20 0.2576693
854 185 24 30 0.33750328
417 182 14 22 0.35703334
458 184 17 29 0.36614215
602 182 16 32 0.39818004
156 184 18 21 0.41927865
82 178 22 20 0.43641078
597 182 16 32 0.43926722
212 188 19 21 0.5734278
44 174 18 29 0.5931337
755 189 18 38 0.6603722
759 191 26 39 0.7343469
336 190 14 20 0.77177155
277 189 15 19 0.7883748
674 188 17 36 0.8819922
847 180 27 36 0.9274556
898 158 40 55 0.9303332

