10_People_Marching_People_Marching_2_236
146
146 183 8 11 0.010036376
153 143 29 38 0.010050286
794 120 21 18 0.01012134
803 36 13 18 0.0101620965
33 127 14 17 0.010333228
849 107 9 8 0.010408128
158 128 19 32 0.010413905
717 121 14 17 0.010845722
785 116 19 28 0.010850619
922 118 14 15 0.010947376
553 126 19 29 0.011042241
278 249 8 10 0.011704438
936 89 8 9 0.011834348
930 175 20 32 0.011865201
830 100 14 16 0.012143669
155 135 24 18 0.012427863
36 130 10 11 0.012496688
159 145 20 31 0.012999353
477 121 18 32 0.013016165
562 161 36 64 0.013282453
45 122 9 8 0.013639498
877 123 14 15 0.013806656
561 217 38 68 0.014036941
636 24 29 14 0.014040663
736 134 11 12 0.014316728
966 120 14 16 0.014409778
994 121 8 10 0.014460771
994 307 13 23 0.014561133
471 109 10 12 0.014728544
804 39 10 11 0.014929305
263 266 7 8 0.015050585
697 118 10 13 0.015217314
873 54 26 16 0.015490189
918 110 10 9 0.016094143
928 182 21 20 0.016157662
720 132 10 11 0.016163737
139 162 19 22 0.016365977
931 137 9 10 0.016811937
799 101 13 17 0.0168152
140 124 19 31 0.017895408
865 121 14 15 0.017948367
469 107 14 17 0.01829394
563 196 34 71 0.01832908
19 160 43 56 0.01867817
754 135 9 11 0.018789617
549 142 33 63 0.019345345
696 116 13 18 0.019728353
279 227 11 20 0.019914493
720 123 9 10 0.020270636
497 118 10 10 0.020410864
606 119 20 30 0.020457994
466 116 15 33 0.020483848
548 195 34 69 0.020499818
789 115 13 18 0.021575019
588 118 20 30 0.021726508
791 119 9 11 0.021999145
811 132 14 17 0.022112789
143 147 20 20 0.022767778
625 122 10 9 0.022918647
733 131 14 18 0.022955708
801 105 9 11 0.023349341
915 127 14 16 0.02404734
818 104 8 9 0.024157548
801 122 9 9 0.024531592
713 128 20 20 0.026317509
925 121 10 10 0.02668421
249 282 7 8 0.026963783
991 302 16 34 0.027157476
608 108 12 9 0.027800204
815 136 9 11 0.027805585
556 166 25 46 0.029987922
848 122 15 15 0.03089398
1 131 8 14 0.031046892
555 152 18 35 0.031088889
601 105 23 17 0.0313095
704 123 19 28 0.03163451
876 129 14 15 0.03223209
974 127 12 18 0.03300285
596 119 13 10 0.034232672
553 150 25 45 0.034270693
135 118 11 12 0.03478346
793 106 8 12 0.034909528
142 117 13 11 0.036452442
556 129 13 17 0.036862742
294 218 12 18 0.036867086
475 168 19 33 0.0370649
142 146 19 33 0.037598953
558 131 11 12 0.037993234
3 124 16 33 0.040008865
968 122 10 11 0.040554978
552 124 10 13 0.041810524
552 158 33 65 0.04199148
849 130 14 16 0.048045643
660 200 46 59 0.048380803
134 116 14 17 0.048381418
879 125 10 10 0.04896443
709 130 10 13 0.050185774
480 120 10 12 0.050913602
594 116 21 17 0.051744837
790 102 13 20 0.05230694
556 123 13 15 0.053787522
550 122 14 17 0.05657611
507 150 19 22 0.05727806
31 120 20 17 0.05799614
867 130 14 16 0.058862694
281 231 7 10 0.06066852
803 136 11 12 0.061275322
977 130 9 12 0.063277595
0 127 10 22 0.063869804
558 125 10 11 0.06507908
917 130 10 11 0.06552111
469 116 11 13 0.06661893
296 220 8 11 0.078419685
293 228 8 12 0.07947639
291 225 12 20 0.08057413
607 117 13 10 0.08193655
308 212 12 18 0.089226216
867 123 11 9 0.09440909
851 124 10 10 0.09819356
551 128 13 18 0.09888267
822 119 14 17 0.10160705
878 131 11 11 0.10236862
0 120 10 18 0.11232709
136 114 22 18 0.11280843
824 121 10 12 0.115233175
851 132 12 11 0.11732411
473 118 20 19 0.11854186
707 127 13 18 0.12790893
973 121 13 17 0.12849489
828 118 14 16 0.12910835
0 122 9 14 0.13575253
833 102 9 9 0.14705627
471 152 24 45 0.14991464
868 132 12 11 0.16347553
831 121 11 11 0.16496493
511 145 17 35 0.1857916
310 215 8 11 0.20267469
976 124 9 11 0.20365849
705 121 10 12 0.21874431
468 113 14 19 0.22881518
601 114 22 18 0.23161833
916 121 14 16 0.32375237
703 119 14 17 0.34264508
36 123 10 12 0.35951442
798 132 20 20 0.46007675
465 151 20 52 0.61635774

