10_People_Marching_People_Marching_2_60
47
827 140 35 31 0.010480716
590 192 21 22 0.011103437
264 211 26 16 0.011315786
1005 214 16 38 0.0114390915
2 332 16 37 0.011573429
721 217 8 9 0.01181248
394 198 31 14 0.011833053
255 208 25 17 0.012533013
899 202 48 45 0.012640877
138 0 27 12 0.012716547
679 202 28 17 0.01280112
887 175 47 45 0.013190607
45 297 25 47 0.015062262
409 230 34 33 0.015253592
395 212 34 49 0.015261808
314 0 24 21 0.015317269
605 179 23 19 0.0160565
260 208 23 28 0.017117562
760 157 6 7 0.01849097
309 3 28 15 0.01982905
904 209 37 33 0.019953685
786 156 34 33 0.020348791
429 176 23 27 0.021967014
644 187 22 28 0.02228465
613 204 21 30 0.023743758
637 148 32 35 0.024253383
332 21 24 17 0.025482846
781 163 27 19 0.025752746
234 177 28 17 0.031272326
863 192 22 29 0.035846863
358 303 33 59 0.03659381
891 181 36 32 0.042880006
438 171 32 34 0.053017195
763 161 48 45 0.055840723
144 0 24 19 0.15196687
113 199 32 36 0.15390272
597 187 31 36 0.17509072
590 184 28 39 0.60284704
919 213 37 34 0.7812215
224 167 36 34 0.824278
667 197 34 35 0.8328086
772 155 36 37 0.83618134
103 193 40 46 0.8441342
402 221 33 35 0.8674721
357 208 29 37 0.8702176
510 184 36 35 0.8708251
842 188 31 37 0.9130209

