10_People_Marching_People_Marching_2_277
302
510 214 23 17 0.010009431
384 187 14 21 0.010023526
270 198 21 18 0.010073416
257 203 8 10 0.010212452
94 275 45 53 0.010220524
299 197 22 19 0.010277247
23 165 6 7 0.010330005
62 190 32 42 0.010390673
276 202 9 10 0.010421706
275 190 9 9 0.01053586
6 155 19 29 0.010583952
231 179 13 18 0.010711656
268 184 22 17 0.0107260365
514 188 13 17 0.010789951
444 201 22 18 0.010802927
256 185 14 17 0.0108474
29 215 25 16 0.010862048
824 176 7 9 0.011090689
889 200 21 19 0.0111561585
643 172 9 7 0.011244026
871 231 24 18 0.011379751
710 183 22 26 0.011573429
725 203 9 9 0.011587162
579 146 6 6 0.011598418
980 175 10 8 0.011832424
289 186 13 19 0.011869301
296 158 8 10 0.011873691
308 178 7 9 0.011901001
568 148 6 7 0.011921946
608 202 14 18 0.0119857155
991 172 14 17 0.012023642
376 241 30 36 0.012042615
774 214 22 28 0.012179255
870 192 9 12 0.012247769
559 181 14 17 0.012420398
341 142 6 7 0.0124506615
558 214 13 17 0.012496259
512 160 9 9 0.012531649
527 204 10 11 0.012597677
576 205 14 17 0.012599819
301 152 13 19 0.012679316
1009 221 10 12 0.012726518
831 203 9 11 0.012780919
284 216 23 18 0.0128085045
535 160 7 8 0.012950421
880 192 9 12 0.013142937
21 188 9 10 0.01315811
509 191 28 36 0.013178527
574 155 13 17 0.013298861
550 208 9 10 0.013342939
86 158 10 8 0.013410219
751 198 22 18 0.013503034
339 174 11 9 0.013641788
598 148 6 6 0.013719371
442 187 23 18 0.01389926
320 187 10 11 0.013994754
241 184 10 12 0.014497617
147 219 9 13 0.014722989
272 174 11 11 0.014971489
322 159 7 10 0.015116163
553 204 21 19 0.015478863
373 172 9 7 0.01549974
751 175 9 10 0.015516952
561 207 9 10 0.015596724
268 231 22 19 0.015827145
511 171 13 17 0.015903182
403 160 8 7 0.015916046
691 187 9 10 0.015948327
576 185 14 16 0.016148668
608 217 9 11 0.01635646
452 173 10 10 0.01637751
21 168 13 17 0.016393965
144 190 8 12 0.01640384
711 232 23 19 0.016477222
945 232 20 21 0.016615469
166 184 22 27 0.016910061
195 190 8 11 0.016930833
424 154 23 17 0.016977979
412 201 23 18 0.017017959
284 198 21 20 0.017100243
116 137 9 9 0.0173011
322 174 7 9 0.017432109
548 218 9 10 0.017447699
188 251 30 33 0.017541971
706 177 8 9 0.017585786
369 187 14 20 0.017673183
172 174 12 18 0.017763626
191 255 25 16 0.01780836
140 216 22 29 0.017829973
674 176 8 8 0.017906122
67 156 7 7 0.017976005
345 233 25 18 0.018128922
771 193 11 10 0.018162716
767 218 24 17 0.018260388
262 175 9 11 0.018313652
164 197 13 19 0.01840254
579 217 8 9 0.018683864
684 198 14 20 0.018739572
402 174 11 9 0.018898409
481 230 22 18 0.019033816
751 190 10 10 0.019164734
592 184 13 16 0.01919917
305 158 7 10 0.019204292
617 186 23 18 0.019331476
167 189 8 12 0.019665388
2 176 7 10 0.019680288
726 177 9 9 0.019937113
484 187 19 27 0.019982537
412 182 24 18 0.020071348
344 187 23 19 0.02018124
114 131 8 7 0.02019024
166 174 8 12 0.020199277
461 180 19 29 0.020327976
426 172 23 17 0.020524299
961 186 10 11 0.020583838
49 192 9 7 0.020647459
828 178 41 49 0.02069685
676 192 8 9 0.020771798
0 231 16 21 0.020856008
517 203 12 12 0.020921126
850 213 21 18 0.021046551
37 161 6 7 0.021144493
825 198 20 20 0.021186326
660 175 9 8 0.021253314
769 200 14 11 0.021453612
470 178 10 10 0.021468483
392 183 24 17 0.021501184
165 171 12 20 0.021815445
24 199 42 56 0.02204635
166 200 9 12 0.022201162
498 190 9 10 0.022349996
367 196 23 18 0.022521773
121 270 26 17 0.022642545
64 146 7 7 0.022687193
516 189 9 10 0.022740265
485 205 11 11 0.022810629
858 217 22 18 0.023383709
468 175 14 17 0.024238875
294 177 7 8 0.024281643
166 185 12 20 0.024395894
610 207 9 10 0.025143007
871 200 10 12 0.025174681
832 190 8 11 0.025312105
433 142 8 7 0.025350701
611 173 7 7 0.025742466
718 186 13 18 0.025830787
670 189 22 18 0.025974073
495 204 10 11 0.026072029
561 217 9 10 0.02634104
417 175 11 10 0.026594477
215 247 24 18 0.027364012
744 187 21 19 0.027642375
5 190 19 32 0.028540185
396 172 24 17 0.028655032
480 201 21 18 0.02907203
177 188 8 12 0.02931744
292 190 8 8 0.031307675
405 142 7 7 0.031568233
957 182 20 19 0.031577226
542 169 13 18 0.031667348
519 200 21 20 0.03167048
551 160 7 8 0.032222737
779 198 22 18 0.032810617
738 177 10 9 0.032920655
786 202 10 10 0.03311728
386 158 9 6 0.033135623
689 175 8 10 0.0332169
705 184 14 18 0.03336678
817 189 13 19 0.033539183
484 175 9 11 0.033595264
819 192 8 11 0.03393725
25 203 24 16 0.033957306
532 183 14 17 0.034145787
776 218 23 18 0.034387305
377 197 24 19 0.03439085
145 215 13 20 0.03442481
5 213 19 32 0.034567017
879 199 10 13 0.03459996
2 187 8 10 0.03467702
635 192 22 29 0.03550783
492 201 14 17 0.035543345
341 162 8 9 0.03571768
20 206 11 10 0.03574601
202 250 24 17 0.03587855
259 190 8 9 0.03635449
482 172 14 18 0.03671795
451 157 9 8 0.03739043
329 168 19 28 0.038210087
433 187 15 19 0.03823053
332 173 23 18 0.038305793
642 162 7 6 0.038483858
630 173 8 7 0.039026495
744 192 23 27 0.03910063
547 185 8 10 0.03984329
595 177 7 8 0.040598035
995 188 14 18 0.04096463
740 203 11 10 0.041153636
741 192 10 10 0.041248865
445 169 22 18 0.041652426
721 190 9 10 0.04183642
829 187 13 19 0.04318241
128 129 8 9 0.043345455
683 185 22 19 0.043780528
708 188 9 10 0.044030126
579 175 7 8 0.044049665
1002 218 20 20 0.044313394
59 203 31 44 0.044583723
606 188 14 17 0.04467679
1012 176 7 9 0.04594314
5 205 11 12 0.04661244
373 160 8 6 0.046689626
477 182 14 17 0.04779634
422 160 9 8 0.048353534
998 192 9 10 0.04859623
12 202 23 17 0.049071923
470 185 11 11 0.049107272
481 185 9 11 0.049560927
739 189 14 17 0.04980711
354 160 9 8 0.050184615
432 157 9 8 0.050311163
804 192 9 11 0.05064706
765 191 23 18 0.050815463
412 172 22 17 0.05097626
234 179 21 19 0.05281161
805 199 9 11 0.053678982
316 183 21 20 0.05382322
803 195 13 18 0.053867564
532 171 14 17 0.054638177
736 198 21 18 0.054716405
307 184 14 18 0.055158563
580 209 8 9 0.05530921
0 148 10 23 0.056100167
864 190 20 20 0.056405153
2 153 7 13 0.057516176
609 192 9 10 0.057567738
514 174 8 10 0.058095004
34 172 7 6 0.058161758
52 162 6 6 0.058625557
534 186 10 11 0.059859358
173 183 13 20 0.062671974
628 160 6 6 0.06567666
789 191 10 11 0.06576808
611 158 6 6 0.06587772
803 184 22 26 0.066113956
847 197 22 19 0.066141464
1011 188 10 11 0.06717971
33 206 10 9 0.0708259
873 189 20 20 0.07145418
599 156 6 7 0.07310093
58 145 6 7 0.07395428
53 171 8 8 0.0746481
959 173 14 16 0.07755992
257 171 21 19 0.07849715
494 170 14 17 0.08036718
787 188 14 18 0.0817384
33 192 8 8 0.08479783
767 192 22 27 0.08679838
562 184 9 10 0.088630565
872 195 20 20 0.089287676
594 187 9 10 0.090717606
2 143 6 11 0.09192866
534 174 9 10 0.092621855
821 201 10 12 0.09267164
469 181 14 18 0.099507034
546 173 7 10 0.09958226
558 174 13 16 0.100531556
798 189 20 19 0.103294
674 196 22 20 0.105053924
309 186 9 11 0.10617337
866 195 20 21 0.118800096
819 198 14 17 0.12189233
498 173 9 12 0.124005616
566 156 6 8 0.1279183
228 171 19 21 0.12805176
946 188 10 12 0.12951836
4 201 14 19 0.14273544
191 263 24 18 0.14551772
579 188 8 9 0.15234235
995 175 8 9 0.15412109
677 192 21 28 0.15539132
382 183 20 30 0.16160521
326 176 20 28 0.17151125
578 158 7 9 0.17526844
513 199 21 20 0.17561375
366 182 21 30 0.18354324
847 188 21 21 0.18434465
763 196 23 19 0.19648145
926 187 18 29 0.199271
23 171 8 10 0.21764319
1005 184 19 20 0.21945551
914 184 19 30 0.23789741
231 173 22 20 0.24440895
561 177 9 11 0.2554692
961 175 10 10 0.2661166
264 170 22 19 0.2814362
428 185 21 31 0.28206658
939 185 20 19 0.29033932
52 193 43 59 0.2920705
839 186 22 29 0.29607686
331 180 22 20 0.31845483
972 190 23 20 0.44946885
617 188 33 36 0.5980968

