58_Hockey_icehockey_puck_58_825
20
549 98 21 36 0.70769286
840 393 37 52 0.73821753
600 114 22 33 0.764583
772 101 20 35 0.7787228
95 383 40 50 0.7790669
455 84 19 34 0.7905811
643 104 20 33 0.81115615
713 118 25 40 0.85945284
791 217 32 40 0.87852037
210 228 31 40 0.8893586
251 105 24 42 0.8895022
351 102 19 37 0.8899186
395 113 19 37 0.8931619
213 116 26 39 0.90687495
475 213 28 43 0.91055274
300 117 19 39 0.9196303
574 229 29 42 0.9388279
342 214 32 42 0.9485397
682 219 27 41 0.9498881
106 106 26 41 0.9508511

