58_Hockey_icehockey_puck_58_245
20
528 98 27 39 0.7133936
615 195 26 39 0.76066214
680 289 26 39 0.7687801
889 47 22 33 0.7717651
353 205 29 35 0.79397833
154 75 29 34 0.8142313
613 69 26 40 0.8449976
736 63 25 40 0.8511112
100 186 28 39 0.86721706
678 52 27 41 0.8706595
810 51 26 40 0.8879597
408 82 30 39 0.90037715
282 76 26 38 0.90997773
474 113 29 39 0.915021
842 194 23 41 0.92825437
197 119 30 36 0.9290372
255 201 29 39 0.9406274
903 166 29 41 0.9431518
103 95 27 39 0.95125306
199 225 29 41 0.9748916

