0_Parade_marchingband_1_355
68
516 168 37 58 0.010024289
776 113 22 28 0.01082586
424 122 6 11 0.011325147
437 52 9 11 0.011498081
906 77 27 15 0.011613092
987 39 37 63 0.011618698
337 125 7 9 0.011719081
989 75 33 63 0.012462951
794 98 21 28 0.012993971
869 139 7 12 0.013571722
538 106 21 21 0.0138715785
432 141 6 10 0.014134735
521 176 27 42 0.014227568
1014 143 9 32 0.014232617
451 103 34 50 0.014486667
995 121 29 76 0.015129101
924 88 21 29 0.015434875
1006 139 14 46 0.015586127
829 118 21 31 0.01565549
965 87 18 31 0.015900854
349 113 22 21 0.015991258
1002 131 20 58 0.01662246
657 59 7 10 0.016694978
811 122 23 18 0.018227661
202 63 16 36 0.0184233
996 112 12 23 0.018983258
994 86 24 46 0.02027856
686 50 19 30 0.020754803
324 127 6 9 0.021553552
926 133 21 20 0.022370564
525 147 21 20 0.02239357
682 114 20 32 0.022958057
926 118 19 31 0.023830038
324 137 7 9 0.023843545
433 123 6 10 0.024498206
960 55 19 33 0.025345407
998 91 17 36 0.026449721
510 149 22 19 0.028381191
867 134 12 24 0.03025669
520 143 20 31 0.030958002
317 148 12 24 0.032630313
778 100 24 27 0.03338851
347 106 23 21 0.033764247
694 49 12 22 0.04555659
876 117 20 30 0.04775007
891 84 25 18 0.049710788
826 179 22 33 0.051680066
683 110 30 41 0.05549514
809 118 21 30 0.059490677
560 90 19 38 0.06929181
997 107 22 53 0.074728824
540 115 13 21 0.07760796
525 120 19 32 0.081487134
785 105 21 19 0.103903554
536 114 13 21 0.10517307
817 167 35 53 0.11640611
537 112 20 32 0.11795993
906 86 26 17 0.15817386
556 80 31 56 0.31257242
898 88 30 35 0.33444124
352 103 27 37 0.36359328
581 161 36 68 0.6060235
358 98 20 36 0.62063444
887 107 30 35 0.7056171
688 98 42 57 0.86553216
564 86 29 43 0.865895
458 111 22 33 0.8798011
813 174 28 40 0.88286173

