0_Parade_marchingband_1_910
66
402 342 36 60 0.010233662
22 171 13 21 0.010276854
299 86 17 41 0.01061683
153 226 21 29 0.010700283
1 215 27 40 0.010822655
260 87 17 40 0.01112034
421 269 39 55 0.011295271
1008 81 14 43 0.011814479
4 263 8 12 0.011871347
690 134 38 66 0.012299744
998 122 14 43 0.012418586
4 167 18 33 0.013751087
96 171 23 17 0.013877181
690 114 35 65 0.014474044
569 47 42 65 0.015457508
285 266 42 51 0.01570191
349 231 19 37 0.016520891
427 211 18 40 0.016839623
261 175 8 10 0.017769951
1015 60 8 31 0.01786036
5 184 27 41 0.018460691
808 75 36 59 0.020293964
203 210 31 38 0.021231491
448 259 29 45 0.02142797
118 237 23 20 0.021715969
7 188 18 34 0.024940288
4 255 17 34 0.025602551
520 238 32 41 0.025678806
3 219 17 34 0.029099796
199 189 40 54 0.029386569
795 342 42 74 0.03100828
966 300 27 48 0.032502513
675 120 36 61 0.034704573
427 190 24 53 0.035985902
579 220 48 83 0.039214037
253 72 31 67 0.042707283
1014 69 8 30 0.04394124
535 224 26 51 0.04576232
293 72 32 66 0.049446657
529 227 39 61 0.055080105
427 147 17 37 0.055499364
426 136 18 35 0.058156062
37 240 28 40 0.05997117
1010 63 13 42 0.06202218
825 82 25 44 0.07999414
90 243 22 30 0.10773895
67 232 28 42 0.1091563
421 198 31 64 0.12301504
342 239 28 42 0.124365866
479 196 35 61 0.13316616
579 112 35 63 0.16708228
112 241 21 21 0.1891301
102 235 20 34 0.2534584
331 240 30 39 0.30119222
441 266 38 56 0.41387758
484 191 24 51 0.4598111
964 277 36 74 0.46896014
289 258 32 39 0.47413972
41 226 28 43 0.49240872
522 217 34 65 0.5318727
783 347 64 82 0.59020305
574 228 43 60 0.7153231
74 239 30 39 0.73181766
377 251 35 60 0.77235216
137 223 31 36 0.7872593
208 202 43 49 0.79620653

