0_Parade_marchingband_1_379
202
565 299 7 8 0.010012285
954 311 17 20 0.010569601
417 321 21 19 0.010718334
429 290 22 19 0.0107748965
960 294 7 11 0.010779518
678 312 12 19 0.010844157
982 359 6 7 0.010911026
177 318 19 29 0.010931051
784 383 18 32 0.010968791
589 311 19 27 0.011113788
670 340 13 19 0.011144739
388 338 20 31 0.011386872
316 310 21 29 0.011409289
187 333 20 21 0.011693765
390 306 23 18 0.01184324
277 320 42 52 0.011877586
866 324 12 17 0.011977813
482 316 7 11 0.0122739
623 323 8 14 0.012292846
262 328 10 12 0.01241465
782 314 19 20 0.012423393
595 321 18 20 0.012482874
545 300 8 8 0.012601029
880 311 11 20 0.012613993
473 325 8 13 0.012816743
147 344 13 19 0.012848014
524 411 20 32 0.0129106855
766 360 12 18 0.012915001
755 347 7 9 0.013038972
796 375 13 18 0.013183447
503 340 12 19 0.013429037
786 346 7 9 0.013442102
964 345 7 9 0.013586124
790 360 8 10 0.013624795
837 326 8 11 0.013902241
79 271 15 44 0.014030713
264 335 20 29 0.014085071
930 323 13 17 0.014203412
186 316 27 36 0.014227528
387 313 11 12 0.014267005
602 318 17 22 0.014294136
647 356 12 19 0.014471276
818 135 11 24 0.014855349
825 295 6 10 0.01486057
189 314 21 18 0.015095092
753 361 7 12 0.015107602
201 333 19 29 0.015846893
995 318 7 8 0.015857464
235 326 22 19 0.015977824
812 316 18 27 0.016022665
846 317 18 20 0.016031861
1000 350 7 8 0.01610558
533 330 9 10 0.01618158
916 345 7 8 0.016375367
908 309 12 19 0.016678438
950 348 6 8 0.016752847
535 311 13 18 0.017021924
661 393 9 11 0.017491734
284 327 31 38 0.017514102
510 303 8 11 0.017583406
184 325 13 21 0.017841768
833 311 12 18 0.017881978
659 340 8 12 0.017885186
490 314 19 30 0.017971352
595 314 12 18 0.018125493
385 324 12 12 0.018159712
770 371 12 19 0.018416718
658 390 14 19 0.018532297
505 345 8 11 0.018570432
753 310 12 18 0.018572439
669 323 12 20 0.01907022
274 310 23 17 0.019433409
657 316 8 11 0.019817844
985 377 6 9 0.019949593
506 303 8 12 0.02012782
649 360 8 13 0.02054581
702 290 13 24 0.02062304
430 317 13 22 0.020648269
226 332 19 31 0.020859592
280 299 25 15 0.0212818
378 309 29 36 0.021382144
82 309 16 32 0.021503542
375 322 13 18 0.021622121
725 314 6 9 0.022275673
818 340 8 11 0.022403007
902 345 6 8 0.022563932
703 307 13 20 0.022585485
705 297 18 30 0.022922423
687 309 13 19 0.022971231
672 327 8 12 0.023746764
94 317 10 12 0.023833398
792 394 9 12 0.024083816
5 90 29 83 0.024600286
530 324 21 20 0.024688492
95 325 11 12 0.024856577
673 344 8 11 0.025041087
515 332 8 12 0.02569041
801 313 12 19 0.025964664
93 316 17 31 0.026360089
536 313 8 10 0.026758382
676 375 11 12 0.026931068
771 344 7 10 0.027283441
88 317 10 13 0.028395504
799 378 9 11 0.028941877
960 360 7 8 0.029076282
78 261 21 58 0.029381737
392 296 22 18 0.029829716
912 314 7 11 0.031009674
640 391 12 20 0.031085247
543 313 9 9 0.03144215
512 329 13 19 0.031686626
855 346 7 9 0.032058768
817 316 9 13 0.03256742
452 309 19 33 0.032587774
791 391 12 20 0.032986503
642 393 9 12 0.0338465
471 321 12 21 0.03460673
807 321 13 18 0.035477486
513 338 13 18 0.035492018
597 316 8 12 0.035672825
933 319 7 9 0.03630722
803 316 8 12 0.03761962
268 315 20 31 0.038840428
769 364 8 11 0.039033107
680 315 7 11 0.04073806
872 317 5 8 0.040753692
707 314 7 10 0.042022597
868 344 7 8 0.043991357
675 372 14 17 0.046091016
86 315 14 17 0.047335885
281 322 23 19 0.047400266
772 316 7 10 0.04770701
257 324 21 19 0.047821414
91 316 14 16 0.048424374
610 315 11 17 0.048524186
886 343 6 7 0.04896305
515 341 8 12 0.04990748
690 314 7 10 0.050363157
279 306 24 19 0.05300063
741 306 12 20 0.054141
836 313 7 11 0.054257326
444 306 28 43 0.054802842
772 374 8 13 0.055538606
962 323 8 11 0.06061654
612 317 8 13 0.061011806
761 325 7 10 0.06129087
809 324 8 12 0.063438475
480 325 8 14 0.06455428
1013 318 7 10 0.06703071
947 323 8 10 0.06857214
86 325 10 12 0.07054457
1014 345 6 8 0.07086529
536 311 21 20 0.080837905
505 304 11 19 0.08108936
265 325 24 18 0.082527496
914 330 6 7 0.085852355
477 323 12 20 0.091819234
952 362 6 8 0.09538703
1013 326 6 10 0.09553105
426 311 20 24 0.10352737
767 322 12 18 0.10627749
788 317 8 13 0.10808259
887 362 6 9 0.11811446
88 321 21 19 0.11991666
508 306 12 18 0.120757945
743 310 7 11 0.13184467
379 320 22 19 0.13331118
381 311 22 18 0.13823627
86 322 13 18 0.14241914
506 306 8 14 0.1452721
607 322 9 14 0.15710472
536 322 21 21 0.15828976
785 319 12 18 0.1806865
851 317 9 13 0.18684703
883 317 6 9 0.19553544
814 314 13 20 0.19934385
756 314 7 10 0.21091077
510 308 9 13 0.21154383
991 327 8 13 0.25747904
952 315 9 13 0.26452392
899 310 12 20 0.26614183
701 290 19 32 0.27025622
285 309 30 37 0.27478072
787 322 9 13 0.27568
901 326 7 8 0.27718067
984 327 9 13 0.278837
869 327 6 10 0.28027874
849 315 12 18 0.2887534
661 327 8 14 0.29005438
599 324 9 13 0.2982365
882 327 6 9 0.29884952
933 325 7 10 0.29956457
901 315 7 11 0.30083904
852 320 9 14 0.3015878
425 300 27 41 0.33654854
541 316 22 29 0.3430337
187 324 19 22 0.3472091
813 320 13 18 0.34904915
958 314 10 14 0.37780967
769 324 8 12 0.3852888
659 324 12 20 0.46633497
580 299 7 10 0.48348835

