0_Parade_Parade_0_239
65
517 310 21 30 0.010009945
876 324 27 15 0.011463593
5 299 12 20 0.01203823
202 309 24 46 0.012314965
854 318 10 10 0.0132093895
956 316 23 18 0.013298305
269 306 25 20 0.013574186
278 363 27 18 0.013622283
931 357 40 68 0.013717526
14 291 36 132 0.013774555
229 290 19 32 0.0138402255
864 318 10 9 0.014036347
830 299 20 29 0.015358916
822 301 13 20 0.016538287
835 314 20 29 0.016688842
339 289 8 10 0.016763045
203 314 17 37 0.017492544
834 316 11 12 0.017523073
613 302 25 20 0.01760882
963 318 27 43 0.018713338
210 331 13 23 0.019295279
332 314 21 20 0.020590661
349 304 32 35 0.021236634
823 288 9 14 0.02235629
1000 309 22 51 0.024694417
608 284 32 57 0.025369909
479 266 18 33 0.027704615
7 302 8 13 0.03220593
221 326 41 57 0.035276324
895 253 23 29 0.03545938
610 298 21 21 0.037416227
7 344 40 130 0.03837521
963 341 33 66 0.042988036
323 287 19 31 0.043680206
828 312 20 19 0.05008451
997 251 17 37 0.050228942
609 301 26 46 0.05162543
881 324 36 59 0.05174307
486 279 12 25 0.053471863
324 318 21 29 0.05665403
811 288 19 29 0.058378477
859 309 14 15 0.060153376
822 284 12 21 0.061915636
879 328 23 32 0.06727448
740 294 38 59 0.06800075
853 308 14 15 0.0816715
862 312 10 10 0.08397913
495 370 27 42 0.08449235
889 256 34 32 0.08570715
854 310 11 11 0.11454171
874 321 35 51 0.13222814
484 278 19 34 0.18078096
831 308 14 18 0.32498977
615 292 19 36 0.38794923
279 301 22 31 0.47329998
883 329 30 37 0.51639956
748 289 26 46 0.5503993
229 317 29 45 0.66542745
707 288 25 40 0.7344476
506 288 29 42 0.7860286
274 300 21 34 0.7953194
503 373 28 41 0.8138401
354 290 29 43 0.9221057
396 282 28 42 0.93701047
900 278 32 35 0.93727833

