0_Parade_marchingband_1_465
537
401 183 6 7 0.010053574
169 220 6 7 0.010161036
458 265 6 7 0.010258178
296 238 5 7 0.010327772
465 72 5 6 0.010341267
31 228 13 18 0.010388671
401 168 6 6 0.010434175
3 269 10 22 0.010483758
263 183 6 6 0.010521047
502 196 6 7 0.010555967
506 35 5 9 0.010585776
584 263 5 6 0.010615973
1 323 11 19 0.010623123
329 119 8 8 0.010672768
166 186 5 6 0.010879855
432 119 6 6 0.010893831
314 213 7 8 0.010928949
432 105 7 7 0.01093789
222 107 9 8 0.010993463
676 123 7 5 0.0110276295
856 227 6 7 0.011050191
456 117 6 6 0.011077032
837 226 7 7 0.011128859
915 245 7 7 0.011299846
528 233 6 8 0.011375843
711 280 5 5 0.011411769
345 232 6 10 0.011427746
471 316 5 7 0.011436186
70 312 8 7 0.011589985
759 181 5 6 0.011663257
147 264 6 7 0.011700671
384 140 6 7 0.011724793
642 139 7 6 0.011735345
728 235 7 8 0.0117970165
430 175 13 19 0.011807127
991 291 13 16 0.011917257
600 57 6 8 0.011948808
435 68 5 7 0.01196678
70 212 6 8 0.012033632
349 225 13 19 0.01203746
425 203 6 8 0.012107011
312 195 6 7 0.01212668
29 194 13 17 0.012196368
697 276 4 6 0.012208466
709 184 5 6 0.012300519
421 83 5 7 0.012301105
179 291 5 7 0.012334079
503 89 6 6 0.0124204215
484 239 13 18 0.012582431
286 129 13 16 0.012624503
196 188 5 5 0.012677245
2 292 6 12 0.012807486
562 91 7 6 0.012884849
323 203 6 6 0.0129009485
583 70 6 8 0.012936478
995 311 8 8 0.012956738
625 121 7 5 0.013043035
336 116 7 8 0.01304498
515 280 6 8 0.013051485
426 154 6 7 0.0130743105
1 244 6 14 0.013185636
345 244 6 9 0.01318759
24 187 10 10 0.013230123
343 214 7 8 0.013475075
697 199 6 7 0.013554828
743 200 5 6 0.0138875935
293 149 7 8 0.013898503
146 230 6 7 0.013905203
87 282 6 7 0.013943104
998 278 6 7 0.01421669
54 323 7 7 0.014296891
393 203 6 9 0.014352422
180 218 6 7 0.014606615
802 152 5 6 0.014690756
431 203 7 8 0.014821152
948 244 7 7 0.014997586
133 338 7 7 0.015197125
882 199 6 7 0.015227521
964 214 6 6 0.015412159
725 183 6 6 0.015501894
426 105 6 8 0.015780354
360 263 6 7 0.01580413
664 277 4 6 0.015962485
742 180 5 6 0.015968576
600 182 5 6 0.016109472
629 183 6 7 0.016289292
422 261 6 7 0.01656292
992 137 7 7 0.016605936
216 140 6 7 0.01662567
512 53 6 7 0.016684422
469 279 6 7 0.016723959
1011 279 7 10 0.016728915
1013 213 6 9 0.016740724
694 184 5 6 0.016920853
104 599 24 16 0.01701145
555 233 6 8 0.017077943
520 233 6 8 0.017155502
997 214 6 7 0.01725816
625 101 7 7 0.017467696
338 106 6 7 0.017573763
470 119 5 6 0.017625207
880 126 6 7 0.017661406
519 203 5 7 0.017910482
969 264 6 7 0.01794977
71 179 12 17 0.018079825
458 89 6 7 0.018126762
662 236 6 7 0.018175874
564 183 5 6 0.018305564
136 282 6 6 0.018341204
771 200 5 7 0.018517483
295 168 6 7 0.0185977
388 103 6 7 0.018613271
261 164 7 7 0.018748926
330 135 7 9 0.01875439
530 247 6 8 0.018792966
578 281 6 7 0.018824361
598 278 5 6 0.018858645
118 182 5 7 0.01902322
512 42 6 8 0.019054174
548 139 6 5 0.019177563
795 125 5 8 0.019239755
903 183 5 6 0.019384878
34 232 8 10 0.0195018
1002 262 7 7 0.019642526
16 277 8 11 0.019804602
769 266 6 7 0.019915907
868 199 6 7 0.020211559
73 327 6 7 0.020577082
99 310 6 6 0.020646881
946 279 8 6 0.020929046
597 122 6 5 0.021014566
134 330 6 6 0.021131074
192 278 5 6 0.021184644
470 101 6 6 0.021241965
564 101 7 6 0.021253347
552 248 5 8 0.021358436
872 183 6 7 0.021403678
253 108 10 11 0.021835333
629 138 5 5 0.02197455
902 220 7 8 0.021985559
567 122 6 6 0.022041965
662 138 5 5 0.02210164
454 166 6 6 0.022117605
470 156 5 6 0.02225636
3 257 11 22 0.022265442
532 181 5 6 0.022274796
181 185 5 7 0.022313524
982 235 6 6 0.022315213
822 201 6 6 0.022374345
676 275 5 6 0.02238631
707 98 9 9 0.022529002
197 217 6 8 0.02253522
482 93 6 5 0.02260847
144 200 6 8 0.02264912
218 116 7 9 0.022698388
167 196 5 7 0.022704042
426 180 6 9 0.022978242
102 346 6 6 0.023021987
99 280 6 6 0.023052225
433 139 6 6 0.023105048
610 201 6 7 0.023129674
134 261 7 7 0.023326369
835 204 7 6 0.023472799
421 69 5 7 0.02353399
119 194 6 8 0.02354249
517 138 5 5 0.023751104
499 249 7 8 0.023855606
931 267 8 7 0.023911148
503 262 5 6 0.0241781
486 235 7 8 0.024384353
116 329 6 6 0.024447478
583 245 6 8 0.024483066
242 166 6 6 0.024737738
882 183 6 7 0.025186
227 140 6 7 0.025224071
435 261 6 6 0.025293794
849 182 7 7 0.025327422
773 181 5 6 0.025404342
377 154 7 7 0.025619632
374 118 7 7 0.0259298
223 116 8 9 0.025946332
872 250 7 8 0.02595954
881 262 7 7 0.025977775
708 86 13 17 0.026216716
242 279 6 6 0.026273726
936 200 5 7 0.026480526
135 197 6 7 0.026761346
241 262 5 7 0.026810445
232 277 5 6 0.02709203
303 250 6 7 0.027158132
423 250 6 7 0.027332345
535 120 5 6 0.02733872
119 339 6 7 0.027410937
353 231 7 11 0.027526194
793 155 5 6 0.027643638
321 210 7 9 0.027673356
197 197 5 6 0.027885713
977 279 7 7 0.027969258
99 325 6 6 0.028282266
198 163 5 7 0.028404085
517 181 4 7 0.028519714
596 244 6 8 0.02868176
20 316 9 10 0.02868188
597 264 5 6 0.028819552
934 167 6 6 0.02884786
399 210 8 9 0.028865052
325 181 6 6 0.028911384
298 179 6 7 0.029021297
435 56 6 6 0.02922973
505 70 6 7 0.029410427
1015 201 6 8 0.029748904
182 198 5 7 0.030130448
485 245 8 9 0.030159265
148 290 7 6 0.030281838
215 182 6 7 0.030515697
1014 182 6 8 0.030659078
804 212 6 7 0.030743156
913 290 7 7 0.031063551
708 199 5 6 0.031118028
355 180 6 7 0.031132346
74 234 6 8 0.031159848
131 184 6 8 0.031185232
979 263 7 6 0.03142794
507 54 5 7 0.031529475
980 213 6 6 0.031659007
517 249 5 7 0.03166153
551 179 5 8 0.031817
998 247 7 7 0.031979952
4 273 7 12 0.032063644
74 243 6 8 0.032241978
868 218 6 7 0.03248098
567 245 5 8 0.0325246
114 261 6 7 0.032697875
678 137 6 6 0.03290605
214 167 5 6 0.03327806
169 247 5 7 0.03334559
179 162 6 7 0.033484902
85 323 6 8 0.033556256
178 313 5 7 0.03363916
513 70 5 7 0.03380466
799 125 6 8 0.033821054
728 133 7 7 0.034032658
25 194 9 11 0.034065537
951 135 5 6 0.03430742
471 200 6 7 0.03433027
609 216 7 9 0.03444634
335 136 6 7 0.034567337
505 103 5 6 0.03482353
95 219 6 7 0.035108894
854 216 7 7 0.035415854
968 281 7 7 0.03574083
431 226 7 11 0.03587531
242 154 7 6 0.035887714
39 307 7 10 0.036282904
946 201 6 6 0.036649898
247 138 8 8 0.037052307
906 282 7 8 0.0371481
995 199 6 6 0.03728506
997 153 6 7 0.037692595
579 165 5 6 0.03820171
290 115 9 10 0.038277186
425 226 7 10 0.038428925
154 162 6 8 0.038834486
884 150 5 7 0.03912705
168 280 6 6 0.03938667
626 265 5 5 0.040067967
481 262 6 6 0.04026221
229 184 5 7 0.040709738
250 116 9 10 0.040976133
964 245 6 7 0.04122328
736 132 7 7 0.04127703
328 153 7 8 0.04165865
424 120 6 8 0.041735698
647 260 5 6 0.04214887
568 136 6 5 0.042392056
597 87 7 6 0.04259803
933 150 5 6 0.042819876
534 101 6 7 0.0429952
535 74 6 6 0.043144755
613 250 6 7 0.043306243
425 216 8 10 0.04337394
102 247 6 6 0.043392323
967 169 5 5 0.043799073
791 214 6 6 0.043891948
255 134 9 9 0.04405686
547 118 6 7 0.04408155
83 249 6 6 0.04408992
532 138 5 6 0.044242706
997 184 5 7 0.044298884
579 120 6 6 0.044356637
485 179 5 7 0.04445395
505 120 6 6 0.04447288
674 252 5 7 0.044824246
258 153 7 8 0.044845108
627 233 6 9 0.044934887
601 135 5 5 0.045088492
706 231 7 7 0.045295853
759 263 6 6 0.04565405
436 249 6 7 0.045895405
622 89 8 7 0.045980137
467 89 6 6 0.046108384
376 106 6 7 0.04630546
242 181 6 7 0.04648292
517 152 5 6 0.04661215
230 260 5 8 0.046726327
41 297 9 12 0.04678173
376 166 6 6 0.04684817
918 181 5 7 0.046873964
707 247 5 7 0.047142714
594 103 7 6 0.04766913
735 236 7 8 0.048084404
618 282 5 6 0.048193928
966 199 5 5 0.048809726
729 122 7 9 0.049356047
789 200 5 7 0.049633168
915 283 7 7 0.04979401
578 137 6 5 0.049827445
662 103 7 7 0.049893588
728 247 6 7 0.049928673
646 152 5 5 0.050312404
918 228 7 8 0.05044967
515 102 5 6 0.050493833
706 136 6 6 0.050708123
791 182 5 6 0.050853487
232 164 6 7 0.0511116
1009 294 7 9 0.05153813
353 214 7 10 0.051922683
694 249 6 7 0.05221383
239 248 6 7 0.052572586
981 185 5 5 0.05259653
176 245 6 8 0.052820656
520 260 6 9 0.05325665
599 167 5 5 0.053406056
67 197 7 8 0.053643003
303 258 7 10 0.053974245
176 228 6 7 0.054081827
822 213 7 7 0.054662496
515 91 6 6 0.054668732
881 228 7 8 0.054800544
615 100 6 6 0.054809768
164 264 5 6 0.055187188
880 249 6 9 0.05548307
659 119 7 7 0.055654578
610 227 6 8 0.05567867
470 254 6 7 0.055809963
1002 165 6 7 0.05605156
935 183 5 7 0.05626614
420 59 5 7 0.05670336
1011 153 6 9 0.05738471
752 88 8 10 0.057565168
5 262 7 12 0.057711136
99 298 6 7 0.057744592
513 118 5 6 0.05837983
1009 252 8 9 0.05852703
930 232 7 8 0.058958787
337 154 6 7 0.059597794
357 247 6 8 0.059737857
901 226 7 8 0.06041463
115 296 7 6 0.060666252
73 171 7 9 0.060709976
426 165 6 8 0.060847856
679 187 7 7 0.061226282
742 261 6 7 0.061452884
134 295 6 5 0.061812
311 173 6 6 0.06199484
947 232 7 8 0.062040057
614 166 4 5 0.062108688
430 214 8 11 0.062155973
726 166 5 6 0.06230025
979 166 6 6 0.062520534
535 87 6 7 0.06281744
629 245 6 8 0.06296734
691 134 6 6 0.06302401
901 167 5 6 0.063335925
503 138 5 6 0.063529424
118 249 6 6 0.064283155
254 111 10 12 0.06446776
78 182 7 10 0.06483853
470 182 5 7 0.065589614
103 261 6 6 0.06564894
581 101 6 6 0.06592689
965 151 5 6 0.066079065
610 137 6 5 0.06689724
115 282 6 7 0.06691573
289 131 9 11 0.06727789
615 122 6 5 0.06826248
851 125 7 7 0.068619475
294 260 7 9 0.06926999
707 167 5 6 0.06977736
502 183 5 8 0.069934025
1009 162 6 9 0.07013844
948 181 5 7 0.071724795
49 278 7 9 0.0721167
83 232 6 6 0.07219398
392 208 7 11 0.072286755
659 165 5 6 0.073155716
693 124 6 7 0.07326011
737 244 6 8 0.073449
691 166 5 6 0.07383251
931 280 8 8 0.07402441
616 263 6 7 0.07434645
977 293 7 10 0.074430846
566 166 5 6 0.074913785
695 263 5 5 0.07573901
117 309 8 6 0.07607505
874 131 7 7 0.07616012
483 102 5 6 0.07666402
647 251 5 7 0.07691994
871 228 6 7 0.076931
85 301 6 7 0.07716124
100 234 7 6 0.07829389
693 151 5 6 0.07834357
710 89 10 11 0.07915055
3 327 8 11 0.079445794
870 263 7 9 0.08025506
339 182 6 7 0.08074821
965 185 5 5 0.08083524
966 294 7 8 0.08130695
1011 138 6 8 0.08184653
753 157 6 7 0.08216164
311 181 5 6 0.08220211
739 151 6 8 0.08273967
483 121 5 6 0.08282842
947 168 5 6 0.08293257
743 168 5 5 0.0844974
820 183 6 7 0.085046954
85 259 6 7 0.08515798
550 100 7 7 0.08705034
502 154 5 5 0.0882983
20 319 9 12 0.088349305
648 166 5 6 0.08946597
88 217 6 7 0.089547254
795 130 6 8 0.09019043
806 168 5 6 0.09040387
487 139 5 6 0.09151697
982 198 5 6 0.091753446
520 165 4 6 0.091857135
32 197 8 10 0.09226387
434 178 7 10 0.0949852
614 153 6 5 0.09520014
756 163 5 6 0.096191
737 120 7 9 0.09648465
615 90 7 7 0.09667541
130 244 6 8 0.09678355
625 280 6 6 0.097078085
549 91 7 7 0.097291626
2 312 6 11 0.09762881
434 153 6 7 0.097679906
130 312 7 7 0.09821894
486 150 5 6 0.09881205
130 235 6 7 0.09947754
882 215 6 7 0.099883005
835 214 6 8 0.10096016
802 203 7 7 0.10106252
632 165 5 6 0.10168632
917 169 5 7 0.10246685
197 153 5 7 0.10294835
471 209 6 9 0.103017464
73 182 8 11 0.10360389
872 151 6 7 0.10390684
849 166 7 7 0.10542144
582 91 6 7 0.10554406
534 165 5 6 0.10604754
807 183 6 6 0.10722995
705 119 8 9 0.10753086
49 305 8 10 0.110112034
839 138 6 6 0.1102867
166 156 6 8 0.11122579
579 153 5 5 0.1132136
680 150 5 6 0.11449012
181 280 5 6 0.114626735
149 283 6 7 0.11503949
979 154 6 7 0.11634649
724 263 6 6 0.12045337
597 232 6 9 0.12096362
599 154 5 5 0.12213994
662 249 5 7 0.122723676
229 151 5 6 0.124697424
389 180 6 8 0.12484451
835 154 6 8 0.12853564
551 166 5 6 0.12983698
880 168 7 8 0.13049437
530 154 5 6 0.13125938
705 153 6 7 0.13173133
162 161 6 8 0.13235225
549 152 5 6 0.13325192
368 249 7 8 0.13447474
901 149 5 7 0.13462488
169 228 7 8 0.13519469
771 158 6 6 0.13590504
994 294 9 10 0.13604
852 131 6 6 0.13758251
114 168 7 8 0.13856669
837 181 7 9 0.14026524
384 151 7 9 0.14102075
921 138 5 6 0.14399458
213 150 5 7 0.1448292
901 136 6 7 0.1450106
664 259 6 6 0.14520048
947 154 6 6 0.14719494
46 298 9 12 0.14748992
728 152 7 8 0.15117273
872 164 7 9 0.15516938
629 152 5 5 0.15524665
839 165 7 7 0.15734065
681 166 6 7 0.15825133
852 151 7 8 0.15859169
487 168 6 8 0.1590296
983 246 7 7 0.16384266
880 130 6 7 0.17272955
799 130 6 8 0.1732231
773 163 5 7 0.17328739
560 231 6 8 0.17484407
467 258 6 7 0.1792009
709 264 5 6 0.17994124
961 135 7 6 0.18212666
569 152 5 7 0.18534777
434 164 6 7 0.18793346
935 135 5 7 0.19099319
344 164 7 7 0.19228162
917 152 5 7 0.20028548
660 152 6 5 0.20535128
469 164 5 6 0.21575998
503 163 5 6 0.21748196
325 166 7 8 0.21817438
793 166 5 7 0.21957532
176 154 6 8 0.22155313
294 246 6 7 0.23174149
674 260 5 6 0.2455363
353 165 6 7 0.25788113
132 164 6 8 0.26233017
816 168 7 6 0.26361492
1009 256 8 10 0.2750328
984 136 7 7 0.28310522
231 247 5 7 0.31658804
388 164 6 8 0.34229845
82 305 7 8 0.34330368

