0_Parade_marchingband_1_606
84
914 208 10 9 0.010034007
421 143 12 27 0.010139644
769 195 7 11 0.010185544
945 249 13 10 0.010577727
6 222 6 17 0.010656461
0 175 10 26 0.01089191
607 170 12 19 0.010893811
1 153 10 26 0.010947644
934 259 10 10 0.011025154
906 204 22 18 0.01131201
963 319 12 25 0.011410413
755 193 7 10 0.0119791785
128 216 21 22 0.01241755
127 176 19 21 0.01270056
998 308 6 9 0.0128567135
357 196 18 32 0.012878233
610 174 8 11 0.0130961025
998 293 5 8 0.014088695
27 190 20 30 0.014497413
783 155 27 42 0.014641191
492 131 19 41 0.014741455
490 146 21 35 0.014857813
184 207 21 21 0.015032508
609 159 17 33 0.01515189
608 161 12 21 0.015681414
616 195 23 21 0.016416054
1016 289 5 11 0.016490774
190 248 20 20 0.016641552
263 146 22 33 0.016672112
978 273 7 8 0.017090194
1017 274 4 12 0.017287267
652 159 16 35 0.017904537
0 185 9 27 0.017948013
443 182 17 33 0.018003147
943 220 22 16 0.018116957
945 215 10 8 0.018245747
638 135 18 33 0.018400636
2 144 8 14 0.018568588
712 147 23 19 0.01988097
636 137 12 22 0.019894436
939 235 20 27 0.02034941
1014 305 6 12 0.020373177
574 211 9 13 0.021169309
967 271 7 8 0.021812953
566 177 12 20 0.022315977
701 179 23 21 0.024504492
849 113 19 21 0.024919773
933 212 9 9 0.025068844
644 164 8 12 0.026001602
59 163 21 34 0.02623668
9 212 17 33 0.03008784
174 198 18 34 0.03173676
841 121 22 21 0.03358217
575 191 17 33 0.034115396
3 156 16 35 0.03511535
494 90 20 31 0.035553634
642 159 12 21 0.036945045
2 204 9 29 0.037365098
568 206 13 21 0.0399883
0 140 10 23 0.04001236
176 208 21 20 0.045166645
4 215 10 28 0.05034758
632 136 12 22 0.05812284
571 208 13 19 0.062317006
437 183 13 26 0.06321363
949 223 12 9 0.06341177
943 251 15 15 0.06866148
18 208 13 26 0.103411384
560 192 17 35 0.12414719
938 246 25 16 0.14507364
430 159 15 41 0.19072445
801 106 18 33 0.19582102
12 199 17 33 0.22122933
48 153 35 54 0.31287128
191 241 19 21 0.32991537
433 179 18 35 0.33291516
46 158 28 42 0.82923514
135 209 19 33 0.8544173
706 166 23 45 0.878518
260 133 28 45 0.89445406
620 189 18 37 0.9040327
842 147 27 39 0.91610855
489 125 29 57 0.93778074
788 148 36 55 0.9551799

