0_Parade_marchingband_1_822
35
379 116 36 35 0.010852133
62 231 13 20 0.0114530595
91 344 47 119 0.011485784
831 110 21 33 0.011852573
862 110 29 42 0.013028472
366 164 57 45 0.013169929
309 164 44 57 0.013869763
283 176 22 28 0.013939021
307 141 47 55 0.014589309
273 179 21 20 0.016369354
349 105 47 58 0.016486512
806 90 26 43 0.016707774
625 411 104 112 0.018486688
473 208 38 60 0.020689642
265 176 21 29 0.021630667
412 104 45 54 0.021635111
351 141 50 55 0.021643905
833 96 29 40 0.025090476
372 113 48 51 0.026210021
267 169 23 20 0.030112188
380 156 35 37 0.032852195
314 102 99 114 0.036207706
858 101 39 60 0.03900863
804 101 36 59 0.051698003
740 96 41 53 0.07905242
824 99 38 55 0.08528651
639 418 73 84 0.08621813
380 115 60 86 0.1095816
374 146 46 54 0.224915
329 118 68 83 0.35131234
882 61 55 80 0.63281196
641 126 52 86 0.71143776
446 130 44 60 0.7561024
756 93 28 46 0.8487871
171 100 76 90 0.98347706

