0_Parade_Parade_0_913
25
570 46 55 115 0.010245149
554 35 90 149 0.010602189
0 129 19 137 0.010985685
967 68 44 106 0.014515143
575 19 54 96 0.014615787
768 41 40 60 0.016154252
861 45 41 63 0.01923909
175 431 100 172 0.026915608
999 89 25 89 0.029507428
186 67 48 58 0.030143933
850 56 61 87 0.030344766
559 265 274 181 0.047930136
21 108 59 101 0.053733487
967 64 36 64 0.05831974
252 178 191 180 0.05985735
13 55 81 147 0.064946376
21 73 55 112 0.08506206
36 62 81 152 0.11325046
187 71 55 89 0.21719141
864 62 43 65 0.3359488
46 104 63 104 0.3812167
617 242 226 166 0.5358239
259 232 112 129 0.55720234
662 275 145 151 0.93081105
278 214 125 169 0.98776174

