0_Parade_marchingband_1_439
278
88 463 23 19 0.010014049
944 404 14 17 0.010178858
583 434 7 12 0.010219005
413 444 13 19 0.010231398
557 410 11 19 0.010238024
161 416 13 16 0.010372742
928 401 14 17 0.010398173
560 445 12 22 0.010406129
1005 501 13 48 0.010480879
1005 435 16 39 0.010523121
2 469 17 23 0.0106091285
678 392 7 8 0.010624286
594 426 11 21 0.010656622
281 390 5 6 0.010667316
914 403 10 9 0.010696775
203 458 20 28 0.010709776
135 452 10 11 0.010723152
289 388 5 6 0.0107737025
8 445 8 13 0.010796834
6 442 11 21 0.010798719
591 454 12 24 0.01081297
202 471 20 29 0.010844826
173 467 22 18 0.010891572
21 407 7 11 0.0109221265
678 439 18 33 0.010925862
1009 353 7 11 0.010937715
807 391 6 9 0.011273959
711 403 7 8 0.011383744
967 465 27 43 0.011554974
930 404 10 11 0.011556216
592 447 11 24 0.01161029
853 405 8 9 0.011619881
5 467 9 14 0.011682137
817 390 7 9 0.011711755
961 601 43 123 0.011735815
518 451 8 10 0.011805703
154 477 22 19 0.011875514
803 416 8 10 0.011938471
837 417 8 10 0.011982893
164 479 20 30 0.012012799
63 431 14 17 0.012020618
322 430 13 16 0.01202149
386 441 13 18 0.012097297
197 420 14 15 0.012269837
1001 496 19 61 0.012319636
202 558 51 85 0.012330396
651 413 17 35 0.012803651
14 442 12 19 0.012852471
339 429 14 16 0.013000418
656 440 12 24 0.013342801
113 432 14 16 0.013347108
872 401 23 17 0.013491186
296 404 6 6 0.013583376
708 439 18 34 0.013695473
658 421 6 10 0.013844775
327 496 9 10 0.01419914
314 466 21 19 0.014202611
551 460 12 22 0.014614557
4 470 16 33 0.014786408
34 446 8 11 0.015050098
276 408 6 6 0.015092129
1012 425 9 29 0.01511864
968 446 27 41 0.015358366
275 481 10 11 0.015554991
451 443 12 20 0.015775334
16 445 9 13 0.015938489
550 447 25 45 0.0161288
903 469 20 35 0.01613543
549 411 12 19 0.016138352
260 428 13 17 0.01623616
3 424 7 11 0.01625351
704 365 13 18 0.016790574
66 417 13 16 0.017191552
101 447 10 10 0.017247094
690 401 8 9 0.017313639
908 500 27 44 0.01734581
216 448 8 11 0.01735668
453 447 8 12 0.017365076
255 473 21 19 0.017428368
655 425 12 23 0.01748318
417 474 20 27 0.017538866
172 445 13 17 0.017553432
101 590 43 62 0.017695159
580 446 17 34 0.017781306
820 402 7 9 0.01790349
242 391 5 6 0.017906692
261 391 6 6 0.018019618
260 470 9 11 0.018083932
93 429 14 16 0.018087212
280 476 21 20 0.018098688
9 381 7 14 0.018445777
35 481 20 32 0.018817885
554 450 18 35 0.018940706
429 480 12 20 0.019028986
597 430 7 13 0.019168897
50 442 13 17 0.019392343
343 450 9 9 0.01939691
82 448 10 9 0.019418811
319 474 13 19 0.019443825
941 409 22 19 0.019552635
905 489 35 62 0.019655462
375 389 7 8 0.019665288
707 369 9 12 0.019962015
263 445 13 17 0.01998751
631 403 5 8 0.02020452
7 377 11 22 0.020695793
611 425 12 21 0.020708298
469 430 6 8 0.02110956
371 269 6 9 0.022515465
405 447 8 10 0.0225156
165 434 10 10 0.022866154
455 408 6 7 0.023025757
110 442 13 18 0.023179503
171 473 22 19 0.023469487
420 479 10 14 0.023589792
486 408 6 6 0.024163928
546 431 7 10 0.024340367
789 400 7 9 0.024461025
883 419 10 9 0.024658002
439 524 22 21 0.024690144
648 402 6 9 0.024786532
835 405 7 9 0.024787646
85 428 14 15 0.024994947
22 416 7 12 0.025061235
777 399 7 11 0.0251067
678 399 7 9 0.025377462
645 419 5 9 0.025396047
338 387 6 7 0.025447309
864 396 21 18 0.025463892
613 428 8 13 0.025488215
257 466 14 18 0.025665794
417 447 7 12 0.02660368
222 417 13 16 0.026645511
497 451 8 11 0.02680539
232 403 6 7 0.026873276
355 409 6 5 0.026910812
560 404 6 10 0.027010981
269 430 14 17 0.027240235
290 447 9 10 0.027344821
613 400 6 9 0.027462615
207 418 13 15 0.027529322
260 403 6 6 0.027826572
74 446 23 17 0.028585473
73 452 20 30 0.029252673
51 423 8 10 0.030677311
175 448 10 11 0.031036166
29 428 11 18 0.03137859
326 389 5 7 0.031577818
582 400 6 9 0.03165608
304 470 20 30 0.03169248
519 433 7 9 0.03178816
631 417 6 10 0.032039598
315 471 20 29 0.032077175
805 399 6 8 0.03265447
598 402 6 9 0.03268409
497 433 7 8 0.032872546
738 400 8 10 0.033449095
374 407 6 6 0.033716276
356 449 8 8 0.03422167
409 404 7 8 0.03422293
50 431 13 18 0.034324415
148 447 9 13 0.035289455
136 449 20 29 0.035426483
269 476 22 18 0.035711113
724 401 8 10 0.036196493
560 413 7 12 0.036210045
660 402 6 9 0.037014317
308 405 6 6 0.037254382
134 450 13 20 0.037543565
371 368 8 10 0.038032774
533 432 8 10 0.038575068
142 427 14 16 0.039279018
436 434 6 8 0.03985672
594 415 11 21 0.04007247
482 442 19 28 0.040160324
65 447 11 11 0.040271774
177 430 9 8 0.041055486
451 436 7 8 0.04231013
112 445 9 11 0.04241023
63 445 14 17 0.042551655
230 433 9 8 0.042594373
342 406 6 5 0.042837597
468 409 6 7 0.04291779
127 571 46 91 0.043197878
6 456 17 31 0.04323229
488 432 7 8 0.044179548
81 419 15 16 0.045285027
308 448 9 10 0.04547063
51 445 10 10 0.045692675
307 473 20 21 0.046134163
615 420 7 10 0.04634497
269 445 14 17 0.046605326
894 443 37 59 0.0482804
493 447 13 19 0.04846345
389 407 6 7 0.04862004
198 428 10 10 0.052942634
264 448 10 11 0.05306065
145 425 9 9 0.05376339
75 462 24 18 0.05589562
209 428 9 10 0.056748245
419 433 7 9 0.056806464
2 427 11 19 0.05923982
610 451 18 34 0.060277842
66 433 9 10 0.06054908
371 450 8 8 0.06079174
325 407 5 6 0.06228885
163 443 14 18 0.06262975
121 583 37 70 0.06280463
498 407 6 6 0.06285819
534 406 6 7 0.06318442
129 455 20 20 0.06383202
430 521 19 32 0.065057725
145 445 13 19 0.06792757
130 560 34 73 0.06940224
129 420 8 8 0.071189135
597 419 6 12 0.07252409
118 423 9 8 0.07296056
545 464 25 45 0.07335359
86 430 11 10 0.07708977
133 432 9 9 0.07819701
422 419 6 7 0.083366595
518 409 6 6 0.085142456
388 445 9 9 0.086573035
246 403 5 6 0.08952104
20 429 12 18 0.09166495
31 430 8 12 0.09346084
163 419 9 10 0.09549424
485 445 12 22 0.09627798
342 420 6 6 0.09873142
181 423 9 9 0.09901907
406 437 7 8 0.10177312
262 431 9 10 0.102453105
550 415 8 10 0.10624133
101 421 8 8 0.106298774
418 476 13 20 0.10719847
309 433 7 8 0.108216174
244 431 9 9 0.10877844
292 432 8 9 0.10943452
272 448 9 11 0.11193006
389 438 7 7 0.11521162
52 434 8 11 0.11818805
551 407 7 9 0.12061603
373 434 7 7 0.12254023
199 423 9 9 0.12454062
415 402 7 9 0.12531775
96 431 9 10 0.13215104
273 433 9 9 0.13863014
258 422 8 9 0.13955973
116 434 9 9 0.14477868
324 417 6 6 0.14894204
68 420 9 10 0.14921042
355 433 8 8 0.15325831
405 420 6 8 0.15335879
532 419 7 8 0.15585123
900 457 36 60 0.15640411
293 422 7 8 0.15948732
355 418 6 6 0.16722326
4 463 12 23 0.16915211
375 417 6 7 0.17148814
84 422 9 9 0.17156413
245 421 7 9 0.17751215
389 422 7 7 0.18607321
324 432 9 9 0.20026018
453 417 6 7 0.20110196
307 419 7 8 0.20204112
21 431 9 12 0.20644924
225 421 9 9 0.20910259
4 429 8 13 0.21377459
342 431 8 9 0.21506758
210 421 9 9 0.22327058
437 419 7 8 0.22496398
469 417 7 9 0.23073862
484 420 6 8 0.23492964
502 417 7 8 0.23571369
516 415 6 8 0.23692785
145 429 10 10 0.25117636
278 418 8 8 0.26190075
916 483 34 62 0.3874579

