0_Parade_Parade_0_470
74
566 181 39 69 0.010682096
796 186 23 20 0.011234964
453 147 49 56 0.012006994
791 215 44 57 0.012037958
0 50 20 20 0.012212561
763 219 32 38 0.01231761
839 186 32 38 0.0123922955
0 56 21 21 0.012556001
282 204 37 65 0.012874209
983 331 34 73 0.013253031
671 200 20 30 0.01353698
7 60 18 38 0.013999414
438 228 49 79 0.015677594
760 216 42 55 0.016851904
818 226 50 80 0.01737288
572 199 41 64 0.017494839
812 179 20 20 0.018318068
542 181 45 69 0.019009102
321 153 38 65 0.019044891
849 164 8 8 0.019208208
666 204 22 20 0.019242572
815 185 20 21 0.019271256
755 168 17 31 0.020282587
612 143 42 63 0.021676674
333 143 42 88 0.02310854
269 186 26 45 0.024017803
833 165 7 7 0.024050513
997 192 7 9 0.024268772
0 102 31 81 0.0264682
509 87 41 64 0.026819186
765 233 46 61 0.027536545
287 169 17 39 0.027789824
291 233 44 70 0.027902145
417 205 50 63 0.029186768
5 86 25 51 0.029390331
127 456 59 91 0.03082678
835 178 42 55 0.031127917
405 215 50 101 0.03127177
808 171 18 33 0.040276244
0 109 47 87 0.04399476
5 56 26 49 0.044209227
246 186 51 80 0.045959998
707 233 47 71 0.049771883
320 117 29 42 0.06474753
1 51 36 65 0.079587765
262 177 35 64 0.082854524
2 75 35 68 0.107721604
6 65 49 88 0.13173606
284 245 60 76 0.14510006
221 170 43 75 0.1488361
36 72 37 63 0.16988887
796 180 32 37 0.2565675
283 174 25 45 0.34434855
0 141 29 68 0.36477867
325 172 49 85 0.38733456
760 174 22 21 0.3986919
907 175 48 62 0.44455355
844 231 44 63 0.47083092
783 235 62 68 0.5034884
427 188 47 86 0.5638579
465 142 49 67 0.62298566
940 253 50 89 0.6325286
715 237 66 70 0.6758419
475 334 61 90 0.7094505
537 186 60 85 0.7104694
313 371 76 99 0.72313446
121 479 86 94 0.73618233
300 219 52 91 0.74265236
853 177 44 59 0.79888
209 177 66 75 0.8017169
621 123 54 81 0.8317624
600 251 68 88 0.86239886
144 171 73 79 0.88844395
42 165 75 101 0.9215888

