0_Parade_marchingband_1_476
239
917 168 44 55 0.010198281
755 46 10 11 0.010245347
6 203 10 25 0.010300029
724 34 9 11 0.010528008
353 153 13 17 0.010568234
468 125 9 11 0.010678377
37 249 23 26 0.0106826555
152 197 10 13 0.01072381
604 156 21 21 0.010749787
411 138 13 18 0.010848126
677 67 9 11 0.0108894445
173 252 18 31 0.010927011
563 109 8 11 0.010953226
502 187 24 18 0.010981504
802 3 10 8 0.011241221
414 140 9 13 0.011318038
55 238 12 12 0.011688679
722 32 14 19 0.011903262
55 226 29 34 0.012200556
487 102 9 10 0.012236774
680 41 19 29 0.012260952
677 36 10 12 0.012415498
68 245 27 36 0.012440746
504 85 8 9 0.012663824
537 157 20 20 0.012693513
244 186 13 17 0.012894859
173 238 21 19 0.013093145
427 185 27 35 0.013113778
0 301 20 20 0.013263674
562 85 8 10 0.013274568
30 253 23 18 0.013594716
80 226 10 12 0.013638779
771 36 9 10 0.01377668
894 34 22 18 0.013784632
624 40 8 9 0.013816522
277 166 7 8 0.013835468
778 43 22 18 0.014082707
889 9 23 17 0.014196176
319 171 9 11 0.014437305
691 61 14 18 0.014593491
413 126 12 19 0.014629762
809 28 22 27 0.014726137
390 131 12 17 0.014743943
536 66 12 19 0.014844822
151 195 13 18 0.014973696
386 138 12 18 0.015064609
720 52 9 11 0.015164582
624 77 9 12 0.015345516
369 159 8 9 0.015410228
497 112 14 17 0.0155271515
622 45 13 17 0.015719306
655 64 10 11 0.015871475
787 4 8 8 0.016153274
528 111 8 10 0.01647981
689 38 9 11 0.016784089
185 238 20 21 0.01763791
64 236 12 12 0.017760364
584 67 8 12 0.017871615
656 36 9 10 0.017936435
894 41 22 18 0.01841741
265 231 20 29 0.018529622
802 22 10 9 0.018603714
177 182 10 13 0.018710256
471 110 12 19 0.018787652
676 33 14 18 0.018831285
372 140 12 17 0.01889631
675 42 14 18 0.018919125
361 223 23 21 0.01892695
540 75 12 19 0.019120436
323 142 18 19 0.019224646
562 97 13 18 0.019295333
64 253 23 18 0.019369833
773 48 9 10 0.01941508
864 45 22 19 0.01977389
543 79 8 13 0.01990044
851 105 47 46 0.020024376
4 219 11 27 0.020024681
302 206 13 19 0.020246403
693 65 10 10 0.02058822
398 196 22 18 0.02084571
267 174 13 16 0.020969635
152 201 12 19 0.021158377
65 229 12 12 0.021716926
583 85 9 12 0.02181645
849 30 14 17 0.021830909
612 49 9 10 0.022092031
513 85 7 9 0.022401081
860 0 23 14 0.022647895
686 35 14 18 0.022843419
40 254 24 18 0.02289207
593 76 12 18 0.023085905
550 97 7 10 0.023339571
851 32 10 12 0.023900563
331 142 12 17 0.023940125
632 96 12 22 0.024158278
537 68 9 13 0.024190208
803 34 10 10 0.024830831
874 35 21 19 0.02494516
74 223 21 18 0.025334125
688 107 13 19 0.025423037
3 217 19 28 0.02567685
317 219 14 21 0.025740737
709 49 11 12 0.026111418
754 35 9 11 0.026452798
245 189 10 11 0.026791833
49 226 20 19 0.02684574
611 65 13 17 0.02694129
779 30 20 29 0.027434701
172 180 19 20 0.027448533
587 90 13 19 0.027463239
412 195 22 19 0.027471544
896 4 13 10 0.027511377
738 47 8 12 0.027948808
866 0 12 10 0.027962966
677 46 10 11 0.02874823
742 29 20 29 0.028959062
582 83 13 18 0.02907577
692 42 13 17 0.029426254
44 229 22 27 0.030062174
797 30 22 18 0.030170286
860 55 37 29 0.030583182
415 129 9 11 0.030714303
535 78 12 19 0.030944765
308 218 19 21 0.031089377
354 223 15 23 0.03220787
602 162 22 29 0.032803565
735 43 13 18 0.03289007
518 98 7 8 0.033370163
369 135 7 9 0.03474537
194 191 14 16 0.035413165
303 218 20 30 0.035492126
593 70 9 10 0.035854578
636 95 12 21 0.036230016
623 64 13 18 0.036603417
920 153 40 56 0.038167402
10 258 21 29 0.038177747
401 131 13 17 0.038828176
611 77 9 11 0.040081132
315 163 14 16 0.041099127
890 2 23 16 0.04162986
472 113 8 11 0.041635633
789 18 8 9 0.04164527
536 83 8 12 0.042418014
514 113 8 9 0.04275018
693 45 10 11 0.043067917
483 192 20 21 0.044576634
747 32 21 19 0.045163866
787 34 10 10 0.04590358
446 185 19 30 0.046947923
575 129 12 20 0.047633592
866 37 33 31 0.0479066
309 171 9 10 0.05029322
500 115 9 10 0.050323978
52 234 20 19 0.052443307
564 101 9 11 0.052506585
739 35 10 12 0.052557256
709 43 19 29 0.05384678
406 200 24 19 0.054293573
13 269 24 19 0.054947097
596 78 9 11 0.055441104
338 261 33 57 0.056321707
438 189 24 20 0.056330923
500 98 8 10 0.056337588
529 98 7 10 0.05653706
818 34 11 11 0.056876983
423 117 8 11 0.056966998
625 67 9 11 0.05790361
245 178 13 16 0.05798504
334 144 8 12 0.058448
255 253 18 34 0.05930016
540 66 13 18 0.059656996
515 175 20 21 0.061808266
397 200 21 28 0.0634433
624 46 9 11 0.06601558
204 178 11 13 0.06725965
333 268 29 42 0.06885491
163 197 9 12 0.06986561
196 195 10 11 0.07231501
712 48 21 19 0.07251491
405 137 12 18 0.0726867
480 115 10 12 0.073046945
812 30 21 18 0.07378169
613 68 8 11 0.07670166
781 30 22 19 0.07893653
641 56 14 18 0.07900756
392 134 8 11 0.08077687
642 52 10 12 0.08498689
388 141 8 11 0.08674528
330 259 26 46 0.09285806
161 195 13 17 0.092952535
293 173 8 9 0.09323118
737 33 13 18 0.09438379
356 156 8 10 0.0959171
292 166 8 9 0.09814432
404 133 8 11 0.10065694
582 90 13 18 0.10307361
270 176 9 10 0.104765855
640 52 13 16 0.11016106
406 140 9 13 0.11086418
261 176 13 15 0.11729644
873 41 23 19 0.11831162
59 227 22 19 0.12545821
318 166 9 11 0.1267926
157 200 13 18 0.12787558
491 194 20 29 0.12886424
612 19 8 11 0.12968658
477 113 14 18 0.1454335
316 214 19 31 0.14800349
400 200 22 20 0.1480561
283 250 25 44 0.16337655
384 217 22 30 0.16605543
705 46 20 20 0.17127253
306 162 13 16 0.17436722
374 142 8 11 0.183297
199 176 13 17 0.18370138
356 150 8 10 0.20251788
355 219 20 30 0.21333297
57 232 22 19 0.221606
247 180 10 11 0.22435968
613 204 31 42 0.22516897
429 190 23 21 0.2459487
575 159 14 24 0.25402576
494 192 22 21 0.27734894
241 254 18 34 0.27768952
222 189 14 16 0.28927442
174 184 14 17 0.29271102
454 213 26 41 0.29715595
73 255 24 20 0.2999013
589 165 21 30 0.3174613
327 145 10 12 0.3212551
521 173 21 29 0.33118755
262 178 10 11 0.34725994
423 265 33 66 0.3971546
208 248 18 32 0.4232293
675 156 31 39 0.45476022
308 164 9 12 0.513706
856 100 35 37 0.5443295
743 169 42 63 0.6159225
793 123 45 56 0.67375165

