0_Parade_marchingband_1_759
32
833 166 48 99 0.010003678
214 80 36 65 0.010993546
923 218 17 36 0.012061226
247 242 44 95 0.01302087
773 199 31 38 0.013128831
0 19 9 35 0.013454066
446 120 38 60 0.013888645
26 15 27 17 0.014392695
286 29 44 49 0.015628772
124 28 35 62 0.01565015
918 224 26 18 0.023405967
35 27 28 39 0.026998
29 9 23 29 0.033642516
10 7 21 30 0.03523585
167 0 44 48 0.056754548
477 117 39 58 0.10911169
508 133 53 76 0.12153612
586 132 57 79 0.14591551
227 15 28 44 0.4451862
56 42 27 47 0.48459786
135 146 45 61 0.5288675
178 0 40 60 0.6068731
405 122 41 62 0.65121824
6 32 28 44 0.7160548
631 111 59 83 0.7390559
573 137 50 60 0.799637
494 136 46 63 0.808672
339 122 46 58 0.8164193
138 41 36 68 0.817245
306 18 44 57 0.85733247
88 13 33 56 0.8935224
364 22 52 56 0.9253695

