0_Parade_marchingband_1_188
288
724 388 6 8 0.0101782195
679 339 6 9 0.010221185
1 589 11 22 0.010269199
994 240 11 18 0.010491457
596 372 6 9 0.010566081
464 433 14 16 0.010634695
482 246 6 8 0.0106383795
256 341 5 7 0.010714643
510 276 7 9 0.010777479
674 385 12 16 0.010910198
899 150 6 8 0.010943251
568 563 10 12 0.010996864
704 368 12 17 0.011017472
240 322 11 16 0.011030938
457 369 6 10 0.011035058
559 268 7 11 0.011042861
463 323 6 8 0.011120204
275 260 6 8 0.011178464
713 414 6 9 0.011457839
502 274 12 17 0.011567043
855 428 13 17 0.011754373
609 414 8 11 0.011837978
686 347 13 17 0.011876383
41 464 7 11 0.011891529
291 273 6 8 0.011940637
327 326 6 7 0.011990544
502 388 11 17 0.012068478
440 290 6 7 0.012254827
674 416 6 8 0.0123395575
681 353 6 10 0.012378555
703 273 7 9 0.012466437
677 375 7 8 0.012645972
312 398 5 9 0.013094328
54 288 7 8 0.013115623
706 295 5 8 0.013133163
613 308 7 9 0.01331346
466 447 9 10 0.013461162
786 400 6 10 0.013650048
447 275 7 7 0.013819401
147 199 7 7 0.014167463
772 194 13 18 0.014182108
535 559 9 10 0.014257661
624 307 6 8 0.014368775
249 306 7 10 0.014369377
358 276 7 8 0.014633014
154 341 6 8 0.0147340465
472 405 6 8 0.014994923
791 365 11 20 0.015015657
46 448 12 18 0.01514208
487 224 5 9 0.015181291
855 403 7 9 0.0152845
490 196 6 10 0.015444864
722 355 7 9 0.015496335
243 177 8 6 0.015776081
602 406 7 13 0.015796982
698 262 7 10 0.015888562
785 421 6 8 0.015967347
575 571 10 12 0.01605443
258 274 6 8 0.016113259
689 385 7 9 0.016163431
440 544 18 20 0.016211076
419 287 7 7 0.016226847
74 352 5 9 0.016269958
498 328 7 10 0.016364457
806 181 9 7 0.016765293
297 430 6 10 0.016809596
135 714 11 25 0.01683338
612 322 7 9 0.016861172
599 436 6 8 0.016896758
342 311 6 7 0.016942767
623 372 6 9 0.017033147
558 245 7 12 0.017341023
366 243 8 9 0.017523048
153 352 7 10 0.01754618
722 403 6 8 0.017605165
234 339 5 8 0.01761386
704 261 6 9 0.017872158
869 403 8 9 0.017948484
503 376 5 8 0.018023765
777 418 6 9 0.018278643
860 426 13 17 0.018329818
226 165 7 6 0.018409057
856 454 7 8 0.018433318
706 388 6 9 0.018590717
723 280 5 8 0.018961633
777 402 6 8 0.019102644
609 274 11 18 0.019113801
453 343 6 8 0.019382032
682 292 6 8 0.019473858
545 513 19 17 0.01947434
408 260 7 7 0.019625932
305 254 6 9 0.019719271
784 244 5 7 0.019900464
601 416 7 9 0.019941425
3 593 8 13 0.020044032
248 293 7 8 0.020137133
512 210 12 20 0.02017105
675 401 6 8 0.020209277
81 340 5 7 0.020783557
698 321 6 9 0.021132244
505 256 7 9 0.021202166
664 398 6 8 0.021341298
504 230 6 8 0.021399353
779 387 6 11 0.021504031
785 210 6 8 0.021731347
497 175 7 9 0.022013593
450 308 7 7 0.022708016
439 309 8 8 0.022726772
160 355 6 10 0.023149302
338 350 5 9 0.023543423
586 354 5 9 0.023564853
624 388 7 11 0.023739815
520 363 11 17 0.02406807
357 289 7 9 0.024409471
115 589 13 17 0.024516774
308 385 5 10 0.024520086
624 438 7 9 0.024532424
858 424 9 11 0.02478043
489 177 7 9 0.024815198
422 322 8 8 0.0248211
594 336 6 9 0.025350826
693 345 7 9 0.02539662
919 492 8 11 0.025559068
58 322 6 9 0.02581994
800 336 11 20 0.027219508
855 463 6 9 0.027271867
522 358 7 12 0.027740968
511 218 12 21 0.027772155
255 258 7 9 0.028638015
103 7 6 9 0.028885102
339 341 5 8 0.02901701
629 399 7 9 0.029214837
511 254 7 11 0.029532608
614 380 11 19 0.029572422
795 356 7 14 0.02964963
450 293 7 7 0.030468695
173 386 8 12 0.030703504
608 408 7 10 0.031161351
722 371 7 9 0.032056246
610 339 6 7 0.033000797
793 368 7 14 0.033215087
66 310 6 11 0.033338085
326 304 5 7 0.034192983
503 286 6 9 0.034509737
515 214 7 11 0.03646931
421 277 6 7 0.0376902
366 254 8 9 0.03776533
50 429 13 16 0.03812493
593 354 6 9 0.03854917
514 224 7 12 0.038596235
858 384 7 10 0.039472386
784 193 6 8 0.03961318
440 339 6 7 0.039699703
617 374 6 10 0.039920636
165 382 12 17 0.039931253
138 229 6 7 0.040373012
49 451 7 10 0.04092032
159 343 6 8 0.040999986
302 356 7 12 0.041472167
228 179 7 6 0.042012405
771 256 5 7 0.042773858
503 244 6 8 0.042920634
436 257 6 7 0.04332928
158 366 12 17 0.043338638
489 211 6 10 0.04383015
54 426 8 9 0.044097476
439 234 6 7 0.044366036
799 364 7 13 0.044793315
335 245 7 8 0.04585213
706 319 6 8 0.045915194
248 270 6 9 0.045937024
305 229 7 10 0.047789745
501 334 6 9 0.048199054
866 370 8 10 0.048311226
725 328 7 8 0.048785944
861 420 13 16 0.049808472
802 386 7 10 0.049817838
361 248 7 10 0.04985321
331 271 7 9 0.049867257
70 337 4 9 0.05043609
217 193 7 8 0.051573485
298 356 6 11 0.052108742
154 375 7 10 0.052329328
296 254 6 9 0.05315203
148 240 6 7 0.05379707
553 268 6 11 0.056316637
797 353 11 19 0.05691713
527 344 6 9 0.05771031
724 291 6 8 0.058935523
615 263 6 9 0.059777826
64 429 8 10 0.05992137
711 406 6 9 0.0604475
330 258 7 9 0.060528632
117 591 9 12 0.061073817
586 339 5 9 0.061467145
64 424 7 10 0.06191738
436 325 6 7 0.06466996
512 399 7 8 0.06518955
863 429 9 11 0.065254025
512 244 6 9 0.06585001
243 336 5 8 0.06641085
254 246 7 10 0.06730634
354 320 6 8 0.069235496
247 356 4 7 0.07016909
775 207 7 8 0.07378719
299 373 6 11 0.07439627
41 449 6 9 0.07476497
785 452 7 9 0.07624958
511 392 7 9 0.0765611
329 242 7 9 0.07814111
616 384 7 12 0.07899268
151 385 7 9 0.08175134
527 355 7 11 0.08442229
707 307 6 8 0.08528051
802 339 7 14 0.086009175
924 484 9 13 0.08815897
455 351 6 9 0.08850901
611 285 7 9 0.09044647
690 304 7 9 0.090646364
139 211 6 7 0.09083792
616 436 7 9 0.09110348
693 287 6 9 0.0933892
772 245 5 7 0.09387417
145 228 6 7 0.09388557
779 184 7 9 0.09393187
863 382 12 17 0.09429069
689 349 8 11 0.09529204
526 364 7 11 0.099455625
783 381 11 17 0.1010466
249 142 8 10 0.10178738
444 546 11 15 0.10279863
297 386 5 10 0.105614156
724 333 8 10 0.10742147
772 229 5 7 0.10774843
216 177 7 7 0.10881895
666 392 6 9 0.11623102
775 449 6 9 0.12160918
227 319 7 10 0.123054594
707 371 8 10 0.12989317
250 247 6 9 0.13205954
857 431 8 11 0.13495393
863 422 10 11 0.13622794
467 436 8 9 0.13775967
303 244 7 11 0.13837248
120 313 6 10 0.15639187
799 356 8 14 0.15906319
167 385 8 12 0.17122035
439 241 6 8 0.17834835
503 398 7 10 0.17886345
337 262 7 9 0.18223009
557 261 8 14 0.18362936
249 262 6 10 0.18842097
504 391 8 11 0.19778107
588 326 6 10 0.19993667
439 275 7 8 0.20999837
554 261 7 15 0.21453376
304 374 6 10 0.21653533
118 320 7 10 0.21760447
695 279 7 10 0.22049086
441 546 10 15 0.23942354
336 269 7 9 0.24549335
298 246 7 12 0.24589723
454 323 6 9 0.25407758
775 198 7 9 0.25628832
865 384 9 12 0.25957352
725 304 6 8 0.278666
575 564 10 14 0.28065246
65 322 6 9 0.28876454
782 182 8 9 0.29630733
144 211 7 8 0.301358
160 368 8 11 0.30678275
504 278 7 11 0.3186342
522 365 8 12 0.32617193
591 325 7 10 0.3515516
997 242 6 10 0.37549475
611 278 7 11 0.3808978
360 253 8 10 0.39028007
344 322 7 8 0.3972341
676 388 8 10 0.4012997
549 515 11 13 0.41801807
785 383 8 13 0.42563012
52 430 8 11 0.44947588
120 334 6 10 0.45759305
681 305 7 10 0.50531006
251 499 12 16 0.5733509
242 326 7 10 0.57703936
211 417 8 13 0.69714826
920 485 10 15 0.7787055

