0_Parade_marchingband_1_932
72
859 265 13 19 0.010488641
152 375 9 11 0.011817374
77 359 22 17 0.011842671
443 342 25 20 0.0126186805
485 362 10 9 0.0126213
586 295 22 17 0.013141848
128 378 10 10 0.01330022
97 376 8 9 0.013366224
514 358 10 10 0.01349314
99 361 9 9 0.013671898
710 300 10 10 0.013741313
111 369 22 17 0.013789229
731 351 25 20 0.014508999
648 370 22 20 0.015145785
864 335 23 18 0.015491346
642 301 9 11 0.015654711
660 324 10 14 0.01581719
516 349 10 10 0.015930938
84 364 8 8 0.016059447
83 375 8 9 0.016458763
854 265 13 19 0.016550902
687 365 10 10 0.017076062
113 362 11 10 0.017289761
678 373 11 10 0.017380167
514 346 14 17 0.017726026
50 323 35 49 0.017915666
515 347 18 29 0.0184707
671 362 22 17 0.019219054
650 349 17 33 0.02317442
93 356 22 18 0.024247864
850 352 21 35 0.02502836
120 374 23 18 0.026631102
507 353 21 19 0.02810732
683 387 23 18 0.029020026
486 345 11 11 0.029431092
706 273 19 30 0.030575829
527 346 10 11 0.032448374
481 354 21 19 0.03258761
716 334 33 51 0.03411311
639 381 20 20 0.034401365
705 276 21 18 0.035322998
674 369 21 18 0.036872488
680 361 22 18 0.03808691
680 370 23 18 0.03999694
495 346 10 11 0.040214777
428 324 34 50 0.042115226
651 358 21 19 0.046632063
653 310 17 32 0.04725521
490 353 23 18 0.0509363
98 349 20 30 0.052089456
526 343 14 17 0.063031934
678 371 20 30 0.06616114
846 342 31 52 0.070504546
162 371 10 12 0.07567913
434 334 20 36 0.076731235
166 360 9 13 0.082834445
489 345 18 30 0.09525003
160 368 13 18 0.103646986
642 373 14 23 0.12007689
107 358 22 18 0.121135555
658 320 13 21 0.14051451
488 343 20 20 0.1471701
164 358 13 19 0.154556
483 342 20 19 0.20640554
643 365 18 32 0.23416212
544 337 18 29 0.2895173
538 340 20 22 0.4825012
57 332 21 33 0.6547762
724 341 28 36 0.7949854
47 327 28 39 0.8620091
439 331 26 39 0.8635072
854 352 27 38 0.89913636

