0_Parade_marchingband_1_360
245
917 124 6 6 0.010026825
932 59 5 6 0.010123887
387 266 7 8 0.010229268
370 343 5 7 0.010262091
756 254 5 5 0.010326373
658 267 5 5 0.010418766
279 395 6 9 0.010483881
943 297 9 11 0.0104865525
243 233 6 6 0.010509784
784 301 7 8 0.010659273
241 247 13 17 0.010661239
743 346 5 7 0.010762872
618 344 5 9 0.010773402
542 282 16 35 0.0108899325
821 171 10 11 0.010890898
710 307 12 18 0.011035995
575 234 18 29 0.011183915
322 314 12 16 0.011408487
934 109 4 5 0.01145312
632 376 5 7 0.011492879
214 266 6 7 0.011508778
817 342 5 9 0.011521978
197 267 6 7 0.011531176
726 284 6 5 0.0115463175
677 343 6 8 0.011597727
902 75 4 6 0.012095382
725 264 5 5 0.012103116
197 334 5 6 0.012115694
180 283 5 7 0.012136932
324 342 6 8 0.012153242
616 330 5 9 0.012210542
564 242 13 18 0.01224654
1009 317 8 9 0.012466374
917 58 5 6 0.012577757
918 76 5 5 0.012713009
566 245 8 12 0.012714271
154 315 5 9 0.012839097
278 300 5 6 0.012914873
693 283 5 6 0.012984435
178 298 6 7 0.013027925
932 76 4 5 0.013035727
934 91 4 5 0.013037757
691 299 7 7 0.013249796
169 267 5 7 0.01356694
755 344 6 7 0.013741772
343 266 5 6 0.013850309
936 121 6 6 0.013892107
631 282 5 7 0.013932586
983 363 6 10 0.013934467
309 282 5 6 0.013939237
775 343 6 8 0.013985551
961 326 13 17 0.014050911
628 266 5 6 0.014186617
708 285 5 5 0.014276665
164 284 5 7 0.015019353
660 361 5 7 0.015033971
644 282 4 7 0.015037918
211 250 6 6 0.015039867
166 359 4 7 0.015073336
194 250 6 7 0.0151063325
359 302 5 7 0.015255046
565 229 13 19 0.0152641535
214 233 5 6 0.015321038
902 93 5 6 0.015341338
645 362 4 7 0.015407905
230 231 6 6 0.015489979
792 393 5 8 0.015533985
183 359 5 6 0.015698506
309 267 5 5 0.015962731
618 298 5 10 0.016143555
344 361 5 6 0.016394211
807 301 6 8 0.016481634
743 255 4 4 0.016500382
294 363 5 6 0.016559256
918 91 5 6 0.01673301
699 359 4 7 0.017058143
151 342 5 10 0.017105212
792 374 5 8 0.017475203
738 299 7 8 0.017628841
558 217 19 31 0.017683128
17 341 8 8 0.017907688
214 220 5 6 0.017934218
47 195 13 17 0.01804944
169 250 5 7 0.018570792
806 361 5 8 0.018749027
646 299 5 7 0.018901201
310 360 5 6 0.019043148
392 243 11 18 0.019240374
697 345 5 8 0.019323008
816 332 6 8 0.019951522
633 332 5 9 0.020462422
396 243 11 18 0.02046368
23 362 7 8 0.020467412
237 257 20 27 0.020729989
195 233 5 7 0.020751202
407 155 6 9 0.021132097
933 296 11 15 0.021243937
710 302 6 6 0.021302458
733 309 13 17 0.02149389
742 284 7 6 0.02154157
679 285 5 5 0.021750085
17 331 8 8 0.021857297
182 313 4 6 0.022136735
215 330 5 7 0.022574572
209 379 5 7 0.022645934
659 331 6 7 0.022801166
393 184 6 13 0.022947064
360 359 5 7 0.0235401
678 328 7 8 0.024350833
718 324 14 16 0.024803666
306 345 5 8 0.0248435
999 321 12 15 0.025111195
182 233 5 7 0.025332583
661 286 5 6 0.025936576
152 330 5 8 0.025994461
983 283 5 5 0.026004484
569 242 22 19 0.027150108
198 358 5 8 0.027295347
963 340 8 10 0.027489373
691 330 6 7 0.027623098
367 303 7 8 0.027783828
648 266 5 6 0.027811084
167 295 5 7 0.027913228
964 284 6 7 0.028107556
370 244 12 18 0.02811448
82 214 7 11 0.028122956
815 167 22 18 0.028195944
644 314 5 6 0.02887106
246 264 10 11 0.02960143
575 216 21 18 0.030408816
6 327 12 17 0.0315188
212 357 5 7 0.032296386
200 220 5 6 0.032370534
723 302 7 7 0.03243616
307 301 6 7 0.032742567
163 315 5 6 0.034703653
294 315 5 7 0.035177346
774 297 8 8 0.036181234
633 361 4 8 0.036487956
999 319 8 9 0.03702116
179 266 5 7 0.03728384
227 255 7 8 0.038171683
362 237 6 9 0.038183723
753 297 14 16 0.03877843
618 310 6 9 0.03947074
167 330 5 7 0.03966277
709 346 5 6 0.040874414
421 147 12 20 0.0416851
721 310 13 17 0.04315407
745 360 6 8 0.0434996
963 312 8 8 0.043546945
661 296 6 7 0.04495571
279 334 5 7 0.045324665
278 312 5 7 0.045830987
935 293 20 20 0.046093788
726 254 4 5 0.046772014
368 328 6 8 0.048178125
1009 325 8 9 0.04827873
167 346 5 8 0.048328646
724 346 6 7 0.04879325
2 355 6 10 0.051233497
661 345 5 7 0.05142779
184 251 5 7 0.0514998
328 300 6 7 0.051544815
802 312 13 17 0.051744312
34 202 8 10 0.053947993
422 151 8 12 0.055312485
360 250 6 9 0.0555854
977 332 8 9 0.05601746
3 344 8 10 0.056755733
690 311 7 9 0.05711301
1014 297 7 8 0.0571808
643 329 5 8 0.058234636
708 358 4 7 0.05859442
674 306 12 17 0.06063755
311 329 6 8 0.060663395
1011 280 6 9 0.060999583
368 310 6 9 0.06256895
740 327 8 8 0.0625889
228 261 7 8 0.06380973
791 347 6 8 0.06390334
994 299 6 7 0.07081408
774 325 8 8 0.0723934
339 300 5 7 0.07324131
758 315 10 11 0.07469821
368 236 7 10 0.07535841
640 343 5 9 0.07585062
295 343 5 8 0.0762593
1001 281 5 7 0.07668569
664 314 6 8 0.08028789
311 311 6 8 0.08238011
983 298 6 7 0.082603015
713 330 7 9 0.08281793
788 315 7 8 0.08311315
736 312 9 10 0.09589721
241 259 20 19 0.09611454
676 302 7 7 0.096505456
793 358 5 9 0.097512335
805 327 6 9 0.0976191
295 298 5 8 0.10009702
373 247 8 11 0.100164935
358 315 6 7 0.103948765
806 343 6 9 0.10581275
629 302 5 9 0.115048
755 299 9 9 0.11756926
755 324 9 10 0.11814807
966 296 6 7 0.11888296
277 341 5 8 0.11916972
50 197 8 10 0.12336209
768 316 9 11 0.124312155
344 330 5 7 0.12927574
577 225 20 21 0.13487032
340 316 6 7 0.13519603
294 329 5 7 0.13905197
982 341 7 10 0.14156199
712 311 7 9 0.14256737
394 246 7 11 0.14705844
634 342 5 9 0.14830694
757 311 14 18 0.14878494
964 329 8 11 0.15051301
629 308 5 8 0.15140499
398 245 8 12 0.15300459
722 328 8 9 0.16172719
244 249 8 9 0.16357324
181 346 5 7 0.18017311
788 327 7 9 0.1963871
724 313 8 9 0.20157824
354 340 5 9 0.22393678
764 313 14 16 0.22414057
346 340 6 8 0.2315312
325 317 7 10 0.23726767
326 322 7 9 0.23886847
582 227 24 20 0.2554552
357 329 6 8 0.2565741
7 331 9 11 0.25885257
580 224 20 30 0.2689691
213 345 5 8 0.30223805
804 315 8 11 0.3337958
676 308 8 11 0.35472277
1000 323 9 11 0.48890644
471 99 49 66 0.52460885
196 342 6 9 0.588022
932 294 14 20 0.6041843
97 153 36 52 0.6976477
860 131 43 52 0.8450393

