0_Parade_Parade_0_275
550
213 618 7 6 0.010009104
311 330 5 7 0.010018006
487 634 7 10 0.010040314
819 200 6 7 0.0100714145
253 774 14 16 0.010078658
903 136 6 7 0.010133507
964 217 5 6 0.010159636
881 214 6 9 0.010197131
632 24 5 6 0.0102254115
488 539 7 9 0.010225604
678 279 5 7 0.010247853
70 643 9 12 0.010250755
534 517 6 7 0.010275709
550 410 7 9 0.010322433
627 266 6 7 0.010340647
437 569 6 7 0.010377985
484 41 5 6 0.010393532
982 169 7 8 0.010394198
579 675 7 10 0.010399762
19 612 13 18 0.0104050385
19 425 7 8 0.010488621
777 316 7 8 0.010531844
643 283 8 7 0.010591935
897 327 8 9 0.010593949
132 313 6 5 0.010654466
836 185 6 7 0.010655623
725 121 6 7 0.010695847
248 408 7 8 0.010717408
195 376 7 6 0.010769643
278 406 5 7 0.010792501
98 522 7 7 0.010792909
336 445 7 7 0.010805781
677 252 6 7 0.010848699
145 536 8 8 0.0108929165
54 571 9 9 0.010904565
344 713 6 7 0.010972086
174 776 10 12 0.011026865
16 598 8 12 0.011068548
23 408 6 7 0.011075252
726 8 6 6 0.011084949
101 568 8 9 0.011126493
65 490 9 8 0.011152467
901 234 6 7 0.011168402
692 9 5 7 0.011242484
516 41 5 6 0.011280514
402 3 7 8 0.011327391
917 246 5 7 0.011348487
466 55 5 6 0.011354438
485 73 5 6 0.011368196
196 633 6 6 0.011390673
945 246 6 8 0.011394095
216 766 19 20 0.011394771
785 213 6 7 0.011408607
594 166 6 8 0.011524787
997 134 7 8 0.011530812
996 232 6 8 0.011567747
902 217 6 8 0.011570042
69 601 8 10 0.011608813
641 573 7 9 0.011671533
804 40 6 5 0.011694641
325 776 7 7 0.011695341
82 409 6 7 0.011701906
529 666 8 9 0.011725036
95 788 9 11 0.011738016
242 764 8 9 0.011742166
745 180 6 8 0.011742951
245 391 5 6 0.011743423
134 296 6 6 0.011751853
341 469 6 7 0.01177205
258 409 6 7 0.01182924
946 234 6 6 0.011858109
69 568 8 8 0.011886957
565 699 7 8 0.011890167
630 250 6 6 0.011912305
612 168 6 7 0.011929993
150 520 7 6 0.011940773
194 649 6 8 0.011979252
623 759 7 9 0.011997467
564 106 6 6 0.01199763
38 567 8 9 0.012000785
160 787 10 12 0.012002074
87 787 10 13 0.012037442
708 26 6 5 0.012062055
296 777 8 8 0.012104034
0 645 9 20 0.012116516
222 758 13 17 0.012119039
337 455 6 8 0.012170067
835 54 6 8 0.012172543
359 484 6 8 0.012189251
167 694 7 7 0.012197092
180 344 5 5 0.012222096
930 644 8 13 0.012423142
325 731 6 6 0.012428484
269 720 14 17 0.012451483
760 667 8 10 0.012468598
118 539 7 6 0.01254309
917 184 5 7 0.012563883
229 377 6 6 0.012598223
884 136 6 7 0.012651928
230 360 6 6 0.012674261
803 217 6 7 0.012759866
728 660 8 10 0.012760881
915 199 5 7 0.012779656
1002 420 7 11 0.0128443735
72 658 9 13 0.012879343
274 697 6 7 0.012883696
675 44 5 5 0.012892941
33 634 9 11 0.01290628
595 565 6 9 0.012906633
677 121 5 6 0.012942366
884 71 6 6 0.012946655
710 170 5 6 0.013153536
178 693 8 8 0.013204206
129 646 9 9 0.013236629
866 21 7 11 0.013256804
99 423 5 7 0.013297166
7 496 13 19 0.013324534
591 727 8 9 0.013363841
165 756 9 12 0.013377296
756 312 7 9 0.013392264
946 187 6 7 0.0134203425
516 73 5 6 0.013526363
968 184 6 7 0.013606076
577 187 8 10 0.013703005
711 292 6 8 0.01370965
836 169 6 7 0.013741164
917 263 5 7 0.013766648
739 298 6 8 0.013769472
757 10 5 6 0.013782888
420 793 6 6 0.013859528
226 345 7 6 0.013938182
323 742 6 7 0.013941341
775 43 5 5 0.014013354
275 378 5 6 0.014083092
866 149 7 10 0.014095922
613 72 4 7 0.014098322
501 42 5 5 0.014128756
757 23 5 6 0.01415594
756 214 6 7 0.014173758
998 155 7 7 0.014180863
799 437 9 12 0.014262158
216 744 7 9 0.0142883
373 601 8 11 0.01430206
883 88 6 6 0.01433703
56 516 10 10 0.014354992
964 233 5 7 0.01438953
211 328 6 6 0.014471703
504 612 7 10 0.014483645
931 219 6 7 0.014523937
581 121 6 5 0.014576029
64 503 9 8 0.014590776
41 348 7 8 0.014599589
980 184 6 8 0.0146788545
721 184 6 7 0.014683027
705 322 8 10 0.014782219
0 653 10 26 0.014876928
35 489 9 8 0.014907301
358 747 6 7 0.014994451
601 155 6 6 0.015075885
855 178 10 11 0.015084072
21 614 10 13 0.015117149
225 649 7 8 0.015131851
179 315 6 5 0.015167444
951 264 6 8 0.0151712205
37 439 6 7 0.015173593
127 583 12 11 0.015192738
117 441 6 6 0.015219149
597 41 5 6 0.015383308
85 392 6 7 0.01542976
407 744 6 7 0.015432272
484 57 4 5 0.015570903
372 715 6 6 0.015719792
743 8 5 5 0.01574446
101 327 6 7 0.015786901
675 313 7 9 0.015858915
853 135 6 7 0.015921887
113 489 7 6 0.015971836
390 579 8 11 0.01605028
69 539 8 8 0.01613708
806 293 6 9 0.016157944
917 120 6 6 0.016168127
932 88 6 7 0.016180297
823 38 5 7 0.01626486
296 457 7 8 0.016291225
545 682 7 9 0.01636121
745 213 6 7 0.016448792
642 40 5 6 0.016476125
917 217 5 7 0.016592493
4 489 9 10 0.016625445
118 469 6 7 0.016630435
212 676 7 7 0.016634678
262 697 7 6 0.016803395
962 202 5 7 0.016879672
263 394 5 6 0.01691308
38 393 5 6 0.016963946
39 597 13 18 0.016981058
612 90 5 6 0.016994603
931 200 5 7 0.017052157
936 246 7 8 0.017141158
6 436 7 11 0.01715269
344 779 6 7 0.01727024
84 553 9 8 0.017408513
375 391 6 7 0.017816436
642 56 5 7 0.017841158
52 582 10 11 0.017967345
984 235 6 8 0.018009711
697 39 5 6 0.018020825
597 104 5 6 0.018077645
496 634 7 9 0.01808593
450 565 7 8 0.018218324
307 761 6 6 0.01822063
68 395 6 6 0.018232973
244 784 14 17 0.018345594
640 250 6 7 0.018382855
272 723 10 11 0.018432641
340 745 6 6 0.018443147
659 90 6 6 0.018483046
631 88 5 6 0.018567313
612 232 6 7 0.018646996
658 105 5 6 0.018707061
44 598 13 17 0.018719079
136 678 8 10 0.01877164
691 181 6 6 0.018937713
786 24 5 7 0.018945092
677 262 6 7 0.019012209
336 501 6 9 0.019068757
312 744 7 6 0.019101683
306 788 9 8 0.019106124
258 375 6 6 0.019151866
561 709 7 8 0.019165935
63 517 9 10 0.019273616
979 673 8 13 0.019281778
425 602 7 10 0.01928527
948 198 6 7 0.019412376
34 474 8 7 0.019518834
743 60 4 4 0.019584656
183 485 9 9 0.019586619
867 134 6 8 0.019652395
102 441 5 6 0.019652504
902 122 5 7 0.019701743
663 121 5 6 0.019733228
85 424 6 6 0.019762589
65 742 9 11 0.019763097
104 458 6 7 0.019813264
324 763 7 6 0.019900626
726 40 5 5 0.019966058
853 119 6 6 0.019979838
17 532 9 10 0.019986315
369 788 7 8 0.020047016
997 219 6 7 0.020150185
744 170 5 7 0.020280432
100 582 7 8 0.020452442
790 152 5 7 0.020457448
724 26 5 5 0.02056833
177 683 8 7 0.020600578
214 665 7 7 0.020643743
97 642 10 11 0.020673987
776 21 5 6 0.020679727
788 57 5 5 0.020826776
771 8 5 6 0.02083338
630 73 5 6 0.020858156
373 693 6 8 0.02092547
790 88 5 6 0.020982634
835 136 5 7 0.0210339
261 786 9 10 0.021066267
161 503 7 8 0.02111631
210 377 7 6 0.021158714
916 103 5 7 0.02135395
805 184 6 7 0.021605484
261 755 9 10 0.021663846
165 520 8 9 0.02173253
676 88 6 6 0.021797113
550 632 9 11 0.021808371
885 120 6 7 0.021816576
726 642 8 11 0.021847513
503 58 5 6 0.021906968
39 425 6 7 0.0219389
106 502 7 9 0.021980599
83 439 6 7 0.022121673
819 185 6 7 0.022161892
390 713 5 6 0.022247376
132 458 6 6 0.022266598
213 630 6 8 0.022399448
741 40 5 5 0.022426382
804 121 6 7 0.022467194
51 373 7 8 0.022468293
805 199 6 7 0.022697804
680 104 5 7 0.02271474
439 692 8 10 0.022767754
551 646 8 10 0.022825757
210 411 6 7 0.022828873
242 360 6 7 0.02308872
931 120 6 8 0.023193711
834 40 6 8 0.023337202
530 627 8 9 0.0234147
629 57 4 6 0.023454629
472 646 7 8 0.023543075
37 357 6 8 0.023594247
408 762 6 7 0.023707984
949 217 6 8 0.023982491
822 122 5 6 0.024253055
359 475 7 9 0.024354488
934 233 6 7 0.024368625
819 217 8 8 0.024437359
184 664 7 8 0.024558347
774 184 6 7 0.024558553
706 41 5 6 0.024586862
642 123 5 6 0.024639644
229 472 7 8 0.024763383
216 762 9 13 0.024765668
17 440 8 9 0.025016481
727 252 7 7 0.025067648
692 87 5 6 0.02537726
742 136 5 6 0.025489766
37 407 6 6 0.025527911
472 583 7 9 0.02561123
449 777 6 7 0.025793167
647 105 5 6 0.0258234
148 296 5 5 0.025833689
789 119 5 7 0.025876919
823 169 5 7 0.026007593
304 779 8 7 0.026129222
790 73 5 6 0.02615327
295 412 7 8 0.026341101
919 236 5 6 0.026461992
8 500 9 12 0.026541635
438 792 6 7 0.026571898
48 457 7 7 0.026640948
136 487 6 7 0.026876168
112 568 8 10 0.027018204
32 517 9 9 0.027219001
132 537 8 7 0.027278095
131 519 7 6 0.027431572
37 377 6 7 0.027457628
0 611 7 12 0.02748122
983 247 6 7 0.0276944
162 484 6 7 0.027746977
625 41 5 7 0.0277507
837 152 6 8 0.027765319
854 56 7 9 0.027851077
963 262 6 8 0.027871711
150 695 7 8 0.0278916
616 697 7 10 0.028006326
643 136 6 6 0.028213592
865 76 6 7 0.028301222
694 60 5 5 0.028310807
239 744 8 9 0.028329592
214 761 13 17 0.028352125
693 281 6 7 0.028488724
375 726 6 7 0.02849503
615 136 6 5 0.028609583
274 711 7 8 0.028796347
53 395 7 7 0.028925778
841 75 6 8 0.029090399
788 183 5 7 0.029283177
787 43 5 6 0.029512782
390 727 6 8 0.029548928
167 747 9 10 0.029663963
665 259 5 8 0.029796794
47 601 9 11 0.029873963
185 475 8 9 0.030008033
505 601 7 10 0.030044865
807 73 5 6 0.030107103
803 155 5 7 0.030226575
769 106 6 7 0.030288707
769 117 6 7 0.03063755
19 521 9 9 0.03070841
676 54 5 5 0.030743591
133 472 6 6 0.030779528
773 73 5 6 0.030973613
40 600 9 12 0.031017328
386 763 6 6 0.031125735
775 57 5 5 0.03127251
789 169 5 7 0.03129941
661 152 6 5 0.03131705
582 104 6 7 0.031332113
14 502 10 10 0.031456895
435 777 7 6 0.03152283
52 439 6 6 0.03156201
273 782 8 8 0.03163514
725 104 5 7 0.031743694
677 363 6 9 0.03177645
821 134 5 7 0.03179028
72 378 6 7 0.03180849
612 106 5 5 0.031845234
532 743 7 8 0.031960648
529 619 8 11 0.032096967
711 135 6 6 0.032164823
755 41 5 6 0.0322006
46 347 8 10 0.03230362
758 72 4 6 0.032399807
761 118 6 8 0.03252799
712 284 5 8 0.03261836
661 138 5 6 0.032790683
405 795 6 8 0.032792155
225 760 8 11 0.032812953
665 254 6 7 0.033012446
258 727 8 9 0.033104938
46 666 13 16 0.033125494
112 503 6 7 0.03316084
774 89 5 6 0.033498958
868 105 5 7 0.03363065
711 186 6 6 0.033812337
774 167 5 8 0.03388438
740 92 5 6 0.03440136
642 167 6 6 0.03453944
117 459 6 6 0.03456308
761 106 5 8 0.034646165
660 167 6 6 0.0348803
40 457 8 8 0.03515805
150 473 7 7 0.035208657
610 154 6 6 0.03526658
190 473 8 10 0.035277773
691 170 5 6 0.03536095
343 760 6 6 0.03556267
223 392 8 8 0.0355756
724 169 5 7 0.035672422
422 775 6 6 0.035774443
773 151 5 6 0.03586258
723 261 6 8 0.035901148
820 153 5 6 0.036066823
344 789 7 9 0.036121327
694 72 5 6 0.036284156
740 119 5 7 0.036518674
757 60 5 5 0.03671874
754 180 6 8 0.03682604
217 392 7 9 0.037019484
677 140 5 5 0.03717981
724 88 5 6 0.03721073
741 72 5 6 0.037284084
149 783 12 17 0.03729578
231 744 7 9 0.037390646
630 105 4 6 0.03769384
851 85 5 7 0.037713695
808 136 6 8 0.037717465
37 541 9 9 0.037723877
244 769 13 17 0.037933007
357 697 6 7 0.037938435
870 122 6 7 0.037968148
246 788 10 10 0.038051907
642 74 6 6 0.038403902
802 93 6 7 0.038454924
150 503 7 7 0.038637783
756 90 5 6 0.038677994
964 248 6 8 0.03868153
776 205 6 8 0.038791798
754 171 6 8 0.03883718
244 697 5 6 0.03897902
725 72 5 6 0.039033346
149 377 7 8 0.03917892
918 87 6 7 0.03919827
146 487 7 6 0.03927981
49 488 10 9 0.03950028
886 106 5 6 0.040085055
741 24 4 6 0.040116526
357 708 5 7 0.040219855
551 705 7 9 0.0404434
849 76 7 8 0.040766247
48 671 11 14 0.040776886
788 104 6 8 0.04089062
249 710 6 8 0.04099705
512 667 7 9 0.041149598
725 59 5 5 0.04131097
818 75 6 7 0.04167028
821 87 6 7 0.04222965
453 618 7 8 0.0424628
630 136 6 6 0.042899836
151 781 9 11 0.042989664
804 167 6 8 0.0430363
70 439 6 7 0.043187246
837 103 6 7 0.04327145
586 727 6 10 0.04331422
38 545 9 10 0.043402646
691 139 6 6 0.043743182
742 152 6 7 0.043868363
134 508 7 6 0.04407984
690 260 6 8 0.04417249
691 627 7 11 0.044419084
49 359 7 8 0.044434916
597 121 5 6 0.044541247
160 476 7 9 0.04457165
630 152 5 5 0.04490966
761 138 5 8 0.044994075
706 123 6 7 0.04533487
776 210 6 8 0.04536368
643 152 6 6 0.04543281
614 121 5 5 0.045708723
770 139 5 7 0.045746125
247 727 8 9 0.04594526
710 70 5 5 0.045968853
257 710 7 7 0.04649315
403 776 6 6 0.046536505
804 58 5 6 0.046601724
632 166 6 7 0.04784288
579 665 8 11 0.047998473
727 150 5 7 0.048049353
63 421 7 8 0.04822109
359 793 7 9 0.04850473
0 649 8 12 0.04991478
835 121 5 6 0.050031472
708 89 5 6 0.05063758
839 88 5 7 0.050757863
757 152 5 7 0.05177175
675 168 6 6 0.05217388
740 101 6 7 0.052283753
617 42 5 7 0.053717922
677 152 5 6 0.053799972
789 137 5 8 0.054494064
549 700 7 10 0.055319622
721 135 5 7 0.055475913
257 777 8 10 0.056625582
820 103 6 7 0.057273347
711 60 4 5 0.058147278
354 728 6 7 0.058238897
69 409 6 8 0.05890245
260 747 8 10 0.059058182
534 757 7 10 0.059086423
389 774 7 7 0.059420332
756 199 6 8 0.05997899
1 520 8 10 0.060138363
191 663 8 9 0.06080403
868 87 6 7 0.061272077
373 762 6 7 0.061807305
357 759 5 6 0.06336493
593 90 5 7 0.063642934
418 762 6 7 0.063846044
119 579 24 18 0.06514021
690 249 7 8 0.06522979
370 778 7 7 0.065686345
35 641 13 17 0.06587417
384 744 6 7 0.06602141
630 122 5 6 0.06629431
222 769 10 13 0.068200834
344 725 7 8 0.06861825
419 742 6 7 0.06886507
355 777 7 8 0.070117146
850 106 7 8 0.07432944
439 683 8 9 0.07739471
706 149 6 7 0.08001212
694 152 6 7 0.08127216
374 744 7 8 0.08154082
804 99 6 8 0.08223262
215 766 13 17 0.08378326
706 106 6 8 0.09309987
274 786 9 9 0.095767125
58 421 7 9 0.09752102
150 785 9 12 0.10239057
246 771 9 11 0.114737585
165 773 13 17 0.1149955
181 790 13 17 0.12496791

