0_Parade_marchingband_1_404
34
902 173 11 10 0.011058666
896 170 22 17 0.011277882
811 167 18 31 0.01167386
801 182 10 8 0.011979099
733 171 26 17 0.012360997
794 177 24 17 0.013036378
1002 187 19 21 0.013258907
265 117 22 63 0.013688249
245 99 57 86 0.0141331935
768 164 10 7 0.014313358
756 165 10 8 0.017629683
786 142 8 7 0.018308507
602 198 54 85 0.019939497
767 161 21 29 0.020829538
433 142 7 8 0.021061582
758 161 26 15 0.025465172
716 158 23 16 0.02643061
816 169 13 18 0.026525684
640 139 26 41 0.027220147
818 173 10 10 0.028335832
748 163 26 15 0.031683218
744 162 22 27 0.034315825
745 168 25 18 0.03535086
723 161 9 8 0.044752356
830 206 40 63 0.09350574
920 188 24 18 0.13272884
463 158 29 44 0.15943183
623 206 43 64 0.28680885
850 148 19 33 0.37558958
258 105 29 90 0.40657637
859 150 19 31 0.5389248
636 130 24 45 0.9612172
470 152 30 43 0.96274734
191 84 84 117 0.9820317

