0_Parade_Parade_0_205
59
474 171 39 60 0.01000832
815 328 22 21 0.010049442
344 191 33 37 0.010300281
410 387 25 17 0.010327553
85 324 7 9 0.010465989
471 369 23 19 0.010646834
696 274 23 17 0.01108682
175 47 44 57 0.0112322625
498 207 13 20 0.011290843
325 178 10 11 0.011291635
583 338 30 38 0.011578902
177 302 9 11 0.0119318245
721 258 10 9 0.011998722
595 0 7 3 0.0120663075
703 260 21 29 0.012774964
627 45 7 12 0.012903802
499 211 9 12 0.013661609
690 261 7 8 0.013860245
357 164 11 9 0.01423116
854 322 10 12 0.014520103
838 279 8 8 0.015129407
1011 83 8 12 0.01520098
726 279 10 8 0.015246016
572 322 23 18 0.015936231
344 271 23 18 0.016003987
160 25 39 62 0.016391188
476 218 13 19 0.016774539
149 295 7 8 0.016862446
478 358 18 33 0.017028444
347 195 25 16 0.017456964
269 309 51 58 0.017671635
719 284 24 17 0.02124654
711 323 27 42 0.021474885
999 84 10 10 0.02242334
149 79 45 59 0.022667546
663 312 57 76 0.022773834
601 328 21 30 0.022836205
704 278 9 9 0.0231105
714 284 21 30 0.023477519
15 39 41 120 0.025273483
848 319 21 19 0.02739779
834 317 20 30 0.030017562
471 218 12 18 0.03162654
135 30 82 133 0.03166929
391 176 10 10 0.03203401
693 276 7 9 0.034298055
677 276 7 8 0.03577539
713 337 26 44 0.03799563
161 44 43 61 0.053203363
590 335 23 21 0.07096545
670 334 28 45 0.12557583
145 44 61 98 0.13575333
679 0 14 21 0.16520901
595 0 7 8 0.19406636
588 326 21 31 0.28793114
665 314 36 65 0.32294554
810 312 27 40 0.3359
683 2 14 20 0.6525713
255 309 69 83 0.77785546

