0_Parade_Parade_0_664
450
939 321 19 29 0.010018327
199 319 10 9 0.010094769
676 329 13 17 0.010118885
319 310 12 19 0.0101821935
449 262 13 22 0.010256576
334 347 20 25 0.010298493
163 329 13 11 0.010371274
771 344 19 28 0.010503314
307 316 7 10 0.010679637
969 321 19 28 0.010697799
592 330 11 12 0.010742696
660 327 12 11 0.010748484
405 329 13 20 0.010772508
526 346 19 26 0.0108474195
864 358 24 14 0.010887965
259 361 30 11 0.010908325
110 312 21 27 0.010924609
433 328 9 14 0.011006426
420 306 17 21 0.0110309785
886 361 26 11 0.011080742
915 349 14 9 0.011098024
215 348 23 18 0.011127615
542 314 13 17 0.011163073
853 242 6 6 0.011223237
169 310 20 28 0.011227301
720 333 8 9 0.011275851
738 345 11 10 0.01135924
65 316 24 25 0.011440547
850 333 11 8 0.011546339
174 295 13 17 0.011640946
92 311 23 16 0.0116604045
338 345 14 19 0.011914236
808 355 25 17 0.011953171
288 297 13 18 0.0120607205
942 311 22 16 0.012100642
552 343 21 21 0.012134468
253 360 25 12 0.0121369725
720 349 14 18 0.0122903455
306 330 13 20 0.012386946
739 347 19 25 0.012477272
217 324 23 19 0.012527142
3 319 7 9 0.012774664
308 334 8 11 0.012830584
556 316 19 27 0.012902418
758 326 13 16 0.012918521
518 272 5 6 0.013040973
419 274 5 6 0.01326602
724 361 10 11 0.013316349
994 334 14 17 0.013428647
873 329 23 16 0.013484504
998 346 9 10 0.013517726
7 258 4 7 0.013522604
692 276 5 6 0.013538121
732 341 21 18 0.013539593
308 275 6 6 0.0139844855
201 350 22 22 0.014075414
533 275 5 6 0.014126737
225 319 11 9 0.01415813
368 316 13 19 0.014380544
739 275 5 5 0.014457362
766 329 14 16 0.014472997
723 352 9 11 0.015115132
769 358 10 13 0.01513382
131 315 14 8 0.015654866
623 341 14 23 0.015735788
851 251 5 6 0.015884425
930 313 15 15 0.015951987
1003 342 17 30 0.016300904
717 347 19 25 0.016344206
449 314 8 11 0.016469998
404 275 6 6 0.016514355
218 274 7 9 0.016570993
24 300 25 16 0.016699927
892 331 23 16 0.016760537
417 326 19 27 0.016793612
883 350 10 8 0.016893081
472 342 21 20 0.016924018
1 329 9 13 0.01698757
1012 313 11 19 0.017039789
102 258 5 5 0.017099017
989 343 21 18 0.017109718
211 319 11 10 0.017286887
430 326 12 20 0.017369388
145 270 6 7 0.017387897
892 316 15 15 0.017402405
565 275 5 5 0.017447257
579 275 5 6 0.017502988
727 359 23 13 0.01800699
353 298 13 18 0.018105604
258 316 10 9 0.018113464
322 313 8 10 0.018156175
485 317 7 11 0.018174594
87 222 4 7 0.018259674
417 337 17 30 0.018545879
214 282 13 17 0.018605726
178 349 14 20 0.019008612
274 316 8 9 0.019018445
453 270 6 9 0.019344738
232 258 6 7 0.019356709
875 348 25 16 0.019400243
2 318 21 28 0.019526063
448 296 12 20 0.019592306
482 327 19 22 0.019623054
822 334 9 8 0.01985439
193 285 13 17 0.020234829
162 290 8 7 0.020359166
544 348 21 21 0.020774273
371 318 8 11 0.021360798
27 348 26 18 0.02146022
455 295 18 28 0.022046313
0 326 11 21 0.022147078
1012 325 11 21 0.022166632
494 315 13 20 0.022268675
997 314 7 8 0.02236429
97 343 23 17 0.022403823
359 328 12 13 0.022522386
560 316 13 17 0.022640873
148 299 15 16 0.022719005
888 343 26 15 0.022868894
388 271 5 6 0.022888374
381 314 12 18 0.023114251
646 276 5 5 0.023455827
976 313 14 16 0.02364924
594 317 14 16 0.023669545
832 330 15 16 0.023758654
661 276 5 5 0.023788221
113 313 11 9 0.023840114
122 317 27 35 0.024343165
576 302 14 17 0.024353055
345 350 23 18 0.024360057
4 302 6 8 0.024363419
859 346 23 17 0.024467597
801 333 9 9 0.024520276
454 341 13 20 0.024593446
540 354 22 18 0.024619408
21 257 4 6 0.024801953
403 300 6 10 0.024812179
631 276 5 5 0.024871033
37 310 23 25 0.024915762
327 271 6 7 0.025019813
39 347 26 18 0.025130864
723 275 4 6 0.025182605
70 255 4 5 0.025973782
355 272 6 6 0.026320947
706 329 13 17 0.026403997
662 319 9 10 0.02641065
342 330 9 12 0.026543587
434 299 12 18 0.026587991
612 317 9 8 0.026622487
918 344 25 16 0.0268663
964 330 15 17 0.026960365
69 331 12 10 0.026976082
497 317 8 10 0.027015103
837 364 28 8 0.027218504
126 312 24 17 0.027243754
958 312 14 16 0.027407497
429 310 13 18 0.027864901
501 275 4 6 0.028089449
1011 347 8 12 0.028436502
243 297 13 17 0.028871527
868 328 14 16 0.02918111
527 300 13 18 0.029841375
599 276 5 5 0.030360539
289 273 7 7 0.030490078
81 315 11 9 0.030720588
549 276 5 5 0.031029498
175 284 13 17 0.031107232
157 326 23 16 0.031234112
470 274 5 8 0.031268515
725 317 7 8 0.031646382
367 329 10 12 0.031956635
422 303 12 18 0.032985058
354 315 14 19 0.033423863
896 346 12 7 0.033447817
98 315 10 9 0.03364912
766 355 13 17 0.034553878
339 271 6 6 0.034712225
340 327 13 18 0.035149593
968 329 24 16 0.03529743
357 317 8 11 0.035327174
1009 343 11 21 0.035480473
155 310 22 17 0.036015406
244 312 13 17 0.036505654
866 349 9 9 0.03650677
500 296 12 19 0.03706305
106 331 25 16 0.037212156
260 271 5 6 0.037331026
387 300 7 10 0.03737888
177 298 9 11 0.03760356
660 318 14 18 0.037749168
207 296 13 16 0.038285095
84 255 4 5 0.03862685
245 270 6 7 0.038655385
829 363 25 9 0.03882153
679 334 8 10 0.03924684
638 310 12 18 0.039452124
38 258 4 5 0.039705712
20 317 9 9 0.039965335
222 311 21 26 0.040179793
450 300 7 11 0.04165805
516 290 5 6 0.041868474
450 285 6 9 0.042294376
13 342 29 30 0.042418815
246 316 9 10 0.042663112
686 330 13 17 0.042995315
62 327 23 16 0.043333825
139 316 23 17 0.043528695
45 311 23 16 0.043674387
873 353 21 19 0.044085197
160 301 14 15 0.045691244
106 309 23 17 0.045766044
523 309 18 28 0.046401348
130 302 15 15 0.046630733
275 286 6 7 0.046685737
279 269 6 7 0.04751497
173 354 21 18 0.04752867
834 334 9 9 0.0477541
383 316 9 12 0.047823075
69 272 5 5 0.049206115
350 351 21 21 0.049682643
967 334 9 9 0.0501497
997 337 9 9 0.050600942
906 331 24 16 0.050647143
783 328 14 15 0.05080092
146 319 10 9 0.051515944
546 318 8 9 0.05167683
977 331 11 8 0.051885527
467 301 8 13 0.05194349
483 274 5 7 0.05243037
820 316 7 8 0.05308495
421 286 5 7 0.05359177
674 344 12 19 0.054063216
964 291 6 6 0.054199964
501 286 6 7 0.055028193
1010 289 6 8 0.055132914
293 286 6 7 0.05540063
373 273 6 6 0.056914277
250 311 22 19 0.05705818
339 286 6 8 0.057454273
674 314 13 17 0.057639327
479 295 12 19 0.058152925
910 343 26 16 0.058160137
308 300 6 9 0.05842119
485 287 6 8 0.059342746
835 317 6 8 0.05986116
161 313 11 10 0.06101193
660 285 6 6 0.061175365
324 300 6 9 0.06123455
278 303 7 8 0.062338926
257 301 7 8 0.06271743
228 296 13 17 0.06308952
576 309 14 16 0.06332911
342 306 7 9 0.06342025
534 314 9 11 0.06354143
373 287 6 7 0.06416539
531 310 13 19 0.06450608
720 357 19 15 0.06487837
406 286 6 7 0.065604165
564 288 6 6 0.066321924
247 289 7 7 0.06657482
802 318 8 8 0.06741302
704 316 7 9 0.06769409
770 349 9 12 0.06772556
166 350 21 22 0.06772734
134 272 5 6 0.06785497
227 271 6 8 0.06823986
853 315 7 7 0.06855297
373 302 7 10 0.06889865
432 312 8 12 0.069140926
596 318 10 10 0.06986911
518 299 7 9 0.06999549
630 311 13 17 0.07018386
356 286 6 7 0.07044414
217 315 22 19 0.07072556
946 291 6 7 0.07238029
440 285 6 7 0.073059246
742 317 7 7 0.07311743
29 312 25 16 0.07383008
852 291 5 4 0.07455
806 347 20 25 0.075604424
55 304 8 7 0.075742416
563 299 7 8 0.07597694
57 312 22 16 0.07643707
100 301 8 9 0.0765833
738 333 14 16 0.0767298
551 286 5 6 0.07680119
386 287 6 7 0.07729869
55 258 4 5 0.07778247
899 335 9 8 0.07779455
614 300 7 8 0.07806825
999 290 5 7 0.07826674
913 334 11 8 0.07860587
580 287 5 6 0.079335764
518 314 9 13 0.079670906
610 275 5 6 0.08045566
21 303 8 8 0.08146267
1014 329 7 11 0.08163013
23 271 5 6 0.08296349
470 283 5 7 0.08458029
339 311 12 19 0.08571324
676 346 8 12 0.0857621
52 272 5 5 0.086841814
881 333 9 9 0.087214634
903 287 5 5 0.08915442
615 287 6 6 0.08935237
356 325 19 19 0.08979418
65 302 8 8 0.08986084
678 287 5 6 0.08987126
629 303 6 7 0.090050705
86 271 5 6 0.0909282
364 326 13 18 0.09138266
838 290 4 5 0.091611706
982 291 6 6 0.092052124
916 291 5 6 0.092871524
414 333 14 21 0.09410046
870 289 4 5 0.09431487
976 338 18 32 0.09452883
6 269 6 8 0.09483603
36 316 12 9 0.0955851
562 318 9 10 0.095729224
310 285 6 8 0.096069604
932 290 6 7 0.0973404
102 270 5 6 0.09769602
343 357 24 15 0.09835913
597 286 5 6 0.09864661
770 331 8 10 0.099992275
841 329 24 18 0.10092487
38 270 5 6 0.10098481
341 313 8 13 0.101576656
324 287 6 8 0.10242875
689 332 8 11 0.10263983
535 285 5 7 0.1028498
356 301 8 10 0.10287955
210 298 9 10 0.10293145
767 347 13 19 0.102984995
224 283 7 9 0.10447395
584 326 22 21 0.1048043
150 302 10 9 0.105170704
760 328 9 10 0.10560562
51 315 11 8 0.10610193
644 303 7 7 0.106812365
52 286 6 7 0.10723551
502 299 7 11 0.10727032
1011 303 7 8 0.107316084
292 300 7 9 0.10772908
84 304 8 8 0.10863292
594 301 8 9 0.1090281
645 287 6 6 0.10924766
263 357 22 15 0.110374145
64 315 12 9 0.11045405
118 285 8 7 0.11074179
149 287 7 7 0.112764925
105 301 23 17 0.11279503
113 304 10 9 0.11456984
708 331 9 12 0.1152151
3 283 6 9 0.11533117
872 331 8 9 0.11612585
740 335 11 11 0.11620764
436 302 7 10 0.11712146
262 287 7 7 0.1176652
868 319 7 8 0.11803952
949 314 10 8 0.11985047
115 271 5 6 0.119990475
424 306 8 11 0.12064708
531 302 7 10 0.12240473
640 313 8 10 0.1245735
1014 316 7 11 0.12537917
802 346 22 19 0.12559801
821 302 5 5 0.12634876
550 300 7 9 0.1286855
805 302 5 5 0.13131303
245 300 8 9 0.13187839
630 285 5 6 0.13202742
196 286 8 10 0.13213521
789 301 6 5 0.13377129
694 318 7 8 0.1337923
483 298 7 12 0.13532604
821 287 5 5 0.13534094
887 320 7 7 0.13556838
884 289 5 5 0.1356304
411 337 20 21 0.13902237
579 305 9 10 0.14100413
216 284 8 10 0.14159803
885 301 6 7 0.14321342
543 349 20 23 0.1436898
874 360 26 12 0.14389682
758 290 4 5 0.14705558
868 302 6 6 0.14739965
965 303 7 7 0.15094797
839 300 5 6 0.15110299
424 310 9 13 0.15410459
742 288 5 6 0.15914236
206 315 22 20 0.1599544
632 313 9 11 0.16212353
489 327 20 22 0.16265272
807 286 4 5 0.16276433
789 318 8 8 0.16296263
38 287 7 6 0.16324861
758 317 6 7 0.16334033
769 319 7 8 0.16373818
18 287 6 8 0.16530961
33 304 10 7 0.16590145
785 330 10 10 0.16594562
855 303 5 6 0.16951354
230 298 9 11 0.16952285
775 289 4 5 0.17716116
705 303 7 8 0.18148254
121 328 26 18 0.18186148
163 303 9 10 0.18382394
919 314 9 8 0.18500659
578 327 21 21 0.18567227
807 348 23 19 0.1860959
693 286 5 6 0.18675613
727 287 5 7 0.18798135
578 311 11 10 0.1886791
900 303 7 6 0.18968566
896 319 9 8 0.19000882
932 302 7 7 0.1906569
97 288 7 8 0.19071196
462 339 20 32 0.1916606
133 305 10 9 0.1988459
655 322 21 21 0.2020637
676 300 7 7 0.20235333
725 299 6 7 0.20524588
130 285 8 7 0.20617375
933 316 9 8 0.20647717
88 288 7 8 0.20689984
618 337 18 31 0.20881529
695 302 6 8 0.2120995
710 288 5 6 0.21239163
742 302 6 6 0.21540894
972 345 24 19 0.21893933
918 302 6 6 0.21898021
940 336 21 32 0.2272195
979 315 9 9 0.23050822
947 302 7 7 0.23222075
773 304 5 6 0.23242478
962 315 8 9 0.23659515
758 302 5 5 0.24036561
677 317 8 9 0.24140821
980 303 7 7 0.24428613
660 302 8 8 0.24703759
196 293 14 17 0.24984792
22 341 32 31 0.25712353
998 303 7 9 0.25741616
69 287 7 8 0.25955924
464 298 13 21 0.26269862
790 291 5 5 0.3281769
178 287 8 10 0.34408325
516 312 14 19 0.35644582

