0_Parade_Parade_0_43
551
525 315 14 19 0.0100607425
595 238 6 7 0.010093207
746 376 22 19 0.010147798
275 222 6 7 0.010172817
245 222 5 6 0.010247529
816 510 20 29 0.010306228
660 174 5 6 0.010316973
726 330 9 11 0.01032347
328 208 6 7 0.0103790825
821 374 9 13 0.010395135
72 205 5 7 0.010430128
773 285 7 8 0.010478016
695 207 5 6 0.010496913
49 490 22 17 0.010518854
212 224 5 6 0.010540473
643 226 5 6 0.010541046
931 362 7 12 0.010645267
903 326 12 18 0.010688523
31 636 12 21 0.010787183
342 339 12 21 0.0108297365
1011 174 6 9 0.01090207
297 143 6 9 0.011025674
789 416 11 12 0.011066434
820 311 13 16 0.011070761
582 174 4 7 0.01107216
690 330 8 11 0.011100024
628 175 5 6 0.011143415
672 310 13 16 0.011189379
901 374 9 13 0.011221549
962 501 20 21 0.011228355
324 159 6 7 0.011338962
309 158 6 8 0.011339781
129 300 6 10 0.011457856
337 206 6 7 0.011530834
788 413 13 17 0.011732475
148 191 5 6 0.011859712
4 278 12 17 0.01188236
628 330 10 13 0.011918138
853 205 6 6 0.011993397
97 300 6 10 0.0121418955
291 159 6 7 0.012336583
275 207 6 7 0.012344598
599 297 8 11 0.0123524945
144 398 14 19 0.012359454
88 438 20 20 0.012410582
324 173 6 7 0.012418399
242 301 7 9 0.0124365045
948 314 8 10 0.012487512
855 349 8 12 0.012515285
901 174 5 6 0.012684463
599 269 6 7 0.012704537
738 349 10 10 0.0127835665
796 383 14 17 0.0128543535
867 377 7 11 0.012860969
705 346 14 17 0.01287733
888 301 7 9 0.0129117
917 349 8 12 0.012925802
646 190 5 6 0.012953145
369 270 7 12 0.012975143
124 586 13 19 0.013019633
644 206 6 7 0.013093773
888 221 6 6 0.013136364
171 487 26 16 0.013142418
232 221 5 6 0.013175886
135 191 6 6 0.013197169
1012 206 6 9 0.013213771
998 331 8 10 0.013257529
918 366 7 11 0.013291273
37 206 5 6 0.013303073
295 299 7 8 0.013321544
53 205 5 7 0.013346549
752 390 18 30 0.0134842135
603 469 23 18 0.013496155
915 157 5 6 0.013545128
675 331 10 12 0.0135541
611 177 5 6 0.013637207
882 364 12 19 0.013737513
690 284 7 10 0.013891238
737 437 20 19 0.01394473
229 363 13 20 0.014022522
707 303 8 10 0.014193313
806 139 6 7 0.014199614
632 225 5 6 0.014200461
357 506 13 20 0.014285861
57 237 5 7 0.014329291
641 315 9 11 0.0144526
869 221 6 7 0.014474343
604 511 22 19 0.014490003
172 378 14 19 0.01451206
919 302 6 9 0.014605483
694 319 8 9 0.014708561
131 334 8 11 0.014718529
838 190 5 6 0.014728456
309 254 6 6 0.014881122
883 192 6 6 0.01512675
629 192 5 5 0.015128995
772 314 13 16 0.015158885
22 205 6 8 0.015234316
930 346 8 11 0.015242243
817 155 6 8 0.015325146
304 145 6 8 0.015386233
261 238 6 6 0.015436692
343 331 12 20 0.015477105
369 205 6 10 0.015670832
1012 221 6 9 0.015799887
741 159 5 6 0.015800562
264 193 6 6 0.01590107
554 239 7 11 0.015923621
610 206 5 7 0.015963398
135 220 5 6 0.016029185
800 362 13 18 0.016034285
900 369 8 12 0.016083734
707 350 10 11 0.016107952
733 362 22 19 0.01624967
565 261 12 18 0.01630309
278 178 5 6 0.016390236
639 296 13 17 0.016460331
354 301 8 12 0.016521482
692 173 5 6 0.016538613
3 206 5 11 0.016586643
53 256 7 8 0.016646842
50 223 6 6 0.016665712
995 174 6 7 0.016741807
169 301 7 10 0.016754583
631 206 5 6 0.016788464
867 208 6 6 0.016923916
836 236 5 7 0.016925408
837 315 7 11 0.01705454
825 176 5 7 0.017128669
120 207 5 6 0.017214688
57 488 21 19 0.017332973
952 147 6 9 0.017411875
369 241 6 9 0.017439062
916 317 7 10 0.017536229
982 190 5 6 0.01755367
352 297 12 20 0.017603688
996 209 5 6 0.017756721
612 190 4 6 0.017967094
888 175 5 6 0.017979397
789 327 13 15 0.017985957
134 209 5 7 0.018025555
804 176 5 5 0.018161757
713 357 22 19 0.01834848
359 208 6 8 0.018467166
967 313 8 12 0.018469127
102 209 5 6 0.018832179
223 372 21 18 0.018833535
835 222 6 6 0.018842459
710 190 6 7 0.019020034
283 388 21 18 0.019094435
163 239 5 6 0.019109502
598 175 4 7 0.019116132
152 238 5 7 0.019222641
307 317 7 10 0.019276762
726 284 7 10 0.01928518
788 159 5 6 0.019391874
567 206 6 8 0.019396834
808 157 6 8 0.019537074
942 331 9 13 0.019572467
101 224 6 7 0.019629102
325 128 5 7 0.019762957
851 239 6 7 0.01979798
862 392 12 20 0.019883757
979 175 6 6 0.020041963
566 222 6 8 0.02018334
835 208 6 6 0.020253474
839 375 8 12 0.020283855
131 257 6 8 0.02043913
805 321 9 9 0.020467455
98 255 5 8 0.020530358
785 303 7 8 0.020542659
103 236 5 7 0.020568227
322 320 8 10 0.020592134
740 318 14 16 0.020781685
742 325 13 17 0.020857664
872 239 6 6 0.020878995
86 256 6 8 0.02092602
761 157 5 6 0.020929202
563 254 6 10 0.021060303
771 157 5 6 0.021111673
506 389 18 28 0.02117466
578 206 6 7 0.02118314
852 416 8 12 0.02120801
930 316 7 10 0.02129783
182 239 5 6 0.021407742
702 332 13 17 0.021411564
673 222 6 7 0.021518014
637 327 13 18 0.021594172
932 190 5 6 0.021603623
658 206 5 6 0.021732979
245 240 5 7 0.021757806
821 191 5 5 0.021770328
870 330 8 11 0.022072302
659 317 13 16 0.022083174
935 154 5 7 0.022099523
341 299 8 10 0.022302339
713 171 5 7 0.022346934
918 177 5 6 0.022508614
819 365 12 19 0.02275256
259 271 6 7 0.022777213
800 327 10 11 0.022857841
196 239 5 6 0.022895988
599 191 5 6 0.02295331
705 318 8 10 0.022971526
900 207 5 6 0.02305667
901 191 5 6 0.02331287
782 347 13 17 0.023500253
865 395 8 14 0.023622237
21 224 5 7 0.023732547
963 193 6 6 0.023902996
661 272 6 8 0.023904264
868 191 6 6 0.023933364
211 238 6 6 0.0239829
724 208 6 7 0.024223052
918 190 5 6 0.024357848
626 328 13 18 0.02438681
610 221 6 8 0.024471736
882 285 7 8 0.024556555
324 255 6 7 0.024862068
749 325 14 15 0.0249728
630 254 5 6 0.025012236
312 450 20 27 0.025047181
597 222 5 7 0.025085356
820 367 9 14 0.025170017
600 204 6 7 0.025181646
309 173 6 6 0.025623111
775 175 5 6 0.02565094
950 208 5 6 0.0259554
695 252 5 7 0.026063347
919 222 6 6 0.02608229
115 239 5 7 0.026506163
297 239 5 7 0.026528325
880 315 8 11 0.02658041
795 387 14 18 0.026703576
582 284 8 11 0.026807616
784 349 10 12 0.026818017
626 301 8 10 0.026836881
821 208 5 6 0.026856074
834 174 6 7 0.027164388
743 194 6 6 0.027377414
949 153 6 8 0.027552174
358 284 8 11 0.027560541
818 333 8 11 0.027644118
117 223 5 6 0.02781515
580 223 6 8 0.027957547
146 505 22 20 0.028046256
306 190 6 7 0.028063895
982 209 6 5 0.028138243
69 316 7 11 0.02848916
883 239 5 7 0.028690405
997 222 5 7 0.028696928
546 286 14 21 0.028792033
14 477 20 23 0.029214134
743 329 10 11 0.0292192
370 535 13 20 0.029291825
368 283 8 14 0.029307285
582 192 5 7 0.029363593
738 238 6 9 0.029392704
739 298 8 10 0.029393943
184 255 6 7 0.029414497
276 271 6 7 0.029466158
136 238 5 8 0.029723793
311 221 5 7 0.029784095
821 285 7 8 0.029882124
291 254 6 7 0.029954761
246 282 6 9 0.030304508
177 299 7 9 0.030446507
309 208 6 8 0.030545836
805 301 8 9 0.031450298
247 344 21 19 0.031563815
632 237 6 7 0.03163853
805 208 5 7 0.031647578
673 303 8 10 0.031798035
693 239 6 7 0.031985637
887 374 8 13 0.032036383
553 253 8 12 0.03217947
887 209 6 6 0.032210063
854 224 6 7 0.03222114
902 319 7 11 0.032343026
242 253 6 7 0.032492716
609 257 6 7 0.032822903
945 285 7 9 0.03288868
837 358 11 20 0.032929488
917 207 5 5 0.032969728
34 266 7 8 0.033261932
821 222 5 6 0.033329856
275 238 6 6 0.033407968
839 361 8 14 0.033412278
230 253 7 7 0.03344707
786 319 9 9 0.03365001
950 192 5 6 0.033740573
370 250 7 10 0.033810668
868 365 7 12 0.033816822
325 223 5 7 0.033947837
756 190 5 6 0.033965535
821 300 7 8 0.03403246
743 221 6 8 0.034250334
348 328 12 20 0.034380633
229 240 5 7 0.034461886
899 346 8 12 0.034906443
580 266 7 8 0.03501252
626 286 6 8 0.0354202
961 157 6 8 0.035917282
612 302 8 10 0.036084197
835 286 6 8 0.036206916
981 300 8 9 0.036243577
724 175 5 7 0.036473535
642 299 9 11 0.036575362
1014 318 7 12 0.0371242
951 267 6 8 0.037248943
935 332 8 12 0.03729361
660 282 7 10 0.037378583
771 254 6 8 0.03753419
910 331 8 12 0.03764031
901 239 5 6 0.037895877
849 367 7 11 0.038032964
365 282 12 20 0.038162194
600 256 7 8 0.038709827
613 268 5 7 0.038736206
709 281 8 10 0.038901035
774 221 5 7 0.038906623
787 176 5 6 0.038934182
817 238 5 8 0.038960546
704 334 10 12 0.03899056
774 206 5 6 0.039055645
981 288 8 10 0.039413348
886 256 5 6 0.039508723
924 502 13 19 0.039534688
774 193 5 5 0.039627325
741 175 5 6 0.039717168
279 256 6 7 0.039729945
144 403 20 19 0.03979903
355 269 7 10 0.03986514
931 286 6 7 0.04004474
261 256 6 7 0.04008834
276 187 6 7 0.04026285
903 271 5 7 0.04032055
598 286 6 9 0.04043578
643 288 6 9 0.040826544
850 255 6 8 0.04095279
758 176 5 5 0.041047912
790 188 5 6 0.041348886
675 285 7 9 0.041825406
567 263 8 12 0.041992854
868 257 6 6 0.042339485
931 236 6 6 0.042437308
808 221 5 7 0.04253297
932 173 5 7 0.04257061
851 287 7 8 0.042845704
643 236 5 7 0.04289318
965 204 5 6 0.04294229
342 222 5 8 0.043376118
790 208 5 7 0.04343174
728 267 7 9 0.043451615
948 174 5 7 0.04351378
902 223 5 6 0.04406619
884 367 7 12 0.04433353
340 284 7 9 0.04435813
866 302 7 9 0.04447202
276 284 6 8 0.04447284
963 171 6 7 0.044586223
660 252 6 7 0.044611
741 254 6 8 0.04461687
39 222 6 7 0.044785194
68 275 5 7 0.044941895
884 464 18 23 0.045259852
135 266 6 10 0.045490235
880 455 18 31 0.045586795
758 237 6 8 0.045817707
1012 239 6 9 0.046292294
104 280 6 9 0.046354678
169 281 7 10 0.0468552
756 320 8 10 0.04766893
756 206 5 6 0.047769945
119 254 6 9 0.048072513
308 238 5 7 0.048147228
739 268 7 8 0.048238568
561 237 7 9 0.04831993
260 285 7 9 0.04875995
757 290 8 9 0.04891182
66 238 6 8 0.04921921
918 238 6 7 0.049652547
441 283 18 30 0.04969428
71 222 6 7 0.04980899
902 284 6 8 0.0500374
678 269 6 9 0.050455708
21 258 7 8 0.0505014
913 258 6 7 0.05075619
904 257 6 7 0.050824996
995 315 8 10 0.050866686
708 269 6 8 0.05101037
688 270 7 9 0.051045164
962 267 6 8 0.05128874
740 206 6 7 0.05139161
361 221 5 9 0.051765196
225 274 6 8 0.05190383
610 240 6 8 0.05218414
848 322 9 11 0.052274376
353 238 6 9 0.05242066
872 316 8 11 0.05246433
999 238 7 7 0.05276692
436 282 17 30 0.0529656
995 306 8 10 0.05296907
967 223 5 6 0.05310915
614 285 7 8 0.05317402
244 271 6 9 0.053282358
484 219 20 21 0.05334724
644 255 6 6 0.053382363
642 270 6 8 0.054029148
982 252 7 7 0.054037824
711 238 5 7 0.054253608
291 270 6 7 0.05453373
161 256 6 7 0.054887794
802 190 5 6 0.05505234
153 256 6 8 0.055717114
834 296 7 11 0.055787727
660 319 11 11 0.056005973
742 320 10 11 0.05726945
936 210 5 7 0.05766548
66 255 6 8 0.05789889
808 237 6 8 0.05837338
905 328 8 12 0.058615953
772 380 14 19 0.058913287
199 270 6 7 0.059287604
757 254 6 8 0.059297502
982 223 5 7 0.059328113
722 254 6 9 0.05951837
786 221 6 7 0.05967949
194 256 6 7 0.059920195
88 269 6 9 0.05994625
500 394 20 21 0.06051605
962 239 6 6 0.060736835
758 224 6 8 0.06182689
819 255 6 7 0.062212545
311 285 6 7 0.062471062
4 267 7 9 0.062800944
931 224 5 6 0.063025326
755 299 8 9 0.0630786
581 258 7 8 0.063646734
69 281 6 9 0.06422474
918 282 6 8 0.064255655
947 225 5 6 0.06526899
851 301 8 10 0.06551996
709 256 6 8 0.06556955
674 312 9 11 0.066280104
215 256 6 7 0.06633042
678 240 6 7 0.066553384
676 254 5 7 0.06663392
325 301 8 9 0.06689499
579 236 7 10 0.06696154
596 341 19 21 0.06719173
771 239 6 8 0.067963585
981 241 6 6 0.06917569
225 280 7 11 0.069264635
20 268 8 8 0.069501504
2 585 12 20 0.07003846
791 283 7 9 0.07009969
822 517 22 20 0.07059018
658 241 6 7 0.07096094
808 258 6 9 0.07097713
628 270 6 8 0.07182555
323 271 6 8 0.071876965
953 237 6 7 0.072609276
1016 303 7 10 0.07335086
915 272 6 7 0.073474854
864 350 8 12 0.073772624
99 271 6 9 0.073823415
737 285 8 12 0.074253164
131 427 21 21 0.07443197
786 243 7 9 0.07444955
308 302 7 8 0.0745427
869 268 6 7 0.075581595
933 300 7 11 0.075961925
216 279 8 10 0.07655556
950 256 6 7 0.077484794
728 239 7 9 0.0779721
17 279 11 10 0.08046626
215 274 7 9 0.081417635
164 270 6 9 0.081802756
178 282 7 10 0.08190899
145 274 7 11 0.082616575
871 286 7 8 0.08367494
726 314 8 10 0.084855154
772 268 7 9 0.08495016
936 253 7 8 0.085990205
295 287 6 8 0.08602143
979 325 10 12 0.086880594
752 327 10 11 0.086942546
307 452 20 22 0.08749034
549 449 18 21 0.08792392
330 238 5 8 0.08850559
246 345 13 18 0.0885957
1015 268 7 11 0.089959614
805 282 7 8 0.09141707
2 256 6 10 0.09175446
712 517 23 21 0.09387868
996 256 8 10 0.09437069
341 237 6 9 0.09456873
840 256 6 8 0.094767
788 248 6 8 0.09516839
965 256 7 7 0.09584577
5 280 9 11 0.09602149
851 267 7 8 0.09624123
833 272 6 8 0.09628856
602 514 22 21 0.096442275
309 272 6 8 0.09706697
499 516 20 20 0.09882663
180 271 7 9 0.10635669
385 339 18 23 0.10661795
775 316 9 12 0.10847259
808 436 22 20 0.11024064
998 263 8 10 0.110861935
979 320 9 13 0.111023076
790 328 10 11 0.11189728
931 271 7 8 0.1131787
326 282 7 9 0.11469692
824 271 7 8 0.11662208
145 278 7 10 0.11769666
768 301 8 10 0.11788674
136 422 17 30 0.12169348
984 269 7 10 0.12255902
887 271 7 7 0.12586749
822 313 9 11 0.1313695
701 376 22 21 0.13219921
850 325 9 13 0.13630565
792 268 7 9 0.13739704
757 268 8 10 0.14393239
897 298 7 10 0.14765319
341 272 8 10 0.14924014
116 271 7 10 0.15097214
304 357 20 21 0.15484527
675 449 21 21 0.15826768
754 402 20 20 0.16099851
196 283 7 10 0.16135134
807 266 7 8 0.16300005
264 515 22 21 0.16457431
39 257 7 8 0.17319554
28 510 23 20 0.1767275
150 508 24 21 0.18340755
942 520 22 21 0.1867252
396 515 23 20 0.20273922
653 349 23 20 0.20894386
442 451 22 19 0.21233106
9 478 19 28 0.21903276
250 379 23 21 0.22755428
543 289 22 20 0.2602208
198 453 24 20 0.26339334
488 222 20 22 0.3102174
75 454 21 21 0.3160021
768 461 22 20 0.32492074
184 387 24 20 0.3652231

