0_Parade_marchingband_1_156
42
574 175 38 62 0.010044565
319 192 13 21 0.010147578
352 195 12 21 0.010214944
310 283 29 39 0.0102802785
597 175 38 60 0.010707281
5 323 10 30 0.01075768
347 343 30 42 0.010961382
707 150 33 64 0.0111960545
11 190 17 37 0.011400618
10 184 25 46 0.011560285
1 318 22 105 0.011689649
385 207 13 23 0.01175532
359 271 20 32 0.011919402
405 189 11 22 0.011973277
0 290 8 30 0.012664263
94 218 28 41 0.012868102
446 357 54 93 0.01319304
349 278 28 40 0.013363733
729 533 39 62 0.013486135
157 265 43 62 0.014039013
120 242 37 63 0.015490756
348 328 27 42 0.015556642
128 294 30 40 0.015862882
994 224 28 87 0.016210878
175 267 46 58 0.016622312
452 391 58 103 0.017514972
999 214 21 61 0.017745623
1001 98 15 40 0.020369135
266 342 21 55 0.02066141
458 260 27 42 0.021394162
393 264 25 44 0.021584427
589 247 42 69 0.023686107
125 284 40 57 0.026848404
5 318 13 49 0.02931827
341 334 39 60 0.035276085
993 204 28 81 0.0673729
974 198 49 112 0.06915044
287 250 25 44 0.07192565
475 174 33 64 0.11938021
156 240 61 82 0.49152347
572 236 54 83 0.5786173
871 183 80 106 0.9521273

