0_Parade_Parade_0_757
29
836 249 13 19 0.010257651
666 238 14 19 0.011299298
837 259 10 13 0.011577559
1 140 10 60 0.012186186
906 501 61 89 0.012819572
91 114 26 92 0.013200199
772 243 11 12 0.013242316
1007 542 17 64 0.013572845
749 254 18 31 0.014112107
775 238 20 20 0.014915882
897 533 59 87 0.015424313
69 93 43 122 0.01581949
913 11 37 65 0.01613867
844 254 22 20 0.017833782
768 237 18 33 0.020893266
759 240 13 19 0.021528618
752 261 13 21 0.023118602
704 257 13 21 0.02382738
659 232 14 20 0.024028525
895 556 51 51 0.024240443
913 548 42 58 0.02608137
857 246 22 20 0.026402539
720 260 13 21 0.03429945
841 248 19 32 0.0385834
848 247 21 20 0.042770922
836 255 13 21 0.05064106
767 240 21 19 0.11016802
658 238 19 21 0.1830325
247 94 173 243 0.994732

