0_Parade_marchingband_1_309
221
16 102 13 21 0.010099255
1015 50 9 14 0.010130809
423 119 24 18 0.010201386
46 70 24 17 0.010209198
920 65 24 18 0.01023514
141 13 13 11 0.01026522
489 228 30 73 0.01032594
875 102 24 18 0.010375503
132 70 11 12 0.010478278
983 17 21 19 0.010522898
266 89 24 17 0.010538977
632 131 23 19 0.010629981
322 120 10 11 0.010642104
138 16 21 17 0.010658377
602 81 24 17 0.010682524
120 130 41 53 0.0107211545
127 138 30 39 0.010782355
904 33 12 15 0.010800761
590 135 25 17 0.010916811
912 103 23 20 0.011066221
575 115 45 48 0.011075664
859 115 24 18 0.011106731
327 111 20 30 0.011121043
960 116 18 31 0.011135714
50 69 38 53 0.01117927
35 22 11 12 0.01128219
986 95 20 22 0.011300971
765 114 20 30 0.01134094
727 98 23 19 0.011353768
671 117 20 30 0.011480523
30 4 23 17 0.011533052
647 79 31 37 0.011829174
5 123 6 13 0.011948624
599 138 25 17 0.012056131
439 90 25 18 0.012067398
5 110 15 36 0.012146249
492 53 23 31 0.012322142
382 85 38 49 0.012393778
99 150 21 20 0.01244405
4 70 11 22 0.012461461
861 74 38 54 0.01246588
863 114 20 31 0.0124662435
842 87 24 17 0.012555167
954 73 23 18 0.012604678
53 20 12 11 0.012708252
927 109 14 21 0.0127117885
660 71 39 53 0.012733668
195 114 10 15 0.012737109
366 72 13 18 0.012817062
444 96 14 21 0.012878845
903 27 21 19 0.01295903
149 71 42 51 0.013016839
105 133 23 18 0.013223506
347 130 22 20 0.013264372
128 81 39 51 0.013274063
132 54 22 28 0.013472801
581 140 34 36 0.013504697
844 48 21 29 0.013734677
490 49 28 16 0.013819635
23 66 13 19 0.013821546
648 55 31 37 0.0148902815
721 84 21 20 0.014897517
984 69 21 20 0.015237441
93 88 23 27 0.015312967
899 27 22 27 0.01535394
376 42 48 45 0.015492085
703 54 24 18 0.015526984
726 38 24 17 0.015594301
383 86 23 18 0.015726935
3 116 10 24 0.015811386
615 101 23 19 0.015875423
361 84 19 30 0.015943345
226 118 13 20 0.016180092
376 57 23 18 0.01620681
47 40 22 18 0.01626183
195 81 37 50 0.016456401
580 123 35 33 0.016584637
408 51 26 17 0.016711723
0 92 10 30 0.01672228
54 85 25 19 0.016754182
864 46 31 38 0.016757647
2 87 9 14 0.01696168
578 76 43 48 0.017076839
919 142 12 22 0.017526997
638 123 21 30 0.017538127
858 38 42 54 0.017701134
291 80 34 51 0.017738052
868 81 29 40 0.01774357
607 111 22 18 0.017902482
946 83 22 18 0.018463198
954 71 34 57 0.018468613
672 83 14 21 0.018569374
504 82 27 19 0.018584846
319 88 19 31 0.018752905
971 20 30 38 0.018777892
35 62 22 27 0.018982476
194 109 21 29 0.019010866
12 23 20 20 0.019180227
832 102 23 18 0.019447425
406 49 33 34 0.019474778
848 49 20 20 0.019557005
111 27 12 11 0.019822957
235 114 22 20 0.020187456
908 110 18 36 0.020438766
576 133 43 52 0.020664137
795 75 38 55 0.021105643
47 50 22 18 0.021200638
772 86 20 30 0.021353558
728 96 36 56 0.0215259
381 49 37 32 0.021699322
70 64 24 17 0.021859266
312 83 23 18 0.022068223
158 77 31 37 0.022227174
909 69 24 18 0.022257527
824 114 24 20 0.02243619
976 68 21 19 0.022639358
19 0 14 11 0.022890886
964 44 40 55 0.023208547
167 63 22 28 0.023266066
47 16 22 18 0.023379408
127 66 21 18 0.023384133
673 65 22 29 0.023523424
52 11 12 11 0.023721425
710 114 23 19 0.024286378
46 9 22 17 0.024633164
3 81 25 44 0.025519522
24 65 20 20 0.025640586
1013 45 11 24 0.025683567
316 115 21 19 0.026002763
208 97 14 21 0.026060684
701 98 38 53 0.026572397
102 143 23 29 0.027365202
431 89 22 18 0.027396888
586 98 24 19 0.028003821
90 86 23 18 0.029630091
390 107 21 30 0.029842278
970 51 30 38 0.030339511
135 11 23 16 0.031668987
287 97 23 20 0.03186274
125 53 21 18 0.031931475
116 0 12 9 0.03235184
126 102 23 18 0.03254229
607 106 22 18 0.032707963
169 53 25 18 0.033627775
413 115 23 18 0.0336771
105 24 21 18 0.03389879
344 69 21 20 0.034231152
1002 130 21 48 0.03484235
230 110 21 29 0.035000578
212 85 14 21 0.035182137
339 68 20 19 0.03527315
139 85 23 19 0.03617757
701 50 33 36 0.037137587
735 104 28 41 0.03764956
978 20 21 20 0.03774828
798 82 28 40 0.03800862
295 96 22 22 0.03887539
728 84 25 19 0.039315965
696 45 43 50 0.03946951
56 75 29 38 0.040668447
75 8 23 16 0.041127723
298 86 23 19 0.04128099
64 55 30 36 0.041308098
37 21 23 26 0.043230318
711 102 23 21 0.044343308
223 94 20 30 0.04632387
193 104 13 21 0.046648566
584 82 33 35 0.047423333
499 57 33 39 0.049205516
889 100 23 20 0.05057204
486 68 44 49 0.051686108
81 10 13 11 0.052314315
394 87 24 18 0.055704005
0 84 12 22 0.057216667
63 57 23 18 0.05779216
193 111 13 20 0.05800161
138 88 22 30 0.05834267
838 102 25 19 0.059010874
354 118 22 18 0.061160058
491 77 33 34 0.062101904
815 112 22 20 0.062278803
70 58 24 18 0.0629672
901 86 20 33 0.06344702
921 105 22 20 0.068258844
63 64 23 19 0.072945245
360 115 20 30 0.07363285
1011 133 11 28 0.07639782
671 81 21 30 0.07667499
121 116 23 19 0.08793027
6 85 16 37 0.08809787
29 19 21 19 0.08872827
383 101 22 20 0.09640377
706 105 28 38 0.099173434
928 106 18 34 0.10542895
432 91 21 28 0.105772756
44 85 23 21 0.10947029
928 94 18 34 0.11703239
907 31 14 18 0.12175133
605 93 30 37 0.1310199
607 105 29 41 0.14317939
953 84 23 21 0.15562105
713 87 30 38 0.15979789
988 80 18 35 0.16653754
899 93 36 62 0.16685592
889 80 37 58 0.18591887
204 91 21 30 0.19793363
1005 126 16 36 0.20464616
361 117 24 18 0.20895964
124 114 29 38 0.21195725
811 108 29 36 0.21203667
830 103 32 36 0.22434321
962 82 20 33 0.28551286
270 93 21 31 0.30810156
442 90 21 30 0.33529857
839 92 27 42 0.33732346
727 86 29 39 0.3466707
390 96 23 30 0.4058076
299 89 21 32 0.4089146
487 47 40 51 0.40951207
43 79 28 39 0.42283043
499 74 34 35 0.53709555

