0_Parade_Parade_0_317
382
227 66 15 9 0.010212105
558 65 14 10 0.010232667
901 68 13 9 0.010241876
475 75 24 16 0.010269421
45 73 23 16 0.010367819
477 64 25 14 0.010468641
287 103 21 16 0.010495389
74 71 23 17 0.01054103
269 65 15 13 0.010548418
651 76 25 15 0.010598243
856 204 26 16 0.010612087
402 108 10 9 0.010714693
170 91 22 16 0.010833707
0 80 54 79 0.010898554
791 64 25 14 0.010902302
995 99 20 29 0.011045251
551 63 26 14 0.011143341
11 75 14 15 0.011158
602 186 21 20 0.011216842
958 54 21 26 0.0112181585
854 63 24 14 0.011362448
817 82 13 9 0.011363809
116 96 11 8 0.011538022
301 84 22 16 0.011590335
189 75 15 15 0.011658191
173 65 23 14 0.011707979
260 102 19 16 0.011769965
191 105 14 14 0.011785248
434 110 9 9 0.011865912
175 204 14 22 0.011927143
629 157 14 17 0.0120145995
6 95 9 11 0.01205855
793 72 24 15 0.012068211
236 71 15 15 0.012151989
610 90 14 10 0.012181927
594 95 12 10 0.012293414
787 66 12 9 0.012302397
468 67 12 8 0.012366347
14 106 11 10 0.01246828
844 121 11 11 0.012537958
4 120 9 12 0.01258665
567 65 25 14 0.012703424
857 75 24 15 0.012719959
426 76 24 16 0.012729371
189 67 13 9 0.012872918
967 102 22 26 0.012987582
752 110 10 10 0.013165481
48 106 12 8 0.013224707
717 75 23 15 0.013258133
603 134 21 17 0.013348112
755 118 14 17 0.013603025
542 95 14 11 0.013608841
862 151 14 16 0.013634455
1009 94 11 9 0.013889049
410 75 24 16 0.014000098
988 121 23 16 0.014155275
143 80 11 7 0.01424504
209 94 13 10 0.014578304
138 105 23 17 0.014777866
14 66 10 9 0.014831105
748 93 15 14 0.014968683
770 108 10 10 0.015055975
283 90 23 16 0.015083725
374 92 14 9 0.015086836
645 129 12 10 0.015115225
33 67 10 8 0.015231354
701 103 14 15 0.015234316
531 156 11 12 0.015524834
692 95 15 14 0.015718738
1001 126 22 18 0.016174871
819 103 14 15 0.016293617
906 75 22 16 0.01637112
142 153 14 17 0.016747804
916 107 12 10 0.01690151
533 96 13 11 0.01692478
108 66 13 11 0.017052893
821 125 10 9 0.01709803
112 108 12 8 0.017116608
640 158 11 11 0.017129995
768 80 12 8 0.01732798
605 89 23 15 0.017413963
101 65 24 15 0.017440066
948 109 13 9 0.017672809
548 66 14 10 0.017690808
720 112 12 9 0.017790219
624 68 14 8 0.017829599
320 66 12 8 0.017920299
771 91 11 10 0.018204354
144 155 10 12 0.018204827
33 105 11 9 0.018274324
573 66 15 10 0.018340474
662 154 22 18 0.018539215
767 66 12 7 0.018622478
608 137 13 11 0.018623488
366 124 11 10 0.018709393
129 93 14 8 0.018818535
925 92 23 16 0.018888032
780 100 20 17 0.019111697
261 76 14 16 0.019305414
741 121 10 10 0.019368334
303 122 14 15 0.01947146
224 77 22 16 0.019512355
864 153 11 11 0.019553494
318 124 11 10 0.019776361
748 72 24 16 0.019851787
494 77 13 9 0.01998324
147 95 12 8 0.019993322
420 122 8 10 0.020173643
833 66 12 9 0.020425955
994 125 11 10 0.020637415
5 66 8 9 0.02089788
264 66 10 9 0.02104215
707 120 15 16 0.021236334
400 124 10 10 0.021345472
129 110 11 9 0.02136506
604 66 25 13 0.021589715
3 107 13 17 0.021704152
463 75 23 15 0.0218869
492 67 14 8 0.021974416
733 92 23 16 0.022079194
275 96 12 10 0.022360133
269 71 15 14 0.022637099
1003 76 21 16 0.022973645
382 105 15 14 0.023069197
415 90 15 14 0.023346394
878 88 15 15 0.023768816
345 92 24 14 0.023847623
418 109 9 9 0.023859305
899 74 15 14 0.024195082
573 76 14 10 0.024388416
720 121 11 10 0.024537409
35 76 11 9 0.024625638
13 90 15 16 0.025093976
991 112 14 9 0.025137158
530 153 13 18 0.025213238
108 72 14 10 0.025553072
700 94 15 14 0.026126051
306 88 13 10 0.026756562
847 108 11 10 0.026806792
851 91 16 15 0.026806954
880 81 13 8 0.027035391
722 91 11 9 0.027097844
836 111 11 8 0.027180603
844 73 24 16 0.027196998
633 155 22 17 0.02727473
196 91 11 10 0.027660828
1010 78 12 10 0.027869074
352 79 13 7 0.028009707
976 77 12 7 0.02807263
128 80 16 9 0.028104158
66 77 10 8 0.028626079
725 66 11 8 0.028708342
542 81 20 24 0.028975934
209 106 11 11 0.029378079
641 93 11 8 0.029410293
174 159 22 17 0.029612152
372 77 13 8 0.029995834
783 95 14 16 0.030318182
237 67 13 9 0.030356081
179 71 14 14 0.030914374
1009 106 12 11 0.03133558
975 67 12 7 0.031489264
424 63 24 15 0.031509273
932 94 12 10 0.03184171
453 100 14 16 0.03200399
100 66 16 14 0.03225429
864 78 12 8 0.032311253
178 93 11 9 0.032488577
165 81 12 9 0.032999214
80 75 13 9 0.033138074
950 66 13 10 0.03327175
447 67 12 8 0.0333915
565 81 13 10 0.03366569
219 99 21 17 0.034120645
351 121 22 16 0.034144334
854 66 12 9 0.034374554
482 79 11 8 0.03452776
385 120 21 16 0.034541186
14 77 10 10 0.034771416
802 110 10 9 0.034974802
175 164 22 18 0.03499338
416 79 12 8 0.03501983
707 67 10 7 0.035068996
640 78 16 14 0.035119366
529 94 22 17 0.03524441
286 73 22 16 0.03575337
605 70 23 16 0.03581859
785 98 11 10 0.036069278
289 67 12 9 0.036448546
564 84 14 16 0.036537662
832 97 12 8 0.036691822
62 66 11 9 0.03686588
945 75 11 9 0.036893237
789 79 12 9 0.03793891
377 86 24 15 0.037990175
801 90 22 17 0.03811756
661 158 12 12 0.038377915
54 67 11 8 0.038573183
420 65 13 9 0.03870411
969 90 25 14 0.03872155
639 66 11 8 0.0387664
923 71 22 16 0.038789995
404 81 12 7 0.03886736
566 122 21 18 0.03890346
609 68 15 10 0.039028097
1002 90 22 18 0.03913477
800 75 12 9 0.03917002
161 202 22 19 0.03925751
985 108 25 15 0.03935368
515 104 20 16 0.03937739
710 123 10 11 0.039746087
6 72 13 18 0.040726185
998 82 21 30 0.041032262
833 120 20 17 0.041188598
465 93 14 15 0.041202515
145 107 11 9 0.041569874
292 106 13 10 0.041976236
973 107 25 15 0.04280617
42 90 22 17 0.04299707
961 74 12 8 0.04309082
102 70 25 15 0.043165516
799 67 12 9 0.04338404
194 107 11 10 0.043403313
462 103 10 11 0.043887958
739 106 14 16 0.044037588
654 105 22 16 0.044241153
354 106 12 9 0.044585224
672 107 11 9 0.04502235
122 87 26 15 0.045189824
754 76 12 9 0.04646536
739 95 11 9 0.046958145
523 104 15 15 0.047096662
640 106 16 14 0.047617674
751 96 11 9 0.048052713
737 76 11 8 0.0480854
518 107 14 12 0.048667375
449 94 15 15 0.04869888
322 78 14 9 0.049119104
606 109 16 11 0.049435485
567 74 22 17 0.04954407
228 79 12 11 0.04960851
386 65 12 8 0.04968113
952 93 25 14 0.050119184
689 67 11 7 0.050252855
657 66 10 7 0.051374316
169 211 24 18 0.05153889
427 86 21 17 0.051796846
141 120 22 17 0.052232463
377 80 25 15 0.052674465
560 79 22 16 0.052963376
926 106 14 10 0.05331379
675 66 10 7 0.05369974
805 94 13 10 0.053739198
820 106 12 10 0.053903542
673 80 11 7 0.054100454
483 66 13 10 0.054398876
449 77 12 8 0.054658614
434 80 11 8 0.055920556
192 78 11 10 0.056068618
94 90 15 14 0.056068778
660 93 11 8 0.056557473
398 65 12 8 0.056679968
289 92 13 9 0.057094213
704 106 11 10 0.05715638
657 155 21 17 0.05733488
513 93 13 11 0.05767005
609 73 14 9 0.057811987
16 92 10 11 0.0579318
619 77 25 16 0.058038328
756 66 11 8 0.058088843
851 77 11 9 0.058265436
263 78 10 10 0.058524784
734 67 11 8 0.0589624
52 76 11 8 0.059611022
758 120 9 11 0.059623413
341 62 25 15 0.060314637
921 103 22 16 0.06031991
675 92 10 8 0.06055903
912 77 12 10 0.06068283
809 91 22 16 0.06134448
124 77 21 24 0.061366282
957 66 15 10 0.061432768
341 64 13 10 0.061438225
1002 102 22 18 0.06244255
898 89 21 16 0.062554866
306 126 10 9 0.063144416
349 65 13 8 0.06492016
705 78 11 8 0.06512672
816 94 12 10 0.06560438
979 111 14 9 0.06562129
239 73 12 10 0.066751584
740 110 12 11 0.067235194
625 88 15 10 0.06763064
785 103 12 11 0.06790264
431 66 13 9 0.068266064
695 104 12 10 0.070879154
384 83 13 9 0.07229473
251 90 15 16 0.072435476
626 79 13 8 0.07328759
468 78 12 9 0.07333863
4 110 10 10 0.0735792
693 98 12 8 0.07425975
255 92 10 12 0.07549613
489 89 21 17 0.075853266
178 67 13 10 0.07703049
97 68 22 16 0.07715329
403 92 12 9 0.078958265
290 75 13 10 0.07981901
543 75 16 15 0.08009839
861 66 13 9 0.08161092
960 95 13 9 0.081729524
384 89 13 9 0.082167886
67 90 10 9 0.08257368
508 91 22 17 0.08307043
372 66 11 8 0.08308209
691 77 11 8 0.08490703
880 90 13 10 0.08511544
390 123 12 12 0.08567618
271 67 11 9 0.08662916
976 93 13 8 0.08702082
351 95 14 9 0.08728616
479 89 21 16 0.08744984
852 95 12 9 0.088531286
901 92 13 11 0.088746734
334 79 14 9 0.08987031
723 78 11 9 0.09048359
357 124 12 10 0.09068218
454 103 11 10 0.09292774
466 96 11 10 0.09581656
835 74 15 10 0.09812373
417 93 11 9 0.09842088
618 85 24 15 0.09854569
868 92 14 10 0.09909297
100 71 15 11 0.1012953
494 92 13 11 0.10135016
7 74 10 12 0.10236956
642 136 15 15 0.10302399
26 93 23 15 0.105713606
703 96 11 9 0.10652628
180 73 12 10 0.11077816
385 107 11 9 0.11098425
49 93 11 9 0.114288256
900 76 12 10 0.11454259
327 74 25 16 0.1161365
96 92 12 11 0.11635904
272 73 11 10 0.120565794
954 108 24 15 0.1267345
451 96 11 10 0.1280169
863 89 22 16 0.12805454
224 101 14 13 0.12996088
263 105 12 12 0.1353311
659 80 11 8 0.13558671
222 96 15 15 0.13562249
908 91 15 14 0.13684347
946 94 15 10 0.1375423
838 123 11 11 0.13913667
268 103 22 16 0.1403329
316 75 24 16 0.14089864
298 105 21 17 0.146253
942 91 23 16 0.14813235
642 80 12 9 0.15009649
273 106 15 11 0.15562643
659 108 12 10 0.15622677
960 111 14 10 0.15654421
642 108 12 10 0.16377522
433 88 12 11 0.16826512
951 63 25 16 0.17020717
831 71 23 16 0.17501788
179 106 14 12 0.17687707
32 96 13 10 0.17692046
246 89 15 15 0.18735051
483 91 12 11 0.20286655
175 104 21 16 0.21582474
159 91 15 15 0.22372153
307 79 16 15 0.2245875
536 92 22 18 0.231073
170 198 19 29 0.236056
564 125 15 16 0.23742153
122 78 26 15 0.26107514
303 107 13 12 0.27757058
928 73 14 11 0.32313815
601 106 23 17 0.4983802

