0_Parade_marchingband_1_768
365
295 643 13 19 0.010055444
708 475 5 6 0.010090258
359 536 5 8 0.010138816
739 661 12 18 0.0103571145
414 628 9 9 0.010402187
968 441 7 6 0.010414917
471 490 5 6 0.010445052
67 571 7 7 0.0104486495
799 658 9 12 0.010530507
296 648 10 12 0.010553337
964 491 7 5 0.010649085
804 494 6 6 0.010661958
285 229 32 38 0.01067014
931 553 9 7 0.010691498
35 554 6 7 0.010740729
102 506 5 6 0.010779863
373 645 8 9 0.010783209
551 490 4 6 0.010800297
353 648 7 11 0.010873226
229 230 40 57 0.01093313
659 619 8 7 0.010961836
974 553 14 16 0.010965006
948 536 8 5 0.010973474
821 440 5 6 0.011034522
645 489 5 5 0.01112952
100 520 6 6 0.011190956
487 490 4 5 0.011248665
594 598 7 10 0.011289889
354 633 7 9 0.011332293
601 629 9 12 0.011365517
469 506 5 5 0.011408768
599 490 5 6 0.011447064
805 475 5 5 0.011464954
468 568 6 6 0.011470635
118 506 5 6 0.011602436
675 586 7 5 0.011614839
947 460 7 6 0.011667837
779 620 18 20 0.011713443
487 602 7 9 0.011764297
815 625 21 28 0.011770469
370 631 14 17 0.011790292
613 490 5 6 0.011859138
627 598 6 8 0.011899885
149 507 5 7 0.01196444
80 553 7 7 0.0119882
567 488 4 6 0.011995878
134 521 5 6 0.012036643
950 553 10 8 0.012136292
579 489 5 6 0.012161483
453 507 5 5 0.012175916
947 474 6 6 0.012210192
72 556 7 7 0.012299675
877 564 13 16 0.012300161
837 557 8 6 0.01231905
930 442 8 7 0.0123775
382 619 9 9 0.012387365
486 633 8 10 0.012428771
960 569 10 10 0.012488117
758 554 7 6 0.012520749
807 439 5 7 0.012537421
102 537 6 6 0.012607445
870 458 5 6 0.012655788
967 474 7 6 0.012702599
693 603 7 6 0.012926987
34 520 6 8 0.012956762
774 490 5 6 0.0129583115
551 629 10 11 0.013095986
883 457 6 6 0.013207202
789 522 6 5 0.013500322
466 611 14 23 0.013525848
515 490 5 5 0.013537885
149 522 6 6 0.013670542
662 491 5 5 0.013862488
950 570 10 10 0.013887463
313 551 6 13 0.0139098335
116 537 6 6 0.014041845
754 584 8 8 0.014094538
145 552 6 8 0.014116579
821 566 8 6 0.014213978
84 523 6 7 0.014222913
116 571 7 7 0.014292578
726 539 6 5 0.014387115
740 538 6 5 0.014444295
849 568 10 7 0.01456725
534 586 6 7 0.014753934
419 524 5 5 0.0150807155
632 507 4 5 0.015179501
469 588 6 6 0.015507141
741 600 7 8 0.015518123
533 490 4 5 0.015534164
564 523 5 6 0.015544102
623 626 13 17 0.01557948
581 506 5 5 0.015724434
597 508 5 5 0.015774097
837 442 5 5 0.015793972
743 506 5 5 0.015898548
723 586 7 5 0.016000938
898 473 7 7 0.016205471
118 523 5 6 0.016207432
693 506 5 4 0.01623131
725 522 5 5 0.016366322
928 474 7 7 0.016462168
504 491 5 6 0.016529486
884 474 6 7 0.016625242
739 569 7 5 0.016786316
1000 551 10 10 0.01684035
693 493 6 5 0.016869174
932 490 6 6 0.016922662
821 491 5 6 0.016924948
836 458 5 5 0.01705334
962 505 7 6 0.01713066
454 523 5 5 0.017403472
791 537 6 7 0.01743082
375 554 6 9 0.017487029
786 597 9 11 0.017618852
708 586 5 5 0.017628262
900 537 8 7 0.017763045
147 536 6 7 0.017767636
802 555 7 6 0.017915096
627 660 13 18 0.017932378
54 539 6 7 0.018098632
221 180 18 33 0.018117066
758 540 7 6 0.018152865
563 570 6 6 0.018301021
517 508 4 6 0.018418713
484 586 6 6 0.018432422
408 524 6 6 0.018452179
551 506 4 6 0.018523049
916 537 7 6 0.01868279
740 490 6 5 0.018712414
740 584 6 6 0.018843645
372 540 5 7 0.01892865
741 665 9 12 0.018941836
132 507 5 6 0.019010227
710 523 4 5 0.019012913
645 507 4 6 0.019157972
533 507 4 6 0.019219292
117 554 6 6 0.01952174
566 506 4 5 0.019540286
757 522 6 5 0.019587604
917 506 6 6 0.019597707
134 553 6 7 0.019607678
867 492 6 6 0.019621765
583 553 5 6 0.019943481
609 622 9 11 0.020005409
917 523 8 6 0.020248309
837 475 4 5 0.020370182
777 625 9 13 0.020666532
131 567 7 7 0.02078758
419 552 6 5 0.020854454
438 540 6 5 0.020854777
198 574 6 8 0.021031609
948 489 6 5 0.02113169
100 574 7 6 0.021240477
739 523 6 5 0.02128157
979 522 8 7 0.021287736
772 522 6 5 0.021504093
374 613 13 18 0.021759272
305 576 12 20 0.021819904
759 568 8 6 0.021854147
866 538 7 7 0.02193513
385 649 8 10 0.021944236
823 536 6 6 0.022096261
708 604 6 7 0.022101203
962 553 9 9 0.022205323
778 619 9 13 0.022394957
823 472 5 6 0.022453673
853 489 5 6 0.022478256
278 221 43 53 0.022741117
502 507 4 5 0.022993706
838 566 9 7 0.023003574
693 584 6 5 0.023011617
437 523 5 5 0.023372328
550 523 4 5 0.023513187
613 522 5 6 0.023682365
712 505 5 5 0.023735775
884 600 9 13 0.023886751
487 508 5 5 0.024099305
725 506 4 4 0.024152417
301 643 13 18 0.024328232
517 588 7 7 0.02449408
920 475 8 8 0.024622923
405 553 5 6 0.025013715
756 489 5 5 0.02506724
132 539 6 7 0.025196826
488 521 4 6 0.025279766
630 664 9 11 0.025301218
662 507 4 5 0.02535805
678 613 8 8 0.025536496
886 534 8 7 0.025695376
662 587 5 6 0.025815725
855 508 6 6 0.025963942
643 643 9 11 0.026066355
497 601 8 10 0.026282702
422 539 4 5 0.02688368
967 538 8 7 0.026909487
534 523 4 5 0.027027503
716 622 12 17 0.02711943
693 617 8 7 0.027404277
597 524 4 5 0.027646821
924 659 22 24 0.02770161
183 573 6 8 0.027764104
871 567 10 10 0.027935158
838 490 5 6 0.028009987
880 567 9 11 0.028141974
824 523 6 6 0.02827544
803 537 7 6 0.028375864
904 492 7 7 0.02846729
854 476 5 6 0.028572787
868 504 7 7 0.028864771
547 622 19 19 0.02896405
770 537 6 6 0.02932809
774 508 5 5 0.029594805
469 526 5 5 0.029844567
486 569 5 5 0.030318525
822 506 5 6 0.030441716
439 551 6 6 0.030450331
933 536 7 6 0.030583818
880 555 9 7 0.03067782
948 506 6 6 0.031016953
401 623 14 15 0.031043656
510 628 14 18 0.031064412
390 553 5 7 0.031174403
662 554 4 5 0.0313051
835 504 6 6 0.0313545
549 541 4 5 0.031410642
304 647 8 12 0.031719107
391 541 4 6 0.031947743
805 522 5 5 0.031948067
789 506 5 6 0.031998225
977 556 10 9 0.032079045
692 523 5 5 0.032138478
581 523 5 5 0.03228471
725 567 6 5 0.032939263
816 614 10 10 0.033066582
841 637 20 21 0.03309576
811 612 20 18 0.033519473
882 598 13 19 0.033552825
835 533 7 8 0.034099706
868 473 6 7 0.03420719
851 539 8 7 0.03427976
738 557 7 5 0.03452642
677 508 4 5 0.034646913
708 538 5 5 0.034665562
500 585 7 7 0.035074465
605 625 18 20 0.035141967
611 656 13 18 0.035435032
759 505 5 6 0.03592174
708 555 5 5 0.036283884
884 493 6 8 0.03644583
675 603 8 7 0.036564883
676 523 5 4 0.03657333
644 585 7 5 0.037045408
614 539 4 5 0.037084423
790 556 8 6 0.037490677
533 539 5 5 0.03753886
661 538 4 5 0.037757322
566 551 5 6 0.037769236
517 521 5 6 0.037911084
513 633 9 10 0.037935276
453 541 5 5 0.03813081
629 524 4 5 0.038228802
884 525 6 7 0.038266886
583 571 6 6 0.03845025
405 539 5 6 0.038496174
810 627 20 20 0.03879478
963 523 7 6 0.03924718
555 658 22 19 0.039408587
550 568 5 7 0.03949268
913 492 7 7 0.03956482
806 505 6 5 0.039801583
403 622 9 11 0.04068322
636 631 19 18 0.04073063
646 524 5 5 0.040756997
853 553 7 7 0.04091018
825 460 5 6 0.041001763
500 522 4 5 0.041228406
770 558 8 7 0.04191231
598 538 4 5 0.04261774
694 540 5 4 0.04292932
978 537 10 7 0.04324089
727 558 6 5 0.04343081
884 501 7 7 0.043711804
899 506 6 7 0.043867283
597 585 5 6 0.043894902
516 539 5 6 0.044343814
866 519 7 8 0.044350915
597 571 5 5 0.044913355
644 554 5 5 0.045211803
625 628 9 12 0.045289222
614 553 5 5 0.04637485
934 507 7 6 0.04648269
662 520 5 5 0.046913937
580 539 5 5 0.04713208
549 552 5 6 0.047267962
648 600 7 8 0.04771748
871 557 8 8 0.048300605
518 554 5 5 0.048824076
307 578 8 14 0.049046993
468 554 5 5 0.049220584
484 539 5 5 0.049497254
718 625 9 12 0.050418988
484 555 5 5 0.05097566
679 540 4 5 0.051224623
568 541 5 5 0.051233
502 539 4 5 0.05173391
646 537 4 5 0.052138556
947 524 8 6 0.05255876
502 554 5 5 0.05263796
470 537 5 5 0.05278537
389 630 8 9 0.05304788
659 630 8 9 0.053751227
629 540 4 5 0.054192815
673 571 6 6 0.055027287
692 554 5 5 0.055261068
627 552 5 5 0.056796387
375 618 10 10 0.056971774
851 519 7 7 0.05760179
903 523 6 7 0.05799373
598 553 5 5 0.058223654
532 552 5 5 0.061295293
707 568 6 5 0.06260772
455 565 6 8 0.06280547
834 524 7 8 0.06421556
715 618 13 16 0.06533008
518 569 5 5 0.06559059
931 523 6 6 0.06647666
614 583 6 6 0.06988343
819 555 7 7 0.07040061
661 598 7 7 0.073633
695 571 5 5 0.074640654
898 549 8 10 0.0768866
770 563 9 8 0.07690466
717 620 9 12 0.077010795
534 571 5 6 0.07716189
559 629 10 12 0.07948562
373 634 8 10 0.08251858
502 568 5 6 0.084409505
678 552 5 6 0.08645866
711 622 12 18 0.090888776
664 571 5 6 0.09949294
629 584 6 7 0.101366445
454 554 6 6 0.10562962
611 572 5 6 0.10639483
628 571 5 6 0.11087393
709 617 14 17 0.11089998
648 571 5 5 0.11349985
712 625 9 12 0.12139393
557 625 13 19 0.14235972
500 633 10 12 0.18694247
784 623 10 14 0.21102
531 608 18 30 0.2216001
403 625 11 11 0.22302411
538 610 19 29 0.22383201
711 620 9 10 0.26996624
781 619 13 16 0.30297148
498 630 14 17 0.33603036
677 636 31 34 0.40609974
610 628 9 14 0.40986994
641 634 10 13 0.46787825
824 620 32 37 0.5792303
907 649 29 34 0.64733344
985 636 30 38 0.66699433
464 607 18 32 0.68771917
280 214 32 42 0.9226867

