0_Parade_Parade_0_286
184
10 525 22 20 0.0100835115
226 535 35 57 0.010121708
488 486 6 10 0.010159636
73 531 32 62 0.010252448
813 514 11 28 0.010310821
288 538 18 34 0.010445644
334 504 19 30 0.0104811955
30 542 18 34 0.010517473
177 63 109 131 0.010532649
329 439 22 19 0.010601139
98 496 10 10 0.010878448
497 491 7 12 0.010928377
3 524 34 60 0.011008607
578 542 9 11 0.01102229
247 525 10 12 0.011026604
903 513 15 19 0.011093347
476 541 11 21 0.011271307
559 540 13 18 0.011330236
840 581 35 67 0.011514383
300 467 28 42 0.011527575
549 500 7 9 0.011546698
610 510 12 19 0.011571318
193 81 65 88 0.011624954
768 479 7 11 0.011765179
205 571 21 31 0.0119023025
467 495 12 21 0.012073459
3 510 40 115 0.012091872
546 511 12 18 0.012267623
608 556 9 13 0.012377605
129 511 21 29 0.012565078
598 543 8 11 0.012600726
437 524 7 14 0.012685537
336 494 12 22 0.012890125
693 480 6 8 0.012907106
468 537 11 21 0.012908304
960 497 12 10 0.013005259
531 548 14 23 0.013144965
502 538 12 22 0.013295959
946 190 8 8 0.013486801
132 510 10 10 0.013697225
584 512 20 28 0.01404281
261 535 28 43 0.014454603
693 171 8 10 0.0149329025
485 489 11 21 0.014983005
687 494 12 18 0.015175788
465 529 7 14 0.015224889
886 180 7 7 0.015260741
470 540 7 14 0.01535495
474 556 8 17 0.015448974
80 540 23 18 0.01575183
898 520 22 18 0.015790043
950 183 8 7 0.01584745
563 544 8 11 0.0158802
505 425 7 12 0.016069215
578 501 7 9 0.016125767
256 530 37 59 0.016188528
1016 467 8 30 0.016259467
311 461 34 61 0.016343348
901 510 21 30 0.016633827
518 507 12 19 0.016867578
62 498 13 10 0.017075224
896 179 7 8 0.01811619
440 477 7 10 0.018129036
0 556 26 70 0.018508006
245 522 14 18 0.01885513
478 556 8 17 0.018867563
54 495 11 11 0.018973775
85 523 24 17 0.01901213
477 506 12 22 0.019105723
499 484 7 10 0.019200103
488 569 19 32 0.01925984
234 543 23 19 0.01926456
80 509 21 18 0.019282948
470 498 7 12 0.019616028
712 384 6 8 0.019881258
73 509 20 28 0.019917155
350 486 17 33 0.01997505
85 512 11 10 0.020232556
465 482 6 10 0.020585723
2 474 12 21 0.020776493
264 553 38 63 0.02119768
901 515 25 16 0.021328848
491 337 6 8 0.021362552
87 502 10 10 0.021932375
92 546 20 31 0.0223259
455 491 6 12 0.023133516
723 379 7 11 0.023606943
562 511 13 19 0.023661543
520 511 8 12 0.024155559
532 512 7 10 0.0252656
452 528 8 14 0.025315434
966 557 48 109 0.025424497
462 538 18 33 0.025673797
575 556 13 21 0.026597787
594 349 6 10 0.02685188
471 507 7 14 0.027071934
90 544 25 18 0.027104512
344 502 12 24 0.027233386
457 512 18 32 0.028051157
9 537 17 37 0.028328404
435 520 12 22 0.029934898
482 542 17 33 0.030634101
607 541 12 20 0.03065352
85 523 13 12 0.033269532
502 328 6 6 0.034710027
854 171 8 9 0.034756966
516 530 8 12 0.034817584
548 515 8 10 0.03518946
543 539 18 30 0.035319194
235 544 19 33 0.037223294
50 493 22 18 0.037620753
605 553 13 19 0.037742063
689 498 8 10 0.03823171
626 499 6 9 0.0397213
609 544 8 11 0.040336348
799 174 8 8 0.041313205
591 566 14 22 0.042229284
511 535 13 22 0.042926375
589 524 12 18 0.043171633
315 469 25 45 0.04362544
80 542 18 35 0.043639585
537 537 20 22 0.04408415
579 511 7 9 0.04446188
461 524 12 22 0.04476624
514 527 12 20 0.04606322
487 492 7 12 0.046136454
515 462 6 9 0.04671869
957 561 47 57 0.04736767
545 526 13 19 0.047404595
452 479 7 10 0.04887242
591 559 20 21 0.050208926
922 181 7 9 0.05055438
794 172 7 10 0.053618558
649 510 7 9 0.054699384
548 528 8 11 0.055601858
579 349 6 11 0.05657049
611 528 7 9 0.05700322
564 520 13 19 0.05708382
566 523 9 12 0.05735467
825 176 8 8 0.05982552
927 181 7 9 0.060149305
626 527 7 9 0.062413998
612 497 6 8 0.06279258
587 328 7 9 0.06337295
590 328 7 9 0.06501325
469 503 11 22 0.065029934
655 509 8 10 0.06766585
452 465 6 8 0.06990722
564 514 8 11 0.07061138
81 521 22 17 0.07273171
807 512 16 36 0.0731537
472 554 12 22 0.07356793
509 418 9 14 0.08157688
348 499 17 33 0.08673256
506 419 8 14 0.08839286
629 510 6 9 0.08879785
584 553 18 32 0.090105265
593 527 7 12 0.090483606
516 332 6 8 0.090696625
542 568 25 46 0.09368976
695 166 8 10 0.09673883
476 553 11 23 0.10398474
584 526 8 12 0.10954712
530 543 19 22 0.11029348
450 524 12 23 0.111089826
582 523 12 19 0.11511914
596 514 7 9 0.11622558
832 175 7 9 0.11923407
277 551 33 70 0.1228725
349 503 13 23 0.12378237
514 328 5 7 0.1277367
965 180 8 9 0.12786864
591 330 7 10 0.13342045
957 535 49 100 0.14277786
55 495 23 18 0.14332244
613 515 7 9 0.14789829
623 583 96 116 0.17114985
636 597 69 95 0.18155517
855 165 8 10 0.18711703
3 570 16 41 0.19222125
587 560 18 32 0.20491362
527 540 17 33 0.20759034
500 334 6 8 0.2167521
585 332 7 10 0.40200505

