0_Parade_marchingband_1_359
180
806 181 8 7 0.010045614
62 210 11 13 0.010168319
661 190 12 19 0.01017418
232 199 7 11 0.010201353
120 213 8 10 0.010632307
604 258 25 16 0.010922399
494 181 13 17 0.011000028
163 227 19 32 0.011022019
953 164 10 12 0.011301685
629 181 6 7 0.011462307
4 222 15 34 0.0117648635
294 226 8 10 0.011765795
386 243 7 10 0.011801887
75 236 21 20 0.011803601
236 199 19 28 0.011957082
603 179 22 19 0.012442316
946 144 14 17 0.012546964
306 210 9 10 0.012713135
231 210 8 11 0.012991941
590 207 12 18 0.013343404
612 195 12 10 0.013737442
67 172 14 22 0.014088243
824 175 24 17 0.014147106
132 199 9 9 0.014233802
230 195 12 21 0.015101452
416 182 7 8 0.0151536185
360 210 7 10 0.01520864
51 213 11 12 0.015213998
566 229 6 6 0.016063817
229 206 13 20 0.016228057
376 223 8 10 0.016396979
909 110 15 35 0.016582552
599 185 6 7 0.016720612
271 220 13 17 0.016822895
884 132 7 7 0.016889226
372 214 12 17 0.017076695
612 172 7 7 0.017431285
387 228 7 8 0.017634979
149 208 25 17 0.01772404
62 189 18 31 0.018001823
339 209 8 11 0.018158292
845 149 13 18 0.018163139
841 154 7 7 0.018247442
318 197 8 13 0.01827082
438 212 8 9 0.01855998
974 130 9 12 0.018629555
893 127 22 19 0.018644141
897 134 8 8 0.01924241
870 156 25 18 0.019311743
645 188 6 6 0.01933221
401 230 7 9 0.019400502
1006 158 18 22 0.02030923
44 201 19 30 0.020447543
139 216 18 31 0.020462582
147 203 10 10 0.020753732
484 184 8 8 0.020760803
1000 133 8 12 0.02098063
932 135 7 8 0.02123112
72 225 18 33 0.021287601
960 164 10 11 0.021710662
1002 153 16 34 0.022121252
626 198 7 8 0.022290368
672 194 13 18 0.023025094
1003 147 21 19 0.02349144
704 165 7 8 0.024147468
303 229 8 10 0.024479471
999 129 13 20 0.024684662
950 138 8 8 0.025654808
824 153 6 7 0.025825435
577 187 6 7 0.025874648
677 187 5 6 0.026826374
867 134 6 8 0.027373772
45 224 20 20 0.028567089
872 149 24 19 0.02864727
43 219 19 31 0.028897
967 132 17 28 0.030242
244 206 9 14 0.03249687
273 212 14 17 0.035076667
383 212 13 16 0.035342835
439 200 7 8 0.036859587
1 202 17 32 0.036864597
548 229 7 6 0.036920805
697 169 6 8 0.038448073
464 208 9 10 0.03868679
611 180 8 7 0.03869913
805 170 7 6 0.04009036
344 201 7 8 0.040199187
135 204 19 31 0.04042975
56 208 21 19 0.0404556
833 179 9 7 0.041007493
822 183 9 8 0.0412868
949 146 9 10 0.041808516
569 185 6 8 0.041899677
951 160 14 20 0.042360518
532 229 7 6 0.043658927
462 197 13 16 0.0444749
170 181 21 34 0.045184683
141 200 23 16 0.046975944
274 223 9 11 0.04829278
269 194 19 19 0.04892319
968 125 18 22 0.050715994
3 214 9 14 0.05132766
46 210 22 18 0.05248199
692 198 6 6 0.052543808
675 211 7 8 0.052702617
414 188 19 26 0.053379737
961 157 19 30 0.05484655
484 197 11 12 0.058737475
363 194 13 17 0.059456255
849 161 7 8 0.061814316
359 194 12 18 0.06636348
0 217 12 23 0.0672456
645 212 7 8 0.06746294
582 212 6 6 0.068565905
148 208 11 11 0.070632
405 193 13 19 0.07078693
406 198 7 10 0.07393116
822 168 7 6 0.074452244
260 195 13 19 0.07798506
65 172 19 30 0.085198596
464 200 8 10 0.08835404
314 194 13 19 0.08918639
262 197 8 12 0.09172331
242 202 12 20 0.0917422
663 188 6 7 0.095905125
276 216 9 10 0.096056305
401 213 6 8 0.09858293
691 182 6 8 0.104609676
661 212 7 8 0.11285748
507 194 14 15 0.12658083
144 204 21 18 0.12809153
501 193 14 16 0.13152267
848 154 7 8 0.14914367
390 202 6 7 0.15036786
286 209 14 16 0.15568168
835 169 7 7 0.16223086
534 213 6 6 0.16770178
375 218 7 10 0.16880144
953 161 21 20 0.16978918
449 194 14 17 0.17053577
449 208 15 16 0.17055456
909 125 23 20 0.17923403
1007 106 14 38 0.18064001
497 183 7 9 0.18201439
594 202 7 7 0.18614136
245 197 9 15 0.18960823
563 212 7 6 0.20833945
310 196 10 13 0.21612994
452 210 10 12 0.2398757
593 210 7 9 0.24772121
646 196 6 7 0.24843672
1 211 12 21 0.2491461
504 195 10 12 0.25465888
663 195 7 8 0.25564358
676 198 7 9 0.25715613
366 197 8 11 0.27462777
386 215 8 9 0.2796766
581 198 6 7 0.28637502
1007 118 17 21 0.2954188
548 215 6 6 0.2983129
452 197 9 11 0.30638924
966 132 9 12 0.33274108
361 198 8 11 0.33816049
289 211 10 11 0.3483915
274 197 10 13 0.3504943
243 195 12 21 0.36167753
549 198 5 6 0.3699834
1008 117 15 36 0.37070534
564 200 6 7 0.39565837
510 196 10 10 0.41391972
730 115 56 58 0.43682346
409 192 20 21 0.4527836
535 198 7 7 0.4718739
964 129 14 18 0.50067794
608 188 21 21 0.6039814
866 149 21 29 0.6714581
309 193 14 18 0.7022776
482 193 15 19 0.7393469
167 169 30 44 0.83515495
910 118 19 32 0.84634036

