0_Parade_Parade_0_854
65
130 749 23 18 0.010005481
861 441 20 29 0.010066206
412 168 18 31 0.010497231
851 11 20 19 0.01056821
275 652 41 57 0.010928
699 20 13 15 0.0109362295
518 2 25 15 0.010970199
145 753 11 12 0.011122558
126 725 23 18 0.011633514
725 612 8 7 0.011783528
946 461 7 11 0.012084026
855 421 23 17 0.012136801
722 32 10 8 0.012254912
157 726 22 18 0.0124595715
517 1 15 15 0.013517439
50 752 10 8 0.014101138
33 756 11 9 0.014904977
742 603 22 27 0.016346896
709 613 7 7 0.016422238
935 477 11 26 0.01661342
131 729 14 22 0.017532565
24 740 24 16 0.017678928
18 749 22 18 0.017881326
937 477 17 32 0.018539006
182 752 9 10 0.018999377
946 458 7 8 0.019115372
852 420 10 11 0.019457338
53 743 9 8 0.019932725
539 265 20 38 0.020581432
844 425 19 30 0.021120125
843 443 19 30 0.022956846
399 161 10 14 0.02311634
499 2 10 6 0.023828408
545 1 14 15 0.025292601
856 5 22 17 0.02727125
211 649 43 58 0.027767127
32 742 10 9 0.029506493
436 485 48 110 0.029828386
746 606 24 18 0.03126899
526 5 11 8 0.032684628
697 30 7 9 0.03841919
847 419 22 18 0.038787577
703 28 8 10 0.046423115
30 746 20 22 0.052204665
396 159 17 32 0.05222892
857 12 21 19 0.05503804
857 427 22 19 0.06010197
849 426 21 20 0.07609466
519 4 10 9 0.081781074
453 279 26 42 0.09335685
25 752 24 16 0.1021575
659 35 7 10 0.10237015
610 488 38 60 0.11408281
547 3 10 10 0.11610098
698 23 8 10 0.13029636
139 749 21 19 0.14323236
397 159 13 21 0.14906065
613 482 26 45 0.17352653
526 272 30 40 0.19687515
702 23 8 10 0.25558564
127 730 22 29 0.36547792
529 264 36 53 0.60237205
160 729 22 20 0.6450769
991 459 25 45 0.81992453
791 428 38 59 0.94155246

