0_Parade_marchingband_1_649
71
456 387 5 10 0.010154756
151 124 13 26 0.010202191
149 113 34 54 0.010454845
530 136 35 14 0.010569995
293 165 8 9 0.010678705
305 166 9 8 0.011177583
666 447 24 20 0.011926204
166 116 26 18 0.012200706
534 420 5 8 0.013112851
777 163 29 36 0.013612158
102 127 19 33 0.013765548
795 173 23 19 0.0138085075
0 203 15 33 0.014226699
666 442 20 31 0.01446116
551 457 5 9 0.01688317
106 139 23 22 0.017591743
797 163 22 19 0.021497032
997 401 22 107 0.022246504
550 466 6 9 0.022755094
145 155 19 22 0.022906216
912 182 15 20 0.023129955
566 437 6 10 0.023942024
169 293 38 34 0.024383787
519 131 33 34 0.027712915
566 421 6 9 0.02923867
797 158 19 33 0.030135468
532 113 32 31 0.030912245
191 145 20 30 0.03246406
828 177 29 33 0.037450675
548 440 6 9 0.037743155
234 149 21 29 0.038531836
152 128 20 24 0.04381859
232 158 20 22 0.044197116
145 138 18 32 0.04590199
143 222 42 53 0.046974823
533 135 28 39 0.049115576
534 438 5 10 0.05004159
793 169 22 29 0.056072425
614 420 24 44 0.08975616
832 178 24 18 0.11489213
510 124 32 37 0.12432539
147 123 18 34 0.16111627
157 121 19 34 0.22244695
155 135 27 43 0.22586648
810 197 35 52 0.27907583
664 215 32 43 0.28765577
944 212 37 36 0.35092542
906 178 22 30 0.3522275
937 206 38 49 0.3697443
819 201 31 41 0.40726256
704 172 22 32 0.43180826
246 190 41 44 0.5191553
105 135 21 33 0.6767743
133 228 36 50 0.67767555
649 144 27 37 0.69405514
58 120 27 37 0.6943645
6 123 25 41 0.69863284
247 143 34 32 0.704559
760 150 30 35 0.738447
897 315 33 55 0.77184105
857 153 32 37 0.77732426
292 283 37 55 0.77804774
23 202 34 40 0.7884872
701 285 35 56 0.78929037
800 274 34 61 0.8152791
556 83 32 39 0.8487287
179 278 35 52 0.8608651
968 152 32 36 0.863736
341 119 32 37 0.88706124
408 85 36 40 0.8872271
490 121 29 45 0.89982146

