0_Parade_marchingband_1_653
352
161 93 20 16 0.010016337
915 37 9 12 0.010043296
661 39 13 16 0.010043674
419 147 13 14 0.010051149
594 105 14 18 0.010054068
935 136 10 12 0.010102645
534 77 11 12 0.010103689
823 120 21 18 0.010110511
149 74 10 10 0.010205822
747 40 12 17 0.010215456
585 253 7 9 0.010228916
819 57 11 10 0.010231938
608 234 10 9 0.010314728
189 161 13 18 0.010326682
209 155 9 12 0.01057933
554 222 8 11 0.010690459
365 85 11 13 0.0107267955
811 92 12 12 0.010763106
370 60 14 15 0.010780998
962 137 14 15 0.010853438
886 71 10 12 0.010975348
45 164 13 19 0.010992239
316 39 18 20 0.011088771
760 198 9 13 0.011129635
895 58 9 12 0.011269856
720 44 9 12 0.011290038
599 15 7 11 0.011408961
32 117 13 18 0.0115040485
223 116 20 17 0.011506348
718 79 11 14 0.011515458
97 230 7 12 0.011530759
172 96 12 11 0.011551103
649 24 9 14 0.011582853
404 102 14 17 0.011603441
626 247 8 10 0.011686614
174 104 11 12 0.011777488
380 140 13 18 0.011957773
649 8 9 13 0.011982826
28 99 12 20 0.01200441
271 135 10 12 0.012084914
655 213 12 18 0.012255236
771 55 9 11 0.012264532
181 154 14 18 0.012335101
28 91 13 19 0.012359152
938 136 21 17 0.012428466
261 71 9 10 0.012518798
79 105 10 12 0.01252319
159 42 8 10 0.012620206
359 59 9 11 0.012638855
211 255 6 8 0.01265589
837 54 10 10 0.012847384
130 62 8 9 0.012885564
845 200 9 13 0.013016232
713 77 19 19 0.013057671
453 54 8 11 0.013067488
751 26 8 11 0.013164724
558 125 14 17 0.0131749995
177 118 10 13 0.01322513
821 123 12 11 0.013330685
366 24 9 11 0.013410206
420 53 12 17 0.013496231
122 108 20 18 0.013691847
576 56 10 11 0.013692645
20 92 8 16 0.013791784
853 60 10 11 0.013866706
1015 87 9 11 0.013877352
191 159 11 12 0.013887757
640 45 9 11 0.013911448
111 139 10 13 0.013997655
916 116 19 18 0.014083681
126 88 10 11 0.014120681
240 58 8 12 0.014377883
948 39 9 12 0.0144893015
900 43 8 11 0.014641487
806 89 21 18 0.014703966
782 105 12 10 0.014731167
280 70 10 13 0.014848059
362 27 7 11 0.0149022965
378 146 14 17 0.015000481
753 60 13 17 0.015339183
853 45 11 10 0.015357213
546 108 13 17 0.0154694775
66 93 19 19 0.015469775
646 222 9 12 0.015497892
234 28 7 11 0.01550875
413 33 10 11 0.015616578
505 37 9 14 0.015621387
593 251 8 8 0.015677601
554 31 9 13 0.015701616
526 155 13 17 0.01586292
821 136 14 16 0.01587473
117 149 13 18 0.015964732
750 42 8 13 0.016053533
865 117 14 16 0.016193593
238 27 7 11 0.016379723
942 93 11 11 0.016746713
657 216 9 13 0.016752305
418 215 9 11 0.016833752
785 138 13 11 0.016909475
318 114 13 17 0.017133342
894 76 11 12 0.017244361
102 96 10 11 0.017255533
839 197 11 19 0.017459067
18 77 8 12 0.017480755
289 24 8 9 0.017545506
883 99 21 17 0.017547652
818 112 12 10 0.017554453
976 75 20 16 0.01766191
66 147 13 18 0.017684875
817 119 21 17 0.0178891
197 241 6 9 0.0180172
803 248 8 12 0.018088145
547 110 10 12 0.01823953
796 51 20 18 0.018446822
694 41 9 11 0.018617755
931 24 8 11 0.018960942
927 45 13 16 0.019045945
913 11 6 9 0.019196292
46 24 8 10 0.019229231
963 139 12 10 0.019250687
598 21 12 19 0.019258551
887 95 11 12 0.019482246
467 214 8 11 0.019601436
754 69 10 13 0.019716667
185 250 5 9 0.019735252
158 211 12 18 0.019883232
949 26 8 11 0.020082053
900 249 8 11 0.02018663
482 211 11 13 0.02022254
966 59 10 11 0.020224575
805 102 12 12 0.02035547
192 214 8 11 0.020648299
237 43 9 13 0.020789467
392 200 13 17 0.020892818
227 141 12 13 0.02092958
869 58 14 16 0.021087391
71 76 10 12 0.021278324
642 73 9 12 0.021505743
557 94 13 16 0.02164642
374 207 9 12 0.021654824
277 48 9 11 0.021887839
600 135 13 19 0.022079602
705 39 13 18 0.022174936
25 144 19 21 0.022402352
979 127 14 15 0.022555092
185 238 6 11 0.022855561
864 111 12 11 0.022972865
627 100 14 18 0.02306174
711 84 13 18 0.023209224
262 248 7 10 0.023217166
209 97 14 16 0.023247484
671 44 9 11 0.023374973
533 97 13 18 0.023583401
548 116 10 13 0.024064317
944 120 10 11 0.024586178
961 123 12 11 0.024798337
385 62 10 11 0.02495945
50 61 9 12 0.025091467
78 89 9 12 0.025163777
41 25 7 12 0.025569152
840 199 9 14 0.02572887
663 42 10 12 0.025934033
762 191 18 21 0.026369048
17 89 18 31 0.02647236
466 28 8 12 0.026760492
880 122 12 12 0.026819745
737 102 10 13 0.026957214
315 210 12 18 0.026988376
555 31 13 15 0.027812881
416 144 19 19 0.027985305
567 54 9 13 0.028084517
465 140 14 19 0.02818175
921 116 20 19 0.02830998
199 63 9 12 0.028725244
190 23 7 10 0.028760208
373 63 10 11 0.028812286
878 58 14 16 0.028908852
261 238 7 12 0.029494166
520 53 9 13 0.030088648
560 220 8 11 0.0303502
422 55 9 12 0.030857973
216 215 7 12 0.031214753
99 45 12 18 0.031294882
562 249 7 10 0.0313702
542 86 13 17 0.031460293
824 27 11 15 0.03168466
522 232 7 11 0.03185628
87 63 8 10 0.03190479
493 83 11 15 0.031992525
180 58 8 10 0.032961126
242 69 9 12 0.03339449
928 52 10 13 0.033909168
506 28 9 15 0.034133855
158 58 9 11 0.034201883
188 156 14 18 0.034431793
991 102 11 12 0.034890294
536 196 11 15 0.035612993
776 44 9 12 0.035626456
279 249 6 11 0.035632823
964 89 11 11 0.03634143
557 98 13 18 0.03754005
755 63 9 12 0.037670575
80 118 13 17 0.03798674
100 100 10 12 0.03801603
361 43 10 14 0.038084324
991 96 12 10 0.038185462
228 118 11 12 0.038430978
929 47 10 12 0.03844746
993 153 14 16 0.03878573
698 27 9 13 0.03916365
545 88 9 13 0.03953926
528 54 10 12 0.040008903
886 101 15 11 0.040124275
354 100 10 13 0.040278625
871 61 10 11 0.040396
198 250 5 8 0.04107064
129 76 10 10 0.04155605
880 61 11 11 0.041573793
322 7 6 9 0.041856598
575 149 13 18 0.042087555
707 43 9 12 0.04220021
744 25 8 10 0.042235274
910 87 11 13 0.042347588
102 71 9 12 0.04272624
79 146 13 18 0.042738717
80 72 9 12 0.042778816
914 28 9 13 0.04307638
560 131 13 18 0.043681048
587 89 14 16 0.04390471
651 124 13 20 0.044003893
335 62 11 11 0.044332802
897 95 10 12 0.0445438
150 54 12 17 0.04580388
903 119 11 12 0.045966804
918 119 13 12 0.046129726
615 58 10 12 0.04616183
780 134 22 18 0.04646219
440 90 11 15 0.046503477
208 139 10 12 0.046570897
127 110 11 12 0.047509354
231 50 9 14 0.04778105
690 221 11 12 0.04782733
317 108 13 17 0.049449414
167 136 13 18 0.05008436
691 118 13 21 0.050555605
973 60 11 11 0.051275272
601 37 11 15 0.051715784
210 236 7 10 0.051997274
166 100 11 12 0.05430009
775 106 10 13 0.05459135
319 201 13 17 0.05464647
894 100 11 12 0.05720327
160 213 9 13 0.057290588
113 72 9 10 0.058900055
153 33 6 10 0.060297213
641 104 13 18 0.0604756
944 139 11 11 0.06105699
513 201 9 13 0.06163891
648 129 13 18 0.062154148
247 214 8 12 0.063342474
77 141 14 17 0.06554665
553 36 11 14 0.06634935
221 205 12 18 0.06675471
627 91 13 17 0.066808954
28 140 14 20 0.06808594
726 201 8 11 0.06826803
782 34 13 17 0.06922514
481 56 10 13 0.07027816
599 22 8 13 0.07338442
114 62 7 9 0.073552296
224 211 8 14 0.075698584
41 40 12 19 0.07601397
583 89 13 18 0.07625448
89 162 21 20 0.076607235
782 29 13 17 0.07730124
409 37 10 14 0.07782617
305 98 12 17 0.079541214
805 92 14 15 0.07974268
759 86 13 17 0.07981692
289 70 9 12 0.08186929
763 86 13 16 0.082098484
185 43 9 13 0.083323605
801 53 11 12 0.08667443
165 96 12 12 0.08670307
512 35 9 14 0.088724054
931 94 12 13 0.09039916
948 108 10 12 0.094365925
532 93 13 16 0.097936526
414 37 10 12 0.0996554
21 95 12 22 0.0997529
151 38 7 10 0.100863524
302 94 14 16 0.1026983
717 82 13 17 0.1031927
557 35 10 14 0.10548794
488 82 13 17 0.10635099
100 48 8 12 0.10843195
980 78 12 12 0.110790685
160 75 10 12 0.112798296
671 89 14 18 0.115151145
353 93 13 15 0.119216755
873 119 22 18 0.12092051
862 37 14 17 0.12096225
173 136 14 18 0.12229581
911 26 13 19 0.12401129
460 146 15 18 0.12713632
539 194 13 18 0.13177343
508 29 13 17 0.13236922
603 37 13 16 0.1343787
364 41 13 16 0.13548839
848 89 14 17 0.14095394
927 118 11 13 0.14393151
979 132 15 15 0.14623591
443 89 14 18 0.14746378
272 153 14 17 0.14783372
742 39 13 18 0.14796512
958 38 14 17 0.14832716
702 26 10 13 0.15662698
739 132 13 18 0.1603524
679 193 12 18 0.16154647
419 140 14 18 0.16325256
827 27 13 17 0.16585116
870 194 14 18 0.16697623
374 146 13 17 0.16725029
397 85 14 17 0.16725382
187 40 12 17 0.16876052
41 197 21 20 0.17332852
69 97 13 16 0.17809065
600 137 20 20 0.17967069
231 44 11 18 0.18892652
112 88 14 16 0.18902148
311 210 12 18 0.18955292
258 107 15 16 0.19468729
599 184 13 19 0.19528435
103 31 7 10 0.19657071
765 190 13 17 0.19780546
151 56 9 12 0.20094383
480 206 13 17 0.20889038
653 21 13 17 0.20965736
320 42 10 14 0.21524042
124 149 15 17 0.21801503
44 41 12 18 0.22329026
467 37 9 13 0.22633569
275 54 10 12 0.22732243
208 93 15 16 0.23634148
18 90 12 23 0.23778242
223 139 20 18 0.2409272
395 199 14 17 0.24370962
510 132 14 16 0.25303942
324 137 15 17 0.27856222
101 51 9 13 0.29917574
129 201 14 18 0.3327358
957 181 20 19 0.37062064

