0_Parade_marchingband_1_488
163
864 214 7 8 0.010049963
421 296 6 9 0.010344801
239 259 24 18 0.01035867
1018 409 5 8 0.010438002
728 345 7 9 0.010637967
841 379 5 6 0.010747754
1016 358 6 13 0.0109000765
985 312 7 8 0.011090125
702 379 13 17 0.011388537
390 307 12 21 0.011480891
513 314 7 8 0.011544098
344 375 8 12 0.011864318
498 330 8 10 0.012086088
582 254 5 6 0.0121741835
35 272 22 19 0.012322275
129 258 13 19 0.012372861
53 258 24 18 0.012376725
509 346 12 18 0.01239274
103 294 13 21 0.012470218
563 262 6 6 0.012534563
944 367 6 7 0.012594641
321 319 14 16 0.012664884
401 293 13 19 0.012977971
607 338 13 18 0.013004359
610 316 7 10 0.013313398
612 251 5 7 0.013449972
723 369 13 18 0.0134691745
432 274 20 21 0.013501495
853 358 11 19 0.013774024
936 412 7 6 0.013795929
701 383 13 18 0.014544072
855 205 7 8 0.014998811
206 375 8 10 0.015032989
404 314 7 10 0.01505586
1013 351 10 26 0.015344391
101 286 18 31 0.015416718
619 323 12 18 0.015418354
852 352 5 7 0.01576122
84 118 9 13 0.016249744
62 118 12 19 0.0164458
600 317 7 10 0.01699575
94 371 12 21 0.017189117
855 408 5 5 0.017203728
623 326 7 13 0.017231582
836 221 8 8 0.017283589
54 118 8 12 0.017295126
994 399 6 6 0.017323198
323 322 10 12 0.017709916
463 307 13 18 0.017811837
79 221 17 33 0.018300848
838 428 6 7 0.018365499
369 334 7 10 0.018612972
478 291 21 18 0.018941283
393 311 6 10 0.019245727
452 192 6 8 0.01961359
500 360 6 10 0.019673297
268 333 18 19 0.01970105
676 335 11 18 0.020121515
705 381 8 11 0.020666039
250 257 23 18 0.020942643
64 121 9 13 0.021273512
738 380 7 8 0.021604722
704 387 9 11 0.022016441
489 344 8 11 0.02245405
642 354 9 12 0.022560762
77 231 23 19 0.022695916
537 446 30 35 0.023131808
689 317 7 9 0.023504231
690 337 8 13 0.024059143
82 114 12 20 0.024090705
400 340 7 13 0.024748819
916 411 7 7 0.025809579
598 326 11 20 0.026162328
600 339 7 13 0.02669233
967 407 6 6 0.026706567
936 374 12 17 0.027275156
202 375 6 10 0.027882526
740 392 9 9 0.02945896
758 393 8 8 0.029841516
104 295 20 21 0.03176008
939 376 13 16 0.032137018
978 384 5 6 0.032648306
392 325 11 21 0.032765847
869 398 5 6 0.03519673
510 353 12 19 0.035843782
451 196 7 8 0.03616436
341 173 6 8 0.036489934
381 276 20 20 0.03909287
808 409 6 8 0.039211426
771 395 7 8 0.040933356
726 373 8 11 0.04110747
393 329 7 13 0.04116976
936 390 7 9 0.041618492
405 298 6 9 0.043546505
392 342 6 11 0.044181537
787 405 7 8 0.045385458
512 350 8 11 0.046041567
494 339 12 19 0.049877577
735 359 7 10 0.05062977
945 390 7 7 0.050661612
850 396 6 7 0.053159196
610 343 9 11 0.053522255
497 343 8 11 0.05558645
835 410 6 6 0.057315703
994 406 5 6 0.057844266
1013 305 11 19 0.059941866
467 310 8 9 0.060561165
725 358 13 17 0.06176054
820 409 7 6 0.06417245
599 330 7 12 0.068569936
513 356 8 12 0.0731827
503 312 7 8 0.073539965
678 338 7 13 0.07651461
787 399 7 7 0.08417144
871 407 6 6 0.08453338
995 316 7 9 0.08849406
888 398 6 7 0.09006763
864 373 6 8 0.09079659
882 405 6 7 0.09228813
862 366 6 8 0.09390793
764 370 13 18 0.09679201
758 370 13 18 0.097495995
44 266 22 21 0.10176481
767 367 7 9 0.10502247
949 409 7 8 0.117803946
403 327 7 14 0.12935354
822 396 6 6 0.13408884
681 327 11 20 0.14224996
614 325 8 15 0.14789137
682 330 7 14 0.15052144
324 315 10 14 0.15341316
984 407 5 6 0.15593657
807 388 6 9 0.16864648
970 395 6 7 0.17864646
641 344 12 17 0.18702728
760 367 7 9 0.20347945
905 383 7 8 0.21571182
839 396 6 7 0.22487222
767 373 9 11 0.24444303
400 323 11 22 0.24725108
759 373 8 11 0.25220275
914 387 8 9 0.27285278
370 340 12 18 0.278338
855 371 7 10 0.2821616
1015 308 7 12 0.28402972
942 377 8 11 0.29885668
976 394 6 7 0.3068294
911 383 8 10 0.31562743
938 377 7 10 0.34758723
272 336 11 14 0.3588579
372 342 9 14 0.37918535
807 382 6 9 0.39591825
443 272 22 21 0.40062237
897 390 7 9 0.42447683
855 363 6 9 0.4402171
727 361 8 10 0.4776436
449 267 17 30 0.56120837
643 347 8 13 0.5643675
685 327 12 19 0.6002901
42 265 17 30 0.6365917
612 322 13 20 0.739429
270 331 13 16 0.8072688
322 313 14 18 0.8818074

