0_Parade_Parade_0_382
36
965 305 12 22 0.010881235
967 312 7 12 0.0112958895
735 221 19 32 0.011427304
965 123 6 10 0.012107633
606 137 19 43 0.012130759
990 306 13 22 0.01227127
773 211 8 14 0.0124366805
103 65 14 17 0.014843351
694 145 37 56 0.015514488
608 151 19 37 0.015632411
661 248 40 59 0.019635594
771 209 12 21 0.019976968
654 125 24 45 0.020804431
88 100 32 41 0.021198016
989 300 18 32 0.021509983
910 304 23 21 0.022695208
735 214 12 25 0.023467021
732 206 18 33 0.023645287
712 220 19 32 0.026190195
93 178 52 88 0.026768262
332 229 22 51 0.031440604
103 67 23 18 0.035615604
965 288 12 24 0.04334616
698 152 28 40 0.05835276
767 226 12 23 0.059298456
706 207 20 32 0.059616566
771 220 19 32 0.069264874
968 296 19 30 0.09209085
82 93 42 59 0.10315515
664 127 24 45 0.12038048
451 244 37 39 0.32973543
119 179 41 71 0.56944317
911 299 19 34 0.86900663
791 212 27 38 0.8991799
452 227 39 64 0.9356202
597 131 29 56 0.95528436

