0_Parade_marchingband_1_147
73
3 109 16 40 0.010271748
279 105 23 19 0.010370996
294 1 13 19 0.010371079
388 76 37 34 0.010498524
181 131 41 54 0.010591915
715 103 20 22 0.011006012
710 7 13 18 0.011181416
10 170 30 43 0.011199333
897 72 13 21 0.011206898
388 170 49 56 0.0113834
828 118 21 20 0.0114085525
775 15 13 20 0.01148106
989 297 31 72 0.011532291
872 96 18 32 0.012020515
446 73 60 79 0.012048613
798 52 13 20 0.01239312
96 153 20 38 0.012672208
176 114 38 56 0.012905977
619 152 22 35 0.01305662
439 53 32 41 0.013563106
432 34 58 82 0.01370276
37 299 31 72 0.014355715
706 140 28 43 0.01496171
383 40 40 55 0.014995424
0 29 16 74 0.015253727
115 29 42 60 0.01531145
629 166 42 53 0.015406352
383 70 48 48 0.015608217
355 59 13 18 0.016336542
702 131 37 59 0.016645407
387 45 30 39 0.016734054
284 105 45 49 0.016819386
91 164 29 43 0.017270207
0 61 27 85 0.017336076
703 77 36 61 0.018128764
708 85 27 43 0.019842345
246 0 12 18 0.020577664
1 103 25 50 0.021458518
22 151 27 43 0.022288514
415 74 36 35 0.0238482
0 19 22 93 0.024966223
5 164 41 57 0.027102627
664 539 30 13 0.028633736
5 168 39 129 0.02986586
609 159 45 52 0.03189108
12 129 37 121 0.03369196
748 94 19 30 0.037086245
695 256 22 56 0.038971163
316 32 20 21 0.03913703
420 53 30 41 0.040294107
2 0 16 69 0.040495597
0 95 33 67 0.041272808
431 64 47 56 0.043366335
317 122 52 74 0.044459652
319 24 20 20 0.048818905
775 82 22 20 0.051979218
13 145 26 45 0.055637676
711 109 26 46 0.05777085
432 46 42 59 0.068528146
750 99 21 21 0.070139065
685 253 30 69 0.07842909
21 165 36 62 0.0789245
411 65 47 51 0.08127501
416 47 39 57 0.08215752
869 158 37 54 0.09324096
400 174 52 59 0.22630459
872 156 26 44 0.27186313
612 143 37 54 0.659299
87 145 33 55 0.6827931
307 128 49 60 0.78471774
165 115 38 59 0.86150116
216 150 41 56 0.8824665
505 76 76 94 0.94726866

