0_Parade_Parade_0_688
190
833 520 7 8 0.010211382
7 589 7 11 0.010325628
0 562 12 19 0.010348869
532 592 14 23 0.01046007
431 498 8 9 0.010474472
659 609 7 10 0.010597574
119 517 10 11 0.010600613
49 601 22 17 0.010667472
782 544 12 18 0.010763173
771 531 12 18 0.010800445
714 487 20 28 0.010953325
527 497 13 19 0.01095689
864 543 8 10 0.011024555
737 483 8 15 0.011098359
541 601 19 30 0.011168232
900 579 11 9 0.011240145
516 542 19 29 0.0112651605
759 593 6 9 0.011267572
13 575 13 18 0.011440294
836 568 19 27 0.011577369
918 564 9 8 0.011620746
22 596 8 10 0.012070577
574 543 10 15 0.012097086
784 560 7 9 0.012640895
7 573 20 27 0.012675765
99 547 7 6 0.012709149
114 514 21 18 0.012735963
593 570 12 21 0.012828711
974 578 13 10 0.012918825
419 436 6 8 0.013042213
807 526 19 25 0.013047886
35 481 9 8 0.013104246
740 520 20 27 0.013117759
588 599 20 30 0.013228988
357 30 120 153 0.013253835
424 482 6 8 0.013409884
230 525 19 30 0.013554215
83 563 8 6 0.013723068
825 560 8 11 0.01380308
675 601 24 48 0.0138798775
192 514 8 10 0.013900398
37 587 22 27 0.013987511
1011 528 13 17 0.014058259
913 540 14 16 0.014294069
959 539 14 15 0.01491495
581 527 13 20 0.01495231
731 479 19 28 0.01528778
644 615 17 36 0.015670054
525 599 22 28 0.015737096
894 575 22 17 0.015745487
30 592 14 18 0.015753744
965 579 13 10 0.015799236
593 590 13 25 0.016195113
904 545 8 8 0.016216515
51 548 14 15 0.016220462
951 544 9 7 0.01634866
262 527 12 22 0.01651619
78 577 10 8 0.016556213
947 523 7 7 0.01658389
539 585 19 31 0.016783208
601 514 22 18 0.016894951
365 527 12 18 0.017436389
72 534 7 7 0.018294664
961 575 23 16 0.019018339
848 543 13 17 0.019275455
932 523 7 6 0.019399622
48 595 22 18 0.019699845
974 603 23 17 0.019772578
592 515 10 12 0.020068549
977 542 15 14 0.020707047
879 518 14 17 0.021238748
65 596 9 10 0.021817679
688 499 8 9 0.022099158
445 501 24 17 0.02268975
588 583 19 31 0.02293398
882 520 9 9 0.022957532
533 465 13 13 0.023316262
894 528 15 15 0.023538373
262 533 22 27 0.023854906
240 538 20 22 0.024093244
978 598 12 10 0.024561148
342 62 129 174 0.02482622
54 599 9 9 0.025290614
847 566 10 13 0.025663879
587 524 19 21 0.026108826
557 538 19 28 0.026193272
69 566 7 6 0.026448488
315 514 21 28 0.02695991
998 544 14 15 0.027310763
967 510 12 16 0.02801514
64 552 7 6 0.02816643
742 529 7 11 0.02869068
692 561 12 21 0.029486954
273 523 14 23 0.029874329
928 567 10 7 0.03055716
967 574 24 16 0.030596655
17 580 7 9 0.030649994
34 596 8 9 0.030929562
252 38 231 231 0.031150017
315 511 20 21 0.0311771
603 526 22 19 0.031208685
507 521 21 19 0.031234056
754 534 7 8 0.032642387
841 564 19 21 0.033187754
943 526 13 15 0.033396512
202 554 21 20 0.03418847
804 532 9 11 0.03553592
299 84 141 156 0.036045924
590 513 13 19 0.03672767
56 592 23 18 0.037171893
668 526 23 18 0.03858025
285 533 21 28 0.03869201
65 575 15 15 0.041071787
824 544 7 10 0.041928973
227 536 20 29 0.047229648
279 531 23 21 0.048021432
254 540 13 21 0.048634898
33 562 7 8 0.048938468
739 524 13 21 0.05023133
309 511 13 22 0.050518777
790 534 6 9 0.051219743
962 538 8 7 0.051560745
834 551 7 9 0.052159484
839 574 9 13 0.056375813
52 580 8 8 0.05676315
120 513 23 18 0.059004914
7 580 8 13 0.059070237
972 595 24 16 0.05957466
1005 544 13 17 0.061609074
4 565 7 10 0.064135216
653 526 22 18 0.06424626
761 566 5 7 0.06436041
207 538 19 30 0.06486807
216 540 21 21 0.06572307
928 546 9 8 0.06659366
759 579 5 8 0.06938073
527 587 20 30 0.07050929
368 528 7 12 0.07158317
982 536 9 7 0.07367518
53 559 8 7 0.07866531
849 531 8 10 0.07911018
568 540 19 21 0.07947344
759 545 6 8 0.080020756
33 552 7 7 0.08500084
36 580 8 8 0.08698692
865 533 8 9 0.09716069
773 564 6 7 0.09973479
210 542 19 21 0.10595199
508 514 20 21 0.10616058
770 578 5 7 0.10757484
734 480 12 23 0.1156468
833 558 12 18 0.11978525
838 571 13 18 0.12598032
5 575 12 21 0.12938504
1008 547 9 11 0.12945342
973 514 8 8 0.13197404
993 533 9 7 0.133575
1000 547 10 10 0.13903423
655 627 17 34 0.14137417
979 545 10 8 0.1420834
916 543 9 10 0.14371942
772 546 6 8 0.14555205
448 507 26 42 0.15551084
24 564 7 10 0.17150304
851 545 8 10 0.18943907
835 560 8 12 0.19044532
53 552 9 9 0.19195667
818 530 13 18 0.19216779
835 527 12 18 0.20556998
286 522 21 30 0.21004985
899 530 8 10 0.21096241
961 542 10 9 0.21827038
1014 532 8 9 0.22277598
448 505 22 21 0.22664778
801 527 14 20 0.22883718
822 533 7 12 0.22979796
933 529 7 7 0.24535362
68 577 9 9 0.25810948
565 541 15 20 0.2660295
844 569 14 18 0.2927976
272 524 20 30 0.29389888
774 536 7 9 0.31667864
838 530 8 12 0.32081014
785 547 7 9 0.33183324
532 462 19 19 0.35840315
913 534 9 8 0.4022145
946 528 9 10 0.4326045
458 535 20 32 0.5140953
969 513 8 10 0.58144957
882 522 15 17 0.6593174

