0_Parade_marchingband_1_593
296
270 354 11 19 0.010069894
308 348 11 18 0.010179191
116 344 7 10 0.01034155
484 378 6 9 0.010544149
208 289 7 9 0.010927402
500 391 6 10 0.011101642
581 285 6 9 0.011316107
737 301 6 9 0.011828326
704 383 7 10 0.011885939
213 362 7 12 0.011959655
613 346 6 9 0.011972098
775 323 12 18 0.012003335
695 343 11 19 0.012168646
179 354 11 21 0.012189229
648 288 6 8 0.012200493
112 305 7 9 0.012417479
244 361 6 10 0.01245723
238 307 10 19 0.012502227
456 287 5 8 0.0127198575
120 362 6 12 0.01280825
581 376 12 18 0.0130630545
911 356 9 11 0.0133153265
468 377 11 17 0.013425412
511 287 6 10 0.013469516
614 379 6 10 0.0135081215
65 326 12 18 0.013705119
166 316 6 12 0.014045799
272 286 7 10 0.014173366
201 313 6 12 0.0143126575
324 359 6 10 0.014365475
391 412 6 8 0.014563439
136 301 11 18 0.014980683
181 350 7 12 0.015125081
895 377 7 10 0.015144243
883 392 6 7 0.015352996
288 314 10 18 0.01539531
309 392 6 10 0.015653351
391 317 6 9 0.015855715
367 299 6 10 0.0158674
371 362 6 9 0.016032908
97 344 7 11 0.01623453
358 385 12 19 0.016620146
648 363 6 11 0.01732348
566 273 6 9 0.017858814
657 391 6 12 0.018036218
482 364 6 10 0.018331349
344 360 6 9 0.018345015
110 326 11 20 0.01837103
580 391 7 12 0.01839928
357 379 11 18 0.019056097
611 315 6 9 0.019244269
194 346 11 20 0.01934874
742 358 6 9 0.01952832
225 313 11 19 0.019628545
369 392 7 10 0.02039706
304 299 10 18 0.020597864
271 299 10 18 0.02069932
672 376 6 11 0.020840233
158 329 10 19 0.020986047
133 360 7 14 0.021321828
623 376 11 17 0.021434905
197 358 7 13 0.022128046
224 353 11 20 0.022712195
516 363 6 9 0.022778302
134 345 7 12 0.023247052
791 345 6 9 0.024204535
487 289 6 8 0.02481458
438 366 6 7 0.024958657
420 360 6 8 0.027034739
386 349 5 9 0.027265768
426 380 7 9 0.027312184
761 301 5 8 0.027476806
800 317 6 10 0.027576344
470 334 6 8 0.028344397
536 319 7 9 0.028786734
695 396 7 11 0.028931037
181 358 7 14 0.029145265
934 380 6 9 0.03030809
389 361 6 9 0.030658416
646 379 6 10 0.030722287
195 328 6 13 0.030797666
361 287 6 9 0.031127777
240 303 7 12 0.031672534
889 383 6 9 0.03188874
547 365 6 9 0.032165483
394 294 6 11 0.033074234
800 327 12 19 0.033104967
597 327 7 9 0.033204567
799 338 13 18 0.03324199
323 392 6 10 0.03334341
422 319 5 7 0.033411093
226 350 7 13 0.03352956
596 376 6 10 0.033588972
389 330 5 8 0.034482535
452 365 6 9 0.0347374
437 295 6 9 0.035085358
818 344 7 10 0.035178065
400 378 6 9 0.035480954
262 348 6 12 0.035935782
596 298 6 9 0.03602675
725 357 6 9 0.03651326
209 327 10 19 0.036780242
566 374 6 9 0.037774593
313 330 6 11 0.038754765
293 344 7 12 0.038785987
436 329 6 7 0.038859796
657 313 5 10 0.03888982
658 376 11 18 0.039001614
244 328 6 12 0.039169453
799 298 11 16 0.039207112
400 296 6 10 0.039275102
279 351 7 11 0.03931196
580 350 6 8 0.03955353
157 341 10 21 0.040857326
82 332 8 11 0.041416325
503 334 5 9 0.041549526
264 356 7 13 0.0424361
160 344 7 15 0.04261501
358 331 6 8 0.04261755
743 350 5 8 0.04304899
817 319 7 9 0.04351765
452 329 6 7 0.044465963
565 319 6 9 0.04516932
403 362 6 9 0.046002556
341 347 6 9 0.047123827
631 300 6 10 0.047929995
503 296 6 8 0.048192535
630 363 6 10 0.04851152
674 359 6 12 0.0485761
547 348 5 9 0.049757764
658 360 7 11 0.05020387
654 301 7 11 0.050436545
310 310 6 11 0.050712824
676 344 6 10 0.050778802
85 319 7 10 0.0509802
596 365 7 10 0.05139132
518 301 6 9 0.052057102
901 358 8 10 0.05246095
456 316 5 8 0.05258114
517 331 6 9 0.053311
534 288 7 11 0.054100588
648 390 7 12 0.054610513
72 340 12 18 0.054950338
855 393 5 7 0.05500697
483 332 6 8 0.05520166
649 335 6 10 0.05525529
740 328 5 9 0.055424765
466 300 6 8 0.056227755
398 286 7 11 0.056361623
160 331 7 13 0.056436583
142 302 7 12 0.056767464
150 331 11 19 0.056942143
769 347 7 9 0.05960045
340 331 6 8 0.06104724
360 388 8 13 0.061135996
487 301 5 8 0.06267923
114 329 7 13 0.06330955
394 286 7 12 0.06360468
627 337 6 10 0.06541387
697 330 6 9 0.06606107
450 376 7 10 0.06611187
227 356 7 14 0.06690878
272 356 8 13 0.06946538
518 347 6 9 0.069849186
532 363 6 10 0.07054797
546 318 6 9 0.07107007
405 394 5 8 0.07369176
694 301 6 9 0.075446226
583 361 6 9 0.075758696
197 349 7 13 0.077229
228 327 6 12 0.07816761
724 286 6 10 0.07859664
105 315 7 10 0.079778
648 309 6 10 0.080545045
127 328 11 19 0.081312105
143 309 7 12 0.08151213
422 331 5 8 0.084366456
209 299 6 11 0.08589031
536 329 6 10 0.08769113
102 328 12 18 0.08876177
178 308 7 13 0.09051424
322 347 7 12 0.09075008
406 328 6 8 0.09101605
357 348 6 9 0.091361046
293 328 7 11 0.0926173
259 324 6 13 0.09297079
564 282 7 9 0.09444322
802 341 9 12 0.095101565
705 346 6 11 0.09793657
137 303 8 13 0.10096871
818 329 7 10 0.10097401
457 302 6 8 0.10181705
321 326 7 10 0.10271798
310 351 7 12 0.103487365
407 348 5 9 0.10660818
865 339 8 13 0.10695643
545 330 6 9 0.10801665
578 329 6 10 0.10815623
438 348 6 8 0.10893736
502 316 6 9 0.10935801
726 317 6 9 0.10948037
599 317 7 10 0.11085536
275 308 7 13 0.11322947
404 319 5 9 0.11455973
77 340 12 17 0.11505447
480 343 6 10 0.115070015
151 342 11 20 0.117828175
320 320 7 11 0.12142013
419 348 6 8 0.123209074
357 313 6 10 0.123386025
152 346 7 14 0.12547556
565 366 7 11 0.12551506
437 286 6 11 0.12754744
656 336 7 11 0.12780686
290 316 7 13 0.13119236
360 297 7 12 0.13244836
68 329 7 10 0.13308866
726 350 6 10 0.13411765
473 342 7 10 0.14221823
513 376 6 11 0.14300285
344 315 7 11 0.14345245
375 346 7 11 0.14448668
567 329 7 10 0.14463715
311 356 8 11 0.14501989
503 343 6 9 0.1452698
772 301 7 11 0.14723474
184 326 7 16 0.1482266
535 374 6 10 0.15094268
209 309 7 12 0.1524543
74 342 8 14 0.15271774
372 320 7 11 0.1537156
582 312 6 10 0.1561392
518 311 6 9 0.15817448
353 358 7 11 0.15937409
737 318 6 9 0.16250907
136 309 7 11 0.16512914
152 333 8 13 0.1652284
438 319 6 9 0.16754664
227 315 7 14 0.1686618
785 327 7 11 0.16921481
504 286 7 11 0.16962707
649 342 7 9 0.17347112
580 302 7 10 0.173477
273 301 7 14 0.17352459
649 301 7 13 0.17823692
710 318 6 9 0.17845783
631 311 7 11 0.17942815
566 345 6 10 0.18058267
211 329 7 14 0.18554027
533 344 6 10 0.1855786
374 325 6 9 0.18565282
306 301 7 13 0.18632586
471 315 7 9 0.18799986
130 329 7 14 0.19423264
657 340 6 11 0.20106922
103 330 8 14 0.20162782
240 309 7 14 0.20302978
114 312 7 11 0.20779313
614 301 8 11 0.20881136
488 311 6 9 0.21059598
803 329 7 11 0.21091281
177 302 7 13 0.21571617
257 317 7 15 0.21606001
726 332 6 9 0.2185275
680 316 7 11 0.21974249
694 312 6 10 0.22247471
593 285 7 11 0.22365868
563 293 7 10 0.22907107
506 377 6 11 0.23095699
359 382 8 12 0.23261906
710 328 5 8 0.23510791
761 314 6 9 0.24008438
393 377 7 11 0.24242046
760 345 7 11 0.25361195
905 347 10 15 0.25389186
660 378 7 13 0.25688133
533 292 8 11 0.25766096
773 314 6 10 0.2602991
697 346 6 12 0.26612312
448 348 8 9 0.2675163
544 374 7 12 0.2790397
678 334 6 11 0.28890726
724 293 6 11 0.2896948
583 378 8 11 0.2938882
434 376 6 10 0.29745042
754 330 6 10 0.32649136
627 341 7 9 0.33625284
791 318 6 11 0.34370953
777 326 7 10 0.3542908
599 348 7 11 0.3571903
80 341 8 14 0.36787552
469 380 8 11 0.3713254
625 378 8 12 0.3818544
907 347 13 16 0.5071412
801 299 7 13 0.53649163
863 334 9 13 0.5621267

