0_Parade_Parade_0_490
241
55 113 14 18 0.010169649
379 195 35 75 0.010204849
334 314 51 97 0.010239387
0 122 10 26 0.010262261
204 14 18 20 0.010421554
6 189 17 34 0.010487963
503 29 13 20 0.010491338
0 528 17 126 0.01056327
580 114 28 40 0.010754777
667 82 25 21 0.010791168
549 98 20 29 0.010836477
967 158 25 46 0.010980437
955 0 25 16 0.011113342
601 60 22 19 0.011367404
636 54 24 17 0.011499924
458 74 22 19 0.011572404
232 306 37 72 0.011885603
726 5 13 17 0.011940592
5 128 28 35 0.012120439
608 34 10 12 0.012161237
313 271 35 63 0.012176535
396 78 21 18 0.012282579
997 152 27 64 0.012288024
353 295 35 64 0.012959536
93 56 10 12 0.013261783
570 49 22 20 0.0133959185
859 13 20 22 0.013570043
674 84 21 31 0.0136294225
61 106 20 28 0.013633333
614 67 21 27 0.013776667
405 13 12 20 0.013804365
184 137 21 32 0.014145398
267 62 23 18 0.014195656
354 54 21 17 0.014237348
50 395 34 71 0.014338762
967 122 29 41 0.014479105
839 194 45 84 0.014732372
413 97 21 19 0.014734821
232 128 22 28 0.014931719
257 169 37 59 0.014970293
922 76 20 32 0.015014579
233 85 21 19 0.015060748
541 14 18 27 0.015337094
731 35 21 20 0.015549114
708 143 25 46 0.015774222
134 69 13 20 0.015832948
295 65 23 18 0.016000338
128 29 20 18 0.016043842
535 75 13 24 0.016102187
780 2 23 17 0.016109819
759 57 31 37 0.016241392
396 66 21 18 0.016492028
122 327 30 75 0.016814506
2 84 12 22 0.017495126
360 53 22 19 0.017677065
634 61 25 18 0.01772352
4 93 20 28 0.017812055
664 48 23 18 0.017876554
826 93 30 41 0.017942518
445 39 19 26 0.01808516
805 2 14 18 0.018086392
954 17 21 21 0.018312272
1002 168 20 57 0.018351367
811 10 18 30 0.018542103
835 1 14 18 0.018591288
184 43 11 19 0.018703736
398 352 41 76 0.019014856
728 43 23 20 0.019136636
509 90 19 32 0.019338131
600 111 26 44 0.019368883
315 344 42 65 0.019629426
718 36 20 29 0.019759763
844 15 20 22 0.019774333
7 368 31 75 0.019808723
188 44 13 17 0.020370213
655 48 22 18 0.020438861
763 46 23 19 0.020513125
762 32 22 19 0.020618182
314 157 28 38 0.021151505
2 604 39 134 0.02120577
730 0 21 17 0.021367192
526 72 18 30 0.02139505
379 122 28 39 0.021441882
631 145 26 47 0.021442393
230 92 14 19 0.022155698
994 28 16 34 0.022821568
954 26 22 22 0.02290389
390 97 25 19 0.023063442
698 26 22 19 0.023559345
503 94 20 24 0.023650417
634 80 24 20 0.023863913
279 3 13 18 0.0239109
791 48 23 20 0.023946092
766 3 22 17 0.024063483
922 278 39 69 0.024176706
795 53 29 38 0.024234343
997 115 23 49 0.025375143
823 32 22 20 0.026121147
700 11 21 26 0.026598353
525 216 29 47 0.026725117
337 114 14 20 0.02699554
877 4 18 29 0.027041676
4 438 40 114 0.027106298
462 67 21 21 0.027295358
500 90 17 26 0.027966179
868 0 13 19 0.028225094
845 1 14 18 0.02823692
767 16 22 18 0.02827802
516 19 14 20 0.028358044
251 50 13 17 0.028994702
642 561 33 62 0.030014558
721 45 22 20 0.031020029
588 101 27 40 0.031144219
930 198 36 60 0.03133833
492 89 20 31 0.031603497
991 28 21 21 0.03168623
27 170 23 21 0.03203703
882 0 14 18 0.032115955
288 63 22 18 0.033265244
240 128 22 19 0.033511594
602 30 20 19 0.033973686
209 436 60 86 0.03411879
842 10 18 31 0.03451777
777 8 19 27 0.034909938
284 4 12 18 0.03496443
443 106 20 30 0.037666116
191 46 8 12 0.037777625
855 31 21 21 0.03823729
440 40 13 21 0.03967368
244 57 14 18 0.040752422
478 64 18 31 0.041591845
959 12 18 33 0.041663103
615 2 22 19 0.041703105
856 227 37 72 0.041747052
380 235 31 80 0.04198381
6 91 21 21 0.044276327
381 30 13 21 0.045494687
900 14 19 22 0.04591701
242 441 39 71 0.046346236
937 187 33 63 0.046746604
61 93 20 19 0.046783805
604 587 33 63 0.047169637
506 27 20 20 0.047867052
391 260 34 81 0.048175775
605 161 28 47 0.049905546
164 136 39 55 0.0500936
770 40 21 30 0.050831385
481 268 31 66 0.051833805
22 373 33 65 0.052273646
439 34 12 23 0.05236313
185 46 8 12 0.05525167
0 110 10 23 0.058652576
849 29 21 21 0.05902485
782 48 22 20 0.05905483
282 76 21 27 0.06021205
807 2 23 18 0.06065089
698 20 22 19 0.06203746
761 235 31 67 0.06216431
540 118 26 45 0.06232112
846 27 20 29 0.06456778
905 8 18 29 0.065523244
529 17 21 19 0.065627754
900 138 34 61 0.065939024
733 39 21 31 0.06682785
807 29 20 31 0.06893091
91 60 12 19 0.074337184
501 665 53 90 0.0751092
443 36 14 21 0.07756763
911 83 22 30 0.07811537
569 59 22 22 0.0783324
540 71 20 29 0.07951095
781 12 22 19 0.08065114
430 103 20 32 0.08176552
473 66 22 21 0.08181879
3 395 28 86 0.08291877
446 71 22 22 0.08768923
241 308 42 78 0.090399064
861 210 33 69 0.0917918
674 6 13 17 0.09297811
381 343 52 92 0.09380072
227 452 46 67 0.096888684
637 71 27 38 0.09879488
1005 164 17 40 0.101745985
815 30 22 20 0.102042295
451 65 20 28 0.10230392
237 157 28 41 0.10394058
0 216 20 50 0.10441533
951 178 35 62 0.1059136
665 72 28 38 0.1062301
958 24 18 34 0.10724645
596 103 28 39 0.1075186
606 2 22 18 0.10801425
360 60 23 19 0.10990508
869 39 19 33 0.11047396
386 96 21 31 0.112594485
497 673 43 72 0.12179766
643 20 14 19 0.12516414
401 270 35 82 0.12824231
573 55 21 30 0.13610037
876 53 20 31 0.140319
272 80 22 20 0.14259161
437 212 34 68 0.14259215
32 166 21 31 0.14419238
246 158 28 41 0.14720559
529 212 33 60 0.14792705
85 61 14 19 0.15404736
8 140 22 21 0.16023088
759 318 60 76 0.1625637
931 8 19 30 0.16531985
669 125 36 62 0.16674288
276 176 35 58 0.17361052
173 133 28 43 0.1761467
352 61 22 20 0.1763513
6 91 12 21 0.1777055
231 93 23 20 0.18215919
535 19 23 19 0.18409382
347 121 29 38 0.18653433
209 16 10 14 0.18669885
380 180 38 66 0.1883036
595 164 34 63 0.18845153
970 53 20 35 0.1909047
597 273 38 76 0.2173328
16 477 49 100 0.22181454
75 151 27 40 0.22412251
177 192 38 74 0.22907737
135 74 14 20 0.23461165
758 81 31 41 0.23954855
246 54 13 17 0.2439738
712 83 29 40 0.25263065
480 320 38 77 0.2551947
825 145 34 62 0.25928146
57 111 21 20 0.2662206
744 151 29 44 0.28937292
503 148 28 44 0.29564685
19 281 36 69 0.32899368
898 356 67 104 0.33602417
732 229 37 63 0.40335098
122 431 67 100 0.42978752
103 179 36 59 0.4544979
672 627 36 78 0.51553106
773 551 94 141 0.92422885

