0_Parade_Parade_0_288
102
736 357 8 9 0.010397583
576 325 10 11 0.010404995
647 354 9 12 0.010539966
877 421 11 11 0.010623459
577 335 9 12 0.010836942
495 222 10 12 0.010957056
920 365 9 12 0.011157047
744 334 9 13 0.0112340795
901 343 9 7 0.011548767
627 357 9 11 0.011983362
586 344 21 20 0.011986923
670 340 13 17 0.012252686
406 210 14 15 0.012271281
195 486 8 7 0.012347806
640 337 9 12 0.012410102
503 276 23 17 0.012562854
870 418 13 17 0.012868762
920 358 8 9 0.012952701
371 207 13 19 0.013718416
480 216 11 12 0.014092564
214 353 10 6 0.014101357
297 385 11 18 0.01442204
831 416 7 12 0.015652256
581 255 8 9 0.0157298
807 308 23 17 0.015912693
423 209 20 18 0.016214916
575 333 13 18 0.016323382
343 189 12 21 0.01634846
784 385 10 12 0.016835235
211 484 7 7 0.016939592
301 387 9 12 0.017748432
373 212 9 11 0.017885312
625 352 13 19 0.01822302
953 330 25 16 0.018273592
478 273 21 19 0.018339781
702 348 12 18 0.018530576
408 213 10 11 0.018587995
673 343 8 11 0.018617766
637 332 13 19 0.018667638
226 356 11 5 0.018901354
631 331 13 20 0.01948235
657 351 13 19 0.019560453
647 353 20 30 0.019854171
510 202 19 26 0.019865904
659 354 9 11 0.020381408
593 340 11 12 0.020512866
693 346 12 18 0.021095429
752 332 11 14 0.021446636
340 343 12 20 0.02218098
880 340 9 8 0.022458142
982 297 41 58 0.023414662
871 421 10 11 0.023564924
636 322 14 18 0.024311576
639 324 10 11 0.024605323
742 314 27 35 0.02722372
674 348 13 18 0.027473982
782 381 13 19 0.027959906
227 408 8 7 0.02825809
508 241 14 16 0.029533995
656 339 13 17 0.03054305
744 329 13 19 0.030910896
383 261 28 40 0.030986149
418 217 19 17 0.03276897
352 192 8 13 0.033669878
505 211 10 13 0.03386446
412 193 14 15 0.035596304
525 223 14 16 0.03582224
744 319 12 23 0.03784313
694 338 12 18 0.0379274
933 341 8 8 0.04031972
700 324 12 17 0.041238785
429 211 11 11 0.04128536
457 196 10 13 0.043393273
510 211 12 12 0.04404843
702 332 12 20 0.048872784
527 226 11 11 0.048927937
658 342 9 11 0.04906853
349 189 12 20 0.05025403
655 362 20 19 0.051276986
698 327 8 11 0.05390467
677 351 8 11 0.054487687
298 387 8 13 0.05625665
415 211 21 16 0.05681868
705 336 7 13 0.06311233
415 196 11 11 0.0640565
404 181 14 16 0.076209866
695 349 8 11 0.07770494
705 351 8 11 0.0951629
749 322 14 23 0.095947325
422 220 11 12 0.10533987
482 219 13 17 0.110377714
695 341 8 12 0.12131563
702 327 8 11 0.12645686
462 201 13 18 0.13284048
587 337 21 20 0.14530669
495 167 14 15 0.15039943
404 186 14 16 0.15589496
420 214 12 12 0.19351286
461 196 13 16 0.22765504
498 170 12 14 0.25605315
747 327 19 21 0.41585892
505 207 19 20 0.5411084

