0_Parade_marchingband_1_525
240
725 414 13 17 0.010077044
776 406 8 9 0.010088058
183 324 8 10 0.0103263445
461 449 13 16 0.010326617
564 408 7 9 0.010492612
57 262 7 12 0.0105033405
625 409 9 11 0.010512869
151 434 8 9 0.010570694
650 580 7 8 0.0105972085
73 449 7 9 0.01062414
360 388 24 17 0.010757188
345 386 21 18 0.010784811
686 367 21 18 0.010841942
592 450 9 11 0.011007184
327 387 10 11 0.011109229
817 463 9 13 0.011425059
726 451 10 11 0.011456726
358 410 21 27 0.011524603
707 420 7 10 0.011572938
448 400 9 11 0.011597531
958 477 12 12 0.011713443
331 410 21 18 0.011855221
127 580 8 9 0.011913002
500 449 7 10 0.0119858915
223 412 13 19 0.012001904
975 453 10 10 0.012023681
338 401 10 12 0.012052002
115 432 7 9 0.012340522
146 403 8 10 0.012351755
166 396 12 20 0.012365824
912 430 10 12 0.0124493195
445 396 13 19 0.012622798
630 533 5 6 0.012768861
327 384 13 19 0.0128292795
360 411 24 18 0.012933578
226 415 8 11 0.012941708
102 403 6 11 0.013347102
754 418 9 11 0.013459814
320 400 14 18 0.013489517
896 518 12 10 0.01358762
579 536 6 6 0.013900092
35 422 13 17 0.013922521
162 325 7 9 0.014235674
574 450 22 17 0.01427731
71 480 7 10 0.014398831
804 387 8 7 0.014562097
116 407 8 12 0.014581393
463 470 10 9 0.014733881
516 514 6 6 0.014792085
581 546 6 6 0.014906791
319 535 9 11 0.01491081
448 389 7 10 0.014941463
444 450 22 17 0.014989269
510 413 12 18 0.0150060905
53 280 11 20 0.015012584
1008 46 12 55 0.015147193
615 548 5 6 0.015295592
964 450 15 15 0.01545187
71 408 5 9 0.015459865
337 549 7 9 0.015500554
576 463 10 10 0.0161162
551 549 7 6 0.016123671
577 410 9 9 0.016165996
941 495 14 16 0.016311152
912 408 10 10 0.016319394
242 417 8 10 0.01648387
725 447 13 18 0.017036915
788 400 7 9 0.017194105
709 464 13 17 0.017236218
435 497 8 7 0.017301174
437 472 11 9 0.017340431
120 240 7 10 0.017373817
710 492 21 28 0.01747458
7 433 6 10 0.017738484
931 515 10 10 0.017982336
454 501 7 6 0.018010115
883 407 8 9 0.018070381
733 433 14 17 0.018176585
565 545 7 6 0.018603576
295 543 7 8 0.018799743
448 460 14 15 0.019128576
946 451 10 10 0.01963495
812 451 14 17 0.019770827
518 503 7 7 0.019813653
435 483 9 8 0.019817246
944 498 10 11 0.019928416
629 549 5 6 0.019935688
320 541 8 10 0.020340562
455 517 7 7 0.020410113
242 394 12 21 0.020543508
534 395 13 20 0.020611972
433 421 9 10 0.020635232
913 419 10 9 0.02073406
83 429 12 19 0.02074412
15 418 11 18 0.021505432
1015 528 6 12 0.02201671
841 527 21 18 0.02219478
244 399 7 11 0.022257306
768 442 13 14 0.023186581
621 412 19 19 0.023242032
243 390 7 12 0.023561396
814 459 13 19 0.023693547
815 453 10 12 0.02385407
927 430 13 17 0.02393152
790 392 7 8 0.02523266
685 383 14 21 0.025340402
587 415 13 17 0.025550673
710 467 10 11 0.026831292
266 398 19 22 0.027178697
472 402 7 10 0.027408522
176 400 7 11 0.02787436
169 400 7 11 0.028327132
580 454 9 9 0.02842167
836 430 10 10 0.028726941
768 416 14 16 0.029234298
114 403 12 21 0.029392928
236 373 18 31 0.03005767
201 376 19 24 0.030222945
971 459 20 26 0.031175427
736 437 10 10 0.031445157
890 515 22 17 0.031675745
97 433 6 10 0.03178799
727 374 7 9 0.031830642
596 432 9 10 0.032330494
1002 25 20 57 0.03260105
240 385 12 22 0.033012956
261 400 9 13 0.033024892
483 498 8 7 0.033960074
55 274 7 15 0.03461113
951 467 14 17 0.03498101
855 481 14 19 0.03520327
455 483 9 8 0.0353639
966 452 10 10 0.036010556
784 427 13 17 0.036280345
335 397 14 19 0.037780683
450 454 11 9 0.03781034
53 424 6 8 0.037835274
82 449 6 9 0.03868453
357 393 19 28 0.038849458
908 425 14 18 0.040052805
951 473 21 19 0.0403399
55 284 7 13 0.041295882
482 515 7 6 0.041477475
999 30 25 87 0.04175186
726 418 9 10 0.042662606
482 483 14 15 0.043154687
738 416 9 12 0.043460917
590 418 9 11 0.04510249
797 417 13 17 0.046458993
950 477 14 17 0.04688777
769 437 11 13 0.047350466
500 511 7 7 0.04783118
132 417 10 11 0.047900703
98 454 6 10 0.04801233
562 431 8 10 0.049717683
38 424 7 11 0.04989546
409 382 19 28 0.050074004
498 505 8 8 0.05040309
988 464 13 12 0.05048058
734 412 14 18 0.050869066
54 270 11 22 0.05135666
337 385 10 13 0.05183109
46 428 12 17 0.051982008
934 448 9 9 0.052611884
99 419 6 10 0.05373499
7 450 6 9 0.05705707
463 452 10 11 0.05753329
944 433 14 16 0.05813739
469 503 8 7 0.059278436
361 400 23 18 0.062157888
580 413 14 17 0.0626877
724 398 13 18 0.06310529
582 432 9 9 0.06354368
959 469 11 11 0.065094374
787 429 9 12 0.0673989
465 481 9 9 0.06756116
145 418 9 11 0.06821721
736 403 9 11 0.06862458
902 420 14 20 0.071146995
331 388 19 29 0.07128441
227 361 18 33 0.07167907
798 431 14 16 0.0807523
347 400 23 19 0.08076867
763 439 20 19 0.08183313
567 417 7 8 0.08418239
733 400 13 18 0.08715468
930 434 8 10 0.087683976
20 432 6 10 0.093019515
468 513 7 7 0.0932616
726 401 8 11 0.095006846
450 463 11 9 0.09585548
956 468 15 16 0.096757546
814 429 14 16 0.101990536
771 418 9 10 0.10345313
814 420 14 16 0.10494548
905 417 22 19 0.11836489
156 417 13 17 0.12177471
784 419 14 16 0.122640125
67 422 6 9 0.12313599
260 395 13 21 0.12400091
983 462 21 18 0.12876701
70 431 6 9 0.12902014
674 382 21 22 0.13375309
800 419 9 11 0.13475713
85 423 6 9 0.13548629
295 397 21 21 0.13707675
132 408 20 28 0.13770348
258 384 18 32 0.14241503
141 414 14 18 0.14310181
334 383 14 19 0.14329566
118 410 12 19 0.14587253
947 436 9 11 0.15154967
119 413 8 13 0.1676836
484 486 10 10 0.1695403
17 422 7 11 0.18966746
801 433 10 12 0.19958586
159 420 9 11 0.21497358
582 416 9 10 0.22106689
816 422 10 11 0.22212765
817 431 10 11 0.22636855
980 463 15 16 0.22827514
38 427 13 17 0.23547514
626 414 10 14 0.23823237
7 421 6 10 0.24176806
835 419 12 11 0.24364728
513 415 7 10 0.24490155
786 420 10 12 0.24574988
86 433 7 10 0.27175876
49 431 8 11 0.27258256
291 392 18 28 0.29052174
538 397 20 22 0.30005127
39 429 9 13 0.30764684
128 412 19 20 0.31019884
898 424 22 20 0.40403432
679 379 19 27 0.4147203
766 436 15 18 0.47607633
833 416 16 17 0.48167416
859 483 15 18 0.50520253
402 382 20 29 0.5099087
195 372 17 31 0.55325365

