0_Parade_Parade_0_102
273
161 540 8 8 0.010009379
521 522 22 18 0.010027965
336 551 12 12 0.010037067
577 522 22 18 0.010075115
1013 451 9 30 0.0101071615
560 540 11 10 0.010186087
216 537 8 9 0.010210101
878 522 12 20 0.0102966605
684 535 14 16 0.010458747
528 523 10 8 0.010514675
448 521 8 10 0.010741577
971 537 17 35 0.010752647
144 550 13 18 0.0107660005
304 535 13 17 0.010769287
842 535 17 35 0.010897126
419 459 5 8 0.011109345
481 448 6 7 0.011149558
630 538 13 18 0.011326028
754 503 11 11 0.011384345
1015 431 8 33 0.011424234
182 477 5 7 0.011497441
881 458 13 21 0.011589319
612 527 10 10 0.011775096
512 532 22 18 0.011776145
835 557 25 48 0.011914646
381 519 12 18 0.012002227
352 523 13 18 0.012023511
754 523 10 10 0.012033581
231 510 6 8 0.012287937
455 482 5 7 0.012313933
294 495 8 9 0.012366738
468 458 5 7 0.012460804
840 504 22 20 0.012572482
974 487 10 14 0.012585974
435 429 5 7 0.012598614
305 492 7 9 0.012614605
774 503 20 30 0.012703897
555 523 22 18 0.012750433
590 525 18 28 0.012765298
385 536 19 28 0.012894185
129 535 14 19 0.013078734
304 506 7 10 0.01317601
387 467 6 9 0.013415437
146 539 13 18 0.013415626
276 527 9 10 0.01357658
830 525 34 65 0.0136477435
512 508 8 8 0.013818615
1015 420 9 28 0.013917167
640 527 8 9 0.013964866
632 541 9 11 0.014077346
419 497 5 7 0.014085462
829 547 34 66 0.014161931
766 536 14 17 0.014575823
533 510 8 7 0.014691963
96 523 9 8 0.0147688445
121 525 8 9 0.014808535
416 521 13 18 0.014816809
438 464 5 7 0.014824996
497 524 11 11 0.014943969
468 525 8 10 0.015248549
130 511 6 8 0.015351641
214 513 5 6 0.0156001365
274 536 10 11 0.015627313
718 532 14 16 0.016038641
376 466 5 8 0.01605611
779 516 21 20 0.016146857
513 497 7 7 0.016407734
962 501 13 21 0.016581247
292 536 14 18 0.016596688
876 533 12 21 0.016623395
304 524 13 17 0.016799456
769 540 9 10 0.016956767
130 550 13 18 0.017085359
483 477 5 7 0.017553966
706 523 14 16 0.0177051
436 520 14 18 0.017798087
419 478 5 8 0.017870242
14 523 13 17 0.018076066
325 537 10 11 0.018089559
626 523 8 10 0.018224249
754 496 12 12 0.01829132
733 506 21 18 0.01831486
5 520 11 20 0.018550992
357 510 5 7 0.018588915
449 508 7 9 0.01867104
114 395 6 8 0.018776821
358 466 5 9 0.019257134
439 444 5 9 0.01927239
662 526 9 11 0.019431733
334 523 13 19 0.01977129
374 512 5 6 0.019860385
408 466 5 8 0.01988484
34 573 7 11 0.020345893
830 502 20 20 0.020728944
751 540 11 11 0.020746475
325 533 13 18 0.020770678
33 582 6 11 0.021077558
968 500 18 35 0.021261765
741 541 13 11 0.02134499
310 475 7 8 0.021870803
686 555 14 17 0.021947159
256 532 21 19 0.022008307
105 386 5 9 0.022465575
628 10 13 22 0.023022588
244 507 6 9 0.023117004
324 475 6 7 0.023250937
246 523 7 10 0.023324387
674 528 9 9 0.023630856
222 530 13 17 0.023898939
466 491 6 8 0.023905063
261 508 6 9 0.023970842
55 550 10 12 0.024235087
105 393 5 8 0.02510995
996 442 17 34 0.025225677
972 485 12 19 0.02550687
209 522 13 18 0.025986258
564 525 8 8 0.026238587
440 510 7 9 0.02632844
873 442 18 31 0.026664767
245 542 9 10 0.027131485
86 537 21 19 0.027246723
588 531 23 18 0.027507301
178 523 6 6 0.027597934
745 521 23 17 0.02764727
198 495 5 7 0.028127955
337 526 8 11 0.028184557
401 536 8 10 0.028627286
70 535 19 24 0.028783187
114 550 13 17 0.02930337
147 554 8 10 0.029951893
419 446 5 10 0.030221798
837 503 19 32 0.030411208
118 545 9 10 0.030648965
499 511 10 9 0.031584546
422 427 5 7 0.031754393
337 507 6 9 0.031955812
0 572 5 13 0.033096317
690 523 14 17 0.03318569
64 544 10 10 0.03334434
182 493 5 6 0.033373855
294 505 10 12 0.033400446
264 519 19 29 0.03419101
385 551 10 12 0.034457706
342 492 5 8 0.034808386
132 540 8 10 0.035629366
53 539 14 18 0.036201317
193 510 6 8 0.0362111
270 525 20 20 0.037456468
165 511 6 6 0.037631474
85 541 11 11 0.03774552
355 534 14 18 0.038890455
55 547 13 18 0.039120078
54 513 6 7 0.03968728
307 538 8 9 0.04013533
967 486 12 20 0.040338118
224 533 10 12 0.04065592
383 547 13 18 0.040734
492 509 22 17 0.040988587
133 554 8 10 0.041069362
810 441 24 19 0.041316316
199 523 7 7 0.04134264
421 537 15 19 0.041795388
182 510 5 7 0.042019174
471 481 6 7 0.042097244
288 522 14 18 0.043339357
486 518 13 18 0.044123963
81 514 7 8 0.04417589
438 522 9 9 0.04539291
323 523 13 19 0.045613132
720 535 9 10 0.04665506
486 521 8 12 0.04770858
93 637 12 18 0.048380494
143 525 8 8 0.048737727
296 541 8 10 0.049230885
184 370 6 11 0.049336616
66 520 14 16 0.049385116
405 477 5 7 0.04965787
325 527 8 11 0.04995756
689 558 9 10 0.050909687
747 536 15 18 0.051733475
688 539 8 9 0.052186295
178 535 22 19 0.053811856
455 490 5 8 0.053991932
994 451 13 23 0.05433896
3 510 6 10 0.055667482
293 501 13 19 0.056613293
81 520 9 8 0.056885928
292 527 8 10 0.05691946
741 508 20 30 0.0569556
658 524 20 20 0.057249404
67 514 7 7 0.05738494
307 528 8 10 0.059547022
374 478 5 7 0.060433716
677 538 10 11 0.060752396
515 526 10 11 0.061577216
60 546 14 18 0.061950997
406 493 4 6 0.06224219
47 523 14 16 0.06370193
810 451 23 20 0.06588073
389 474 5 7 0.06689163
374 520 12 18 0.06704857
355 526 8 10 0.070026055
358 537 9 11 0.07219639
718 524 13 16 0.07291187
212 525 7 10 0.07337834
184 374 6 11 0.07368418
385 522 7 10 0.07371489
710 536 8 9 0.07441306
419 522 8 9 0.07573542
55 542 8 9 0.07604133
748 494 22 18 0.076261096
568 651 8 14 0.076729916
8 537 6 9 0.077373564
864 528 18 32 0.078298226
361 478 4 7 0.078808144
340 480 5 7 0.079553746
940 438 22 22 0.08436308
149 543 8 10 0.08548095
368 537 13 17 0.08600888
747 499 22 19 0.09060477
376 492 5 8 0.09307814
392 509 5 8 0.09379874
358 491 5 7 0.09541645
224 527 9 12 0.100172155
401 526 7 10 0.101051144
665 525 23 18 0.10201661
508 523 21 18 0.1070362
36 537 7 8 0.10766211
167 522 6 8 0.10783197
116 552 9 11 0.11274964
328 507 8 10 0.11356533
20 536 6 9 0.11409697
392 494 5 7 0.11726514
484 492 6 9 0.11744874
637 539 14 17 0.11956359
419 508 7 8 0.12428851
640 542 10 11 0.12493231
330 546 21 20 0.12681317
656 532 22 20 0.13037486
405 508 6 9 0.1323032
330 538 22 20 0.13362995
694 527 8 9 0.13374361
709 527 8 9 0.13447663
130 524 14 16 0.13704802
868 536 13 24 0.13765402
371 540 8 11 0.1414305
668 533 22 19 0.14210571
7 525 7 11 0.15307052
385 542 9 12 0.15794605
741 531 22 27 0.16440862
602 523 22 19 0.16584294
266 530 21 20 0.16673918
381 540 14 18 0.17112403
57 541 21 19 0.19370353
18 527 7 9 0.19716537
376 522 8 12 0.19847757
36 526 7 8 0.20447673
68 522 9 10 0.21124795
221 524 13 18 0.21201
540 538 23 21 0.23090494
552 536 22 20 0.25400618
720 527 9 11 0.2654187
809 441 21 28 0.2698207
188 531 19 28 0.28639817
593 518 18 30 0.30495888
526 538 22 22 0.32287407
423 536 22 21 0.35278758
491 519 21 20 0.38612783
50 527 8 9 0.39130813
738 536 22 19 0.39715147
937 435 19 33 0.4101172
133 526 9 11 0.4639728
80 537 21 20 0.50148886

