0_Parade_Parade_0_247
185
695 178 26 17 0.010021539
715 10 20 30 0.010032146
688 35 22 20 0.010255526
162 467 8 12 0.010309512
37 446 14 17 0.010388485
437 425 5 6 0.010420197
372 403 6 8 0.010452955
659 442 6 7 0.010514659
710 485 5 6 0.01060527
757 453 6 9 0.010631415
673 481 6 8 0.010671358
447 172 22 18 0.010733821
0 27 27 91 0.010747364
29 428 40 59 0.010768388
14 435 11 12 0.010928635
395 451 5 8 0.0110460175
193 248 44 52 0.011204055
626 438 5 7 0.011272959
821 437 9 12 0.011284765
355 420 6 8 0.011349541
522 148 26 15 0.01138829
819 434 12 19 0.011495816
166 446 13 19 0.011769898
327 440 7 9 0.01190767
478 46 22 20 0.0119795175
116 452 8 11 0.012087459
857 249 37 61 0.012298092
2 16 11 54 0.012458158
388 387 6 8 0.0124812815
684 38 18 31 0.012657446
166 436 13 18 0.012772156
402 388 6 10 0.012911317
290 220 21 18 0.013121358
451 427 6 6 0.013162117
755 517 7 8 0.0134747205
259 426 5 7 0.01376942
560 359 7 11 0.014065261
168 438 9 12 0.014118504
66 94 53 98 0.014410623
249 440 5 7 0.014760415
84 468 8 13 0.014777408
932 314 92 156 0.014999031
769 487 7 8 0.015204685
181 387 25 17 0.015338485
0 2 23 92 0.015586186
739 486 6 6 0.015613542
407 440 5 6 0.015809026
341 468 5 8 0.016044956
614 439 5 6 0.016070828
38 450 11 11 0.016203579
769 499 7 7 0.01651128
356 469 5 7 0.016895838
647 483 4 6 0.01692628
535 484 5 5 0.017194016
710 466 6 7 0.017395312
726 516 6 7 0.017564422
177 451 9 12 0.017726291
599 437 5 6 0.01799513
714 501 5 7 0.018007983
534 66 31 14 0.019209897
52 435 10 9 0.019362194
103 159 31 39 0.019403836
497 425 6 6 0.019663762
694 451 7 9 0.01970925
664 484 5 8 0.019947395
1 8 17 72 0.020135118
131 433 12 18 0.020367136
546 440 5 5 0.020414889
6 432 13 19 0.020458838
66 427 13 16 0.020522933
313 294 25 17 0.020567778
729 149 29 41 0.020650124
305 440 7 9 0.02072677
81 464 13 20 0.02103292
221 258 28 41 0.021087067
293 424 6 9 0.021278562
454 467 5 5 0.022004237
567 457 5 5 0.022163406
99 443 13 19 0.022369161
294 219 25 18 0.022799214
132 448 9 12 0.022845395
612 485 5 6 0.023187181
986 449 26 16 0.02321518
791 132 26 16 0.023239879
951 333 57 101 0.023639305
535 439 5 6 0.024000674
81 452 8 11 0.024067063
97 435 13 18 0.024914216
113 151 41 52 0.024974432
7 435 10 12 0.025196405
369 451 5 7 0.025491472
7 433 22 18 0.025630737
357 438 5 7 0.02602075
101 446 9 13 0.026317216
724 140 40 56 0.026553396
673 470 5 8 0.026846798
287 211 23 17 0.027028056
0 7 8 40 0.027078636
177 438 9 12 0.027341504
174 448 13 19 0.027800428
626 487 6 7 0.027924975
118 158 30 38 0.028155556
32 436 14 16 0.028396612
627 469 5 6 0.029364891
130 444 12 20 0.029742708
341 440 7 8 0.030248549
648 469 5 7 0.031455107
69 426 8 10 0.03167132
564 485 5 4 0.03172907
174 436 14 17 0.03227718
498 440 6 5 0.032702226
599 485 5 5 0.032873206
375 421 7 9 0.032892387
296 450 5 8 0.033249784
98 150 40 56 0.03381847
756 488 6 7 0.035720933
45 450 14 16 0.035861526
1 0 12 50 0.03633996
741 405 8 13 0.036427118
484 440 5 5 0.036699623
486 469 4 4 0.039144542
315 416 12 17 0.039371483
739 402 12 19 0.039753802
647 451 6 6 0.040314358
296 212 25 17 0.041623544
727 156 23 18 0.042137913
628 452 5 6 0.042601872
329 451 6 9 0.042916168
706 451 7 9 0.04313088
306 448 6 10 0.043955017
755 501 6 7 0.045002837
45 418 14 17 0.04626427
420 441 4 5 0.04672037
551 484 5 5 0.048068564
48 420 10 12 0.04857846
662 467 5 7 0.049691554
370 435 6 8 0.051510993
580 487 5 5 0.053316753
726 502 6 6 0.053351335
119 241 45 49 0.054241195
645 439 6 8 0.0558062
673 454 6 8 0.057582073
48 452 10 12 0.059946176
439 450 5 5 0.060171764
471 467 5 4 0.060514368
356 453 6 8 0.061467383
741 500 6 6 0.06739953
517 468 5 5 0.06824547
250 452 6 7 0.07219133
341 451 6 8 0.07550545
317 418 9 13 0.075859904
35 439 9 10 0.07894388
274 449 6 7 0.080826506
403 451 4 7 0.08124322
580 458 5 5 0.08854897
615 467 5 6 0.09002281
503 468 5 4 0.09637543
133 435 8 11 0.09921726
663 452 6 8 0.1010033
420 451 4 5 0.107745625
100 437 8 11 0.11814888
566 471 5 4 0.12288456
580 468 4 5 0.12977326
439 440 5 5 0.13419491
598 457 5 5 0.13497728
550 469 4 5 0.137905
68 429 9 11 0.14667001
470 441 5 5 0.1514625
535 470 4 5 0.15250596
455 452 4 5 0.17462069
278 439 6 8 0.18016103
536 455 5 5 0.18372847
597 466 5 6 0.19493592
260 437 6 7 0.19678946
484 454 5 5 0.19818749
293 436 6 9 0.2009161
454 438 4 5 0.21046822
501 453 5 5 0.2335845
548 455 5 6 0.24099824
260 449 5 8 0.2549585
615 453 5 7 0.28924516
313 418 8 13 0.31514293
470 452 4 5 0.32301635
521 454 5 6 0.3262205
387 421 7 11 0.36519697

