0_Parade_Parade_0_472
172
120 168 22 18 0.010174733
131 183 20 28 0.010218522
105 169 23 17 0.010220176
224 212 12 19 0.0102509335
833 150 9 11 0.010339271
111 171 10 10 0.010404106
739 155 12 23 0.010409188
682 179 18 33 0.010456661
641 162 34 60 0.010512189
803 185 10 13 0.0105458405
307 292 28 16 0.010561835
1015 190 9 28 0.010630141
899 168 8 12 0.010679179
796 215 27 40 0.010695695
397 134 27 42 0.010728025
247 216 7 10 0.010909472
619 153 22 18 0.0109351
169 169 20 20 0.01129501
995 150 10 12 0.01140559
708 107 11 9 0.01142045
602 138 24 17 0.011478845
588 216 19 32 0.0115912305
176 183 10 13 0.0116478605
899 208 18 31 0.011850535
819 122 9 12 0.011986524
895 185 19 29 0.012053763
679 125 8 9 0.012312837
722 119 9 12 0.012577314
227 278 10 13 0.012595365
573 129 18 28 0.012651338
827 72 21 20 0.012802977
670 161 21 21 0.0132400235
803 135 9 11 0.013354211
485 68 7 11 0.0134214405
777 170 19 32 0.013508705
683 143 20 20 0.0137598
221 264 13 18 0.013912051
0 187 8 26 0.013960331
224 266 9 13 0.014275383
992 215 20 21 0.014342375
168 181 9 14 0.014533059
647 129 24 18 0.014643777
472 70 6 12 0.01499853
218 304 20 21 0.015013175
833 86 8 13 0.01529522
164 178 18 28 0.015615581
830 147 14 19 0.015662767
841 180 20 23 0.01575725
740 151 9 15 0.015955476
828 160 13 21 0.016103448
970 206 18 33 0.016277988
413 124 19 33 0.01649485
593 148 22 18 0.016604628
200 230 11 21 0.016716786
673 148 20 20 0.016774248
820 161 13 19 0.016957419
682 147 19 30 0.017103216
246 230 8 11 0.017118428
239 280 11 13 0.017126702
815 125 14 19 0.017543698
805 120 9 12 0.017861834
908 248 19 33 0.017862419
896 164 13 21 0.018344818
215 197 7 9 0.018363297
837 164 33 58 0.01866851
992 205 24 46 0.018894775
607 165 23 18 0.019263731
835 158 20 30 0.019466247
980 148 10 14 0.01978343
232 279 19 29 0.019789303
687 134 10 12 0.019967495
246 171 7 9 0.020428317
811 149 20 30 0.02100929
991 145 18 32 0.021391666
749 183 17 36 0.021613538
212 235 8 13 0.023251267
219 238 12 19 0.023288606
512 57 27 41 0.02394549
617 176 20 30 0.025124582
643 124 14 20 0.025554704
596 221 12 24 0.02565569
227 216 8 11 0.025744643
225 275 13 19 0.02610052
908 148 19 29 0.027696114
224 179 12 18 0.02832509
536 174 22 20 0.028563991
801 225 20 20 0.02858856
799 128 21 20 0.028619297
634 161 14 21 0.02928287
740 121 8 14 0.02931025
230 201 7 9 0.030185623
934 227 23 21 0.030333662
702 105 24 17 0.03150888
397 125 18 33 0.031717543
969 186 20 31 0.032450836
516 75 19 29 0.03297711
807 184 22 19 0.033167597
300 281 23 28 0.03325448
252 289 22 19 0.034337826
246 198 7 9 0.034648396
936 150 21 27 0.034898855
680 132 10 13 0.03526857
778 157 19 33 0.035412572
688 120 14 17 0.037653413
947 151 10 13 0.038513195
928 150 11 13 0.039882444
997 211 17 35 0.04055495
205 238 17 33 0.042475663
649 171 19 33 0.043246336
107 176 21 20 0.043261275
987 146 21 20 0.04326984
743 146 18 32 0.043857522
210 232 12 20 0.04423969
739 125 13 21 0.045390997
412 142 28 41 0.04554341
125 178 22 20 0.046399724
801 182 14 20 0.046688206
687 125 19 27 0.048201658
137 177 20 21 0.04861985
606 176 21 20 0.051056117
803 174 19 32 0.053297658
690 122 9 9 0.055787403
566 142 22 20 0.056656066
242 179 13 19 0.058398545
649 159 19 31 0.059176948
512 126 38 51 0.059611958
917 146 14 18 0.05979183
805 117 13 20 0.062369514
827 80 19 21 0.064536154
748 123 16 25 0.06569961
617 154 19 28 0.06751203
566 134 22 20 0.06831991
786 164 13 22 0.07011436
237 278 14 19 0.074689664
167 177 13 21 0.079768956
522 130 25 18 0.0830446
810 116 19 31 0.084811874
845 174 19 33 0.08675931
654 167 21 21 0.08878796
679 129 14 19 0.08966272
697 133 22 20 0.10881569
945 149 14 19 0.11109713
962 144 19 30 0.1161043
301 292 25 19 0.11680159
827 116 21 22 0.12338739
558 129 16 32 0.12580477
833 77 19 31 0.12615535
738 148 13 22 0.12654994
925 148 14 18 0.12920903
743 120 18 29 0.13160862
244 182 8 11 0.1375149
714 115 21 20 0.14899546
978 145 13 20 0.15740907
933 222 19 31 0.15780151
954 151 20 21 0.15934926
599 254 39 64 0.1598487
704 114 22 19 0.18098055
227 182 7 11 0.18338147
738 118 13 22 0.18851383
813 118 20 22 0.21378765
626 162 20 20 0.22651301
681 130 21 20 0.23461975
839 115 20 30 0.23507252
214 239 13 20 0.24127737
604 146 22 20 0.24911912
170 178 19 22 0.2844633
750 119 13 23 0.3024812
562 136 19 22 0.33289298
517 125 27 41 0.37055168
642 118 19 22 0.5147599
323 111 38 54 0.95926285
60 134 29 38 0.96490943

