0_Parade_Parade_0_459
30
4 397 57 262 0.0111264875
0 512 16 143 0.012286624
32 838 87 182 0.013381726
20 875 65 100 0.013473168
198 850 69 102 0.015501137
3 416 17 66 0.015698772
42 918 63 90 0.016415376
138 570 54 94 0.01643388
389 898 36 86 0.016653081
156 607 100 149 0.01953682
3 424 13 50 0.01983577
401 724 149 246 0.020567441
181 609 65 93 0.020894466
6 401 30 165 0.023302905
382 886 62 89 0.027110444
11 849 94 141 0.029844493
129 604 68 92 0.03609986
123 596 100 158 0.036504794
12 432 32 173 0.036514822
412 728 97 175 0.03948137
375 913 54 88 0.044462185
199 805 64 117 0.061524358
261 648 100 123 0.0629622
172 655 63 123 0.069314785
307 628 74 103 0.08994412
188 791 88 166 0.19267328
398 734 79 154 0.3468727
145 630 81 169 0.72934526
436 764 87 187 0.75833756
292 636 94 140 0.89518857

