0_Parade_Parade_0_353
230
64 389 8 11 0.01000927
512 244 20 23 0.010182025
667 227 19 27 0.010219617
573 260 22 21 0.010265928
482 268 6 8 0.01028468
340 281 9 6 0.010571152
313 267 9 10 0.01063132
942 296 8 12 0.010687797
175 327 10 8 0.01080654
64 346 9 7 0.010845487
264 320 21 20 0.011038128
572 303 30 42 0.011262181
966 264 6 5 0.011525515
347 308 24 18 0.011577194
845 263 15 18 0.011623831
18 361 8 9 0.0117718
34 341 21 27 0.01187298
263 311 21 27 0.012216761
934 294 12 19 0.012384263
546 269 7 10 0.012387552
24 331 9 9 0.012439667
271 314 10 12 0.012480216
143 280 7 8 0.012533407
121 396 6 9 0.012630687
19 346 8 9 0.012717846
110 248 7 11 0.012808076
259 260 13 18 0.012836982
666 218 15 17 0.012859389
150 348 10 11 0.012935484
800 261 14 16 0.012953975
257 324 21 18 0.013020691
316 306 24 17 0.01304441
260 288 21 24 0.01321476
948 237 6 6 0.013379153
165 301 10 9 0.013415785
208 302 11 9 0.013496823
484 283 7 8 0.013619196
247 293 11 11 0.013622488
242 282 14 16 0.013773636
451 291 14 17 0.013947918
151 397 9 9 0.013983625
936 297 8 13 0.014024025
328 307 26 18 0.0141445715
718 290 21 20 0.014146574
879 243 21 25 0.014166185
141 299 22 17 0.014483896
121 372 21 19 0.014599704
816 276 23 16 0.01483084
452 280 22 24 0.014837664
177 347 10 9 0.015293825
595 204 8 9 0.016025146
132 316 11 9 0.016168635
838 267 21 28 0.016285427
86 301 10 7 0.016848138
207 310 13 10 0.016874135
732 246 40 50 0.017183714
67 372 13 19 0.017350867
868 262 9 8 0.01789271
444 266 13 18 0.018003931
57 389 8 12 0.018015927
192 307 22 17 0.018064806
197 299 29 35 0.01818077
304 296 14 15 0.018294439
166 329 9 9 0.018364334
798 276 14 16 0.018576134
729 250 21 19 0.018658044
55 386 12 20 0.01892255
555 272 21 29 0.019188581
157 343 14 16 0.019203275
321 235 6 7 0.019241335
915 239 7 8 0.019256257
918 264 8 9 0.019363236
180 314 9 9 0.019549258
468 295 8 8 0.019587558
267 312 15 17 0.019711174
84 313 29 14 0.020077586
836 269 10 8 0.020138605
892 241 22 25 0.020467255
831 283 10 8 0.020655956
83 319 12 8 0.021113615
69 376 8 10 0.022264237
784 266 14 17 0.022390068
161 314 9 8 0.022689952
662 227 11 11 0.023161842
1015 263 5 7 0.023279589
152 369 20 18 0.023403842
816 248 15 16 0.024356209
949 266 6 6 0.024378192
787 273 14 17 0.024476802
930 246 14 16 0.024798915
148 302 9 10 0.025158228
137 270 6 9 0.02544333
825 248 24 16 0.025504548
196 312 11 9 0.025550291
135 298 8 9 0.026228404
661 221 11 11 0.026421318
399 233 9 8 0.026461199
312 285 9 9 0.026734613
307 310 10 10 0.026761362
851 221 6 5 0.027435586
824 276 25 16 0.027580295
439 298 7 8 0.027731428
63 315 10 6 0.027838279
999 282 6 7 0.028331848
566 293 41 57 0.0286546
316 281 14 16 0.02870293
66 329 11 7 0.029234698
462 278 14 18 0.0299212
798 250 14 15 0.03014947
820 225 5 6 0.03024751
69 366 9 8 0.032287624
5 372 7 12 0.033704136
262 264 8 11 0.03455441
48 346 10 7 0.034821447
866 223 6 5 0.03513618
702 248 10 13 0.0353085
1016 237 5 9 0.03549761
319 269 9 10 0.03662038
681 244 21 28 0.036899
103 243 11 19 0.037762772
81 325 13 8 0.037917294
260 310 10 11 0.03903611
243 284 10 10 0.03918598
866 234 7 7 0.039285377
571 272 33 36 0.039974462
231 281 9 9 0.04051147
721 255 21 20 0.040595565
273 294 11 11 0.04069786
565 268 44 51 0.04085106
519 241 20 29 0.04180535
1015 250 5 7 0.044924658
381 293 10 10 0.04508754
661 223 14 17 0.04598745
382 268 21 27 0.0461469
470 268 7 8 0.046498775
76 321 24 16 0.04680756
301 307 22 18 0.04738563
724 250 10 12 0.04781072
258 307 14 17 0.047984455
654 217 21 28 0.04817187
39 327 25 15 0.049131367
793 254 6 6 0.04942518
160 347 10 10 0.04987496
359 301 8 7 0.050743837
837 235 6 5 0.05199651
2 366 8 10 0.054237567
318 293 15 17 0.054437496
372 283 16 16 0.05531099
34 334 9 8 0.058179185
744 260 22 21 0.062257133
189 298 16 15 0.06709345
383 285 9 9 0.06737918
376 279 23 17 0.06813182
306 298 10 9 0.06921601
54 313 9 7 0.071782924
77 315 26 16 0.073864736
698 246 14 17 0.078342676
200 299 24 18 0.079003744
143 307 21 18 0.07987577
375 289 21 19 0.08075483
375 293 10 10 0.08110013
736 258 20 21 0.08475911
153 372 10 12 0.085180365
448 271 7 9 0.086224295
894 250 11 11 0.0868828
312 263 21 19 0.08696305
742 267 20 31 0.08717644
454 295 8 9 0.089601375
790 277 8 9 0.09316225
26 314 8 10 0.09558813
157 371 11 13 0.097385556
148 311 12 10 0.10180638
327 290 23 29 0.10432813
32 343 15 15 0.10442059
995 261 5 7 0.10625307
985 260 6 7 0.108625874
466 283 8 9 0.115744606
822 281 9 8 0.1172946
177 297 15 15 0.12398886
452 279 14 17 0.12435152
104 245 8 13 0.12466043
847 246 23 16 0.12785304
136 278 7 9 0.1278995
833 251 8 6 0.12909767
34 346 11 10 0.12911429
722 248 14 19 0.13069674
47 331 12 8 0.13554187
831 263 25 17 0.13753885
657 217 21 19 0.14309807
853 248 11 8 0.14316995
321 296 9 9 0.14324346
993 256 5 5 0.14374183
375 286 9 9 0.14468808
192 300 10 10 0.14554556
788 270 7 8 0.14623919
885 251 12 10 0.15478152
424 283 7 7 0.15482172
856 249 22 16 0.15569676
852 236 7 5 0.15843828
737 255 30 35 0.15875915
964 250 5 6 0.166735
801 280 9 8 0.16852205
818 267 8 7 0.18334424
200 306 23 18 0.18786375
29 313 9 9 0.19149615
387 260 20 21 0.19874996
890 247 15 16 0.20097256
803 265 8 8 0.20825054
179 300 11 10 0.2166292
863 252 11 9 0.23474856
253 285 14 15 0.2411305
946 250 6 6 0.24407177
918 249 7 8 0.24574973
319 286 8 9 0.24654077
985 255 5 6 0.26485333
255 289 14 16 0.27128133
454 283 8 9 0.40417105
820 252 8 8 0.4112814
817 230 7 7 0.4116766
604 233 45 51 0.43200493
840 261 22 26 0.4532363
933 250 8 8 0.48441204
325 297 32 33 0.49190727
693 246 15 17 0.50311375
802 254 8 9 0.51597697
882 247 21 17 0.5316117
390 259 21 28 0.53961056
287 288 15 14 0.5445224
434 283 7 8 0.5451218
494 239 21 31 0.84030896

