0_Parade_marchingband_1_227
223
373 95 10 13 0.0100446185
389 155 27 43 0.010065446
365 155 20 21 0.010179858
390 106 14 19 0.0102172345
2 82 9 14 0.010218855
260 135 18 32 0.010239562
637 127 20 29 0.010279968
652 107 21 19 0.010285864
405 83 9 12 0.010398678
644 81 13 19 0.010437455
590 106 20 20 0.010444613
51 73 21 19 0.010771968
608 84 8 12 0.01086383
605 81 12 19 0.010879018
936 110 28 16 0.010971798
354 68 11 13 0.0111184055
290 80 9 10 0.011305606
7 108 22 20 0.0113140205
625 84 8 11 0.011464489
31 91 35 56 0.011527357
826 89 39 57 0.011626751
422 93 10 12 0.011914881
285 96 22 21 0.012389763
225 70 8 11 0.012611832
2 96 13 21 0.012644818
438 112 8 9 0.012740942
325 82 13 20 0.012875633
248 75 27 34 0.013017525
891 100 31 40 0.013072876
42 112 23 19 0.013088476
364 125 21 19 0.013131722
847 84 54 79 0.013253306
617 112 21 19 0.013260528
276 69 9 11 0.013412232
747 127 26 16 0.013458629
99 65 13 18 0.01355363
283 77 21 19 0.013643309
111 98 10 12 0.013735807
465 111 23 18 0.013977682
637 105 21 19 0.014131718
428 108 21 20 0.014140038
113 68 8 10 0.0142713655
800 119 34 34 0.014414072
397 97 13 19 0.014726026
453 84 7 10 0.015088628
217 108 32 63 0.015555443
601 136 21 21 0.015557386
539 36 20 30 0.015633292
611 112 11 12 0.015832836
97 76 20 28 0.015910013
360 123 19 31 0.015912544
373 81 14 20 0.01596542
736 97 22 31 0.01599179
227 81 8 10 0.016172245
471 109 25 18 0.016192956
195 98 18 30 0.016457181
161 67 14 17 0.016474843
40 97 23 18 0.016646234
467 95 9 10 0.01664631
155 105 14 20 0.016990883
651 94 20 21 0.017008094
621 138 22 20 0.0171992
75 80 22 18 0.017468967
768 112 23 17 0.017481336
383 81 10 12 0.01756002
109 80 13 17 0.017998094
774 112 25 16 0.01804853
521 84 22 18 0.018090859
419 85 9 12 0.018124204
198 68 19 29 0.018635888
26 111 23 18 0.018998742
578 79 12 21 0.019069694
273 66 14 19 0.019696191
764 118 35 32 0.019878322
862 89 40 56 0.020100366
333 82 13 20 0.020213101
181 72 7 9 0.02026905
101 100 12 11 0.020270722
462 83 14 18 0.021180002
465 86 9 11 0.021283433
159 97 11 11 0.021587443
101 68 9 11 0.022442006
220 111 21 21 0.0226046
286 106 22 21 0.022656184
194 80 13 18 0.022982975
108 96 13 18 0.023144225
381 79 13 19 0.023778562
385 98 11 13 0.023873964
793 111 46 50 0.024098324
551 76 18 31 0.024174305
925 89 38 57 0.024459967
168 62 20 27 0.024613466
393 109 19 23 0.024867777
461 91 22 19 0.024976818
417 83 13 18 0.025051294
855 110 41 53 0.025072915
642 100 9 11 0.025097882
910 91 53 81 0.025227774
143 82 14 17 0.025293155
352 74 13 19 0.025756815
235 93 22 19 0.026272252
954 74 46 96 0.02668919
304 94 20 21 0.026819466
148 98 11 11 0.027240405
145 69 8 9 0.027254162
134 70 9 10 0.028102666
551 130 19 31 0.028643088
448 94 14 18 0.028692855
783 94 24 18 0.028979262
416 90 21 19 0.029403975
112 82 9 11 0.02963335
508 110 23 21 0.030413525
613 100 9 11 0.03076528
5 106 13 21 0.03132023
6 99 17 33 0.031352784
885 92 41 56 0.03168343
580 93 13 20 0.032605708
36 62 21 28 0.032861315
10 65 19 31 0.03315677
628 97 9 12 0.033590317
432 97 14 18 0.033661697
98 82 11 11 0.035996962
353 66 13 20 0.038276266
451 98 9 10 0.038369052
583 98 8 11 0.038659725
210 68 13 18 0.03896684
791 90 23 20 0.039211802
561 87 14 22 0.03937326
766 86 40 52 0.03947359
122 109 22 19 0.040194377
352 72 22 27 0.0405651
242 79 21 20 0.041642815
499 79 20 19 0.042003512
198 97 9 11 0.042078096
611 97 13 19 0.042208582
435 101 9 11 0.042569783
596 82 13 19 0.042891856
195 93 14 19 0.04303408
0 77 12 22 0.04306229
197 69 7 10 0.04410101
131 93 12 12 0.04414615
103 88 18 31 0.044241134
164 79 14 18 0.04461473
31 95 21 19 0.04475779
618 128 22 20 0.046269488
371 92 14 20 0.046306655
593 97 9 12 0.047652338
235 93 18 32 0.047936752
63 72 18 29 0.048149467
475 95 22 21 0.049209572
176 78 14 17 0.04970599
164 70 8 10 0.050834842
212 71 8 11 0.050906066
889 117 32 38 0.05123242
250 92 25 20 0.05136033
166 83 9 10 0.051419813
459 91 20 29 0.051841084
560 83 20 23 0.052111026
212 74 13 18 0.053091075
598 85 8 12 0.053589895
39 103 21 31 0.053673346
71 95 23 18 0.05369682
766 127 25 18 0.054347094
923 128 32 40 0.05511214
626 93 13 20 0.055857785
772 92 30 38 0.055899695
20 60 14 19 0.056887
146 84 9 11 0.05707015
387 98 18 29 0.05707658
131 86 10 12 0.05729266
129 84 14 17 0.057734013
91 79 22 18 0.057937495
267 74 22 19 0.058384024
197 84 8 10 0.05907971
23 62 22 19 0.06321795
153 96 20 20 0.06324575
349 99 21 20 0.0655384
887 110 43 52 0.06994125
588 89 18 30 0.071054
57 74 24 17 0.07283069
131 91 13 18 0.073520035
523 91 23 20 0.07548899
490 96 22 21 0.07570033
214 77 9 12 0.07846703
51 66 21 19 0.08555915
147 104 21 20 0.085656755
591 93 12 20 0.08594179
330 93 18 30 0.086039424
226 120 18 36 0.08706654
798 93 31 38 0.08749575
636 96 20 21 0.09330141
726 93 33 39 0.09332162
142 95 17 30 0.09334006
382 96 14 18 0.09359521
606 108 21 20 0.09492923
69 88 19 31 0.09773966
96 96 22 18 0.09904867
179 81 9 10 0.10206218
143 97 21 19 0.103750184
323 91 19 21 0.1056116
345 105 22 20 0.10571594
609 97 20 29 0.10997391
354 99 20 29 0.11078654
63 94 23 19 0.11776952
505 82 22 19 0.12802461
642 91 20 30 0.13401231
594 128 19 32 0.15390208
248 81 24 20 0.15558366
252 85 19 33 0.17872477
56 68 21 19 0.18432088
289 137 21 33 0.2351848
559 85 18 31 0.2517492
719 85 43 54 0.25477475
715 96 30 40 0.27838576
608 129 20 33 0.28065702
515 100 19 32 0.33121964
487 93 19 30 0.3365966
418 106 19 34 0.3758222
289 95 21 31 0.37835485
458 132 28 42 0.39582312
175 103 19 32 0.4579915
839 123 32 37 0.4913644
915 135 40 57 0.7693797

