0_Parade_marchingband_1_74
382
658 15 9 9 0.010008912
402 316 9 12 0.010092263
750 322 18 20 0.01022187
118 102 13 17 0.010270817
38 375 14 17 0.010431758
39 377 11 11 0.010465106
816 300 21 16 0.010545926
883 301 13 17 0.010562692
47 380 11 11 0.010626942
688 295 13 16 0.010741211
997 223 7 11 0.010754585
858 60 5 8 0.010767422
912 313 13 17 0.010853387
620 324 19 19 0.010914799
451 311 18 19 0.010990595
258 263 19 18 0.011001876
228 281 13 16 0.01113855
845 315 14 15 0.011236558
306 247 8 9 0.01130235
588 295 13 16 0.01135432
627 313 13 17 0.011411392
780 313 13 15 0.011472479
0 248 9 25 0.011607582
635 371 13 17 0.011658322
170 357 23 19 0.011768589
526 295 14 15 0.011779264
229 297 9 11 0.01184613
198 335 11 11 0.0119043095
774 380 14 18 0.012033983
346 310 18 20 0.01216385
210 299 10 10 0.01218955
974 295 12 16 0.012233425
690 330 10 12 0.012242422
961 49 8 7 0.012259144
293 325 10 12 0.0124678705
752 341 13 17 0.01261388
383 333 19 21 0.0126610985
256 286 10 10 0.012676051
490 298 19 19 0.012730436
721 315 10 11 0.012795548
222 312 10 12 0.012836727
585 30 6 8 0.012900056
658 312 9 11 0.012994473
713 64 6 9 0.013024314
180 346 14 17 0.013031776
448 293 13 17 0.013088272
638 315 13 16 0.013160476
324 312 10 11 0.013380324
460 407 13 17 0.013453407
979 48 7 7 0.013481391
269 266 10 11 0.013545172
310 362 10 13 0.013565365
828 341 14 17 0.013732436
893 309 12 17 0.013794943
962 58 9 10 0.014005588
432 308 19 19 0.014067
866 348 12 12 0.014188217
636 328 13 16 0.014254304
899 296 13 17 0.014501945
349 295 13 17 0.014589439
131 304 9 10 0.014877507
834 286 14 14 0.014945787
304 299 10 11 0.015048614
197 333 14 16 0.015058548
93 226 13 19 0.015089485
679 302 9 9 0.015162759
400 286 12 17 0.015205163
943 351 11 13 0.015213949
643 295 13 16 0.015227827
695 380 14 16 0.015244032
761 299 9 12 0.015346301
275 296 18 19 0.015449852
246 304 9 12 0.015470821
40 378 23 17 0.015507754
482 315 9 12 0.01562787
829 318 23 16 0.015679404
588 387 13 16 0.015884059
998 294 12 18 0.015981445
896 289 8 9 0.016048819
666 411 14 16 0.016078573
480 296 13 18 0.016116895
230 252 7 9 0.01616172
777 384 19 19 0.016195357
947 315 9 11 0.016305568
388 335 10 14 0.016355509
862 288 9 11 0.016643979
1012 281 7 12 0.01681818
572 374 13 18 0.01693894
283 296 14 16 0.017236896
446 286 13 16 0.017258573
891 329 14 17 0.01732552
182 349 10 10 0.017419063
670 317 20 18 0.017518442
853 286 13 16 0.017540338
383 315 9 13 0.017549008
783 296 13 16 0.017566815
817 314 11 10 0.01769966
287 280 13 16 0.017823845
339 376 13 18 0.018047255
1008 348 11 19 0.01804734
437 300 13 17 0.018052427
543 278 14 16 0.018580353
954 55 22 18 0.0186425
877 354 14 17 0.01900235
980 413 8 12 0.019003889
467 287 7 9 0.01921781
131 311 9 9 0.019308722
942 356 13 16 0.01949143
250 308 18 20 0.019577587
864 294 8 12 0.01980195
747 370 13 17 0.019918866
887 309 13 16 0.020052234
34 125 7 9 0.020395387
976 315 9 12 0.020581849
670 282 9 9 0.020632876
531 288 9 10 0.020820009
718 402 15 16 0.02099269
724 349 14 16 0.021024505
200 338 22 18 0.021061724
926 325 10 13 0.021191161
1014 355 9 24 0.021610795
353 288 8 9 0.021822922
433 344 9 12 0.022222675
599 285 8 11 0.022238757
338 295 13 17 0.02227795
703 386 15 16 0.022490434
885 288 8 10 0.023056826
190 340 23 17 0.023157034
1001 271 9 12 0.024029111
724 299 9 11 0.024330115
932 282 7 8 0.024352124
340 379 10 12 0.024613168
722 61 6 9 0.024625152
733 340 14 15 0.025287854
642 283 14 16 0.025355723
467 336 10 14 0.025361067
695 289 8 9 0.02580695
600 348 11 13 0.025824241
865 334 13 12 0.025852364
829 297 15 15 0.025882538
8 104 11 18 0.026035838
865 315 9 11 0.026205907
417 296 12 17 0.02633593
519 289 9 11 0.0267459
755 277 10 11 0.02791503
502 311 13 17 0.027925773
148 299 8 11 0.027952157
610 287 8 10 0.028001348
535 326 12 14 0.028196119
894 329 9 13 0.028328713
940 296 14 17 0.028393973
822 333 14 16 0.028520618
193 294 9 12 0.02929929
203 334 15 15 0.029549727
175 326 14 16 0.029850518
945 287 9 10 0.029924452
902 48 9 8 0.030784078
899 60 9 9 0.03167042
999 297 8 12 0.031806987
848 317 10 10 0.03181867
384 283 8 11 0.03199751
342 286 7 8 0.032520078
311 325 13 18 0.032526672
629 315 9 11 0.032985568
809 270 9 11 0.033211946
781 339 13 17 0.03363695
753 322 11 11 0.033742864
287 297 9 12 0.03384293
661 282 14 15 0.03390859
162 287 8 10 0.034218755
387 298 9 11 0.034994915
472 23 7 10 0.036114387
860 346 21 18 0.03624152
543 321 11 12 0.03630934
763 390 14 17 0.036721755
323 285 8 9 0.037418194
955 326 14 17 0.03744139
726 328 10 12 0.037676666
896 311 9 12 0.039155386
177 329 11 11 0.039314523
783 315 9 11 0.03975737
1010 351 8 13 0.040036343
543 325 12 13 0.04016489
987 192 7 12 0.040475354
454 346 10 14 0.041019328
13 106 8 11 0.041080255
917 328 13 17 0.041230056
639 329 9 12 0.042079423
914 314 9 11 0.042125337
562 328 11 14 0.04212852
714 357 14 16 0.04247413
798 302 14 15 0.04265661
576 283 9 10 0.04370193
326 303 9 11 0.044289496
193 284 13 16 0.044427637
883 350 14 16 0.044444777
591 296 9 12 0.04459406
835 320 12 11 0.04462488
674 324 11 13 0.044786595
886 303 8 11 0.04515401
679 347 12 14 0.045898452
148 282 7 10 0.04596046
800 284 9 10 0.046271052
772 288 9 10 0.04714492
907 342 14 17 0.047428943
534 315 10 12 0.04817005
739 280 9 12 0.0482801
854 294 11 11 0.048301086
976 297 9 11 0.048327703
482 299 8 11 0.048612386
467 296 13 17 0.04913608
507 381 13 18 0.04993385
854 288 10 10 0.05053208
1016 359 6 14 0.051075354
133 278 12 18 0.051137373
374 326 9 14 0.051238447
888 328 11 12 0.05219177
964 297 8 10 0.052375283
211 281 13 15 0.053073086
519 294 10 12 0.053088065
304 284 8 10 0.054689027
439 302 8 10 0.05486708
484 284 8 11 0.055027403
615 357 13 17 0.055765692
834 326 15 15 0.056397785
932 295 13 17 0.05688161
605 312 14 16 0.057153694
705 284 8 10 0.05769133
279 284 9 10 0.05791849
615 328 11 13 0.058249194
721 284 14 15 0.05826673
699 383 16 16 0.058862668
835 287 11 10 0.059263915
619 359 14 17 0.059531085
299 314 14 16 0.060453646
944 299 9 11 0.06149788
888 311 10 11 0.06154877
344 312 10 14 0.06227744
381 378 13 19 0.062914364
372 303 8 10 0.063017234
418 282 8 10 0.06323826
951 326 13 17 0.063703805
815 273 10 11 0.0638249
448 289 9 11 0.064116545
529 297 10 10 0.06463336
558 298 10 13 0.0654798
743 367 14 17 0.0687626
574 331 11 14 0.068972215
759 390 14 18 0.069542944
653 299 14 16 0.06973647
402 289 8 11 0.071858644
1015 371 9 22 0.07194257
928 319 10 12 0.0719758
645 298 9 10 0.07231589
637 268 9 10 0.07245406
178 284 7 9 0.07266924
604 347 13 16 0.07313955
832 300 11 10 0.0756428
900 342 13 19 0.07604318
462 315 10 13 0.07613654
688 312 9 13 0.07703766
576 357 14 16 0.07782332
791 285 9 9 0.07849653
651 343 14 16 0.07865517
629 373 14 17 0.081498265
373 287 8 10 0.08199979
642 342 13 17 0.082726665
438 286 9 11 0.0835672
735 333 14 16 0.08374871
788 335 10 13 0.08407782
551 298 11 12 0.08527126
866 53 8 11 0.08573808
1009 297 8 14 0.08678535
673 392 14 16 0.08776385
451 295 8 11 0.08787373
852 349 15 17 0.08830848
230 283 9 11 0.08887893
657 364 14 17 0.090873964
289 282 9 11 0.09267517
625 327 11 12 0.0939325
507 314 14 16 0.09473598
709 358 15 16 0.095840916
684 347 14 16 0.096200325
612 297 9 10 0.096267365
802 310 11 12 0.0964736
482 9 10 8 0.09708262
352 297 9 10 0.09727628
583 390 13 18 0.0986049
641 316 9 11 0.09885391
964 312 13 17 0.099679746
464 338 13 16 0.100534804
1017 374 7 16 0.10201624
821 302 12 11 0.103065945
901 298 9 11 0.10375714
754 325 11 13 0.10502399
419 298 9 10 0.10546041
161 295 13 17 0.10551254
776 316 10 13 0.10787779
546 280 10 11 0.10796122
705 335 12 13 0.10997362
674 319 11 12 0.11298019
865 50 9 10 0.113634154
818 347 14 16 0.1139079
823 393 14 18 0.11730773
456 313 9 14 0.11780849
973 348 13 18 0.11865016
801 304 10 11 0.12073286
512 341 13 17 0.121918865
409 354 12 18 0.12233801
1007 294 11 20 0.12345558
294 317 14 16 0.12368581
495 299 11 14 0.12371292
605 405 14 18 0.124760106
595 381 14 17 0.12632816
483 331 13 17 0.12692614
270 314 11 14 0.12744154
934 297 9 12 0.12858121
256 311 10 14 0.12908867
594 316 10 13 0.12937172
959 358 13 17 0.13136491
785 297 9 12 0.13195795
582 294 12 13 0.13212392
838 373 15 17 0.1321246
402 327 13 17 0.13537839
608 313 10 12 0.13538751
495 357 14 16 0.1354452
992 326 13 18 0.13813844
370 311 10 14 0.13899681
547 343 14 16 0.14127283
690 296 9 11 0.14140847
768 297 10 12 0.14241502
990 192 8 11 0.14474411
351 312 10 14 0.14766276
928 362 14 17 0.15085159
386 337 13 18 0.15118602
495 10 8 7 0.152467
179 298 10 13 0.15840933
470 298 9 11 0.15920012
135 282 8 11 0.16117053
278 298 11 13 0.16129307
656 302 10 11 0.16134815
340 297 9 11 0.16145416
434 359 13 18 0.16399276
705 299 9 13 0.17136385
422 311 12 17 0.17208786
909 372 14 18 0.18113095
645 284 9 11 0.18137707
565 370 13 17 0.1822823
757 271 11 13 0.18312512
780 381 15 18 0.18390287
733 301 13 16 0.1846791
714 397 22 19 0.18564475
563 282 11 12 0.18917276
816 277 12 11 0.18924734
662 413 14 17 0.19150937
529 403 13 17 0.19341366
803 358 15 17 0.19353075
438 311 10 12 0.19464332
502 382 14 18 0.19527312
866 380 15 18 0.19582379
405 293 9 13 0.20352851
769 340 14 18 0.20398347
662 283 10 11 0.20774628
247 307 12 16 0.2115269
1006 270 9 13 0.2120949
351 342 13 16 0.22106962
239 281 9 12 0.22223915
315 327 14 16 0.22509602
468 370 14 17 0.22612807
527 359 13 17 0.23307008
629 303 10 12 0.24321692
163 296 9 13 0.2432488
723 285 10 12 0.27289376
211 311 14 16 0.2875437
633 267 9 12 0.2922672
262 265 10 13 0.30861494
187 356 35 53 0.30963072
9 107 8 12 0.31451005
177 297 14 17 0.3228313
213 283 9 11 0.3343709
195 286 9 11 0.34263933
471 12 8 9 0.3968302

