0_Parade_marchingband_1_104
234
47 248 13 17 0.010289452
110 275 13 17 0.010340345
592 244 7 12 0.010348633
212 212 8 6 0.0103605855
865 243 8 8 0.0105309095
416 255 13 19 0.0106922295
32 280 7 10 0.010721884
37 308 7 10 0.010777255
854 262 7 11 0.010877182
260 266 8 9 0.010941001
117 260 13 18 0.011207257
676 231 8 6 0.011227624
178 260 8 10 0.011354191
719 301 46 53 0.011382563
344 243 8 10 0.011406552
278 262 7 9 0.011408897
97 280 8 11 0.0117193675
100 238 17 21 0.011828845
23 233 12 18 0.011953978
329 219 21 26 0.012090887
36 291 12 19 0.012137241
889 243 6 8 0.012225781
322 262 21 34 0.01235939
897 230 12 17 0.012653822
371 229 7 10 0.012720319
690 232 8 7 0.012919969
972 228 13 17 0.013059122
657 229 9 5 0.013250051
159 237 9 9 0.013434611
260 213 6 7 0.013750208
481 247 7 10 0.01381512
77 242 12 18 0.013875256
102 235 13 16 0.014137326
48 308 7 10 0.01434245
212 278 6 11 0.0143875005
15 258 11 19 0.014590343
253 231 13 17 0.01489266
110 236 8 11 0.015100664
306 236 8 7 0.0151145635
722 243 8 12 0.015154593
286 239 13 16 0.015227127
932 227 12 18 0.015244527
213 237 8 8 0.015365284
1016 182 6 9 0.015462355
979 188 8 6 0.015499223
566 214 7 8 0.01564105
452 226 13 18 0.015654866
315 215 23 18 0.015902175
910 231 12 17 0.016346414
918 216 6 7 0.016425073
978 245 7 8 0.016455932
979 196 10 8 0.016524356
944 230 12 17 0.016728844
518 118 8 15 0.01715666
489 233 6 9 0.01736903
898 263 6 9 0.017393177
180 238 7 8 0.017542737
711 229 13 16 0.01759692
658 220 9 6 0.017629534
452 255 26 36 0.017837316
103 259 9 12 0.018199854
408 237 7 11 0.01849923
359 234 18 30 0.018635452
194 238 7 8 0.018710239
6 276 7 11 0.018862233
627 230 7 7 0.01944782
356 213 13 19 0.019531315
998 217 14 17 0.019558365
419 258 9 11 0.019900927
830 210 13 16 0.01998368
454 244 13 18 0.020132098
581 255 8 16 0.020551631
738 237 14 16 0.020854086
277 240 13 17 0.02092379
1009 218 9 11 0.02094886
194 243 12 17 0.021154808
87 289 8 12 0.021520423
155 240 12 16 0.022681596
500 243 8 11 0.023627153
938 243 7 10 0.023930155
999 220 9 10 0.024806805
119 262 8 12 0.025185626
113 278 9 12 0.025338717
998 188 8 6 0.02558068
1009 225 9 12 0.025720708
63 258 11 18 0.025822772
355 241 9 12 0.025835609
151 236 9 9 0.026079372
704 244 14 17 0.026179032
675 220 9 7 0.026466247
22 278 7 11 0.026881728
931 221 6 8 0.026962453
226 242 13 17 0.026969906
738 155 6 8 0.028392343
609 223 7 8 0.028551497
69 276 7 10 0.028729908
84 278 12 18 0.02915085
370 216 7 10 0.029225435
104 236 9 13 0.030552914
604 225 13 15 0.030607529
276 231 14 17 0.030619305
834 208 6 7 0.031145824
577 246 20 26 0.0312023
463 258 19 23 0.03242478
276 205 6 6 0.033043697
631 219 7 6 0.033178117
966 189 7 6 0.033566892
167 265 8 9 0.034040377
464 232 7 8 0.03420915
689 214 9 7 0.034241248
866 237 8 7 0.03444936
353 224 18 30 0.034984186
337 238 20 20 0.03575475
287 218 7 8 0.0363914
944 253 12 19 0.03667954
944 244 12 18 0.036723964
999 223 13 17 0.039648633
965 228 13 17 0.040175665
776 229 8 8 0.041112173
246 205 6 6 0.041562412
260 205 6 6 0.041700438
30 235 8 11 0.042471096
304 245 8 7 0.043956887
503 223 7 9 0.04501418
451 269 20 22 0.045991223
119 292 7 10 0.047264278
163 279 8 10 0.04758099
707 249 9 10 0.047827262
359 217 7 10 0.04862974
848 232 8 8 0.04937903
80 263 8 11 0.049408782
68 244 12 17 0.04970368
280 216 6 7 0.05110789
740 232 11 14 0.05247284
50 257 12 18 0.054101188
456 246 8 11 0.055114694
510 227 7 10 0.055138726
462 244 13 18 0.055522013
213 206 7 5 0.05593403
348 236 20 20 0.056010373
599 226 13 16 0.056068745
229 205 6 6 0.056767795
25 236 8 12 0.057339255
849 216 7 7 0.05789855
39 295 7 12 0.057996802
51 250 8 10 0.058288872
455 231 8 9 0.059849717
412 243 13 17 0.06301056
54 281 7 9 0.06346779
716 228 13 16 0.06380877
284 232 14 16 0.065637276
1000 226 9 12 0.06586116
193 204 7 6 0.065955184
850 247 8 9 0.07218675
80 245 7 11 0.075566
227 237 8 8 0.076208204
785 231 8 7 0.07676938
22 241 11 20 0.07712223
260 244 8 9 0.07717981
158 242 9 12 0.07896777
17 262 7 12 0.08006316
7 265 7 13 0.080428526
581 248 8 14 0.08227598
248 235 8 8 0.08303716
975 231 8 9 0.08409898
36 250 8 13 0.08452611
339 228 13 19 0.08470581
86 281 8 11 0.08771235
948 256 7 12 0.09631207
545 242 12 18 0.09753293
5 260 11 21 0.09799327
962 245 7 9 0.0995922
713 232 8 10 0.10083975
645 222 8 7 0.10351189
718 230 9 11 0.10644389
129 252 11 13 0.10678764
501 224 12 17 0.10768071
580 232 7 9 0.10820338
644 227 8 7 0.109380655
342 217 6 7 0.1140507
801 234 7 8 0.11774101
914 241 7 9 0.12810074
547 234 7 9 0.13116553
415 245 9 12 0.13212919
564 234 7 9 0.13359182
1006 215 13 20 0.13412727
109 242 9 14 0.134578
465 246 8 11 0.13908817
889 231 6 8 0.14054108
65 261 8 11 0.14593162
290 242 8 10 0.14956059
407 241 12 18 0.15545562
181 244 8 9 0.1567566
355 233 9 12 0.15755491
227 245 8 10 0.1597277
279 243 8 10 0.16442537
578 251 12 22 0.17322761
824 213 7 8 0.17395025
278 235 8 10 0.17580596
341 230 8 10 0.17779675
215 245 7 9 0.1779551
257 235 8 9 0.18164814
902 241 6 9 0.1827675
243 247 9 12 0.1898403
23 243 8 13 0.20754741
287 236 9 10 0.2260268
53 260 8 11 0.22928153
33 248 13 20 0.255169
947 246 7 10 0.2653445
1002 211 18 32 0.27520052
947 233 7 10 0.27569845
408 243 8 13 0.30728942
37 252 12 20 0.31411815
352 230 14 19 0.3165487
456 263 18 31 0.35420027
836 229 10 13 0.36095005
833 212 8 8 0.36521348
601 227 8 12 0.37329894
934 231 7 10 0.37804785
913 236 7 10 0.3881659
149 241 14 17 0.3972728
607 226 8 11 0.40896067
547 244 8 12 0.41981164
70 247 8 11 0.42406574
127 253 14 16 0.4431233
103 241 9 14 0.47771508
900 235 6 9 0.48430488
240 245 14 17 0.49388367
196 246 8 9 0.5120355
967 231 8 10 0.5392295
833 227 14 17 0.55559486
317 251 30 41 0.58776957
502 226 9 11 0.62899256
738 230 15 20 0.7003732

