0_Parade_Parade_0_478
206
1012 510 6 11 0.010011364
517 404 6 9 0.010082488
33 332 8 10 0.01031265
146 319 9 7 0.010502076
312 416 8 14 0.010503751
905 474 12 17 0.010601994
196 371 10 13 0.010909822
542 412 12 20 0.010951021
34 324 7 8 0.011278499
455 431 6 9 0.011483679
50 398 10 10 0.01181542
352 393 20 29 0.011952507
579 480 6 9 0.012011561
756 481 8 11 0.012065409
322 407 19 31 0.012102079
440 429 5 9 0.012110114
466 401 6 10 0.012128006
5 376 13 19 0.01217945
1012 529 6 11 0.012185836
159 347 14 17 0.01219951
143 350 9 9 0.0122138895
338 390 7 10 0.01225452
627 472 12 18 0.012337274
565 444 7 10 0.0126366345
199 425 13 22 0.012846273
1007 575 9 13 0.012875433
737 476 8 10 0.013105602
801 453 9 11 0.013106325
324 395 13 18 0.0133146
441 386 32 38 0.013318234
177 375 13 18 0.013576836
384 418 9 9 0.013696922
746 485 19 29 0.013739063
97 391 20 19 0.014276061
348 410 21 19 0.014453781
320 415 7 12 0.014523161
372 401 8 7 0.014635626
532 404 6 9 0.014643137
178 379 11 11 0.01516137
769 459 13 18 0.01575339
271 391 12 21 0.015894394
1014 453 9 29 0.01590672
208 397 10 12 0.016208056
162 350 9 10 0.01650532
104 382 22 18 0.016595053
784 481 8 11 0.016719239
688 495 7 10 0.016915888
260 383 27 41 0.017215576
529 411 12 20 0.01736095
103 392 22 18 0.017511493
83 399 10 11 0.017757412
390 381 8 8 0.017887373
6 352 8 10 0.018009234
214 372 10 13 0.018093545
355 414 10 10 0.018102227
157 368 14 17 0.018104969
419 429 6 10 0.018279841
838 478 10 13 0.01834283
132 347 13 16 0.018355655
161 379 9 12 0.018514408
147 380 12 11 0.01872116
195 417 27 41 0.018730797
596 479 7 8 0.018826935
303 418 18 33 0.018944252
205 372 20 26 0.018967556
268 376 19 31 0.019141307
706 454 6 9 0.019382952
437 397 12 21 0.019440748
999 573 14 19 0.019964578
356 401 9 9 0.020224625
370 418 9 10 0.021109026
7 380 9 11 0.021285241
998 528 7 9 0.021429224
644 449 7 10 0.021926299
220 371 19 27 0.0221222
690 478 7 10 0.02298917
334 393 13 17 0.023054421
275 387 8 11 0.023126943
193 369 14 18 0.023156006
677 494 6 11 0.02329347
695 453 6 8 0.023437724
482 415 11 18 0.023517778
142 376 20 18 0.023701154
435 376 46 53 0.024203988
612 464 6 10 0.024537984
206 393 13 18 0.024743129
565 426 12 19 0.024826024
609 444 12 18 0.025342993
149 304 8 7 0.02536112
264 388 19 31 0.025604181
27 411 23 18 0.0258318
851 481 10 12 0.026120327
76 396 22 18 0.026181137
786 461 7 9 0.02659794
29 363 14 16 0.026821954
439 403 7 11 0.027236471
160 372 10 10 0.02733685
272 383 12 20 0.027473887
726 452 6 8 0.027543321
69 373 10 10 0.027756207
1005 572 12 20 0.029016802
68 381 11 9 0.029668452
594 433 7 10 0.029698083
301 405 18 32 0.030409085
736 466 7 9 0.03060733
316 412 12 21 0.030670358
780 476 13 20 0.030794475
195 380 10 12 0.030923346
640 474 8 11 0.03168529
179 371 10 12 0.03183404
750 489 13 21 0.03190461
261 395 9 12 0.03239076
45 369 14 16 0.032610867
636 464 12 17 0.03268954
818 462 8 10 0.03290263
599 449 6 9 0.03296824
800 454 13 19 0.033111
499 429 6 8 0.033169094
112 367 11 11 0.033356782
435 359 47 52 0.033425525
28 352 14 17 0.0339297
85 376 14 17 0.034354534
563 420 7 10 0.035111763
798 449 13 19 0.035870757
690 460 12 18 0.036410805
32 366 10 11 0.037106626
654 442 13 19 0.038109362
110 364 14 17 0.03924626
221 377 12 13 0.039286945
327 398 7 10 0.040296882
18 351 14 17 0.040404506
49 381 11 10 0.04061083
31 354 10 12 0.040748935
598 463 6 9 0.041819103
674 481 7 10 0.04205183
309 419 11 24 0.042399388
96 380 10 11 0.043065265
3 366 13 19 0.044433486
47 373 11 10 0.045266766
193 377 14 19 0.045806378
754 477 13 22 0.046070058
627 462 13 18 0.04626245
574 426 11 19 0.04633806
201 424 20 22 0.049045008
546 417 6 10 0.04913392
680 462 6 9 0.050803814
17 367 14 16 0.051933378
19 370 10 11 0.052558977
94 377 14 17 0.05674745
803 458 8 12 0.058757592
677 451 6 9 0.05918594
86 379 11 10 0.060183175
629 452 7 9 0.06176059
906 476 8 11 0.06208759
772 461 8 9 0.06313374
20 353 9 11 0.06387241
658 445 7 12 0.06408954
5 370 8 12 0.06458082
259 391 13 20 0.06488045
93 371 14 15 0.06575742
87 374 11 10 0.06822005
639 466 8 12 0.06859251
611 482 6 9 0.0699195
177 368 13 18 0.070982926
547 430 6 10 0.07389692
485 426 6 9 0.07397535
213 370 14 19 0.07487731
518 429 6 9 0.07552589
261 388 9 12 0.07870463
310 412 12 24 0.078740835
760 463 7 9 0.079190746
421 416 6 9 0.07968706
336 395 9 11 0.0807679
499 420 6 8 0.082898684
840 474 19 26 0.08340351
219 371 14 17 0.08633134
134 350 9 9 0.08910172
95 372 11 11 0.090111524
629 475 8 11 0.091578595
769 476 19 22 0.09761938
114 348 14 16 0.108287565
518 416 6 9 0.109750636
259 385 14 18 0.11232044
445 398 12 20 0.115240216
448 404 8 12 0.1215395
471 427 6 9 0.1253345
728 461 6 9 0.14378938
470 422 6 8 0.14905773
708 461 7 8 0.15148738
532 416 6 10 0.15157028
439 415 5 10 0.15442954
533 428 6 10 0.15561527
216 373 19 20 0.16094303
567 429 7 11 0.1610726
693 463 7 10 0.1798305
629 465 8 11 0.18173744
576 429 8 12 0.19457659
452 414 6 10 0.20917583
214 375 14 18 0.22497454
116 349 10 11 0.25219747
612 447 7 10 0.2655006
911 477 13 16 0.27942702
484 420 7 10 0.2915224
835 474 19 21 0.33625394
843 476 20 21 0.47929803
913 479 9 11 0.69770527

