0_Parade_marchingband_1_556
71
519 249 20 28 0.010161669
726 245 23 20 0.010202701
83 253 34 57 0.010364742
574 280 24 17 0.010470238
471 385 39 64 0.010882052
720 234 21 20 0.011569383
565 258 24 17 0.012327992
973 368 40 137 0.012569475
224 298 18 33 0.012656766
573 255 18 31 0.012892516
493 289 22 21 0.013224683
582 402 35 57 0.014371572
524 257 21 19 0.014743069
234 287 23 20 0.015319648
531 326 21 18 0.015324268
744 259 24 19 0.015478857
491 279 22 20 0.01559512
123 244 28 39 0.015641108
432 291 13 22 0.017469538
195 305 20 20 0.017485859
217 291 22 18 0.017827962
455 313 21 29 0.018116457
441 311 21 22 0.018720878
595 283 12 10 0.02056032
741 230 33 53 0.020843444
758 247 25 17 0.021442866
429 311 18 30 0.022250846
200 287 17 34 0.022393454
650 305 19 31 0.023528825
720 225 16 35 0.023694303
210 296 11 11 0.027286476
546 269 19 29 0.027302602
562 250 14 20 0.027438339
283 249 23 18 0.027797595
730 262 22 19 0.02783109
762 260 24 18 0.028606389
276 252 16 34 0.048351094
436 315 11 27 0.055852097
199 300 18 32 0.05978872
762 247 19 29 0.061681334
357 262 19 34 0.068218
749 245 23 19 0.07313414
160 294 19 36 0.07778553
232 280 23 19 0.07796475
591 286 22 19 0.08106848
724 238 13 23 0.08381258
201 302 21 21 0.10073996
447 279 23 21 0.1054915
589 270 20 30 0.113366336
282 263 23 21 0.12108083
204 294 21 20 0.12952727
283 269 21 22 0.1417546
590 281 22 18 0.15228775
142 280 27 45 0.1550513
91 265 18 34 0.16567697
234 286 18 34 0.17802721
290 265 17 33 0.23611078
89 250 26 44 0.37045395
501 282 17 35 0.44924846
285 254 16 35 0.47047386
83 261 18 36 0.5057369
722 233 17 34 0.5236499
558 254 22 20 0.53217554
504 280 21 33 0.5601208
749 238 21 33 0.63782173
452 276 19 33 0.86203116
567 299 36 56 0.86351424
643 251 24 46 0.9023153
350 250 23 44 0.9157111
151 283 28 46 0.9270653
971 254 25 38 0.9436373

