0_Parade_marchingband_1_149
68
807 310 30 15 0.010586225
555 235 19 29 0.010679632
589 224 21 20 0.010968662
343 281 28 15 0.0110917045
588 241 19 28 0.011380224
302 263 25 16 0.011617417
579 379 23 29 0.011730823
286 356 21 21 0.011742951
356 310 23 26 0.011822815
678 288 25 25 0.012032628
270 225 19 27 0.012397159
441 275 25 18 0.012784782
922 133 27 15 0.0130188605
439 264 24 18 0.013269467
534 375 28 38 0.013374596
842 316 20 29 0.013738507
946 280 13 21 0.014161911
430 264 23 18 0.014322766
918 107 26 15 0.014520724
384 277 22 18 0.014606944
254 243 20 27 0.014662367
424 312 24 25 0.015080297
587 318 20 28 0.015633497
648 317 20 30 0.016060064
446 290 21 29 0.018746106
256 281 23 27 0.018858002
267 297 23 18 0.019201294
796 313 20 29 0.022007998
618 376 30 37 0.022677425
340 332 31 34 0.023250846
554 290 21 31 0.02643396
612 284 24 24 0.026891956
237 278 23 26 0.027558358
245 263 26 18 0.044750005
400 227 24 20 0.045463964
239 264 23 18 0.047599584
316 254 21 28 0.047854643
311 265 27 17 0.049427755
723 243 19 29 0.06829858
532 218 18 30 0.08294202
735 347 21 30 0.09086578
304 314 23 28 0.101720825
310 314 26 28 0.1616453
409 224 19 30 0.2152349
217 234 20 29 0.22882472
211 233 19 30 0.25648165
402 221 19 32 0.26149365
783 317 22 30 0.2867188
476 232 18 31 0.2938609
227 316 23 29 0.3237195
391 309 24 28 0.33510756
713 391 22 32 0.33695033
673 316 23 32 0.33730608
629 377 29 36 0.34868702
462 301 23 28 0.37022835
351 237 23 28 0.38259053
283 228 20 31 0.40447953
540 300 23 29 0.42989472
524 381 27 38 0.43032724
537 223 19 32 0.43480334
371 381 30 35 0.43545166
441 373 29 38 0.44467062
603 321 24 29 0.4998427
730 238 21 30 0.52891433
601 238 22 28 0.55583864
282 388 24 31 0.56747925
665 235 22 30 0.5866428
810 239 22 30 0.8143089

