0_Parade_marchingband_1_517
57
564 290 9 13 0.01049673
340 258 13 21 0.010732408
962 262 33 34 0.011373649
447 241 33 37 0.0116952695
522 260 23 18 0.01175202
539 220 30 39 0.012030157
584 283 23 19 0.012117818
553 258 23 17 0.012307265
553 257 20 30 0.012406725
551 300 13 23 0.012506443
376 253 22 21 0.012536229
871 290 24 18 0.012958341
549 360 31 78 0.013161913
333 255 18 34 0.013452205
381 240 22 20 0.014670318
964 281 20 31 0.014949923
585 245 29 14 0.015481981
285 263 19 33 0.017556285
17 387 38 70 0.01784375
831 294 19 32 0.017929709
425 207 24 19 0.019098597
986 277 37 56 0.01932562
826 305 21 20 0.02230654
37 114 43 60 0.022615647
212 176 34 43 0.022745183
556 300 13 22 0.022976214
441 233 46 49 0.023364997
410 228 20 31 0.023454126
577 262 20 32 0.024222156
523 266 22 19 0.024559101
907 225 31 38 0.024564836
507 256 22 20 0.026329855
424 196 21 31 0.02654193
897 246 9 9 0.026588276
18 366 45 110 0.028734533
202 323 21 31 0.035514757
585 274 24 18 0.038107876
911 276 21 33 0.038699992
563 287 13 21 0.039306168
573 288 21 21 0.03954376
517 257 20 32 0.05881846
992 284 27 42 0.07199969
368 247 19 34 0.08280766
555 286 20 33 0.08777175
635 232 31 37 0.10146498
869 288 21 30 0.11100712
865 297 21 20 0.115583636
574 276 27 40 0.13925903
906 255 35 53 0.14550544
395 239 25 20 0.16567177
377 239 28 41 0.21700473
396 234 20 34 0.5177088
50 134 46 56 0.52715224
917 271 30 39 0.7417686
205 165 45 60 0.7426391
702 209 40 57 0.81500006
454 218 40 56 0.9159617

