0_Parade_Parade_0_519
47
11 381 79 202 0.010080042
761 274 29 42 0.010403433
603 264 32 65 0.010604695
170 264 87 125 0.010705296
993 118 11 9 0.011016781
798 284 30 39 0.01185397
753 262 20 36 0.011864837
79 246 27 43 0.012338134
979 224 13 18 0.0126637155
152 264 37 65 0.013304712
1001 212 9 11 0.014041593
1016 193 7 12 0.014556249
790 300 40 58 0.016598236
1009 211 8 13 0.017427038
600 262 26 42 0.017775178
196 105 39 63 0.018217051
655 301 54 73 0.019077932
18 614 34 73 0.01927226
1009 241 10 13 0.019306755
993 238 22 19 0.01945994
605 272 25 46 0.019489478
793 276 39 58 0.019786233
148 256 70 74 0.021378431
620 144 48 46 0.024055125
1007 206 11 23 0.025664799
981 228 8 10 0.026113113
636 299 35 65 0.02707888
755 264 39 60 0.02798093
992 257 22 20 0.029337706
997 223 18 32 0.02967666
14 605 28 87 0.030384544
846 258 83 84 0.03849322
748 251 32 60 0.03952932
281 274 40 59 0.042370655
998 224 10 12 0.045666173
997 252 19 32 0.046027705
179 269 53 59 0.05562332
997 221 14 18 0.06667347
757 261 28 41 0.09778096
1002 237 21 20 0.10419085
122 261 29 39 0.2275663
118 265 37 56 0.35228807
669 301 31 69 0.830643
176 256 69 93 0.8571775
88 248 31 39 0.93776816
425 248 95 118 0.9629281
866 244 89 123 0.9764781

