0_Parade_Parade_0_218
127
942 605 13 16 0.0105312625
1012 554 6 9 0.010588832
952 477 6 7 0.010642274
83 600 8 10 0.010820862
917 635 7 8 0.010860873
69 615 9 12 0.011126031
87 523 5 5 0.01131314
888 605 8 11 0.011370801
51 545 6 6 0.011718368
894 552 13 17 0.011763344
961 448 5 7 0.011791109
3 584 8 11 0.012864384
917 620 8 9 0.012916594
943 611 13 16 0.012970398
915 476 6 8 0.012988524
19 588 8 8 0.013109544
850 495 8 8 0.0133117065
887 617 7 10 0.0133412825
974 602 13 17 0.014526648
845 532 21 29 0.014557822
0 602 12 18 0.014586786
929 633 7 9 0.014749443
1016 529 5 9 0.015215856
9 48 18 34 0.01636478
965 616 9 9 0.01643755
32 604 9 10 0.017185235
872 554 8 9 0.017202342
86 544 5 6 0.017354533
999 570 7 8 0.017632153
130 568 7 8 0.017726956
22 603 9 10 0.017884994
929 461 6 6 0.017980946
146 566 8 10 0.01807465
850 525 15 17 0.018287169
992 595 13 17 0.018307861
50 586 7 7 0.018394655
865 536 14 15 0.018426796
405 169 135 137 0.018631477
103 541 6 6 0.018674394
979 586 7 8 0.018769069
836 500 10 13 0.019176593
977 614 8 10 0.019338805
900 541 6 8 0.019377008
1011 573 7 9 0.019697893
3 616 9 13 0.019845298
864 526 9 10 0.020618683
718 328 47 48 0.020756219
72 588 7 7 0.020880152
68 610 12 20 0.02112601
141 555 13 17 0.021836903
71 606 8 9 0.022611732
888 568 8 11 0.023541372
835 492 13 18 0.023940349
103 524 7 7 0.024151249
853 528 10 10 0.024653707
69 572 6 6 0.024978532
835 497 13 18 0.025826268
1013 533 11 19 0.025834674
917 573 6 7 0.028803697
994 592 8 10 0.029543307
1 613 12 20 0.030358424
998 540 6 7 0.031517692
116 544 6 7 0.031843998
850 504 8 9 0.0326054
84 571 6 6 0.03569249
927 619 13 15 0.036048733
5 553 7 10 0.03611037
116 586 8 10 0.037175193
897 615 8 11 0.03767742
960 587 7 8 0.03812891
918 586 7 9 0.04150958
966 606 8 9 0.043169852
2 605 8 11 0.044987034
838 495 8 11 0.04579346
900 602 8 10 0.046542525
982 554 6 7 0.04710656
932 572 6 7 0.04818707
104 587 7 9 0.049120862
897 573 8 9 0.050907496
35 586 8 8 0.052651543
19 568 7 8 0.05320084
931 586 6 8 0.05374052
963 571 6 6 0.05385867
902 589 7 9 0.055453666
933 602 7 9 0.056021456
853 534 12 11 0.057016984
994 598 9 11 0.057822093
54 555 6 6 0.061024427
37 571 7 7 0.061524335
931 543 5 7 0.06190054
144 558 9 11 0.062058035
881 541 8 8 0.06447757
131 556 7 8 0.06643638
88 555 5 6 0.06883471
116 556 6 7 0.07226576
69 557 6 6 0.07512159
4 571 7 10 0.07730842
52 572 6 7 0.079879075
944 608 9 10 0.08463685
982 540 6 6 0.085042745
39 559 7 8 0.089424215
83 589 8 9 0.09077144
869 540 9 9 0.09184918
950 586 7 9 0.093034565
102 569 6 7 0.09808721
849 531 20 18 0.09810527
977 605 9 10 0.09992618
948 573 5 7 0.10670116
919 545 6 9 0.10928889
101 559 6 6 0.10982021
967 544 5 8 0.11457151
116 571 7 7 0.1158008
886 553 8 9 0.1217904
1008 598 12 18 0.13051616
1010 601 9 13 0.13487121
945 613 10 10 0.14730087
931 557 6 8 0.14942715
950 555 6 7 0.15689926
870 495 7 9 0.16181001
919 550 7 9 0.16468044
996 555 7 8 0.16534497
898 555 7 9 0.1676652
947 541 6 7 0.19115333
929 621 9 11 0.26141253
964 553 5 8 0.26247057
1016 536 6 10 0.29717273
738 385 34 40 0.73179865

