0_Parade_Parade_0_120
288
72 307 8 10 0.010009521
643 376 13 20 0.010202615
642 369 13 20 0.010233136
985 286 24 18 0.010251794
65 333 20 28 0.010364033
1 345 11 26 0.010477833
3 296 11 23 0.010551838
357 279 5 6 0.0106301205
916 319 8 13 0.010886034
958 235 21 20 0.011034085
270 349 14 16 0.011064718
906 328 19 30 0.011096502
435 333 12 10 0.01111144
437 325 10 10 0.011192397
388 289 6 6 0.011257556
4 330 26 42 0.011337252
430 314 19 26 0.011429583
414 315 14 17 0.01163278
811 310 19 28 0.0117940875
595 318 13 17 0.01182115
70 320 8 9 0.011902061
858 350 22 19 0.011950903
578 288 5 8 0.01199233
292 241 6 6 0.012009376
165 338 19 28 0.012196121
150 310 7 8 0.012304505
882 307 9 8 0.012360967
662 288 7 6 0.012472192
240 337 9 11 0.012514018
149 316 9 9 0.012591723
373 262 7 6 0.012721307
387 279 6 7 0.0129155535
221 361 22 19 0.012918169
449 293 7 6 0.012922626
693 309 8 8 0.01303496
321 342 9 8 0.013094975
357 325 7 7 0.013146827
663 329 15 16 0.013279909
612 334 9 9 0.0133623695
230 356 8 10 0.013408781
926 306 13 19 0.01350067
139 313 23 17 0.013545
438 293 8 6 0.01356869
737 314 13 17 0.01388284
236 384 20 22 0.014247592
263 344 19 28 0.014274169
515 323 8 8 0.014321284
4 362 11 29 0.014353887
774 355 13 16 0.0144969905
83 322 7 8 0.01460877
787 338 8 8 0.014817129
736 335 8 10 0.014884966
662 323 15 18 0.014900421
247 238 6 8 0.014925723
1 373 8 35 0.014969569
432 328 22 17 0.015210904
233 347 21 20 0.0152872205
863 333 21 19 0.015323065
707 353 11 10 0.015632117
334 318 10 12 0.01565818
365 352 14 17 0.015674284
771 363 13 18 0.01598794
637 319 10 12 0.016228834
326 303 13 19 0.016266715
342 278 6 6 0.016688779
111 263 8 9 0.016754543
198 320 8 8 0.017098472
357 353 7 9 0.017158374
720 317 15 15 0.017170118
263 276 6 6 0.017271558
45 323 23 18 0.01733619
336 304 8 8 0.017407877
404 356 9 8 0.017422099
6 308 16 33 0.017437337
350 334 14 16 0.017743187
692 354 10 10 0.017856456
617 290 6 8 0.018185759
237 322 14 18 0.018248083
416 338 11 10 0.018287648
368 400 8 11 0.018333968
487 356 25 16 0.018403873
526 317 23 17 0.018656796
388 353 8 9 0.01871576
886 324 10 10 0.018840132
326 277 6 6 0.018870208
402 323 14 17 0.019164039
835 305 14 17 0.019187415
14 332 22 19 0.019235421
258 339 14 17 0.019454883
2 332 11 24 0.01949508
741 307 14 17 0.019546768
488 303 29 34 0.01957229
326 317 13 13 0.019621683
272 352 10 11 0.019692428
738 291 6 7 0.019920725
844 362 21 21 0.01997799
799 318 14 17 0.020004489
565 291 5 7 0.02001596
852 319 11 10 0.020023363
9 363 21 23 0.020648632
855 278 6 6 0.020837335
551 313 20 27 0.02084055
190 348 22 18 0.020931382
599 311 7 7 0.02118813
535 311 8 8 0.021378413
296 259 6 6 0.021548184
81 308 6 9 0.021562722
308 369 9 9 0.021584868
580 310 6 8 0.021652121
800 346 14 17 0.021716932
607 321 13 16 0.021817219
817 338 9 11 0.021836841
343 354 8 9 0.021859061
225 336 21 20 0.021955073
418 304 14 17 0.022219988
313 291 7 8 0.02228895
868 322 9 10 0.02241753
433 302 15 16 0.02259177
720 363 13 18 0.022592954
579 334 8 8 0.022659868
857 358 21 31 0.02316013
403 306 8 8 0.023433952
759 394 22 19 0.023623357
830 347 22 19 0.023933757
241 324 8 11 0.024312764
706 291 6 6 0.024330508
358 291 6 6 0.024507163
354 307 8 8 0.024864744
539 332 24 19 0.024976367
290 348 12 10 0.025043122
673 316 20 28 0.025164053
237 393 20 22 0.025469398
473 338 23 16 0.025490887
831 320 10 11 0.025664125
284 427 22 19 0.025668835
371 327 8 9 0.025834631
925 314 20 22 0.02596587
479 341 11 9 0.02599279
765 317 14 17 0.026101746
203 346 20 31 0.026239797
169 336 23 16 0.026318595
416 319 10 9 0.0264938
880 322 21 18 0.026686076
843 353 28 41 0.027095726
883 290 7 8 0.027390301
26 487 36 61 0.02794087
564 308 6 8 0.028213698
824 276 6 6 0.02823642
532 320 9 8 0.02832334
448 316 18 26 0.028516158
814 334 14 18 0.029529566
902 303 12 19 0.029595248
634 316 14 17 0.030026054
772 367 9 10 0.030120557
755 313 13 17 0.030120766
725 295 6 6 0.030342784
261 342 9 10 0.030685443
782 353 14 16 0.030867765
676 285 7 8 0.031045996
327 304 8 9 0.031049434
204 352 23 20 0.031603865
696 292 6 7 0.032084104
548 307 7 8 0.032265335
872 338 21 30 0.032517273
227 359 19 32 0.033290587
164 332 15 15 0.034344565
544 334 21 29 0.034370176
193 340 9 8 0.03487067
370 293 6 6 0.035000794
405 324 9 10 0.035285484
320 355 9 9 0.036093056
386 326 8 8 0.036741264
811 334 19 30 0.03681952
912 307 9 12 0.037424143
260 354 10 11 0.039206807
844 308 20 29 0.03942556
232 333 20 21 0.039645772
707 309 8 8 0.04043802
640 303 8 11 0.041073028
803 336 14 18 0.041400634
7 334 17 35 0.041459147
842 334 22 20 0.041661277
284 344 22 17 0.04198918
846 315 22 19 0.044200767
641 294 7 8 0.044284612
725 340 10 9 0.044376295
542 319 21 18 0.04448185
966 316 29 41 0.044714306
327 295 8 9 0.046089403
805 310 7 8 0.046677515
615 307 7 9 0.049555335
803 350 9 10 0.049612153
722 366 10 12 0.04978344
254 349 21 19 0.05118648
829 336 22 19 0.052571125
837 294 7 7 0.05280168
667 328 15 17 0.05289856
861 302 14 17 0.053160597
625 290 6 9 0.054300923
833 274 6 6 0.054667227
336 294 7 7 0.054692615
903 306 8 11 0.055114757
627 303 8 9 0.05677288
227 344 20 31 0.05765807
854 292 7 7 0.05998701
805 340 9 10 0.06052504
814 300 14 17 0.06071209
223 350 20 20 0.0609647
345 343 8 8 0.061730515
776 358 9 10 0.06224027
580 323 7 9 0.06255603
368 332 13 17 0.062863454
177 338 10 9 0.06409482
299 334 15 15 0.067395486
748 308 14 16 0.067509644
805 260 6 6 0.06947656
369 356 8 9 0.07093347
548 322 9 9 0.07214763
824 317 21 20 0.07296472
818 296 8 8 0.0756431
910 315 20 21 0.07578127
787 309 7 7 0.075916916
898 319 9 13 0.0760164
837 307 9 9 0.07612902
822 320 10 11 0.07795077
272 336 14 16 0.078564815
910 305 13 19 0.079326145
26 373 21 31 0.08052515
991 231 19 31 0.08133632
875 330 21 19 0.0821053
785 356 9 10 0.084702104
802 321 9 9 0.084941804
789 323 7 8 0.085777886
435 304 10 9 0.08838389
398 335 12 11 0.09032083
722 305 8 7 0.09101805
820 317 14 18 0.09211079
277 275 6 7 0.09331724
435 321 21 19 0.0934995
274 338 10 11 0.09426485
629 320 11 12 0.09463586
997 331 16 36 0.09697592
896 316 13 19 0.09840841
865 305 9 10 0.098988645
206 357 20 32 0.0998664
835 336 19 32 0.10038815
420 307 9 10 0.1021037
847 304 21 18 0.10334022
757 317 9 10 0.1046086
290 341 12 11 0.10885795
165 334 11 9 0.11451038
694 318 15 16 0.11487077
6 363 17 37 0.11776011
743 311 8 9 0.1189614
47 329 22 20 0.12036839
390 335 12 11 0.12157961
390 332 14 17 0.12210839
303 335 10 11 0.122552104
769 321 8 9 0.12266268
866 292 7 7 0.12325765
609 325 8 9 0.12528476
773 309 6 7 0.12549177
597 322 8 10 0.13121615
107 307 35 37 0.13227615
739 318 9 9 0.13804342
696 317 21 18 0.14138758
703 321 11 10 0.14398803
629 275 6 7 0.15414219
752 310 9 10 0.1562041
724 319 9 10 0.16620897
852 307 10 10 0.16698973
563 321 9 12 0.18091004
353 337 8 9 0.18769369
817 303 9 10 0.18770686
678 279 6 8 0.19322272
663 324 23 19 0.20183384
370 335 9 10 0.202913
285 339 21 17 0.22376472
392 331 21 18 0.26262683
560 318 14 18 0.2647656
627 317 15 18 0.3560384
523 328 31 38 0.39710018
325 312 19 21 0.466748
488 315 25 19 0.48286217
957 299 35 58 0.55650455
45 324 20 30 0.56198144
440 323 22 20 0.63760704
108 298 44 52 0.8501739

