0_Parade_marchingband_1_746
113
882 188 8 12 0.01028351
915 211 9 12 0.010351476
942 207 14 16 0.010484035
843 329 31 82 0.01072327
955 220 23 17 0.0109879635
896 171 12 19 0.01125161
31 194 38 67 0.011437198
405 98 6 6 0.011570097
904 214 19 29 0.012138625
1006 184 13 17 0.012242718
873 176 7 11 0.012837834
897 208 9 13 0.012950812
676 175 7 9 0.013176214
585 84 31 54 0.013176401
621 105 31 51 0.01339043
1005 138 12 17 0.013540121
918 176 9 11 0.013651172
905 195 19 31 0.013907728
916 135 6 9 0.014232418
600 89 34 52 0.014387446
948 190 10 10 0.014820805
359 100 7 9 0.015304443
417 99 7 8 0.0153464805
869 217 13 22 0.015656136
929 208 14 16 0.016144456
448 97 20 20 0.016250934
775 104 21 30 0.016477963
913 220 20 19 0.01667918
934 137 12 18 0.016948327
953 159 9 13 0.017145608
463 100 10 10 0.017292662
1009 187 10 12 0.017310929
883 224 13 22 0.017365344
573 110 20 22 0.017481452
20 101 33 59 0.017615452
945 209 10 11 0.017716423
865 205 10 14 0.018735753
912 208 14 18 0.019401137
959 179 19 18 0.020014685
920 222 23 18 0.020032212
863 198 19 29 0.020092826
872 161 6 9 0.021156896
899 175 8 11 0.021491222
1004 129 12 18 0.02159117
962 146 8 11 0.021606062
895 205 13 20 0.022965197
769 41 21 34 0.02300466
977 143 9 11 0.02329489
898 161 7 10 0.023978965
884 230 13 23 0.023999685
924 160 13 17 0.02486886
973 172 14 16 0.025119059
933 211 9 10 0.026635842
1007 132 8 12 0.02670472
943 133 9 13 0.027039273
875 220 18 32 0.028656915
170 73 21 22 0.029802943
972 222 24 17 0.029892556
856 200 12 20 0.031082833
1008 140 9 12 0.032398902
300 80 25 21 0.033172093
887 161 6 8 0.034143895
879 175 13 19 0.038166534
935 127 12 19 0.0394793
825 98 20 36 0.03950037
927 162 9 12 0.039821934
887 148 5 7 0.04001714
916 159 12 18 0.043257486
975 164 10 13 0.04350865
1007 180 10 12 0.046110447
30 112 18 35 0.056987237
976 174 10 11 0.057149608
935 141 8 11 0.057172637
936 130 8 12 0.057604153
949 179 13 16 0.059585832
966 181 10 13 0.070004135
456 98 22 19 0.07013152
917 142 7 9 0.07067739
999 178 14 16 0.07147448
950 181 10 12 0.08668177
882 179 8 11 0.09097963
942 136 12 18 0.09449521
1000 133 10 13 0.094954975
862 202 13 20 0.095412664
945 139 9 13 0.102235585
902 145 5 7 0.102632076
929 184 11 14 0.10885347
918 162 8 11 0.11596394
455 103 22 20 0.1273385
1004 177 14 17 0.14860542
940 131 13 18 0.15244061
1000 137 10 13 0.15431604
153 80 20 36 0.1787033
15 97 25 43 0.18324247
926 180 13 17 0.19380324
963 184 14 16 0.23487088
1006 160 13 18 0.2353107
957 157 13 18 0.28790948
457 98 17 33 0.37827083
23 101 25 41 0.4280745
592 91 20 34 0.45456436
605 94 20 35 0.52769214
367 87 27 42 0.692657
171 66 19 39 0.7669691
374 90 26 39 0.84673816
813 92 30 40 0.8835774
767 45 27 41 0.89618766
628 109 26 37 0.89750475
299 72 20 36 0.90288055
430 82 20 36 0.91655755
143 78 28 43 0.956306
548 89 28 44 0.96542716
745 83 27 41 0.9729768

