0_Parade_marchingband_1_765
368
817 235 9 14 0.010088724
306 179 8 12 0.0100911055
207 347 13 18 0.010138175
684 358 22 18 0.010143268
562 271 10 14 0.010151923
623 330 13 18 0.010254249
482 243 9 14 0.010455762
939 312 13 19 0.010663251
656 350 14 18 0.0107183885
572 233 11 17 0.010783784
418 126 11 9 0.010810379
568 171 12 18 0.010940211
289 269 12 18 0.010974276
596 163 12 17 0.011032882
769 156 11 18 0.011061702
360 231 10 17 0.011088535
706 146 8 9 0.011124713
958 368 26 15 0.011212442
573 143 14 17 0.011220697
593 299 11 20 0.011272832
768 187 7 13 0.011315574
312 243 9 15 0.011370245
256 360 16 32 0.011491612
770 331 13 18 0.01150886
645 228 10 13 0.011534742
816 225 9 14 0.011576631
272 171 8 12 0.011601894
546 378 24 16 0.011695716
766 293 19 20 0.011713085
465 203 12 17 0.011751642
872 244 11 15 0.01183442
453 161 6 8 0.011853935
352 160 8 11 0.011924413
295 178 7 11 0.01195978
813 359 13 19 0.012010349
341 110 11 11 0.01210493
576 147 10 11 0.012302948
451 145 8 10 0.012527136
520 226 9 14 0.012616084
772 125 12 19 0.012881913
415 150 10 9 0.012897682
743 237 9 14 0.012912266
834 252 12 19 0.012990534
544 291 13 16 0.013089436
605 189 12 17 0.013093908
368 330 13 19 0.013147712
700 328 13 20 0.013341677
199 221 11 16 0.013376628
363 374 23 18 0.01344541
386 191 9 11 0.013503858
532 347 20 19 0.013512958
462 172 12 17 0.013550499
438 211 9 13 0.013560669
499 226 9 12 0.013636541
597 209 9 12 0.013653765
367 158 12 17 0.013759374
798 298 13 18 0.013844339
455 172 12 17 0.014063812
625 175 13 16 0.014143747
289 155 8 13 0.014295708
428 297 12 18 0.014335764
620 289 12 19 0.014576639
508 234 12 16 0.014597605
647 315 13 19 0.014599142
628 322 13 18 0.014654095
263 208 8 12 0.014725521
236 200 11 20 0.014737805
592 289 11 20 0.0147828795
279 195 8 12 0.015281207
536 249 17 22 0.015456724
258 223 8 13 0.015490372
290 194 8 11 0.015499704
723 255 12 17 0.015544457
594 225 8 13 0.015587877
674 152 8 8 0.015645081
609 219 11 14 0.015677307
375 208 10 14 0.015679067
540 251 11 17 0.015701624
464 241 9 13 0.015759423
136 280 12 19 0.015785228
627 148 11 13 0.015951866
137 278 19 21 0.016087176
599 186 12 18 0.0163026
723 237 9 13 0.016434474
418 304 13 19 0.01667653
136 273 13 20 0.016811557
484 159 14 16 0.016895514
341 159 8 11 0.017021773
253 338 20 19 0.017202899
789 154 12 18 0.017259682
520 146 8 10 0.017382145
368 179 9 11 0.017469801
277 224 7 11 0.017484523
106 309 16 29 0.017514767
322 149 7 11 0.017595988
596 169 12 19 0.017657569
737 224 8 13 0.017851999
478 335 13 20 0.01791149
738 159 12 16 0.017956033
596 234 12 19 0.018133374
567 195 8 13 0.018175693
877 248 9 17 0.018190637
168 264 12 20 0.018212976
855 352 14 20 0.01824581
773 175 7 12 0.018414116
819 353 13 19 0.018437326
408 224 10 14 0.019111792
280 237 8 13 0.019167813
741 202 11 19 0.019204732
836 348 12 19 0.019233808
802 205 8 15 0.019298848
408 150 9 10 0.019451322
246 369 15 19 0.020099202
434 160 12 16 0.020342529
802 190 8 12 0.020507745
687 235 9 14 0.020727012
504 176 8 11 0.020876767
785 205 8 13 0.021034563
436 223 9 12 0.021046864
279 144 13 19 0.021256408
449 196 8 10 0.021322515
92 322 14 21 0.021378713
766 231 9 16 0.021387404
336 211 9 14 0.02139327
758 235 9 14 0.021868682
365 230 11 18 0.022113891
537 191 9 13 0.02220841
483 148 8 9 0.022585237
332 364 14 20 0.022710739
784 145 12 17 0.022714138
432 370 14 21 0.022849193
848 264 12 19 0.022979228
751 205 9 14 0.023009533
574 201 9 15 0.023097096
272 271 9 15 0.023204861
527 227 9 13 0.023220988
785 174 8 13 0.023452396
494 161 9 11 0.023832478
823 182 12 19 0.024310423
307 158 8 13 0.024422245
753 157 8 12 0.024773726
726 307 12 19 0.025221292
568 161 7 10 0.025837086
319 204 8 13 0.025900235
761 227 9 15 0.025933081
344 192 8 14 0.026093654
313 367 21 21 0.026232697
291 223 12 18 0.026524786
533 295 13 17 0.026592435
533 161 7 10 0.026785672
875 243 12 17 0.027347106
651 265 12 19 0.027373018
527 234 10 15 0.02743031
626 146 13 17 0.027437022
242 267 12 20 0.027548086
934 314 13 20 0.028029423
173 262 12 20 0.028117713
579 195 8 12 0.02814417
900 380 19 21 0.028519925
406 203 9 14 0.02966821
516 166 8 11 0.029993713
169 257 12 19 0.031139402
785 192 8 13 0.03126987
324 157 8 11 0.03140307
309 126 12 19 0.031571906
529 291 13 17 0.032606047
700 321 13 18 0.03270925
413 215 12 16 0.032847885
306 191 8 11 0.033882786
811 318 13 20 0.03586596
478 282 13 19 0.036650565
641 205 9 13 0.03674404
482 175 8 9 0.037003923
578 160 7 10 0.03751271
774 144 8 11 0.037790533
310 129 9 13 0.037971977
434 187 8 13 0.038066603
303 143 8 12 0.0381037
497 189 8 12 0.038305607
315 248 12 19 0.038439278
469 198 8 11 0.038798112
278 207 7 12 0.039109774
710 209 8 12 0.039147332
321 237 8 15 0.039493434
749 251 10 17 0.039580252
392 176 9 12 0.04019732
850 368 15 21 0.040585257
848 256 12 18 0.040635698
466 220 9 13 0.04129461
608 208 12 17 0.041568603
675 243 10 15 0.04181811
402 159 9 10 0.04325117
545 176 9 11 0.043505434
735 180 8 12 0.04389949
369 189 9 13 0.044667233
738 192 8 11 0.044680085
360 226 12 18 0.04493898
535 209 9 14 0.045507357
480 216 10 15 0.046254873
671 208 9 14 0.046321858
288 145 13 18 0.047509857
275 162 9 13 0.047689702
291 146 9 13 0.047725435
291 208 8 11 0.048605297
973 363 21 28 0.048782602
345 148 8 12 0.04885543
293 224 8 13 0.049332634
647 191 9 12 0.049453147
783 318 13 19 0.04963777
644 174 7 11 0.05054978
660 177 7 10 0.05074622
612 176 7 11 0.050773542
418 159 8 10 0.05084083
587 311 12 21 0.051070612
628 154 8 12 0.051954642
472 160 7 10 0.051978923
706 175 7 10 0.05268923
641 164 7 9 0.052967574
709 270 13 17 0.053294398
151 379 20 20 0.054842375
721 192 8 11 0.05612895
432 177 8 11 0.057569902
568 234 10 15 0.05765115
782 219 9 15 0.059183683
742 204 9 14 0.060396675
510 201 9 15 0.060563605
329 222 9 15 0.061675977
598 172 7 12 0.06244655
262 174 8 14 0.0627084
421 174 8 11 0.063105755
607 190 9 12 0.06355462
723 217 10 13 0.063795574
541 296 14 17 0.06385031
455 286 14 19 0.06495501
760 147 7 11 0.06513091
968 367 28 18 0.06591395
706 228 9 14 0.06700227
260 171 12 19 0.06704404
334 172 9 13 0.0676766
720 154 7 12 0.07018991
768 226 9 15 0.07174233
273 158 12 19 0.07269776
352 180 9 13 0.07327569
771 158 7 13 0.074121736
648 315 21 20 0.07513574
479 213 10 13 0.07536273
822 178 12 19 0.07651675
678 190 8 11 0.07818153
791 156 8 12 0.078230545
692 351 14 20 0.07841478
719 150 9 12 0.07865923
705 231 11 16 0.07891322
615 294 12 19 0.07912096
601 188 8 13 0.07933043
305 372 20 21 0.0801194
620 346 20 20 0.080545805
690 166 7 8 0.0845314
744 250 12 18 0.08455847
710 192 7 11 0.08475716
767 349 13 19 0.084999196
629 198 10 12 0.08729021
459 287 14 19 0.087481245
504 205 10 13 0.08794061
535 250 13 18 0.08826628
466 204 9 12 0.08890968
443 233 12 17 0.090605125
610 209 9 13 0.091029555
598 165 8 12 0.09147082
503 234 11 15 0.09197705
768 290 13 19 0.092091165
726 178 8 12 0.09303421
677 180 8 10 0.09321787
465 174 8 12 0.09426849
691 196 8 12 0.094279766
543 209 10 15 0.09492641
575 173 8 12 0.09512626
641 234 11 14 0.09618876
724 212 9 14 0.09717526
662 379 22 19 0.09740941
727 311 13 18 0.0974496
774 128 8 12 0.0975341
786 146 8 13 0.09993545
352 342 14 21 0.099984184
674 246 12 17 0.10026544
173 257 12 19 0.100569494
353 185 9 14 0.10066693
872 248 12 18 0.10080919
364 227 13 17 0.10093584
569 172 9 14 0.102691315
369 160 9 12 0.10337905
693 201 9 13 0.10358004
859 353 14 20 0.105872676
287 234 9 15 0.108825415
415 212 10 14 0.11037953
385 204 10 14 0.11128565
333 217 10 15 0.112811364
254 344 21 18 0.1133859
629 201 10 13 0.11399882
449 203 10 14 0.114584334
904 381 21 22 0.11517161
231 198 12 20 0.11525166
567 202 10 14 0.11608168
329 171 9 14 0.116197295
664 211 10 14 0.116222076
464 147 8 11 0.1163422
628 177 8 12 0.11638425
646 266 13 19 0.1168917
486 162 9 11 0.117942534
689 295 13 18 0.118910626
843 373 20 20 0.120836765
310 204 9 14 0.12257356
583 312 13 19 0.12283668
245 186 12 21 0.12361781
690 178 7 10 0.12533931
501 312 14 20 0.12571265
577 267 12 18 0.12674196
723 382 21 20 0.12684779
486 190 9 12 0.12786645
739 160 9 13 0.12900831
405 309 14 20 0.12911583
783 381 20 20 0.13029389
536 347 21 21 0.13063043
801 251 12 18 0.13107464
368 368 19 22 0.131106
759 188 9 14 0.13183635
451 340 18 23 0.13224952
716 269 13 18 0.13262598
140 274 14 19 0.1333684
542 186 10 14 0.13380522
87 325 22 21 0.13417032
708 162 7 10 0.13544519
400 172 9 14 0.13690823
427 373 20 21 0.13738146
848 223 13 18 0.13818626
421 191 10 13 0.13833301
194 373 20 20 0.13872601
805 321 15 19 0.14065537
203 219 13 20 0.14241627
492 368 21 21 0.14251313
312 247 11 19 0.14397463
246 370 23 20 0.14435747
677 157 7 9 0.146724
457 174 8 12 0.14760308
834 296 13 18 0.15300532
512 170 10 13 0.15380782
552 378 22 20 0.1570993
659 164 7 11 0.16414298
466 249 13 17 0.17111693
340 264 12 19 0.17313792
549 164 9 12 0.18280613
436 162 8 12 0.18303426
655 188 9 13 0.18563272
420 268 14 18 0.18806161
609 380 20 21 0.18932356
605 241 14 19 0.19487812
253 267 12 19 0.19493318
785 273 13 18 0.19828443
804 157 10 14 0.20434523
368 288 13 21 0.22033912
500 263 14 18 0.2234342
397 241 13 18 0.22507021
225 316 14 20 0.23494242
833 202 13 20 0.23741189
893 267 12 19 0.24884075
315 304 20 21 0.26003653
286 289 14 18 0.2666413
112 299 19 21 0.27671322
913 290 14 19 0.31021217

