0_Parade_marchingband_1_20
167
815 352 10 9 0.010005103
391 363 19 21 0.01002673
216 412 23 18 0.010030394
350 368 10 14 0.010190525
612 385 10 11 0.0102317305
278 266 12 18 0.0102478955
214 419 9 10 0.010268137
219 403 25 16 0.01045154
479 336 22 18 0.010467989
286 261 14 16 0.010657989
125 373 19 19 0.010720371
432 387 11 10 0.0108849155
115 384 9 12 0.010954219
577 368 22 18 0.010985529
449 339 39 50 0.011023189
28 409 20 23 0.011115317
828 377 24 50 0.011405638
861 274 31 42 0.01164065
423 396 22 19 0.011677772
559 330 21 20 0.012223357
583 355 8 9 0.012490317
291 267 13 17 0.012531861
528 355 7 8 0.01255632
722 344 18 27 0.012559472
610 355 18 29 0.012606281
548 371 21 31 0.012769234
806 343 10 10 0.012924311
779 384 22 17 0.012977341
462 332 10 12 0.012987484
360 383 20 28 0.013010267
670 384 11 10 0.013605231
735 351 10 13 0.013812249
982 326 35 71 0.014059627
485 339 9 10 0.014224071
656 361 9 10 0.014543306
799 341 23 16 0.014572873
634 394 15 18 0.014970919
741 339 9 11 0.015343909
488 506 23 18 0.01547218
453 334 11 11 0.015827606
593 372 11 10 0.015981296
389 367 10 15 0.016500026
691 368 11 11 0.016528409
330 365 18 30 0.017514948
234 352 21 20 0.017636638
702 368 14 17 0.017776443
786 387 9 10 0.018333161
607 381 22 18 0.018436903
824 366 34 67 0.018615084
516 356 7 9 0.018936357
44 371 23 18 0.019896036
426 385 22 17 0.020591142
373 390 10 12 0.021023132
700 400 21 19 0.02161708
643 384 12 9 0.021640113
96 370 9 13 0.022049105
237 371 13 21 0.02212822
755 353 14 17 0.022444464
773 353 19 28 0.022521395
687 356 10 12 0.022764336
586 378 24 17 0.02316299
258 336 13 19 0.023914495
337 382 12 14 0.023974277
462 327 10 12 0.024380669
473 367 24 19 0.024667315
260 339 9 11 0.02564941
619 385 21 19 0.026348831
952 357 44 118 0.026925987
371 387 14 18 0.027478501
244 337 8 9 0.02757536
705 371 10 10 0.02812717
337 371 19 21 0.028238831
807 349 23 18 0.028665677
514 372 8 9 0.028889628
279 264 8 11 0.029068712
249 379 24 20 0.029163884
800 367 11 10 0.029431377
86 369 9 13 0.030190794
43 379 22 20 0.030204318
303 271 13 16 0.032216646
261 311 8 11 0.032497108
491 370 22 19 0.032652073
720 372 10 9 0.03330213
348 366 12 19 0.03367673
231 378 14 18 0.033731893
87 393 21 22 0.03412217
679 357 10 12 0.034349956
641 356 9 10 0.035184182
727 351 12 12 0.035701215
455 329 21 19 0.03577585
593 354 14 17 0.03606475
84 392 14 22 0.037569392
289 264 9 11 0.039893184
777 363 22 17 0.040675107
732 341 18 28 0.041004766
93 382 19 21 0.041061506
452 332 14 19 0.041407228
418 398 21 19 0.041855287
784 367 10 11 0.042979266
463 345 42 49 0.043567047
395 350 12 21 0.044129133
42 394 17 34 0.046308305
459 325 14 17 0.04654082
615 355 14 17 0.04686737
454 325 14 17 0.046871357
803 358 11 10 0.047339942
641 371 15 17 0.047874138
758 356 9 11 0.048184518
93 368 13 19 0.0483818
793 362 24 17 0.05039248
255 356 29 39 0.051676884
614 367 14 17 0.05554466
620 366 14 17 0.060041387
545 320 34 35 0.06302161
624 370 9 11 0.06429808
617 358 9 11 0.06536386
781 357 11 11 0.06622913
293 269 9 11 0.06711303
673 364 14 17 0.0700071
661 388 11 10 0.070061
675 368 10 11 0.07289689
390 350 13 23 0.073451
774 357 11 12 0.07599144
590 351 19 31 0.07646433
643 374 10 10 0.077806585
616 371 9 10 0.079620674
460 364 24 19 0.08090863
450 326 21 29 0.08184539
855 264 44 57 0.08385104
596 357 9 9 0.08443296
637 382 22 18 0.08868142
707 382 15 17 0.094218895
655 384 21 17 0.094888724
84 366 13 20 0.09569724
368 396 13 17 0.10009274
657 366 14 16 0.10121366
232 361 19 31 0.104535446
774 361 14 17 0.11143053
280 269 7 11 0.12676543
387 359 19 28 0.12814246
305 273 10 11 0.13644408
735 337 19 21 0.14076486
775 355 21 18 0.14444087
469 351 32 36 0.14657462
624 356 10 12 0.16360357
798 354 22 18 0.1649106
621 354 14 17 0.16613205
659 368 11 11 0.16767299
92 383 17 31 0.17046997
233 376 21 20 0.18576737
803 347 21 31 0.18974406
678 354 14 19 0.1928434
624 384 18 30 0.19598487
773 356 15 17 0.24626553
129 376 12 18 0.2531761
680 352 20 20 0.28227028
586 368 21 21 0.28660226
458 348 22 29 0.31633434
727 346 21 21 0.35531405
625 395 22 20 0.37559548
251 369 31 35 0.38577437
445 345 19 22 0.42389905
387 364 14 21 0.4536467
333 378 19 21 0.4936451
82 385 18 32 0.522688
546 357 31 41 0.54268974
33 402 19 36 0.7686466

