0_Parade_marchingband_1_869
33
602 250 28 41 0.010932161
193 457 43 66 0.011011467
863 350 46 55 0.012919883
1015 417 9 30 0.01329375
1006 416 16 73 0.013551028
603 269 28 45 0.014096843
378 267 28 43 0.014675882
858 397 41 57 0.0150628975
986 436 35 136 0.015249882
261 205 29 45 0.016783359
468 316 48 109 0.017730493
453 270 38 59 0.018785622
381 288 36 70 0.021271646
597 284 38 65 0.026082922
126 260 40 61 0.026188785
280 200 61 75 0.031022364
372 260 38 62 0.03366538
597 262 36 63 0.04055058
579 261 37 64 0.042213153
977 397 12 22 0.044397432
183 451 51 97 0.048068106
881 348 45 56 0.04906425
281 195 42 65 0.052566625
1001 431 21 100 0.07437298
474 260 37 61 0.07777621
875 346 34 39 0.08806539
71 197 45 65 0.093144104
259 195 39 63 0.10291128
75 187 58 77 0.5057821
526 201 42 72 0.61402655
302 198 57 77 0.6341142
879 337 41 54 0.77548003
708 319 33 63 0.92599756

