0_Parade_Parade_0_53
110
999 236 14 43 0.010651973
417 232 7 9 0.010728045
516 181 6 8 0.010815801
609 278 6 10 0.0111386925
610 229 13 18 0.011167317
515 172 7 8 0.011189811
547 250 6 4 0.011469375
993 191 30 71 0.011592236
999 200 21 54 0.01162799
1003 207 14 42 0.01167661
582 249 6 5 0.0117828995
547 217 6 6 0.012243853
647 276 7 8 0.01251271
864 230 9 8 0.012695676
674 220 6 6 0.013115135
457 212 11 19 0.013268567
992 242 13 17 0.013296208
624 229 7 10 0.013485323
608 265 6 8 0.013531709
770 220 6 7 0.0135648735
482 219 8 10 0.014313055
400 187 20 29 0.0144627355
356 229 8 7 0.014543081
726 248 6 5 0.014703129
982 240 14 17 0.014811075
341 231 9 9 0.015198181
693 264 6 5 0.015302725
395 194 20 21 0.015763825
334 229 21 18 0.015844038
650 249 6 8 0.015946748
983 210 13 18 0.017320551
0 259 6 14 0.01776315
402 201 6 9 0.018014982
421 198 7 11 0.018073427
771 200 6 7 0.018602967
995 236 7 9 0.018724427
985 214 9 12 0.018765057
1010 228 12 19 0.019062635
404 233 6 7 0.019216245
769 230 6 8 0.020528167
499 266 7 8 0.020542234
531 221 5 5 0.020551948
621 213 12 19 0.020869693
500 233 8 7 0.021331841
246 205 8 7 0.021453282
1009 245 8 11 0.021569055
650 269 7 9 0.022234274
850 233 8 8 0.022568854
596 220 6 7 0.02290761
418 192 12 22 0.023385223
343 220 7 7 0.023888191
256 203 9 8 0.02408552
983 237 8 9 0.02550261
422 214 6 10 0.026152113
708 248 5 5 0.026523395
580 220 6 7 0.027405681
403 217 6 8 0.02921279
387 231 6 8 0.032381244
564 247 5 5 0.032595832
616 220 7 9 0.033135194
532 266 6 4 0.034467217
755 247 6 7 0.035329692
486 226 12 18 0.0356317
517 221 7 6 0.03615984
609 246 7 8 0.036514997
600 249 5 7 0.03678373
535 186 8 9 0.037380572
547 235 6 5 0.038082603
391 202 5 7 0.041389175
676 265 6 5 0.04234927
581 234 6 5 0.043797914
517 266 6 5 0.044116072
373 232 7 7 0.04449083
742 251 6 6 0.045423362
985 243 8 10 0.045563668
661 235 5 6 0.054249056
566 234 5 5 0.0578736
726 235 5 6 0.060835734
675 236 6 5 0.061545916
691 249 6 5 0.062729284
375 218 6 7 0.06391121
623 216 8 11 0.064382315
678 248 5 5 0.06598346
241 210 15 16 0.06685179
601 262 6 9 0.06689059
532 249 5 5 0.06864525
741 235 5 5 0.06997521
598 235 6 5 0.07008651
657 267 7 7 0.071130924
995 244 8 10 0.07574759
710 235 5 6 0.08374196
758 233 5 5 0.08540832
660 248 6 6 0.08819446
612 234 7 8 0.092600696
532 235 6 5 0.099055156
694 237 5 5 0.10242411
488 229 8 11 0.112931065
516 236 6 5 0.11468069
1013 232 7 10 0.11516162
266 175 37 36 0.1155984
504 248 8 7 0.12778945
387 217 6 7 0.13560955
514 248 6 6 0.14546102
468 217 9 15 0.15822709
527 150 22 19 0.1670818
357 217 7 7 0.19152214
244 212 10 10 0.25387478
465 215 14 19 0.87136877
271 164 40 55 0.97868323
794 180 42 57 0.9798354

