0_Parade_marchingband_1_620
240
853 178 10 10 0.010080832
584 177 8 14 0.010131608
777 344 20 24 0.010237953
835 343 34 53 0.010293552
279 500 62 90 0.0104013225
329 241 23 17 0.0104569215
261 256 7 9 0.010477206
164 193 7 9 0.010489003
738 187 12 20 0.010556613
244 190 8 11 0.010620758
221 202 13 19 0.010647225
138 236 22 18 0.010685709
124 263 19 30 0.010754625
871 267 23 18 0.010755533
946 557 44 65 0.010771308
837 229 20 28 0.010829252
226 216 19 30 0.011023318
982 194 10 10 0.011052165
908 230 21 19 0.011105762
561 192 7 11 0.0112348795
636 290 18 31 0.011271344
897 210 26 38 0.011382446
146 241 9 9 0.011428101
736 176 8 13 0.0114900125
873 232 23 18 0.0115056
210 212 13 21 0.0116101485
292 240 9 12 0.011667271
389 219 18 30 0.011683425
740 192 8 12 0.011685369
387 246 20 30 0.01179719
872 202 21 18 0.011869217
319 235 35 54 0.011997009
65 249 19 27 0.012119068
769 217 10 13 0.012141782
850 202 22 18 0.01214756
736 214 12 19 0.012172097
80 253 10 12 0.012288916
166 206 7 8 0.012396674
225 221 10 13 0.012475892
906 254 23 26 0.012501362
866 227 11 10 0.0125913145
959 236 12 13 0.012595987
106 220 22 19 0.012622911
149 206 7 7 0.012717665
312 163 8 9 0.012823139
901 190 11 11 0.012907023
915 256 20 19 0.012954713
845 184 22 18 0.013021435
942 178 10 12 0.013110939
881 195 10 10 0.013164756
962 169 14 16 0.0133753065
769 380 27 39 0.01343477
896 186 21 18 0.01350572
864 207 12 11 0.013548466
467 197 14 18 0.01378045
415 204 9 11 0.01382834
319 163 8 8 0.013885647
456 284 20 30 0.013919104
470 202 8 11 0.0139334705
921 255 21 20 0.01398563
337 205 8 8 0.014015041
563 160 7 14 0.014019311
51 254 8 11 0.01414553
210 178 9 11 0.014352268
108 266 20 28 0.014424583
31 214 12 22 0.014498741
843 284 23 19 0.014575229
925 248 21 27 0.014614482
849 187 20 29 0.014734872
129 209 9 8 0.014737287
622 279 12 26 0.0149040045
864 253 22 27 0.014964958
591 178 9 14 0.015117503
349 281 21 30 0.01516167
483 222 8 10 0.015239137
454 194 8 9 0.015387448
128 311 25 17 0.015435231
939 176 14 16 0.015481052
141 309 14 18 0.015727416
912 325 22 35 0.0158521
503 173 8 10 0.015895626
859 230 23 17 0.016240623
584 185 8 13 0.016387146
248 268 6 9 0.016455723
282 225 26 39 0.016964305
403 215 13 20 0.016998284
429 187 14 16 0.017134082
320 241 22 18 0.017242754
226 192 8 11 0.017257407
292 242 19 30 0.017308008
328 232 19 31 0.017353859
81 196 14 18 0.018242342
959 269 22 19 0.018275868
481 208 8 9 0.018286323
103 187 20 26 0.01829052
941 229 21 27 0.018368298
376 205 7 8 0.018633086
563 168 8 15 0.018645091
77 250 13 18 0.018724032
390 190 13 17 0.018991206
843 366 26 43 0.019239774
611 243 14 20 0.01944882
119 272 26 35 0.019639373
303 186 19 29 0.01969353
733 172 12 20 0.019896697
267 224 19 30 0.019922517
968 270 23 19 0.019926438
868 214 20 29 0.019964224
312 184 22 18 0.020081677
759 206 12 20 0.02012765
496 220 9 11 0.020496404
615 156 12 19 0.020607574
712 128 6 10 0.020839795
493 217 13 19 0.020864397
641 313 20 31 0.021187274
674 383 28 38 0.02133284
439 229 25 40 0.021587055
386 233 19 21 0.021645688
527 186 13 18 0.021736355
951 232 14 20 0.021762151
111 271 22 19 0.022095375
30 204 12 22 0.022520477
1008 335 16 41 0.022644391
516 187 8 11 0.022997968
628 189 8 11 0.02362422
361 220 18 31 0.023728168
962 274 21 28 0.02392917
0 133 10 23 0.024036404
418 176 7 8 0.024036763
99 192 10 11 0.024200842
764 200 18 30 0.024494689
583 180 12 21 0.024861634
398 190 19 29 0.025390374
724 169 8 14 0.026071357
435 240 19 31 0.027485792
738 217 9 12 0.028104164
616 158 9 13 0.02823904
670 342 23 20 0.028324412
860 222 24 17 0.028990023
529 174 7 9 0.029505866
91 189 21 18 0.030060897
67 253 9 13 0.030817948
364 221 20 20 0.031112755
979 219 11 13 0.031564098
623 168 12 19 0.031713054
873 221 24 18 0.031763613
964 172 11 10 0.031771064
91 220 22 20 0.031956363
389 202 8 9 0.032229017
114 206 9 9 0.032246284
430 229 19 31 0.032295
346 220 23 20 0.032544028
1 136 8 15 0.032647394
861 266 23 18 0.033107065
85 192 11 14 0.033738643
391 194 9 10 0.033763044
776 404 19 34 0.03380246
196 180 14 19 0.03440479
468 194 10 11 0.035446383
404 172 14 16 0.035978932
811 221 23 19 0.03701425
321 189 9 9 0.037751917
113 273 20 29 0.0400524
320 172 14 18 0.04135278
200 174 21 19 0.042481832
402 203 14 17 0.04260227
722 161 8 14 0.043693803
626 171 8 13 0.044202678
609 248 18 33 0.04515846
258 203 10 14 0.045426775
916 261 19 20 0.04851385
722 165 12 21 0.04897431
530 189 8 11 0.0493139
760 207 21 20 0.05142779
591 184 13 19 0.05160392
768 213 19 30 0.053307764
8 252 21 20 0.053396583
763 213 20 21 0.054089326
65 251 13 18 0.054299977
340 193 8 7 0.056123063
202 181 17 29 0.056912582
254 196 19 28 0.057004742
322 245 22 19 0.05740198
414 189 14 17 0.059004623
963 262 22 28 0.059348073
432 190 9 9 0.061305348
323 176 9 10 0.062612645
595 188 8 13 0.062775
561 164 11 22 0.06288652
958 222 21 28 0.06300415
588 175 13 20 0.06341401
310 189 11 11 0.063484125
79 190 19 28 0.0636535
398 191 15 16 0.06371938
211 207 10 13 0.064592674
404 206 9 11 0.06485367
838 234 23 18 0.066221416
908 315 32 53 0.069049925
719 159 12 20 0.069734484
620 278 18 33 0.07455338
832 233 23 18 0.0747158
113 190 10 11 0.076495305
136 305 23 18 0.077217616
655 337 28 39 0.07881427
219 217 20 21 0.080195695
583 173 12 23 0.0813001
1012 329 11 28 0.08500684
306 185 20 19 0.087434664
513 173 13 18 0.09601868
330 248 23 19 0.09878528
822 253 24 20 0.09957542
620 159 13 18 0.10375372
977 217 14 18 0.10528111
1006 321 16 36 0.10593853
401 195 10 10 0.107964
945 547 55 85 0.11917269
904 218 22 20 0.12990873
897 217 22 20 0.13224868
407 175 9 9 0.13392743
106 186 21 19 0.13500054
817 248 21 29 0.14196008
608 240 20 20 0.16024683
417 192 9 10 0.19414343
952 233 21 20 0.19615947
516 176 8 12 0.20076913
209 205 14 19 0.20757037
286 235 19 22 0.2093758
327 243 20 33 0.23187105
857 203 23 18 0.23799998
119 277 23 21 0.25453332
842 351 21 33 0.2627044
193 175 20 21 0.3031213
916 323 28 39 0.31048405
463 190 20 20 0.31129542
442 239 19 32 0.379559
661 335 29 37 0.38055283
799 408 28 42 0.4018319
83 190 15 19 0.41206694
255 200 14 19 0.41733846
768 338 27 41 0.44985798

