0_Parade_Parade_0_137
133
1002 433 18 32 0.01031987
900 304 7 8 0.0103249075
929 305 9 9 0.010369297
635 378 23 17 0.010505064
0 444 7 39 0.010615567
727 242 6 6 0.010680992
655 447 21 19 0.010816423
103 281 26 47 0.01087438
708 354 11 9 0.01101954
872 367 27 15 0.011066738
660 322 6 6 0.011102667
652 457 20 33 0.011116151
1 444 22 53 0.011173009
660 290 5 5 0.01127625
709 242 6 6 0.011487799
994 453 18 32 0.011597465
755 352 9 9 0.011890711
660 354 8 7 0.012180718
1 449 15 41 0.012199309
775 291 5 6 0.012228724
902 288 6 9 0.012368124
995 366 20 29 0.012455283
801 289 6 7 0.01261138
982 317 8 9 0.01272586
725 259 5 5 0.013014768
1 244 15 75 0.013042526
1009 339 10 24 0.013180233
736 355 8 9 0.013478189
770 352 9 10 0.013857529
435 317 48 49 0.013899652
881 348 12 10 0.014214399
946 307 10 10 0.01423162
678 257 5 5 0.014255442
787 291 6 6 0.014687609
882 334 14 17 0.014848094
748 446 26 39 0.01505533
678 273 5 5 0.015239245
900 364 24 26 0.015561996
897 343 23 16 0.015735744
887 319 8 9 0.015792208
646 352 7 7 0.015826574
709 257 5 5 0.015854442
902 366 26 16 0.015950775
0 431 14 42 0.016092338
997 317 8 10 0.0161486
873 382 25 16 0.01618133
941 312 22 18 0.016246049
0 234 22 95 0.016363291
903 336 23 17 0.016527997
755 318 8 8 0.016656516
672 368 10 9 0.017030273
997 308 7 9 0.017096557
375 440 36 66 0.017354542
661 337 6 6 0.01743295
1010 441 11 25 0.017581971
646 364 10 9 0.017652474
616 396 23 17 0.018468013
766 455 22 28 0.018583236
1005 443 18 22 0.018685626
956 459 20 27 0.018718986
205 345 46 48 0.018993255
759 455 23 20 0.019060954
686 362 24 18 0.019189728
682 377 25 16 0.019310659
856 328 23 18 0.019852845
128 294 37 61 0.019967841
676 306 5 5 0.019977126
97 273 36 63 0.020208698
679 322 5 5 0.020382268
984 307 8 9 0.020443374
712 445 13 19 0.020468099
749 442 20 29 0.020485617
986 409 23 19 0.020573465
959 490 26 16 0.020720012
684 407 23 18 0.020727018
894 336 23 16 0.021351824
695 256 4 5 0.02140535
769 328 13 17 0.022638345
900 339 11 10 0.022664912
901 274 7 8 0.023668807
101 267 23 51 0.025319342
738 272 6 7 0.025700904
738 288 6 7 0.025731573
884 338 9 10 0.02595083
655 456 20 20 0.026391793
714 476 23 19 0.02689801
990 455 24 19 0.027039243
903 344 24 16 0.027182382
2 228 43 129 0.027668186
698 358 23 18 0.028695911
927 367 24 17 0.029394332
675 337 7 6 0.029537978
692 275 4 5 0.029594263
677 291 4 4 0.030716643
737 306 6 7 0.031229034
674 351 8 7 0.032151725
306 319 54 83 0.033268295
1014 311 10 23 0.033320796
304 327 46 56 0.03345568
692 350 8 7 0.034234352
710 274 4 5 0.034252375
789 305 6 6 0.034735218
905 396 24 18 0.035143405
1016 316 7 13 0.036718953
692 338 6 6 0.03785207
234 468 22 19 0.039279062
659 486 20 20 0.040012177
695 305 5 4 0.0424678
737 333 8 9 0.042732857
696 288 4 4 0.044221096
709 289 5 5 0.044428952
702 352 24 17 0.045239333
725 274 6 6 0.04563641
928 369 24 27 0.048093002
726 304 6 5 0.048168823
804 319 7 7 0.05016541
772 331 8 11 0.0542088
725 290 5 5 0.054574654
791 317 6 8 0.055238377
709 305 5 5 0.05659389
693 323 5 5 0.057476148
725 335 7 8 0.06170007
709 337 7 7 0.062022913
894 367 25 16 0.063017525
776 303 5 7 0.0646456
728 319 7 6 0.06739133
771 322 7 8 0.068012
708 321 6 5 0.07005286
737 317 7 8 0.08125596
708 347 21 28 0.10653835
950 461 23 20 0.11451572
712 447 21 19 0.12252269
751 450 21 22 0.16748896

