0_Parade_Parade_0_266
196
336 336 10 8 0.01003172
148 400 12 19 0.0101045715
783 317 14 15 0.010114214
212 252 13 19 0.010137687
308 226 10 10 0.010210886
33 351 13 19 0.010295995
1 421 8 14 0.010309298
84 354 8 9 0.010361455
98 452 10 9 0.01054597
81 414 13 16 0.010561531
102 312 8 9 0.01057209
113 313 7 8 0.010793917
973 492 41 113 0.010887066
222 317 14 16 0.011001719
758 318 12 17 0.011040096
383 354 20 30 0.011053719
972 534 39 128 0.011133657
995 309 10 9 0.0116006965
80 335 14 17 0.011816466
931 336 13 17 0.011909197
19 325 8 10 0.011912989
24 448 21 19 0.012210796
294 193 10 12 0.01223569
71 356 9 10 0.012776468
67 438 12 10 0.012893245
261 322 6 7 0.012974751
914 374 8 8 0.013272057
98 399 10 13 0.013286453
936 416 19 33 0.013340157
903 296 5 6 0.01335895
953 305 23 17 0.013382293
131 370 12 19 0.013525644
231 422 8 10 0.013658518
245 324 8 8 0.013714996
934 347 13 18 0.014129526
20 332 12 18 0.014357584
760 358 7 10 0.014543251
130 377 13 20 0.014551646
33 417 18 28 0.014662064
128 324 13 17 0.014814386
807 359 5 5 0.015086475
91 448 23 17 0.015314103
917 339 8 6 0.015522472
952 338 23 20 0.015699979
161 415 12 21 0.015702028
93 335 13 18 0.016015647
16 444 12 21 0.016124018
944 353 7 9 0.016149038
120 337 8 11 0.016303457
204 448 23 17 0.01644843
41 474 22 20 0.0166016
97 397 13 18 0.016613148
322 336 8 7 0.016714364
918 294 7 7 0.016757505
0 418 11 21 0.016938645
144 336 12 17 0.017041467
772 359 6 7 0.017278165
223 336 13 17 0.01744532
142 408 18 31 0.01746989
83 416 10 11 0.01748068
36 354 8 10 0.017655741
194 339 13 16 0.017694397
214 256 9 11 0.017906038
309 215 9 10 0.01805323
671 397 35 66 0.018111093
128 406 10 14 0.018442681
780 309 14 15 0.018555064
944 340 7 7 0.018802816
130 408 12 21 0.019013666
29 333 13 18 0.019406436
206 333 13 17 0.019415317
83 321 13 17 0.01981895
177 323 13 16 0.020039152
128 332 12 18 0.02021534
990 331 22 19 0.020507041
935 373 7 9 0.021117955
5 431 9 15 0.021183033
381 341 14 17 0.021422282
914 357 7 7 0.021666262
989 305 23 18 0.02170322
39 358 23 26 0.02233831
819 357 6 5 0.022514662
995 317 17 32 0.022790814
1 453 10 28 0.024121117
193 323 9 9 0.024143413
645 362 88 135 0.024234194
50 335 13 18 0.02442124
790 356 6 6 0.024587972
192 347 13 17 0.025209764
989 319 23 18 0.027361816
112 397 13 19 0.027621401
69 329 8 10 0.028443044
930 296 8 8 0.02887697
225 312 8 8 0.029031973
62 447 22 17 0.029627504
378 346 22 19 0.029658584
306 327 7 6 0.029913733
296 338 6 8 0.030002315
792 340 7 7 0.030285714
712 362 30 77 0.03171736
734 383 15 40 0.032377735
883 356 6 5 0.03380029
83 339 8 10 0.03394736
2 321 12 19 0.034173187
951 470 31 65 0.03531919
948 322 7 8 0.03809694
899 371 7 8 0.038262647
294 324 6 6 0.038786985
809 314 7 7 0.039769642
886 312 6 6 0.041372653
177 333 8 12 0.041670732
322 328 7 7 0.041754045
68 450 11 11 0.041801766
932 326 7 7 0.04191498
4 428 12 22 0.042783834
22 416 14 20 0.043036588
96 339 8 10 0.0430971
7 333 8 12 0.044272818
962 310 8 7 0.04432774
853 341 6 5 0.045338307
80 433 10 12 0.046438783
840 357 6 5 0.046595402
767 317 13 16 0.047712315
936 352 8 9 0.048535295
803 339 6 6 0.04871897
209 323 13 16 0.05022784
657 372 60 102 0.05025863
68 331 13 18 0.052301623
77 431 14 16 0.05272065
774 312 8 8 0.052865736
145 414 14 21 0.053218845
915 324 7 7 0.054831438
126 404 13 19 0.05545571
2 441 17 33 0.05702935
3 446 12 25 0.057065442
901 359 7 6 0.057222094
900 336 6 6 0.05808502
43 367 22 20 0.058749255
931 305 7 7 0.05877457
278 327 5 7 0.059787847
364 359 20 30 0.06183069
367 354 22 19 0.061874673
100 322 7 9 0.062026214
161 321 8 10 0.06557238
131 327 8 10 0.06625675
131 335 8 12 0.066991106
905 446 22 20 0.06830067
882 342 7 6 0.0694903
950 311 7 8 0.073434934
4 325 8 12 0.07360066
864 567 26 44 0.07376922
114 322 7 9 0.07401121
867 353 7 6 0.07467167
209 336 9 11 0.07710908
868 310 6 6 0.07754492
32 336 8 11 0.07788463
22 334 8 12 0.07848484
149 322 7 9 0.07855807
934 340 7 8 0.085303605
853 355 7 5 0.08568557
905 437 25 42 0.08757332
783 312 9 9 0.08909759
1004 409 15 39 0.09063608
52 338 8 11 0.09355353
915 308 6 7 0.09405844
853 313 6 6 0.09766601
834 339 7 7 0.098084494
196 342 9 10 0.09838327
832 308 6 7 0.10257945
70 334 9 12 0.10599658
146 339 8 11 0.10625974
225 319 9 10 0.107123464
86 323 8 10 0.108785756
900 310 7 6 0.112743236
226 339 9 10 0.114413135
853 324 7 6 0.115823455
194 349 9 12 0.117921725
179 325 9 11 0.11806504
306 337 7 8 0.1209475
760 320 8 11 0.13307983
787 319 8 10 0.13944209
885 324 7 6 0.1447608
820 339 7 6 0.14622885
821 311 6 7 0.15391538
872 343 6 6 0.16136247
211 325 10 12 0.18463226
838 325 7 7 0.19144742
900 327 7 8 0.20018484
166 336 9 13 0.20275757
276 336 6 8 0.20776603
805 321 8 8 0.21400976
818 320 7 8 0.2222331
866 321 7 7 0.24084389
958 337 20 33 0.34994173
24 416 20 20 0.3660278
769 319 9 11 0.3753368

