0_Parade_marchingband_1_490
384
389 203 12 16 0.010109103
453 282 14 17 0.0103187645
442 357 14 18 0.010409316
758 299 11 13 0.010520609
336 215 13 15 0.010597723
159 255 8 13 0.010704397
406 330 13 17 0.010715067
507 384 15 17 0.010861448
662 359 21 19 0.010905758
674 224 7 9 0.0110042365
659 218 13 16 0.011135988
255 224 8 12 0.011180624
853 300 10 13 0.01119035
596 250 13 17 0.011236674
1011 418 10 22 0.011377912
672 267 9 13 0.011388966
814 225 8 13 0.01143743
279 302 13 16 0.011605918
520 303 13 17 0.011800219
964 377 9 13 0.011867018
451 201 12 15 0.011880557
518 309 13 17 0.011955025
407 382 21 19 0.01222041
115 314 12 17 0.01234676
237 193 9 14 0.012406462
696 204 7 11 0.012551201
480 352 20 18 0.012730545
173 282 10 14 0.012875384
322 193 7 10 0.012990352
565 241 10 11 0.013006287
789 253 8 11 0.013884387
531 236 9 12 0.013998906
708 239 8 10 0.014258123
56 408 10 13 0.014466877
237 267 10 13 0.014520826
231 284 12 14 0.0147649795
883 361 15 13 0.014804786
171 325 13 17 0.015135291
524 307 14 17 0.015608407
126 311 13 17 0.015648268
668 202 12 17 0.01574789
168 351 13 18 0.016142031
78 371 13 17 0.016194005
513 254 10 12 0.016534891
485 225 9 10 0.016575385
394 357 14 17 0.016664352
653 235 13 16 0.016736956
266 391 13 17 0.01720534
776 225 8 12 0.017409679
724 265 11 12 0.017430313
594 237 9 11 0.017464122
845 248 9 14 0.01777442
163 310 13 17 0.017965319
453 221 9 10 0.01833976
579 226 9 9 0.01855803
383 191 7 9 0.018780624
143 296 9 13 0.01881052
121 285 12 18 0.01893338
639 266 10 14 0.019292215
498 236 10 11 0.01934742
735 202 7 13 0.019403605
613 233 13 16 0.019696517
603 307 13 16 0.01971107
649 188 7 11 0.020122727
631 249 10 14 0.020525161
648 286 13 17 0.020570174
547 224 9 10 0.020598346
583 329 13 20 0.02097432
511 201 12 16 0.021209763
323 239 10 11 0.021269836
920 341 13 18 0.021554379
520 191 8 10 0.021692175
635 329 14 16 0.021980673
551 267 13 17 0.022488227
756 251 7 10 0.023291843
190 207 7 13 0.023513738
661 249 10 12 0.02381219
822 285 10 12 0.02399704
392 246 12 15 0.024195313
594 218 13 16 0.02480658
186 220 8 14 0.024831573
619 356 13 18 0.024964226
248 234 11 13 0.025004208
143 315 9 14 0.025281372
762 309 14 16 0.02537475
363 302 13 16 0.025412505
615 356 13 18 0.02551983
164 312 10 12 0.02626286
303 208 9 12 0.026389807
864 327 9 13 0.026553402
181 246 9 14 0.026732907
538 283 14 16 0.027444512
598 251 9 13 0.027864236
792 329 13 18 0.02803326
233 192 9 15 0.028125376
288 191 8 12 0.028345104
562 205 9 10 0.028369436
603 303 15 15 0.028808873
420 222 9 11 0.02887175
767 288 11 11 0.029095659
333 250 11 13 0.029286694
215 358 14 18 0.029511278
186 207 8 15 0.030247154
434 242 11 10 0.030591998
618 186 7 12 0.03098776
481 307 13 16 0.030995287
745 225 9 13 0.031012734
813 231 9 15 0.031953584
63 406 10 13 0.032045167
354 225 10 11 0.03270129
600 303 14 18 0.03272265
194 231 8 13 0.034391366
116 316 9 12 0.034787256
129 294 9 14 0.034969974
482 304 14 16 0.035148848
837 326 14 17 0.03550009
467 208 10 11 0.03588063
517 223 9 10 0.035887837
399 242 11 12 0.036096714
675 234 8 12 0.036252912
641 303 13 15 0.03637949
455 329 13 18 0.03638054
315 284 13 16 0.036391847
152 246 9 14 0.036592968
374 236 11 13 0.03743953
214 233 9 13 0.03767853
197 252 8 11 0.037680592
159 263 9 14 0.038134325
598 204 8 11 0.038227912
387 225 10 11 0.03854356
223 223 9 13 0.038756635
443 299 13 17 0.038916476
542 251 10 13 0.03941749
814 249 9 14 0.039870866
336 207 8 11 0.04017331
599 388 14 17 0.04018533
114 345 13 18 0.04169332
373 206 8 9 0.04170286
206 309 14 16 0.04208005
653 288 11 13 0.043444123
404 207 9 9 0.044290528
166 324 13 17 0.04443042
205 284 11 14 0.04479696
466 236 10 11 0.044898864
611 222 8 10 0.04513632
270 203 8 13 0.045218576
91 331 13 17 0.04526494
809 233 8 13 0.045377463
665 205 7 10 0.04583771
129 312 9 13 0.046211194
785 267 9 12 0.046657655
795 331 14 16 0.046674933
217 209 8 14 0.047131483
171 354 13 18 0.048340805
696 269 11 13 0.048391175
438 267 11 14 0.048974387
553 190 9 11 0.049303956
347 357 14 17 0.050183058
437 204 8 9 0.050184805
870 295 12 18 0.05056207
503 387 14 17 0.051573884
200 284 11 14 0.05234209
246 305 11 13 0.053189155
525 301 15 16 0.05400371
753 269 9 10 0.054045796
360 248 12 14 0.054329075
638 308 14 15 0.054429814
715 329 15 16 0.054535195
786 216 9 12 0.056664873
180 237 8 13 0.05693547
724 255 9 11 0.057090875
702 268 11 13 0.057334978
682 187 8 12 0.057620265
519 267 11 14 0.05766606
623 235 9 11 0.05771138
758 289 12 12 0.05780157
206 305 14 15 0.058000997
239 200 8 13 0.05854918
126 327 13 17 0.059197526
782 232 9 13 0.059376653
311 285 11 14 0.059423033
422 283 13 16 0.05999022
678 308 14 15 0.0600243
932 367 14 17 0.060686678
365 248 12 14 0.06110637
406 452 22 19 0.06115894
279 218 9 13 0.061484206
400 305 14 15 0.0623554
647 237 9 12 0.06281601
795 357 13 18 0.062951595
750 220 9 12 0.06333842
503 252 10 13 0.06446513
358 302 14 16 0.06461712
190 223 9 14 0.06465177
634 205 7 11 0.06491403
530 207 8 10 0.06517204
743 389 14 18 0.06672383
167 396 20 18 0.0667493
152 264 10 14 0.068505906
232 198 9 14 0.06881425
685 285 14 14 0.06892344
809 247 9 14 0.06905782
642 221 8 9 0.069353044
480 267 13 17 0.069904044
231 264 11 13 0.07131091
835 313 14 16 0.07161334
751 232 8 11 0.07207617
224 234 9 12 0.07214807
685 186 8 13 0.07262089
719 217 9 12 0.072774254
406 264 12 15 0.07298358
331 327 13 17 0.07300058
264 262 12 15 0.07300894
217 215 8 14 0.07330414
655 188 7 12 0.07356427
323 302 13 16 0.07364697
124 352 14 17 0.07378903
219 359 14 17 0.07398828
882 332 13 16 0.074135445
269 263 11 14 0.074210495
281 232 10 13 0.07674757
135 272 9 14 0.07686149
550 388 14 18 0.076971
374 265 11 14 0.07777398
750 332 14 16 0.07944939
283 305 14 15 0.08044788
439 301 14 17 0.080668464
390 357 14 18 0.08179713
725 288 12 13 0.082164824
661 360 14 17 0.08299564
280 188 8 13 0.0834892
696 389 20 20 0.08441342
444 265 13 16 0.085088536
344 232 11 14 0.08589598
608 248 10 13 0.086054504
591 187 8 12 0.08654769
622 185 8 14 0.08673386
164 304 12 13 0.08723197
574 248 10 14 0.08890237
563 306 14 17 0.08890983
556 266 14 16 0.0902
312 188 7 12 0.0902745
342 267 11 14 0.090813704
215 394 21 19 0.09156967
277 286 12 14 0.092177264
743 232 9 10 0.09333802
301 356 14 17 0.09351257
773 232 10 12 0.09633021
758 310 14 16 0.09656339
799 289 12 13 0.09681911
452 391 19 19 0.0969474
717 310 15 15 0.09698281
591 267 13 16 0.09775846
557 189 9 13 0.09788083
567 247 13 17 0.09797266
385 283 13 16 0.09807268
310 232 11 14 0.098473705
841 247 9 15 0.09947369
350 284 14 16 0.10025714
459 331 14 18 0.1002842
535 250 11 14 0.10044794
706 357 14 17 0.10075607
588 329 14 18 0.100938715
656 237 9 12 0.10132665
629 271 12 13 0.10158712
287 327 13 17 0.102035135
328 247 11 14 0.10229725
615 234 9 12 0.10257708
460 283 14 17 0.10260659
848 265 9 15 0.10260964
438 358 14 18 0.103478916
630 331 14 18 0.10584364
286 234 9 13 0.10766259
638 249 11 14 0.10877844
835 390 14 17 0.10970326
835 358 14 18 0.10995017
413 329 14 18 0.11109981
517 234 10 13 0.11215974
751 359 15 18 0.11261281
206 325 13 17 0.11308335
923 340 14 17 0.113142215
534 284 14 16 0.11332665
773 251 10 13 0.11445822
662 268 11 13 0.1146014
671 249 10 13 0.114665575
665 455 24 17 0.115474686
693 221 9 11 0.11611934
255 237 10 12 0.11642123
167 285 11 14 0.11693711
613 284 14 17 0.11714587
236 283 14 16 0.118403666
498 209 10 12 0.119417764
368 329 14 17 0.11975622
294 249 10 13 0.12043053
573 359 14 17 0.120790385
638 206 8 10 0.12160833
535 439 23 19 0.124139406
466 248 11 14 0.12426274
124 287 13 17 0.12503454
526 355 14 18 0.12545666
574 282 14 16 0.12602036
526 190 8 11 0.12613873
260 355 14 17 0.1264783
291 452 14 20 0.12899795
673 330 14 17 0.12957442
265 199 9 14 0.13078012
453 235 10 13 0.13190356
262 391 14 18 0.13200805
627 222 9 10 0.13213767
791 208 9 13 0.13357225
398 245 12 14 0.13404256
652 389 15 17 0.13459222
296 199 9 13 0.13459922
483 355 15 18 0.13481154
305 267 11 14 0.13667654
402 387 22 18 0.13710544
727 202 9 13 0.13826871
246 214 9 13 0.13834351
500 325 14 18 0.13976139
493 286 14 17 0.14225608
769 271 11 11 0.14244641
432 247 12 13 0.14317863
124 397 15 17 0.14521573
245 325 14 16 0.14526194
756 200 9 14 0.14591753
880 358 21 19 0.14643441
197 264 11 14 0.14747551
151 240 9 15 0.14836954
838 287 10 14 0.14880933
661 220 8 11 0.14977694
530 215 10 12 0.14993487
354 388 21 18 0.15026748
719 238 9 11 0.15034173
582 233 10 12 0.15038227
543 328 14 20 0.15109444
338 216 10 11 0.15138578
687 235 10 13 0.15304868
671 204 8 12 0.15438414
740 250 11 12 0.15536188
736 269 12 12 0.15611841
549 234 10 13 0.1573296
607 204 9 11 0.15822372
350 231 10 13 0.15825762
562 217 10 13 0.16432528
801 268 11 13 0.16558366
79 363 13 19 0.16891378
595 220 10 12 0.16976504
327 199 9 13 0.17207037
483 231 10 14 0.17235467
78 397 14 17 0.17693199
258 246 11 13 0.17858553
576 203 10 13 0.17998631
798 310 15 15 0.18028092
513 201 9 13 0.18428318
703 203 8 14 0.18458274
370 216 10 12 0.18594293
87 333 13 18 0.18860023
706 250 10 12 0.18869168
544 204 9 12 0.1888048
224 247 11 13 0.18998699
419 232 10 13 0.19056205
383 231 11 13 0.19058648
497 184 9 10 0.19401553
499 214 9 12 0.19470555
308 388 14 17 0.19655082
406 191 8 10 0.19718851
376 191 8 11 0.2005382
931 387 14 19 0.20258032
403 216 9 13 0.20488742
466 216 10 11 0.20758714
436 192 8 11 0.20932688
787 391 14 18 0.21297225
876 389 21 18 0.22426377
469 184 8 12 0.22888272
304 215 11 12 0.24628974
435 216 10 12 0.24958748
391 205 8 11 0.25269154
341 188 8 12 0.2609111
358 206 9 12 0.28488913
484 202 9 12 0.2867028
974 395 13 21 0.29712632
421 202 8 11 0.29881448
453 201 9 12 0.33618215
32 393 14 18 0.4185371

