0_Parade_marchingband_1_445
158
738 105 10 13 0.010057832
234 2 21 27 0.010177903
679 138 24 20 0.010218917
577 144 11 11 0.010305552
958 137 13 18 0.010377663
991 154 12 11 0.010420901
964 126 14 17 0.010434003
775 83 32 36 0.010442824
610 56 12 18 0.010677879
977 91 9 10 0.010728156
558 2 12 9 0.010816933
183 1 30 34 0.010837137
267 0 22 14 0.010884859
770 79 13 18 0.010897839
465 88 13 19 0.010998727
963 112 9 10 0.011034958
785 80 48 50 0.011035204
174 1 14 18 0.011048137
982 111 9 11 0.011202803
412 75 13 18 0.011206648
180 171 46 48 0.011212468
942 108 10 11 0.011298814
726 112 38 54 0.011350702
900 130 21 28 0.0113719925
338 58 10 9 0.011413878
173 5 21 19 0.011476882
184 0 23 18 0.01151573
773 83 9 11 0.011571558
579 28 10 10 0.0116386805
641 116 47 48 0.011674466
612 59 9 13 0.012089093
801 90 11 10 0.012126577
778 89 23 27 0.0122415405
923 153 21 19 0.01237933
788 78 9 11 0.012413867
5 134 13 19 0.012457723
304 50 9 9 0.012549889
735 94 13 18 0.012769198
774 92 9 10 0.012821692
45 77 22 18 0.012870701
60 84 30 39 0.013087459
402 127 22 18 0.01334984
489 3 29 13 0.013369758
305 1 13 7 0.013475412
971 122 19 30 0.013764525
53 77 40 54 0.013792095
640 123 22 18 0.013804923
407 89 12 21 0.014069459
369 30 11 9 0.014123443
738 97 9 11 0.014151003
286 116 13 27 0.014262043
497 11 15 8 0.014300117
72 42 9 14 0.01437091
7 21 12 22 0.014485516
352 119 23 17 0.014684676
951 74 8 10 0.014692363
728 140 24 18 0.014978135
648 124 34 33 0.015025393
769 107 14 18 0.015425972
865 98 9 9 0.0155300675
436 129 9 10 0.015776984
769 125 21 29 0.015869055
799 125 23 17 0.0160753
694 83 40 52 0.01621122
787 73 13 19 0.016738959
876 107 13 17 0.016769301
772 110 9 11 0.016831795
547 11 9 9 0.01687619
491 8 27 14 0.016901588
637 71 23 17 0.017402917
467 91 8 10 0.017440394
549 29 8 8 0.017485842
218 105 39 56 0.017597003
693 102 13 21 0.017649407
736 102 13 19 0.017846314
35 76 39 55 0.018021738
762 155 24 18 0.018708337
225 113 28 40 0.01964625
200 94 54 79 0.019894613
643 74 12 10 0.019968217
461 91 21 28 0.020041311
410 97 21 29 0.020273427
50 27 13 19 0.020340271
794 86 23 18 0.020829499
208 74 54 79 0.020950882
737 81 10 11 0.021291008
734 91 21 28 0.02136177
269 118 19 24 0.021377036
6 137 10 12 0.021926114
396 88 21 28 0.02221065
696 104 22 20 0.02231566
879 110 10 11 0.022394728
933 108 12 17 0.022498097
5 120 28 43 0.022699947
976 121 13 17 0.022920134
313 119 22 19 0.022925775
900 109 13 17 0.022930713
748 139 22 19 0.023121187
9 23 21 19 0.023462648
286 104 20 32 0.023805192
735 77 13 18 0.024150154
188 95 29 42 0.02426982
756 82 11 11 0.024499133
715 139 23 19 0.024562096
412 88 13 22 0.026219033
189 116 22 31 0.026497515
244 10 12 12 0.028092546
348 106 39 53 0.028646903
235 94 20 32 0.02918356
181 123 26 18 0.02939897
811 122 23 28 0.030316863
184 8 23 19 0.031274494
787 66 9 10 0.032828983
824 112 42 47 0.03315387
469 84 8 8 0.033369746
737 123 21 30 0.034761447
581 0 11 11 0.035875864
776 62 33 36 0.035911918
224 84 37 58 0.038199354
239 6 21 18 0.038384143
427 126 22 18 0.041556466
792 80 23 18 0.043704413
339 103 14 20 0.045161564
415 76 8 11 0.048877448
751 78 21 18 0.050213203
343 108 23 19 0.0504863
241 1 15 17 0.051717684
868 107 14 16 0.053774767
409 76 8 10 0.054168954
710 124 27 40 0.05648432
869 109 11 12 0.057892777
860 123 19 29 0.059106693
849 132 22 19 0.061419863
848 127 21 20 0.061936025
902 112 9 11 0.064306945
935 110 9 12 0.06718002
354 112 29 38 0.072123624
361 122 24 18 0.07356997
152 109 24 21 0.0755063
287 2 11 9 0.078347996
283 112 21 29 0.07867414
855 127 22 19 0.08126605
699 90 30 37 0.08174676
827 123 23 21 0.09450759
273 1 12 10 0.09607291
160 108 30 36 0.111505345
263 96 26 43 0.11630775
178 102 41 54 0.1338944
357 155 31 36 0.1377132
345 98 31 36 0.1578979
334 97 21 30 0.17528981
415 119 22 28 0.22455895
155 100 27 39 0.250204
265 108 27 38 0.27425316
412 125 21 21 0.29334632
829 118 32 34 0.40457553
669 125 32 37 0.53299785
481 139 40 51 0.6285512

