0_Parade_Parade_0_443
79
17 230 46 98 0.010298133
812 161 12 20 0.010578092
124 285 13 17 0.010732049
209 237 14 20 0.010883549
84 250 7 8 0.010997268
432 258 9 12 0.011034314
207 279 26 42 0.01106095
136 246 7 7 0.011405218
71 287 8 11 0.011541731
1 293 28 84 0.011566607
163 248 7 7 0.011655351
1013 204 9 24 0.01170263
792 217 19 26 0.012464067
50 291 7 11 0.012692509
84 291 7 11 0.012832548
146 244 7 7 0.0128689315
112 248 7 8 0.013009586
806 172 13 20 0.013011485
71 277 7 10 0.013037267
132 315 13 19 0.013620976
127 288 9 11 0.014028489
675 269 36 63 0.014413889
986 273 7 10 0.014888896
810 141 7 13 0.015358814
464 265 12 21 0.015531889
94 315 13 19 0.015599156
32 243 37 63 0.01626863
118 273 8 10 0.01671503
147 266 14 17 0.016907176
126 256 13 17 0.01692954
80 271 12 19 0.01709989
178 265 8 7 0.017209906
34 265 33 64 0.017756073
118 291 10 11 0.018025495
105 249 6 9 0.019198935
838 387 53 97 0.019345492
42 281 18 36 0.019975713
46 287 13 22 0.020753976
40 274 24 48 0.021425711
117 286 13 18 0.022481754
179 273 7 7 0.02320523
162 272 7 8 0.024485923
812 172 13 20 0.025937166
99 272 8 10 0.026693974
148 258 13 16 0.027658964
676 252 17 36 0.029227296
195 262 8 8 0.029544104
103 321 19 30 0.029666679
809 162 17 34 0.03716109
784 203 17 35 0.044066273
52 277 6 9 0.04666995
1015 210 7 12 0.046869755
133 273 8 10 0.052573297
800 198 18 34 0.054648034
82 274 8 10 0.054982092
0 251 9 23 0.06400423
64 255 12 18 0.065516986
221 247 26 43 0.06726044
209 234 20 30 0.069994934
1 254 7 15 0.072070435
215 242 26 20 0.0839563
149 269 9 10 0.09453783
106 329 22 20 0.12447525
103 257 7 9 0.1299068
301 184 33 41 0.14218767
162 257 8 9 0.15502883
114 257 8 9 0.15880199
150 261 9 9 0.16222697
788 210 16 35 0.18972825
129 259 8 10 0.22903529
86 257 7 9 0.23308049
220 235 20 32 0.3310829
793 209 25 41 0.34244645
67 257 8 12 0.40601116
373 234 47 67 0.57450056
217 270 23 48 0.6472743
690 296 72 85 0.9581121
304 171 36 61 0.9622921
525 195 63 98 0.9712352

