0_Parade_Parade_0_29
160
481 241 15 16 0.010112201
383 247 14 17 0.010169457
596 247 13 11 0.010175362
694 223 6 8 0.010627358
296 233 20 21 0.010718783
34 236 8 7 0.010729259
715 243 13 16 0.010789915
725 266 10 10 0.010818628
391 237 6 8 0.010884412
873 230 31 14 0.011085184
24 230 24 18 0.011154639
355 235 14 19 0.011826091
610 237 9 8 0.012092813
717 230 14 16 0.012783549
416 229 14 16 0.012847301
385 263 8 9 0.012850119
993 198 29 38 0.012939832
590 237 23 17 0.013085777
673 234 12 16 0.013356982
497 242 21 18 0.013807528
97 220 6 7 0.013929272
215 264 10 9 0.014066372
589 228 22 28 0.0146609815
676 262 8 9 0.01513807
223 263 10 9 0.015164254
216 258 22 17 0.01564456
234 242 26 18 0.015762663
280 239 7 8 0.015922537
179 265 11 8 0.016304214
582 249 10 10 0.016572082
828 183 22 30 0.017605437
855 228 39 49 0.01833195
301 247 9 12 0.01858074
24 218 22 18 0.018607445
752 247 11 12 0.018924154
375 262 8 10 0.019061387
54 269 5 5 0.019717054
712 224 7 8 0.020176621
645 241 13 18 0.020319117
645 235 12 17 0.020438347
359 239 8 8 0.021905977
619 259 23 18 0.022465544
420 252 11 9 0.022729348
767 232 8 8 0.022749083
177 255 10 8 0.023305498
754 234 14 17 0.023702577
672 242 13 17 0.024089562
261 253 7 7 0.024891252
660 242 13 18 0.02656123
236 234 25 20 0.028079992
463 247 14 16 0.02847665
416 256 23 17 0.029154906
494 235 10 12 0.029324776
205 248 15 16 0.029397352
722 223 9 8 0.029472636
512 233 15 18 0.03168258
468 236 7 7 0.03229439
235 225 26 36 0.03288527
856 240 25 20 0.03407675
402 235 13 17 0.034087423
856 236 28 17 0.0345912
483 246 10 9 0.035048783
3 268 7 10 0.03562215
559 165 45 64 0.0360391
718 246 9 10 0.036086787
625 237 7 8 0.036887918
87 221 6 7 0.03733267
102 261 8 8 0.038103186
147 236 8 8 0.03819995
188 237 25 16 0.038842335
71 268 6 5 0.039504588
21 236 7 9 0.040220644
407 223 6 8 0.041130703
294 240 8 10 0.04218069
615 247 21 29 0.042563003
210 252 10 9 0.04361971
368 247 14 17 0.045209836
516 234 9 10 0.04705665
1014 12 8 14 0.047099046
418 224 7 8 0.050639763
437 235 8 6 0.051971942
712 232 8 8 0.05321238
82 265 7 5 0.05477136
432 252 11 9 0.055919796
292 237 13 18 0.05625799
578 244 22 18 0.056471486
98 238 7 6 0.057408538
485 236 11 10 0.05770612
279 252 7 9 0.058961883
720 233 9 9 0.059014115
620 249 14 17 0.059460294
117 240 8 8 0.059572835
742 250 11 11 0.061473567
295 242 20 21 0.0654642
116 244 15 14 0.06916427
451 238 6 6 0.06978217
217 248 22 18 0.0739018
359 246 9 12 0.07711753
512 246 13 11 0.08508789
647 245 8 9 0.089090124
757 236 9 8 0.08973811
611 251 10 10 0.09193395
357 245 18 29 0.093521774
689 234 7 8 0.097153954
324 228 21 31 0.09837169
1012 8 12 21 0.099107765
85 237 6 6 0.09986447
56 250 5 5 0.10053067
125 246 14 14 0.101753786
707 249 13 11 0.103445895
740 246 20 18 0.10519458
130 234 7 9 0.10706444
404 242 14 17 0.1117166
404 238 8 10 0.11640875
624 252 9 9 0.12331007
864 236 22 30 0.12764071
602 247 23 18 0.13330859
456 249 8 8 0.13415954
419 231 8 8 0.13430537
200 240 20 26 0.14234336
54 237 5 6 0.14857823
664 239 7 8 0.16048801
223 253 9 8 0.1677857
674 246 8 9 0.17260095
84 251 6 5 0.1755594
490 233 15 17 0.179867
405 245 9 11 0.18640795
293 244 11 13 0.18807591
69 239 6 6 0.21240497
663 245 7 10 0.21639301
69 252 6 6 0.22261351
387 251 7 9 0.23301192
373 251 7 9 0.2473717
589 241 22 30 0.2692069
858 227 33 32 0.28338507
466 250 8 8 0.29549107
357 242 14 20 0.29854605
423 249 23 18 0.30735716
101 253 8 7 0.35590294
688 247 14 16 0.36298832
127 247 10 11 0.3740997
690 249 10 12 0.38091987
415 248 23 19 0.4081773
647 238 8 10 0.4164769
746 242 20 21 0.484512
482 232 20 19 0.5023465
118 246 10 10 0.51662505
676 238 7 9 0.5280234
507 242 21 19 0.5348499
591 242 23 20 0.53920287
141 248 15 15 0.55152136
703 245 20 18 0.5580013
239 236 20 28 0.57437134
190 242 25 18 0.6188253
538 158 67 79 0.6385851
292 241 14 19 0.65919167
161 250 16 16 0.6967494
316 231 31 35 0.82077646
980 187 33 39 0.8898586
803 164 37 48 0.9559209

