0_Parade_marchingband_1_552
134
974 381 10 11 0.010089854
162 406 8 9 0.010128944
535 384 13 17 0.010298857
401 367 8 7 0.010411035
774 440 7 10 0.010475119
306 364 9 9 0.010668151
468 360 10 9 0.010746506
642 375 7 8 0.010889701
13 360 18 32 0.011281472
400 375 14 16 0.011628493
608 371 13 18 0.011650995
348 362 14 17 0.011820665
313 419 21 19 0.011857517
872 424 21 19 0.011966115
675 374 7 9 0.012185056
340 362 13 17 0.012193122
899 392 7 7 0.012364065
211 472 10 7 0.01246426
48 361 9 12 0.012571452
660 377 7 8 0.012800735
880 427 8 10 0.0129388645
678 365 6 7 0.013067808
926 386 20 19 0.013942049
37 360 10 13 0.014564931
95 354 12 20 0.014794544
755 384 14 15 0.01555239
277 423 7 8 0.015571048
452 391 8 8 0.01568902
189 388 11 11 0.015758624
188 380 11 11 0.015820574
916 379 6 6 0.016082322
557 318 21 19 0.01612554
899 381 7 7 0.016849123
862 390 13 17 0.016960805
97 357 8 11 0.017157337
729 391 8 10 0.01721452
967 380 9 11 0.01721844
707 425 8 10 0.017401125
144 362 10 11 0.017769966
445 373 21 18 0.018424999
1012 388 12 18 0.0185071
881 406 8 8 0.01904428
611 356 13 20 0.01927294
624 348 6 8 0.019308154
887 382 7 8 0.019340893
622 355 12 19 0.019595068
599 366 6 9 0.019649524
932 379 8 8 0.020414812
819 388 13 17 0.020429218
451 364 7 8 0.020555519
565 387 14 17 0.02057365
933 393 7 8 0.020597292
351 365 9 10 0.021249084
393 390 7 8 0.02127406
642 364 7 8 0.021510003
846 399 14 17 0.021563234
182 377 21 18 0.021598047
616 348 6 8 0.022011073
137 358 21 18 0.022291912
372 469 8 11 0.022400063
576 384 14 17 0.022549303
945 393 8 8 0.023436664
751 382 10 9 0.023950735
868 426 9 10 0.024144687
437 392 7 7 0.025936013
263 340 7 7 0.026490709
948 409 8 8 0.026810806
838 401 13 17 0.027106615
725 378 8 9 0.028287193
866 423 14 18 0.028404051
342 364 9 11 0.028474247
839 394 8 10 0.02973417
804 389 9 8 0.031063823
433 378 8 8 0.03132692
278 340 8 7 0.032292094
966 378 13 18 0.03329981
631 375 6 8 0.0336167
786 391 8 8 0.034584567
392 377 7 8 0.035510764
870 405 8 9 0.035886925
614 361 7 10 0.037074436
594 388 8 10 0.0388333
992 392 9 8 0.038837645
544 387 9 10 0.0397977
405 388 8 9 0.04044034
920 409 7 7 0.04053066
462 355 22 18 0.042307585
1014 392 9 11 0.04236481
626 360 7 10 0.04353532
417 376 14 16 0.043756068
536 388 9 11 0.04406334
768 388 10 8 0.044964433
885 393 7 8 0.04580622
611 375 7 9 0.046341598
971 379 14 17 0.047263473
734 382 20 17 0.047333933
452 378 8 8 0.04881266
181 384 14 16 0.05296015
419 387 9 9 0.057822783
975 387 11 12 0.059136078
850 403 9 10 0.060175497
582 377 13 17 0.06196452
967 388 11 12 0.06570674
866 394 8 10 0.07522989
579 387 8 10 0.076852426
822 392 8 10 0.081307136
929 407 7 8 0.0815784
590 373 13 17 0.08295665
182 387 10 11 0.088417694
307 373 10 11 0.08864904
757 387 11 9 0.108908765
840 404 9 11 0.114362225
304 370 14 18 0.12597205
33 358 20 20 0.1302775
537 375 9 14 0.13075171
567 389 9 10 0.13518411
39 350 18 32 0.1402979
344 372 10 13 0.14677177
584 380 9 11 0.16245794
404 378 7 8 0.17265597
542 378 10 12 0.18940295
40 357 21 21 0.19336034
968 383 20 19 0.26224115
343 370 13 17 0.26408714
852 393 9 12 0.26473975
420 380 8 8 0.27525628
349 371 14 17 0.31000617
850 390 14 18 0.32116598
739 385 12 11 0.3288306
180 377 15 16 0.34939414
593 376 8 10 0.39625332
737 379 14 15 0.42368615
539 375 14 18 0.49263117
535 372 14 19 0.5271423

