0_Parade_Parade_0_125
68
536 255 11 21 0.010210957
555 286 16 34 0.010252448
899 424 6 6 0.010329269
934 438 5 5 0.010425429
885 434 6 8 0.0107711
579 349 21 19 0.010984782
608 286 18 32 0.011067274
604 317 17 33 0.011117578
101 457 6 8 0.011300262
41 425 19 31 0.01167583
9 477 21 20 0.011896768
579 251 30 58 0.012097182
567 240 13 17 0.012944663
146 466 9 9 0.013139957
565 260 8 10 0.013338715
472 271 11 27 0.01337632
49 426 9 10 0.013492029
424 254 8 12 0.01381625
588 280 14 23 0.014707635
948 437 5 6 0.015625406
117 468 7 8 0.015798027
37 422 12 16 0.01646874
949 399 6 7 0.01665226
543 258 7 9 0.016705815
392 284 20 20 0.016778842
43 432 25 45 0.01699238
598 335 23 19 0.01707119
66 452 7 9 0.017210277
134 465 9 8 0.017805465
63 434 7 8 0.017908722
482 323 14 38 0.018320099
12 406 13 18 0.018468648
45 438 18 34 0.019213635
587 243 24 17 0.020426141
572 238 14 16 0.024028322
577 274 20 22 0.029038789
493 281 12 24 0.029868504
98 463 7 9 0.03183512
538 258 6 12 0.033545893
468 266 14 35 0.034004044
584 347 22 20 0.037787862
370 285 16 34 0.041675616
374 284 13 22 0.048226286
38 427 13 17 0.04877049
581 279 18 23 0.050670054
569 243 8 10 0.05344002
8 411 12 19 0.054002736
469 280 12 27 0.057278704
590 255 22 19 0.06159062
384 291 17 36 0.06456027
8 414 9 14 0.06554941
39 425 8 11 0.07058675
575 240 9 10 0.07180534
491 345 17 35 0.0726722
385 309 17 37 0.07347474
378 284 20 21 0.07491694
588 271 21 21 0.10612524
587 340 17 34 0.11777468
51 431 13 16 0.11790849
591 324 16 37 0.12867373
586 273 18 35 0.2541154
40 429 8 11 0.26818994
53 433 9 10 0.40144706
12 411 13 18 0.5010017
480 267 15 35 0.5251588
585 263 18 36 0.5263022
524 338 18 39 0.8977489
1005 340 18 37 0.92606294

