0_Parade_marchingband_1_561
19
982 1115 31 169 0.010617671
1009 1014 12 51 0.010654526
231 668 64 100 0.011906059
1004 1008 18 63 0.012328725
981 977 36 148 0.015149328
5 585 30 167 0.016958183
998 997 26 84 0.019004453
990 1149 32 167 0.019280737
4 626 29 208 0.020377861
1008 1046 12 55 0.021344213
836 1048 56 107 0.02136778
3 691 30 203 0.024138514
0 646 49 299 0.025096292
999 1031 23 86 0.043686528
0 403 57 193 0.062785015
1001 1167 20 126 0.08344761
826 1027 57 93 0.091766395
8 452 43 140 0.3596258
196 667 91 87 0.6967472

