0_Parade_Parade_0_68
462
729 348 6 11 0.01002772
291 423 12 19 0.010190352
841 251 5 8 0.010203356
593 404 12 18 0.010222246
484 429 8 12 0.010250271
579 313 5 7 0.010250547
735 386 12 19 0.010264077
515 358 11 21 0.010297545
690 247 5 7 0.010298361
752 271 6 8 0.010371216
292 411 7 9 0.010414249
294 435 8 13 0.010438454
775 204 4 6 0.010452221
408 408 8 13 0.010458747
549 204 5 9 0.010473642
401 329 6 10 0.010527576
741 204 5 5 0.010539096
709 386 12 19 0.010561396
323 233 6 7 0.010567427
513 419 7 14 0.0106414715
312 366 5 6 0.010679541
271 443 8 12 0.010702044
615 153 6 8 0.010791967
737 421 8 11 0.010838117
648 205 5 6 0.010846648
530 346 7 11 0.010889978
119 313 7 14 0.010895917
881 397 6 9 0.010896915
183 188 5 8 0.010922219
796 291 12 19 0.010938823
212 395 8 10 0.010954963
276 202 5 7 0.010980297
801 359 6 11 0.010983037
1 211 7 15 0.0109960195
649 351 6 8 0.011042763
550 380 6 8 0.01106239
422 311 6 10 0.011137757
529 418 8 13 0.011195664
633 382 7 10 0.011228323
266 472 6 12 0.011378089
514 346 7 10 0.011379892
638 386 12 18 0.011389971
401 405 18 29 0.011544212
88 335 5 9 0.011708946
316 449 12 18 0.011775578
579 425 7 12 0.012007317
270 469 12 19 0.012047984
288 463 12 21 0.012061959
693 330 6 8 0.012069376
725 405 12 18 0.012113794
836 221 6 6 0.012138058
278 187 5 6 0.012168577
183 393 6 10 0.012235811
774 233 5 6 0.012260132
291 201 7 8 0.012274924
483 298 6 8 0.012331331
468 441 8 12 0.012336873
458 280 5 8 0.012453769
480 266 6 9 0.012505205
162 346 6 9 0.012516434
734 361 7 12 0.012523367
817 231 6 7 0.0126402285
148 201 5 7 0.012727423
162 186 6 9 0.012744816
744 327 6 9 0.012772036
470 255 6 8 0.0128751425
370 282 5 10 0.012888748
452 441 9 11 0.0128899375
721 329 6 8 0.012932672
289 459 8 13 0.01293954
711 424 9 12 0.01298609
790 378 6 9 0.013021477
789 418 12 19 0.013037635
452 377 7 12 0.013052221
711 186 5 5 0.013104641
628 313 5 8 0.013224452
789 204 5 6 0.01323283
848 295 6 12 0.013336311
658 349 7 8 0.0133506125
535 313 5 7 0.013437638
304 472 13 19 0.013503877
353 404 12 19 0.013557902
435 309 6 9 0.013712398
711 416 19 28 0.013757498
411 281 5 10 0.013824932
103 307 11 24 0.013947628
481 281 6 8 0.014014698
386 376 13 19 0.014105555
792 314 6 10 0.014188671
481 433 12 20 0.014199413
727 249 5 7 0.014259624
77 377 13 19 0.014326819
262 187 5 6 0.014437229
198 168 6 7 0.014452573
310 233 5 6 0.014765139
584 345 7 9 0.014832151
693 423 7 9 0.0149646755
742 235 4 5 0.015245286
695 188 4 5 0.015275934
80 379 8 13 0.015286122
163 235 5 7 0.015327081
840 391 6 8 0.015419361
872 439 6 10 0.015690625
166 404 8 14 0.015709812
197 186 5 6 0.015735123
310 152 7 12 0.015795128
437 376 7 11 0.015851893
185 249 5 7 0.015867148
614 407 8 10 0.015902959
401 378 8 10 0.015928725
432 285 6 9 0.016080331
724 203 5 5 0.016105164
533 298 6 7 0.016259078
387 345 6 9 0.016285984
308 423 8 11 0.016393304
657 358 7 9 0.016431892
696 315 5 8 0.016483722
99 375 11 19 0.016487936
307 475 8 12 0.01669523
463 392 8 12 0.016701736
483 436 8 13 0.016704837
530 408 12 19 0.01680531
463 377 8 12 0.016872212
819 220 5 6 0.01688639
115 282 6 10 0.016997
163 201 5 7 0.017033968
710 233 5 6 0.017125098
654 405 13 19 0.017380029
95 338 12 19 0.017489675
882 423 6 10 0.017525848
256 347 6 7 0.01756726
549 409 7 11 0.01777885
228 378 6 9 0.017791044
505 362 7 11 0.017804664
358 282 5 9 0.017966311
286 457 12 20 0.018079825
659 205 5 5 0.018122926
420 391 8 10 0.018139098
777 396 6 9 0.018148743
408 309 6 9 0.018201925
471 409 8 11 0.01839803
487 392 7 11 0.018666152
244 187 5 6 0.018706834
726 235 5 5 0.018708063
56 223 11 24 0.018900653
593 365 6 8 0.01891205
759 220 4 5 0.018970767
567 379 6 8 0.01903527
147 218 5 7 0.019040348
678 233 5 6 0.0191671
691 361 5 8 0.019183313
215 376 6 9 0.019251123
258 252 5 6 0.01932229
212 188 5 5 0.019433605
806 250 5 6 0.01944884
226 342 6 8 0.019525107
760 233 5 7 0.01957092
516 408 8 12 0.019592792
800 422 8 12 0.019642157
804 410 7 11 0.019695729
93 388 11 20 0.01982224
404 362 7 10 0.019927531
737 378 6 9 0.019955406
70 218 7 11 0.020071756
456 299 7 9 0.02010901
101 360 7 11 0.020133363
790 347 7 13 0.020357136
69 402 7 12 0.020380031
273 473 7 12 0.020460555
403 393 8 10 0.020585446
502 411 8 13 0.020667423
385 361 6 9 0.02076149
596 378 7 9 0.020845488
239 403 9 12 0.020869274
746 284 6 8 0.021291472
567 313 5 7 0.021425392
294 221 6 6 0.021463998
231 188 5 5 0.021484086
787 406 12 20 0.021543087
131 348 5 8 0.021563973
594 393 7 8 0.021592615
273 454 7 14 0.021795854
837 311 6 11 0.021818856
627 409 12 18 0.021865495
806 221 5 6 0.02209499
787 343 12 21 0.022101507
676 312 5 8 0.022168247
311 449 12 19 0.022214456
359 360 5 8 0.022299105
86 388 8 15 0.022485873
69 374 11 20 0.02276359
673 297 5 9 0.02296656
720 425 9 11 0.023108907
777 411 7 11 0.023261921
294 427 7 11 0.023359748
151 390 7 11 0.023434404
642 382 7 9 0.023435289
4 335 11 26 0.023752365
694 233 4 6 0.023759326
103 330 7 10 0.02383768
671 393 8 9 0.02394593
774 220 5 6 0.023959592
338 411 7 10 0.024028352
580 378 6 7 0.024080511
114 362 7 10 0.024112418
98 186 7 10 0.024163777
164 394 7 9 0.024201026
694 409 7 10 0.024217103
213 402 12 18 0.024230158
70 395 7 12 0.024258208
433 299 6 8 0.024281977
661 219 5 5 0.024333376
678 246 5 7 0.024348585
626 294 6 8 0.024464866
721 268 6 8 0.02452765
530 391 6 10 0.024617868
789 220 5 6 0.024730429
184 203 5 6 0.02492217
197 205 5 5 0.025130304
276 232 6 6 0.02515061
375 361 5 8 0.025162641
212 204 5 5 0.025246179
755 327 6 11 0.025306372
249 348 6 8 0.025418798
324 410 6 10 0.025565915
244 203 5 6 0.025688756
416 249 6 10 0.025942886
681 204 4 6 0.02630011
798 307 12 20 0.026410807
261 204 5 6 0.026412677
161 329 7 9 0.02645892
865 417 12 20 0.026629506
312 451 9 14 0.026692467
866 366 6 9 0.026703006
270 451 12 21 0.026773315
248 219 6 6 0.026989983
96 391 7 13 0.027058378
712 375 6 9 0.027061312
855 424 6 10 0.027095398
726 356 12 20 0.027154692
565 299 5 7 0.027491564
214 248 5 6 0.02758291
525 360 11 20 0.027700385
231 404 9 13 0.027785663
345 347 5 8 0.027820917
371 392 7 10 0.027884245
711 366 6 9 0.028096747
724 220 4 5 0.028158939
119 329 7 12 0.028554097
742 221 5 5 0.028787859
367 259 6 14 0.029030932
190 389 12 19 0.029061006
365 246 10 21 0.029307272
230 203 5 6 0.029398188
717 421 13 18 0.029452052
229 401 12 19 0.029627038
133 187 6 9 0.029974455
815 394 6 9 0.030201092
232 395 8 11 0.030212637
720 282 6 9 0.030227695
86 184 7 9 0.03032357
709 203 5 5 0.030460047
795 283 5 8 0.030657694
437 391 8 11 0.03075736
517 363 7 11 0.030775798
594 298 5 8 0.031081406
176 372 12 19 0.031208621
789 411 8 11 0.031215668
643 404 12 18 0.031259768
817 427 7 12 0.03162028
449 360 7 12 0.031700037
417 379 7 11 0.0319009
868 412 6 9 0.03203124
514 281 5 8 0.03210301
372 296 6 10 0.03218625
500 409 12 20 0.03221943
311 248 6 6 0.032639015
710 420 13 20 0.032742538
647 359 6 8 0.032813393
535 282 5 8 0.032996133
259 233 5 6 0.03302225
408 407 20 21 0.033305384
230 247 6 6 0.033725675
738 390 7 11 0.033777818
85 385 11 21 0.034196313
661 420 7 10 0.034684364
646 218 5 6 0.03475297
740 314 6 8 0.034797024
406 405 13 21 0.035292324
623 269 6 9 0.035620395
643 426 8 11 0.0356599
250 333 7 8 0.036477868
130 218 5 8 0.036785014
360 256 11 22 0.037001163
841 296 6 11 0.037571967
117 309 11 24 0.03823331
359 298 6 10 0.038380288
248 234 5 6 0.03860726
854 408 5 9 0.03866707
389 380 7 11 0.038880546
361 247 10 22 0.038914256
706 411 8 9 0.039033096
249 253 5 7 0.03918775
214 220 5 5 0.03926323
227 220 6 5 0.03937463
617 293 5 9 0.039437704
506 283 5 8 0.039542593
693 203 4 6 0.040224988
214 405 9 13 0.040305264
466 299 6 9 0.040614
152 344 6 9 0.040663816
357 391 6 9 0.04067812
85 343 7 10 0.040825218
794 296 7 11 0.041268177
527 364 8 13 0.041420355
628 420 8 11 0.04217256
548 314 5 7 0.042207785
392 329 6 10 0.042317733
310 411 7 11 0.04237074
663 312 5 9 0.042426847
117 321 12 22 0.042489346
711 220 4 6 0.042625982
70 378 8 13 0.043083575
583 282 5 8 0.04308373
502 394 7 11 0.043158073
113 370 12 20 0.043502517
197 220 5 5 0.044226337
388 389 8 11 0.044350855
195 375 7 10 0.044685073
722 298 5 7 0.04497674
532 411 8 12 0.045929022
550 296 5 7 0.046110533
367 248 7 15 0.046435118
708 314 5 8 0.046604324
671 281 6 9 0.046981536
548 281 5 8 0.0473052
503 308 6 9 0.047325794
566 392 6 7 0.047871504
616 278 5 9 0.04838649
757 310 6 8 0.04902094
789 394 6 8 0.049281206
791 231 5 6 0.049800713
342 365 5 7 0.049982306
847 280 6 10 0.050248113
100 378 8 13 0.050697736
261 379 6 7 0.050779715
184 220 5 6 0.050821066
516 393 7 11 0.051019035
728 374 6 8 0.051025607
581 409 7 9 0.0514547
419 279 6 10 0.051646765
662 294 6 8 0.051830817
799 282 6 10 0.051978335
504 374 6 10 0.05199028
467 277 6 10 0.05244307
341 376 5 8 0.052890737
801 311 8 13 0.053243667
709 296 5 8 0.053748276
676 221 5 5 0.05422687
341 392 7 10 0.05437429
362 260 6 14 0.054510456
531 372 7 11 0.054591674
791 422 8 11 0.05470979
870 375 7 10 0.05493029
362 249 7 15 0.054997876
409 300 6 10 0.05514162
868 421 7 11 0.055978324
723 394 7 9 0.056203958
243 396 7 9 0.05660488
358 381 6 8 0.057217646
419 296 6 9 0.057883844
502 301 6 8 0.057901826
583 365 6 9 0.058089353
581 296 5 8 0.05912627
194 250 5 6 0.05916628
247 360 6 7 0.05974657
580 392 6 8 0.0599418
229 236 6 5 0.060383048
562 409 7 11 0.060399108
259 217 6 7 0.060426272
153 334 7 10 0.06045758
181 349 6 9 0.06060491
728 408 7 10 0.06090474
312 389 7 9 0.061052106
293 230 5 6 0.06125816
726 313 5 8 0.061711404
225 334 6 9 0.062327977
728 361 7 12 0.063679166
326 344 5 8 0.06421369
193 392 8 13 0.064286284
116 373 8 13 0.06515619
882 407 7 9 0.06583658
185 233 5 6 0.06610297
756 297 5 8 0.06615292
799 294 8 11 0.06626572
469 264 5 9 0.06732098
692 221 5 6 0.06739167
515 373 6 11 0.06836977
454 390 9 13 0.06848894
843 279 5 10 0.06946417
809 230 5 7 0.07055897
260 359 5 7 0.07109522
194 365 6 8 0.07157531
664 391 7 11 0.07186393
356 406 7 11 0.07220914
310 380 5 7 0.0725853
323 381 6 7 0.07417986
119 343 6 10 0.074203864
711 283 6 9 0.07423263
321 390 7 9 0.07455974
548 267 6 8 0.07518617
113 306 16 33 0.0756058
515 295 6 9 0.075907186
323 363 6 7 0.07624616
737 411 7 10 0.07639084
180 330 7 9 0.07747191
657 410 8 10 0.0775138
244 379 7 9 0.0789005
633 391 7 10 0.078966394
420 266 6 10 0.079508804
370 378 6 10 0.08031702
806 392 6 9 0.08102447
745 299 5 9 0.08227763
214 236 6 6 0.082326956
646 407 7 11 0.084821425
583 267 6 9 0.08576105
514 265 5 8 0.08625002
164 362 6 8 0.08922703
629 412 7 11 0.08952542
262 392 7 10 0.09046097
198 233 5 6 0.09094101
628 282 6 9 0.091941915
134 387 8 11 0.09224338
292 390 6 8 0.092841215
752 280 6 9 0.093966916
291 346 6 8 0.09733431
665 282 5 8 0.09771006
274 221 5 7 0.0978215
656 379 8 10 0.099222794
712 390 7 10 0.09976198
854 396 6 9 0.09991675
276 396 7 9 0.1001501
293 375 5 7 0.10104118
596 408 7 10 0.10123354
453 387 12 18 0.10135066
135 379 6 10 0.10231106
279 379 5 7 0.10243337
132 362 6 10 0.106681526
291 367 5 8 0.10794522
255 332 6 9 0.10803426
98 341 7 11 0.10993251
181 360 6 7 0.11254281
868 392 7 9 0.11667125
617 269 6 11 0.11887005
146 376 7 9 0.119887926
641 389 8 10 0.12405139
152 360 6 8 0.12513882
179 375 7 11 0.12924762
166 375 6 10 0.12944661
501 415 12 19 0.1303763
229 360 6 9 0.14343938
84 357 9 13 0.20225894

