9_Press_Conference_Press_Conference_9_66
73
151 63 34 61 0.0101248
855 262 52 93 0.010205499
155 79 22 20 0.010373942
656 179 12 11 0.010630442
120 1 31 13 0.010933305
609 214 20 20 0.011035261
421 199 28 44 0.011123581
680 236 25 50 0.011281664
382 185 38 64 0.011340726
644 144 25 15 0.011567693
405 284 45 93 0.011581712
834 225 37 67 0.011712417
703 231 17 38 0.0124633275
620 184 20 30 0.012757517
804 143 11 23 0.013144051
128 61 32 66 0.013786096
136 74 17 36 0.013866607
801 141 17 34 0.013907675
133 68 24 48 0.014196403
699 227 22 50 0.014318465
608 309 29 76 0.014709604
442 196 27 44 0.014841789
87 33 23 19 0.014884491
437 189 36 60 0.015005154
804 182 17 37 0.015085722
802 192 25 47 0.015807446
394 318 33 75 0.016373463
801 178 24 48 0.016459612
647 167 24 16 0.016954256
385 161 36 65 0.01718112
770 170 10 26 0.01814382
636 174 38 54 0.018147362
154 68 26 45 0.01927404
706 222 12 27 0.020503772
772 154 17 32 0.021137433
127 29 36 65 0.022026079
776 259 50 103 0.0221412
625 178 21 18 0.023397619
652 203 24 18 0.02378254
776 173 16 34 0.024026278
796 184 35 65 0.024339987
674 228 33 70 0.024359008
647 203 19 35 0.024488742
633 199 24 18 0.024813779
414 163 38 65 0.025955627
670 244 33 77 0.026628649
68 92 33 65 0.026648639
773 163 7 15 0.026665745
415 189 39 62 0.03299712
454 277 41 95 0.033377785
703 220 17 34 0.0336423
265 336 63 81 0.03518828
1009 274 14 43 0.03809603
613 218 13 21 0.038343966
641 144 16 11 0.04096829
613 204 20 31 0.041083384
86 31 12 21 0.042533163
654 199 23 17 0.047929827
126 17 25 18 0.052003916
771 160 11 24 0.05274527
637 168 25 16 0.059771188
644 198 27 44 0.06742933
647 179 20 32 0.08551189
639 190 37 60 0.10120847
647 175 24 17 0.10124928
641 137 16 15 0.13204303
640 173 23 18 0.18593535
408 321 35 76 0.24168514
124 16 29 42 0.3161834
638 140 23 17 0.47548342
892 263 56 90 0.7489525
213 173 69 90 0.80913174
466 291 33 69 0.8523657

