9_Press_Conference_Press_Conference_9_655
100
10 242 17 35 0.010078686
490 187 25 16 0.010517825
800 202 25 43 0.010565208
336 212 22 20 0.010995396
508 231 22 34 0.011082409
179 188 9 8 0.011429863
188 193 22 20 0.0116400905
296 247 21 20 0.011706379
375 187 24 15 0.011716049
507 195 23 19 0.01182432
417 203 21 28 0.012133428
108 193 18 30 0.012143526
712 183 24 18 0.012197126
164 184 9 11 0.013346487
367 196 24 18 0.014788582
458 241 21 31 0.015018916
138 206 25 20 0.015133955
171 185 24 16 0.015819304
392 192 27 34 0.016048945
931 203 19 32 0.018422144
126 228 24 18 0.01951426
521 187 21 28 0.020155959
120 108 11 23 0.020359907
226 213 21 21 0.020949371
255 224 20 29 0.021990929
548 183 15 24 0.022322288
715 194 23 20 0.02401863
413 185 26 16 0.024054954
648 185 25 16 0.024649277
311 192 25 37 0.025012843
768 193 20 33 0.025802754
621 204 19 31 0.026490616
190 201 19 29 0.027647424
260 238 22 28 0.02815506
167 211 25 20 0.030220456
286 240 23 28 0.03197413
847 189 21 23 0.03234678
134 230 26 19 0.03286236
108 196 22 18 0.033855513
550 190 24 20 0.034427907
379 196 24 18 0.035839662
157 180 23 18 0.04034745
856 192 19 32 0.043880265
552 206 21 30 0.04401871
625 195 13 24 0.044126216
389 205 22 29 0.04886631
120 212 23 19 0.04918816
650 205 21 23 0.04939405
362 193 19 30 0.049671452
710 201 28 39 0.05052124
230 243 19 33 0.051908795
489 193 22 20 0.05195671
1015 206 9 36 0.058297615
411 196 25 19 0.05850504
466 192 15 22 0.059985016
642 224 14 20 0.061939858
156 209 24 20 0.06508929
876 208 26 42 0.07250429
343 212 24 20 0.07278614
843 197 27 40 0.076922566
130 198 22 20 0.07840197
470 195 25 20 0.07933963
704 190 22 21 0.08090394
729 192 25 21 0.08402532
741 201 26 42 0.09273157
649 193 19 34 0.09580989
621 190 19 33 0.097585365
172 190 19 31 0.09938237
493 217 28 39 0.1081258
552 184 23 21 0.122271255
478 191 20 29 0.12736918
665 215 33 39 0.15176973
112 214 21 19 0.17802851
315 202 19 31 0.19322644
393 198 26 19 0.25314978
711 186 28 38 0.29441217
135 199 23 21 0.2995127
352 216 28 38 0.34404746
423 192 21 29 0.3536711
464 190 20 29 0.38717553
235 213 19 33 0.4446677
646 199 27 40 0.47581235
726 188 29 35 0.4867225
660 220 40 55 0.4870054
498 214 34 54 0.49580252
579 209 29 40 0.5743214
547 184 20 31 0.5762545
168 203 20 33 0.65849155
305 199 20 32 0.6642993
360 231 32 33 0.6675392
137 216 19 34 0.71884143
793 235 42 68 0.7436327
760 200 26 41 0.7613841
846 185 25 42 0.77014846
887 212 27 38 0.80329275
202 190 21 33 0.8244713
1009 201 15 39 0.8522079
959 212 26 47 0.88126343
67 204 19 33 0.885184
940 185 25 42 0.9086992

