9_Press_Conference_Press_Conference_9_872
34
947 1283 9 14 0.010378069
554 59 90 72 0.010688029
976 843 18 64 0.012060782
947 1219 9 12 0.012294021
976 1227 13 17 0.012491235
948 1190 9 11 0.012519588
963 1211 13 17 0.013005179
965 1235 9 13 0.013046873
994 1205 9 12 0.013446327
991 1212 12 17 0.01380062
964 1182 12 17 0.015125698
977 1282 9 12 0.015237849
484 921 78 142 0.016930064
1007 1199 11 20 0.01697435
993 1246 9 12 0.017190803
995 1236 10 12 0.017605107
994 1266 9 12 0.017614106
978 1196 13 17 0.01793431
965 1205 9 12 0.019613467
962 1266 9 13 0.021362163
978 1250 9 12 0.024766121
994 1186 9 12 0.026709003
978 1222 10 11 0.027659303
1009 1202 9 13 0.029872354
965 1212 9 13 0.032312687
978 1229 9 12 0.037367795
966 1184 9 12 0.038535696
1006 1228 12 20 0.03991019
1009 1231 9 13 0.044222876
993 1214 9 12 0.04433856
535 34 143 121 0.0487541
980 1198 9 12 0.05308405
494 935 54 111 0.07314028
398 349 211 243 0.9899844

