9_Press_Conference_Press_Conference_9_31
199
592 238 12 21 0.010040186
886 389 25 18 0.010044002
862 371 22 18 0.0100835925
229 445 19 34 0.010221586
470 153 6 7 0.010275811
497 109 5 6 0.01035024
289 611 37 67 0.010510597
430 194 16 29 0.010574704
310 439 26 43 0.01062242
414 385 19 32 0.010649376
399 184 8 14 0.010712227
551 151 5 7 0.010730941
586 400 21 19 0.010872068
335 459 11 11 0.010897043
318 332 19 31 0.0109210545
71 417 21 22 0.011214727
344 493 29 40 0.011265357
76 470 16 42 0.011299938
726 518 27 41 0.011388429
174 383 21 19 0.011649277
667 384 20 27 0.011716905
956 445 21 21 0.011840734
333 379 26 38 0.012017226
568 171 7 8 0.012061948
968 467 18 37 0.012075917
927 234 9 12 0.012090438
332 397 20 29 0.012112824
399 208 12 21 0.012117499
20 362 11 13 0.012132159
710 440 20 29 0.01214546
43 354 21 18 0.012417304
589 398 18 31 0.012418672
663 376 21 19 0.012432458
158 422 22 21 0.012697488
453 166 6 9 0.012851268
660 387 10 14 0.012957554
308 439 26 17 0.013547765
661 378 10 14 0.013913758
874 375 22 17 0.013966607
227 515 24 46 0.013976067
873 381 26 38 0.014001079
338 510 41 57 0.014002408
339 489 38 58 0.014479335
646 198 7 14 0.014615052
347 383 13 23 0.01475715
79 380 14 21 0.014893821
436 202 9 13 0.01557216
799 439 20 22 0.01569634
902 430 21 30 0.015751394
1016 310 7 16 0.015804116
907 405 23 19 0.015910735
395 438 20 32 0.016024996
284 586 36 60 0.016054234
257 383 22 19 0.016060434
585 383 18 31 0.01627463
1 398 32 61 0.016418941
591 198 12 21 0.01644752
614 436 26 17 0.016462099
954 428 35 56 0.016829744
158 431 21 21 0.016977645
609 436 22 19 0.016987173
150 537 36 67 0.016997017
0 474 6 40 0.017077448
603 451 24 17 0.017298521
438 209 12 14 0.01735987
328 457 23 17 0.017382652
846 430 19 30 0.017401027
863 388 22 18 0.017428745
64 375 21 20 0.017852424
446 182 13 19 0.01794909
48 289 12 13 0.01820072
932 370 20 28 0.01824166
982 357 24 18 0.01827472
615 424 26 17 0.018342314
978 356 22 17 0.018364796
579 185 7 11 0.01870735
347 383 18 31 0.018725056
3 418 23 51 0.018890277
869 515 26 46 0.018939555
859 423 21 22 0.019254887
595 448 39 58 0.019267278
576 180 12 20 0.019367682
488 108 5 6 0.020697247
515 138 5 6 0.021009
75 355 20 19 0.021259554
297 454 30 42 0.021363564
584 209 12 19 0.021409672
168 413 19 32 0.021445734
580 171 6 9 0.021480037
536 136 5 5 0.021789117
444 209 14 14 0.021793168
264 384 24 19 0.022231994
73 592 23 49 0.022445489
643 194 11 22 0.02280304
67 383 21 20 0.023124525
390 182 12 22 0.023165708
154 513 32 68 0.023711594
391 456 30 41 0.02432942
301 448 23 20 0.024335373
396 180 12 20 0.025055934
561 121 5 7 0.025484899
46 343 13 16 0.025628712
545 106 6 7 0.025648713
741 387 13 24 0.025813285
502 137 5 6 0.026644874
71 454 27 73 0.02727671
797 445 20 23 0.027854016
560 138 5 7 0.027963743
449 186 8 11 0.027975366
958 438 20 22 0.02822737
656 380 18 29 0.028260782
969 437 22 22 0.028603844
810 380 18 24 0.029408904
798 456 26 46 0.02963533
62 606 36 65 0.03044026
1 306 11 19 0.030515555
48 345 10 11 0.031942848
537 107 6 7 0.033476017
933 369 26 17 0.03392999
434 187 8 13 0.033978675
232 454 26 43 0.03427232
24 360 22 19 0.03460109
1003 298 17 35 0.036996406
177 374 14 20 0.037254084
411 397 20 32 0.037512124
586 457 28 40 0.037584238
453 154 6 8 0.038938437
2 310 7 12 0.039157126
16 360 21 18 0.03917481
122 374 17 32 0.04091175
123 373 13 22 0.041386478
386 431 38 57 0.041578796
363 101 5 13 0.041828446
431 184 13 19 0.042483855
443 202 14 19 0.042865153
920 231 9 13 0.043024223
70 421 22 50 0.043709215
808 372 12 25 0.043847177
961 217 9 13 0.04386296
746 383 19 28 0.04448055
393 101 6 12 0.044561516
934 362 26 16 0.048656482
959 215 12 18 0.048861638
83 338 14 18 0.051667612
368 100 5 12 0.052037317
960 456 32 66 0.052504864
552 138 5 6 0.05468932
385 447 41 57 0.055485077
257 375 22 18 0.055893503
589 387 21 20 0.055989552
119 372 13 23 0.05696171
189 376 23 20 0.059114695
189 383 22 20 0.061004862
611 431 27 42 0.06361525
551 121 5 7 0.06528503
487 138 5 6 0.06572758
73 484 21 55 0.0658408
177 373 17 32 0.0660528
925 361 23 17 0.06688446
660 376 13 20 0.06902286
516 123 5 5 0.070447855
191 430 25 48 0.07412978
7 549 27 83 0.07493082
7 408 18 38 0.07832072
68 406 17 35 0.07845074
869 504 27 43 0.082516335
292 445 41 58 0.08286628
262 377 26 18 0.08454188
966 476 32 66 0.086038716
487 124 6 6 0.08688902
339 386 19 22 0.08699644
927 369 23 18 0.08901599
499 124 6 6 0.090285346
877 390 23 20 0.09225253
470 122 6 8 0.09352966
659 383 13 20 0.09970603
871 403 19 33 0.101218775
473 135 5 6 0.10547471
114 376 18 34 0.10550983
535 122 5 5 0.10600405
1014 304 10 28 0.12111806
43 285 19 19 0.122619756
156 422 24 47 0.12361773
804 438 18 33 0.14380108
301 434 23 20 0.15437907
190 377 19 34 0.15753475
78 376 20 21 0.15890093
434 200 14 21 0.16085155
962 437 21 32 0.16131656
297 437 28 41 0.16857712
262 376 20 30 0.19820803
862 427 19 31 0.19975998
809 369 18 30 0.20211034
74 374 18 32 0.2552805
2 571 30 72 0.2647199
439 205 20 20 0.3889888
45 283 15 16 0.45281383
20 308 14 18 0.5604908
589 208 14 19 0.59470856

