9_Press_Conference_Press_Conference_9_89
19
951 553 13 22 0.011004812
940 603 49 56 0.011109056
1004 259 13 47 0.011872019
987 307 30 77 0.012579712
922 600 55 100 0.0141563
787 278 52 98 0.017868359
792 275 41 71 0.018330626
849 324 43 60 0.021965351
510 224 53 84 0.025620354
1014 289 9 33 0.030740153
963 311 36 69 0.039313037
952 556 20 21 0.040308587
1002 281 20 56 0.04203351
924 606 49 58 0.044195093
826 298 48 101 0.076533735
792 222 46 64 0.5879467
142 125 58 104 0.7911791
654 206 81 91 0.9823533
400 172 76 99 0.987234

