12_Group_Large_Group_12_Group_Large_Group_12_15
20
856 438 34 38 0.760298
568 308 28 36 0.7888471
636 446 33 42 0.8276884
737 344 28 39 0.8418197
765 268 32 43 0.8597698
614 192 33 52 0.8951524
520 391 28 41 0.8958204
403 238 40 47 0.9091714
171 382 32 36 0.9149584
805 425 31 40 0.9308843
407 368 44 52 0.9366554
852 203 40 54 0.93878794
518 260 33 41 0.9408965
636 327 31 40 0.94424325
244 356 33 38 0.94489825
358 280 34 47 0.94591117
76 414 30 43 0.948313
305 194 40 49 0.95165193
218 213 32 54 0.9564315
137 327 37 38 0.9607938

