12_Group_Group_12_Group_Group_12_227
20
731 186 31 35 0.66442776
606 216 29 42 0.6843531
326 217 30 37 0.6865235
392 241 28 45 0.72825795
481 273 27 41 0.7422273
335 152 24 41 0.7447442
391 304 27 46 0.7459007
695 214 29 39 0.7675923
648 276 29 38 0.7753489
569 181 27 40 0.77570796
394 179 30 38 0.81011456
550 281 28 40 0.8188614
838 194 28 37 0.831716
637 147 29 40 0.8876849
714 145 27 40 0.89063835
297 180 29 36 0.8942201
807 259 29 41 0.8945627
238 177 28 39 0.8964012
181 259 36 39 0.8974832
736 268 28 43 0.9016969

