12_Group_Group_12_Group_Group_12_80
20
643 114 24 42 0.73760706
837 167 28 38 0.75869024
422 226 29 48 0.8095546
472 122 31 38 0.8143299
652 218 33 42 0.81927186
523 97 26 40 0.8381081
135 116 27 38 0.8473679
542 226 33 41 0.87127537
303 300 28 44 0.87852895
931 132 29 40 0.9100811
708 119 25 41 0.9116769
807 118 27 37 0.9129731
352 125 28 41 0.915042
184 287 34 55 0.91655004
406 105 31 39 0.9236114
769 283 31 44 0.94616103
224 125 28 42 0.94954866
72 140 28 42 0.9622529
286 115 28 41 0.96420914
873 280 28 40 0.96555007

