12_Group_Group_12_Group_Group_12_28
20
306 134 32 41 0.7770462
610 50 39 48 0.7856438
105 72 37 51 0.80980295
385 198 38 56 0.8226713
179 198 36 45 0.8259755
520 251 34 51 0.8624718
551 111 32 43 0.87443054
247 251 38 55 0.8819549
905 104 40 63 0.8907532
802 135 38 55 0.8919609
128 122 37 62 0.893139
513 61 33 42 0.8935758
222 93 35 52 0.91525406
73 18 33 51 0.93832576
610 92 39 61 0.94299805
261 146 34 55 0.9511775
167 39 30 43 0.9531741
665 55 37 54 0.96798563
792 77 37 49 0.97291493
707 81 34 57 0.9829018

