12_Group_Team_Organized_Group_12_Group_Team_Organized_Group_12_503
20
628 53 29 36 0.7910609
726 101 30 40 0.791582
750 63 25 29 0.7955661
329 91 33 38 0.80052686
300 53 23 34 0.82209605
158 47 27 38 0.82695025
340 203 30 41 0.8575157
883 111 35 36 0.85862726
410 72 28 41 0.85927194
233 42 21 34 0.8685699
489 71 28 39 0.86882746
136 175 35 38 0.86946076
542 177 39 50 0.87225455
25 178 40 49 0.88287115
648 206 27 42 0.9181003
952 203 34 41 0.9340775
756 204 36 38 0.9358883
265 104 27 40 0.94845635
95 104 34 37 0.9491484
868 199 32 43 0.95791817

