12_Group_Group_12_Group_Group_12_379
20
483 117 27 41 0.6367414
629 231 35 37 0.6594858
730 132 24 31 0.6726856
293 166 30 36 0.6844032
358 156 28 36 0.69838905
761 156 32 34 0.7058494
428 156 32 35 0.7073498
331 242 29 43 0.7127257
792 106 27 36 0.7342546
847 112 26 40 0.7395067
896 229 29 43 0.74996203
284 110 27 40 0.769988
869 168 30 37 0.8152455
426 248 28 43 0.8248388
157 187 28 36 0.8322631
190 100 30 41 0.8345278
156 245 31 36 0.8380592
82 233 31 40 0.8395484
801 242 30 40 0.87802833
736 217 28 43 0.91149354

