2_Demonstration_Protesters_2_370
41
453 207 26 61 0.01061412
353 243 38 72 0.010929768
632 226 40 58 0.011213552
678 224 21 21 0.012409261
44 275 34 40 0.013286353
210 230 38 52 0.013916878
266 252 52 50 0.014564151
514 232 31 46 0.015119044
348 208 25 52 0.015143872
649 232 22 19 0.016304083
457 236 21 22 0.01642908
458 228 21 24 0.016461164
570 197 42 60 0.016583392
116 68 103 155 0.016956441
214 244 26 20 0.021011537
592 229 46 66 0.02217427
530 225 41 64 0.022606859
275 247 36 39 0.026423361
375 254 40 69 0.031108605
454 227 18 36 0.037216492
516 189 47 92 0.037282072
346 229 27 51 0.039071545
421 204 31 69 0.040272623
232 76 113 155 0.051251944
323 222 56 76 0.06829749
173 86 116 147 0.074069604
380 224 53 79 0.079971224
208 241 22 29 0.12646452
408 220 34 68 0.19149274
213 237 28 37 0.2074517
679 223 13 19 0.27882525
593 338 62 106 0.34801367
522 211 58 86 0.39200613
706 186 47 62 0.456988
510 220 41 65 0.4980915
341 217 35 73 0.54871774
573 229 59 85 0.6545652
260 241 46 55 0.6714727
457 218 18 40 0.70166016
125 243 38 51 0.8962617
47 260 39 63 0.9154829

