2_Demonstration_Demonstration_Or_Protest_2_1
121
156 509 37 58 0.010016233
653 206 20 31 0.0100745335
828 262 28 44 0.010143431
58 256 18 62 0.010219795
174 159 48 51 0.010491734
712 206 20 30 0.010936533
543 155 18 19 0.011027235
800 299 19 24 0.0110406475
65 573 48 101 0.011290724
77 42 15 42 0.011644112
924 118 19 34 0.011842542
672 511 32 66 0.011907424
128 493 20 36 0.011930763
185 487 36 56 0.011977141
723 185 7 8 0.012226886
967 288 29 44 0.012454027
712 200 7 10 0.012897572
633 564 44 109 0.012921944
903 253 22 36 0.012942128
631 573 32 77 0.013396737
310 267 26 44 0.013543311
674 125 12 20 0.01357543
598 163 8 11 0.014105521
35 277 31 74 0.014788498
690 118 6 8 0.014789847
299 5 28 16 0.014879926
902 118 21 37 0.01501032
724 557 48 105 0.015061307
216 258 31 39 0.015071532
613 153 8 10 0.015083958
631 603 34 76 0.015315463
504 244 26 42 0.015581139
201 466 26 41 0.015706576
329 470 29 49 0.015844997
741 281 35 60 0.01666157
161 516 28 41 0.016727597
405 545 36 65 0.017175091
486 549 35 60 0.017380925
811 235 18 39 0.017407607
862 101 20 35 0.017485227
382 626 58 54 0.017527236
291 520 44 63 0.017764665
703 534 33 73 0.01785761
895 131 32 37 0.018488102
598 529 53 89 0.018512918
933 271 20 34 0.018819459
528 571 38 68 0.019189151
96 638 36 42 0.019763768
389 17 20 31 0.020290755
206 248 31 42 0.020609008
628 538 36 69 0.020747134
718 535 50 93 0.020967025
382 542 38 63 0.02181213
190 493 28 40 0.0239585
135 228 34 67 0.024564775
59 247 16 39 0.024990141
823 252 38 60 0.0250431
585 150 8 12 0.025055153
675 121 7 10 0.025197534
204 501 25 18 0.02550328
110 297 29 46 0.02597079
191 616 25 49 0.026122056
382 616 41 64 0.026280897
632 527 46 98 0.027433949
575 513 34 62 0.028174516
592 150 8 11 0.03118047
753 570 36 72 0.033072624
513 260 31 60 0.03561842
521 265 26 45 0.036184948
39 259 30 74 0.039042972
70 26 28 74 0.045089897
792 271 26 45 0.04597648
104 488 39 55 0.048557617
991 162 23 52 0.05933415
815 527 27 47 0.06029167
994 136 24 50 0.06088245
67 16 23 51 0.06118
626 522 36 66 0.0640979
820 233 36 66 0.06534435
225 548 20 21 0.07791702
744 564 35 73 0.079062276
167 158 37 55 0.08161598
517 473 33 63 0.082712606
515 573 38 64 0.08773915
155 497 27 43 0.08927164
154 233 25 48 0.09275336
739 545 32 77 0.108373486
706 240 27 42 0.11159229
314 401 20 31 0.13226967
480 245 29 41 0.13752677
965 169 37 54 0.14680806
774 267 25 46 0.15705453
545 153 13 18 0.15927035
746 276 26 44 0.168302
532 265 30 43 0.17107663
117 481 35 58 0.17434324
926 260 35 58 0.20749365
818 519 33 63 0.23483746
300 261 26 48 0.24135303
804 222 33 66 0.25824067
311 510 37 69 0.2598742
113 289 35 65 0.27028906
518 470 28 46 0.27367336
617 521 33 66 0.2753568
897 252 38 56 0.30664012
323 471 34 71 0.35471883
211 239 32 60 0.39739853
209 128 37 62 0.3981797
850 86 22 50 0.4009014
609 241 32 63 0.45486432
355 252 34 56 0.4746751
483 267 31 70 0.48811406
570 231 33 56 0.49340528
411 242 34 55 0.6134383
959 269 35 59 0.6247714
483 32 30 43 0.6415542
1001 113 23 46 0.64605
899 113 33 53 0.6922429
855 89 26 45 0.81457824
351 10 31 41 0.83485067
227 1 28 41 0.88974345

