2_Demonstration_Demonstration_Or_Protest_2_430
71
995 353 13 20 0.010183458
28 206 41 55 0.010485247
732 135 38 71 0.010773366
50 297 39 62 0.010793026
117 213 11 10 0.011207426
483 163 37 66 0.011358881
223 187 34 63 0.011437673
775 125 27 46 0.011739472
130 377 41 57 0.012224532
504 105 39 97 0.012326129
163 177 37 58 0.013007347
377 519 36 57 0.013047388
846 91 20 21 0.013597343
24 356 39 70 0.013916716
413 241 28 46 0.01448446
374 507 60 69 0.014527194
188 210 26 42 0.014714566
390 230 36 66 0.014832352
10 323 41 121 0.014874804
866 164 23 32 0.015359088
180 160 8 15 0.015385598
112 210 23 16 0.015620088
180 204 13 21 0.017155502
967 514 30 62 0.017220877
337 512 61 64 0.018164966
93 210 40 53 0.018253088
170 184 27 42 0.019282289
188 208 21 21 0.019440288
786 137 37 60 0.020134978
35 334 37 71 0.020207178
413 218 37 61 0.020393206
495 112 40 73 0.021864083
961 499 28 74 0.0225096
822 124 27 42 0.022563484
3 183 13 42 0.023755988
437 228 35 67 0.0237651
842 89 19 32 0.024066394
32 281 40 60 0.02730948
178 157 11 21 0.027449941
767 123 37 63 0.027973512
235 216 20 37 0.02931265
95 214 30 38 0.030016314
727 72 7 9 0.031268746
57 213 22 18 0.03198864
655 110 28 49 0.036609683
189 197 17 36 0.03737354
534 41 31 71 0.037877347
32 298 39 63 0.038197357
246 201 33 66 0.045849822
678 120 37 84 0.05804288
409 231 36 64 0.064055316
855 226 50 63 0.066455826
60 219 21 30 0.07683259
809 123 26 45 0.087873556
657 125 54 77 0.09754828
58 218 22 19 0.100146
688 126 39 81 0.1071366
697 128 51 82 0.13633132
858 170 42 57 0.21136808
850 195 50 97 0.2515715
856 159 40 53 0.3283696
231 203 33 58 0.40080124
0 143 17 57 0.52409273
111 222 48 87 0.5358501
494 123 45 93 0.55664325
652 99 34 72 0.62923044
289 204 37 77 0.6841332
611 117 36 77 0.70462257
659 102 35 83 0.72801965
769 139 37 68 0.75375247
353 173 36 69 0.94325274

