2_Demonstration_Demonstrators_2_689
57
212 207 12 13 0.010271059
37 206 26 16 0.010501075
32 206 23 17 0.010699899
45 258 19 30 0.0109200915
193 266 19 37 0.011016999
94 231 18 28 0.011062255
16 373 45 64 0.011069237
299 240 18 34 0.011271924
171 222 23 17 0.011370663
260 215 17 31 0.013482392
907 225 48 81 0.01365216
219 207 14 18 0.015746545
40 233 20 20 0.01773247
254 223 21 19 0.019150585
0 237 26 40 0.019978
86 234 9 15 0.020288846
6 249 22 20 0.022312436
347 191 21 18 0.023881948
43 236 18 32 0.026363982
331 256 18 38 0.026757235
149 237 11 14 0.026854198
50 254 14 20 0.02838349
78 231 18 29 0.02847636
354 314 44 72 0.029267471
1 346 41 110 0.02960352
320 206 17 34 0.0308471
144 231 18 28 0.031372618
375 337 40 65 0.03276692
316 216 22 19 0.03317598
323 232 24 49 0.034924205
352 193 17 32 0.040464874
210 210 18 29 0.042381838
927 236 32 71 0.058332555
346 326 58 77 0.060477637
214 211 15 19 0.06164528
378 315 40 72 0.06986421
37 238 11 11 0.0731061
314 204 23 18 0.084804475
35 235 14 17 0.08723102
52 258 13 20 0.095258355
171 234 19 30 0.12877257
349 196 20 19 0.13168573
299 250 27 44 0.14611116
91 232 13 22 0.14706114
2 248 19 22 0.1967492
151 234 22 21 0.20230249
932 218 30 75 0.20716043
215 211 22 21 0.21362719
209 205 21 20 0.25581965
324 244 33 62 0.30750203
84 231 13 21 0.3079685
171 232 23 19 0.3252964
258 227 19 21 0.62717426
183 258 33 60 0.62744045
148 235 15 19 0.64615184
364 306 50 98 0.78550947
129 305 32 67 0.84036213

