2_Demonstration_Demonstration_Or_Protest_2_304
57
765 242 92 146 0.010263961
618 372 24 18 0.010504058
280 315 35 33 0.010525286
700 334 41 53 0.010963631
142 267 22 18 0.011207062
220 311 34 36 0.01172076
362 372 32 38 0.01214808
547 365 32 41 0.012594481
669 379 29 40 0.012712273
984 443 28 87 0.012741079
763 532 87 145 0.012899467
213 302 45 48 0.013178694
1006 489 17 128 0.013339368
575 370 21 34 0.013760984
518 366 32 41 0.013793056
30 354 23 18 0.014263277
666 380 39 56 0.0144239385
771 548 35 77 0.014490711
718 385 27 43 0.014820353
703 342 32 36 0.015771514
961 431 34 73 0.018082043
218 355 35 33 0.020236153
5 406 17 34 0.021496167
988 425 29 81 0.022339795
183 253 14 17 0.025814826
639 377 31 37 0.0291042
187 251 14 18 0.029296085
253 392 45 51 0.030405281
967 420 42 122 0.03254078
617 377 23 20 0.03290461
691 408 35 40 0.033267315
724 390 30 39 0.038815178
0 393 9 28 0.03884392
774 549 54 105 0.039460257
602 358 28 39 0.04122984
690 390 58 76 0.044739343
212 238 10 13 0.045175407
2 385 16 36 0.046167016
37 351 28 39 0.055621017
918 365 30 74 0.06374694
721 389 36 61 0.07735874
611 373 21 31 0.0922834
36 389 28 42 0.13085556
292 378 37 51 0.13698474
32 399 28 40 0.34610534
77 383 30 42 0.34841418
191 278 48 64 0.38183466
564 356 31 44 0.41092733
80 376 35 56 0.66339916
679 397 42 61 0.70809793
307 386 33 39 0.7898153
553 347 36 62 0.81471527
520 347 36 61 0.8715275
376 365 33 40 0.89317226
262 381 34 53 0.90757555
434 373 40 58 0.9455834
777 278 75 144 0.9806655

