2_Demonstration_Protesters_2_881
19
749 52 125 134 0.010907059
731 34 267 293 0.010914959
496 187 42 64 0.0111986725
776 74 248 349 0.011234625
746 105 122 144 0.011376352
991 119 30 76 0.012103151
15 319 22 19 0.012318938
13 312 22 18 0.012997218
14 314 17 34 0.015645728
511 163 201 286 0.016519574
352 359 39 58 0.016759414
762 26 77 69 0.017244289
795 55 139 129 0.026526289
43 290 18 32 0.026533553
963 75 52 101 0.03028218
41 302 26 20 0.06153651
340 283 26 44 0.13875392
44 297 21 32 0.91359365
331 283 31 55 0.9393801

