2_Demonstration_Political_Rally_2_117
222
825 173 22 18 0.010195654
137 182 7 9 0.010218455
689 193 14 17 0.0102794925
65 136 7 9 0.01037541
644 141 9 10 0.010405305
362 200 21 25 0.010428185
560 211 8 6 0.010636702
227 211 6 11 0.0110151395
186 219 26 41 0.011257355
752 191 13 17 0.011331748
1015 154 8 30 0.011428414
335 209 20 19 0.0115681775
423 214 19 28 0.011648926
114 213 11 11 0.0117118815
241 204 11 21 0.01180765
880 193 8 9 0.011830974
341 212 8 9 0.011894896
333 219 21 19 0.011993025
164 114 6 7 0.012048393
769 194 14 17 0.012067722
939 188 17 33 0.012208627
565 134 5 8 0.012622345
876 211 19 31 0.012712955
268 209 13 23 0.012932014
86 228 9 11 0.013390481
874 190 21 22 0.013418328
659 192 11 10 0.01347751
48 204 22 20 0.013651185
195 227 10 11 0.013721126
715 217 18 33 0.014074733
936 174 7 11 0.014267348
835 191 32 53 0.014578427
188 233 21 20 0.014616871
703 207 8 11 0.014710647
128 222 11 12 0.014970264
30 206 14 22 0.01504928
609 191 22 19 0.015054141
847 210 21 21 0.015288936
269 189 9 13 0.015531599
80 226 21 18 0.01565521
246 192 11 20 0.015919026
740 191 14 17 0.016616903
618 204 23 17 0.016705401
169 196 9 11 0.01672282
796 216 15 20 0.01674643
418 211 11 11 0.016942417
136 205 18 27 0.017117042
482 170 7 8 0.017297031
262 181 12 18 0.017776292
196 206 12 19 0.017821668
560 183 6 6 0.018020589
57 134 7 9 0.01818157
415 174 13 17 0.018194351
437 194 14 17 0.018624725
680 216 19 32 0.018684518
126 328 18 34 0.018842798
417 169 8 9 0.019011823
875 183 27 59 0.0191415
679 195 8 9 0.019220823
389 188 13 18 0.01957535
584 180 6 6 0.019596068
945 167 7 11 0.01961166
198 210 8 10 0.020448683
538 225 23 17 0.02055588
91 224 21 18 0.020695237
52 194 14 19 0.020962734
107 223 19 30 0.021170085
408 151 6 8 0.021710915
195 194 12 18 0.021811813
915 133 6 9 0.021866046
263 216 12 22 0.022133399
266 198 16 31 0.022590242
143 198 9 9 0.022875464
902 211 17 34 0.023045272
865 202 13 23 0.023203388
70 195 21 20 0.02321851
264 216 19 31 0.023519602
366 189 13 18 0.024322007
264 184 8 12 0.0250954
269 217 13 21 0.025460191
757 208 13 17 0.025606852
133 211 10 12 0.02570399
533 207 8 8 0.025832057
416 190 14 17 0.025853517
468 193 12 17 0.026069298
472 169 7 9 0.026126986
582 214 7 8 0.026271617
135 197 9 10 0.02700452
856 191 8 8 0.02963134
683 201 20 29 0.030441055
745 202 20 27 0.030501345
785 217 22 19 0.030812738
65 142 7 8 0.030941913
708 202 20 28 0.032554403
640 206 15 20 0.03266169
821 168 6 6 0.03344895
267 187 12 19 0.033833917
248 194 7 12 0.034810286
965 191 12 25 0.035390597
582 194 7 7 0.03580535
18 200 17 32 0.035891585
695 208 9 12 0.036202926
402 205 20 22 0.03651404
885 166 5 6 0.037559133
818 176 13 18 0.03778221
391 186 6 7 0.0378
263 205 12 25 0.03835139
208 195 6 10 0.038910743
745 225 21 22 0.039579235
468 206 8 10 0.039699648
929 691 41 63 0.039904337
343 196 8 8 0.041025136
680 184 7 7 0.04174999
744 233 21 22 0.042360555
626 195 10 11 0.04245537
448 193 19 17 0.0434642
401 191 13 17 0.04352102
778 212 20 29 0.043717906
652 189 22 18 0.044017725
439 195 9 11 0.04410439
759 210 9 10 0.044738274
631 194 24 18 0.044750188
546 229 9 9 0.04715276
870 169 5 6 0.04718482
102 329 18 34 0.047985736
692 184 6 6 0.04853569
696 203 19 23 0.051428605
934 165 6 10 0.052749425
791 182 6 8 0.05712313
471 177 7 9 0.057877094
622 192 22 30 0.05872279
814 192 10 11 0.060052726
547 213 8 8 0.062342364
920 162 6 8 0.06241562
175 202 12 19 0.063692786
561 196 7 6 0.064910844
190 223 20 20 0.065501496
795 211 23 20 0.06702077
178 205 8 13 0.06734134
144 211 11 13 0.06747366
501 178 6 7 0.06872677
854 167 5 6 0.06980144
853 179 7 6 0.070298925
782 208 10 12 0.07060882
866 189 13 18 0.07439223
900 162 6 7 0.076135844
408 184 6 7 0.076349996
129 209 20 20 0.07987213
499 194 7 8 0.08298032
356 193 13 17 0.08530416
836 169 6 6 0.087176815
805 182 7 8 0.08935167
834 176 8 8 0.089359276
121 218 21 19 0.08983155
470 195 8 11 0.09070935
882 180 6 8 0.09261591
725 191 7 7 0.09374077
173 195 13 17 0.09379104
112 221 23 18 0.094834566
772 207 12 10 0.09695629
772 197 8 8 0.09885529
283 195 22 21 0.09915199
789 193 13 18 0.10009045
778 205 20 27 0.10693088
694 204 13 21 0.10999005
370 192 8 9 0.11128406
892 196 18 36 0.11304184
711 183 5 5 0.117922835
693 195 7 8 0.123440795
548 194 6 7 0.12355256
805 194 19 28 0.12852974
419 192 9 9 0.13102956
519 183 5 6 0.13398759
620 191 21 19 0.13896374
391 192 8 8 0.14057902
486 178 6 8 0.14943253
869 180 6 7 0.14999755
767 205 22 18 0.15262203
197 197 8 10 0.15668286
418 178 8 9 0.15988813
779 206 15 18 0.15998532
755 194 7 8 0.16478203
838 210 21 30 0.16537784
108 210 22 19 0.1658682
263 190 9 13 0.16984597
535 184 5 6 0.17412165
807 188 20 20 0.1761348
549 183 6 7 0.17799416
262 187 12 19 0.18035746
769 183 7 7 0.19154786
709 193 6 7 0.19297127
371 185 7 8 0.1972395
478 189 13 17 0.19833395
518 193 7 8 0.20413283
790 195 9 11 0.21752527
403 193 8 9 0.21776213
744 194 7 8 0.23128174
821 178 7 9 0.23351257
725 182 6 6 0.2337549
805 191 11 12 0.24310488
637 201 21 30 0.25735408
358 196 9 10 0.27536595
869 191 7 10 0.27981153
29 204 18 33 0.28073907
176 197 9 12 0.28613117
738 182 6 6 0.2912457
759 183 6 7 0.30153355
794 213 20 29 0.31477404
961 190 17 37 0.32016516
141 208 14 19 0.3622205
532 194 7 8 0.3858232
64 198 21 22 0.39670774
287 194 20 30 0.43591025
737 221 20 32 0.4435781
411 206 21 21 0.4512411
804 189 15 17 0.46013752
882 191 18 37 0.47508466
380 212 30 37 0.48444512
841 200 21 35 0.5061337
481 191 8 12 0.5441048
453 196 10 12 0.5660827
586 196 32 40 0.73014903

