2_Demonstration_Demonstration_Or_Protest_2_140
488
1016 257 6 12 0.010080604
688 399 10 12 0.010115079
708 149 5 8 0.010206179
400 558 14 18 0.01023175
727 292 6 9 0.010392889
860 320 12 16 0.010469442
771 150 6 7 0.010530731
388 622 14 13 0.0105787655
593 227 6 7 0.010615377
143 580 14 19 0.010731244
646 606 14 17 0.010757467
517 224 6 9 0.01083056
863 285 12 16 0.0109722065
914 606 16 13 0.0109781325
143 589 12 14 0.011035505
664 180 6 7 0.01103754
558 503 18 20 0.011049529
236 467 12 13 0.011161716
453 645 14 13 0.011251916
840 137 5 7 0.01127425
303 522 12 15 0.0113683045
353 610 22 17 0.0113716815
729 212 5 7 0.011584524
579 257 6 9 0.011633115
794 649 27 16 0.011707224
199 589 13 17 0.0117282355
199 374 9 11 0.011740694
708 163 5 7 0.011793004
835 260 6 9 0.011926874
211 624 21 18 0.011929975
631 195 4 6 0.0119652515
592 339 12 17 0.011973897
239 602 19 27 0.012129011
625 609 15 18 0.012166342
661 448 12 18 0.01217291
742 289 7 10 0.012252967
928 323 10 11 0.012307874
250 606 13 18 0.012322977
403 81 7 8 0.012340155
583 243 6 9 0.01251003
775 277 6 9 0.012518303
993 271 6 9 0.012610768
221 625 20 27 0.012631091
686 525 14 18 0.012884248
929 183 5 7 0.012997372
817 307 8 9 0.013127707
298 520 19 19 0.013157213
680 200 5 7 0.013246885
614 197 5 7 0.013359874
419 532 10 13 0.0133624505
401 609 13 16 0.0133983325
785 315 12 17 0.013508395
606 373 9 13 0.013516149
610 405 9 13 0.013590886
709 273 6 8 0.013657895
712 181 5 8 0.013711848
684 385 13 16 0.013754489
892 276 13 15 0.013790429
944 290 9 11 0.0138426
908 591 22 18 0.014013334
201 637 24 17 0.014026399
501 405 6 11 0.01404778
719 385 8 13 0.014060725
801 319 7 11 0.014120382
633 183 5 8 0.014130942
877 572 13 18 0.014133611
319 587 13 17 0.014164382
756 279 6 8 0.014189846
461 394 9 16 0.014234772
380 509 11 16 0.014276082
615 212 5 6 0.014283538
305 581 10 12 0.014316385
713 260 6 9 0.0143281175
724 193 5 8 0.0143901445
292 516 13 18 0.014514844
745 309 6 10 0.014559998
793 149 5 7 0.014596789
485 625 9 11 0.014606189
679 475 13 16 0.014657813
679 150 4 7 0.014736581
579 279 7 9 0.014764592
367 607 13 13 0.014766395
379 635 15 18 0.01507066
591 455 12 13 0.015173828
328 382 6 10 0.015191239
231 487 11 12 0.0155457575
719 632 21 19 0.0155570125
245 609 14 13 0.01556594
643 242 6 7 0.015636697
802 261 6 8 0.01578113
517 243 7 11 0.015843859
850 593 20 19 0.015987955
910 643 22 20 0.016080203
551 305 8 11 0.016159581
896 262 8 9 0.016269622
932 283 13 17 0.016440457
571 531 18 22 0.016445292
752 321 7 11 0.016446881
694 145 6 8 0.016486969
728 273 6 9 0.016543755
692 543 13 17 0.016663056
327 639 25 15 0.01668748
112 610 22 18 0.016690588
950 242 5 8 0.016721739
520 525 13 19 0.01682012
679 341 8 10 0.01725077
999 223 5 8 0.017308878
678 163 5 7 0.017337052
957 589 21 25 0.01741743
940 637 21 28 0.017679235
852 147 5 7 0.017691555
600 375 10 13 0.017943425
286 525 10 14 0.018252723
726 339 8 12 0.018306868
311 654 25 17 0.01844891
175 624 18 29 0.018562168
17 651 13 21 0.018701315
931 276 13 16 0.018771656
469 593 7 10 0.018792672
686 469 14 17 0.018807735
885 215 5 5 0.018830262
695 654 22 18 0.018874243
230 493 11 12 0.019027777
821 231 6 7 0.019035699
821 212 5 7 0.019150091
753 590 22 18 0.019273886
108 620 21 20 0.01930796
893 620 21 19 0.019480916
565 257 7 10 0.019654071
381 575 12 14 0.019755967
805 182 5 5 0.019759277
302 657 24 15 0.019804802
642 198 5 7 0.019945579
340 360 7 12 0.019995265
753 305 7 10 0.020030353
659 199 5 7 0.020134503
610 257 6 9 0.020375848
788 311 7 10 0.020496408
902 635 21 28 0.02060105
417 529 14 18 0.020695671
746 654 23 18 0.020809347
771 523 22 18 0.020876104
181 653 15 19 0.020876836
661 226 5 6 0.02087976
428 505 12 20 0.021071985
694 164 5 7 0.021363769
621 633 23 18 0.021392364
528 373 7 13 0.021478692
669 448 13 17 0.021657458
634 487 20 20 0.02170079
706 226 6 8 0.021707807
688 367 9 11 0.02182747
182 643 26 29 0.021848105
674 396 9 12 0.022048509
646 276 6 10 0.022262342
965 271 7 10 0.022274058
245 564 14 13 0.022407673
490 431 8 14 0.022536831
740 167 5 6 0.022622366
630 625 23 18 0.022800138
832 272 7 12 0.023009008
368 557 14 18 0.02310873
380 612 22 18 0.023393098
839 147 5 6 0.023577286
888 263 7 9 0.023884144
512 383 11 18 0.024109377
771 168 5 7 0.024210492
850 163 5 6 0.02432349
757 167 4 6 0.02434073
433 590 12 18 0.024363894
187 614 14 16 0.024924263
648 596 21 19 0.024987038
647 529 13 18 0.025104111
920 196 5 6 0.025402889
459 643 14 16 0.025464794
670 319 12 18 0.02561773
179 614 20 17 0.025775677
701 588 13 18 0.025776803
240 571 14 16 0.025783481
676 255 6 9 0.0261216
617 227 4 7 0.026222916
855 197 4 5 0.026280744
977 197 5 7 0.026287504
598 212 5 8 0.026346488
724 180 5 8 0.026385386
680 349 9 12 0.02648932
929 306 9 11 0.026608992
628 475 13 18 0.026773194
366 547 14 17 0.02686134
804 196 5 6 0.02730185
838 294 7 11 0.027407968
630 242 5 8 0.02750507
517 357 7 10 0.027769992
681 277 6 9 0.027772147
778 522 14 17 0.028704796
868 213 6 7 0.029012974
837 323 8 10 0.029081844
978 212 5 8 0.029331693
854 183 5 5 0.029357187
926 642 21 20 0.029436722
678 226 6 7 0.029481797
885 178 5 6 0.029502697
999 245 6 8 0.02982846
933 198 5 6 0.029884722
467 388 12 18 0.02997784
909 649 23 20 0.030340744
760 228 6 7 0.030517992
804 227 5 8 0.030535122
789 278 7 9 0.030591285
898 229 6 6 0.030685473
551 391 10 14 0.030688444
306 560 14 13 0.030803766
230 483 15 17 0.030950634
852 227 5 7 0.030962206
959 641 20 31 0.03096882
280 522 19 20 0.031124353
949 196 5 6 0.031216888
418 505 20 20 0.03142558
628 468 14 16 0.031965643
133 587 19 20 0.03228649
742 546 23 18 0.032537077
619 624 18 31 0.032668747
986 640 24 18 0.032776814
759 658 23 14 0.032904305
881 287 8 10 0.033436544
934 285 9 12 0.033472408
573 431 10 14 0.0338831
663 258 6 8 0.033908278
182 617 22 19 0.03392685
803 215 5 6 0.03395686
693 228 5 8 0.034382705
487 527 13 21 0.03463524
514 574 20 20 0.0347657
690 197 6 7 0.034997437
899 214 6 6 0.03510069
804 146 6 7 0.035196956
167 509 9 14 0.035516474
655 558 14 18 0.035591785
966 198 5 7 0.035633363
760 198 4 6 0.03578666
1016 242 6 11 0.03591874
607 316 8 12 0.036157414
822 321 7 10 0.036469746
916 214 6 6 0.03651952
871 196 5 6 0.037228283
862 322 9 12 0.03753804
686 343 9 11 0.037643857
839 216 5 7 0.037941873
867 183 5 5 0.03796318
604 656 24 16 0.038681794
687 305 8 11 0.038803723
785 287 7 10 0.038857374
728 167 5 7 0.039001513
651 529 14 17 0.039153125
838 163 4 6 0.040148966
907 578 22 18 0.04029407
837 196 5 6 0.040480446
671 540 13 18 0.040714625
772 180 5 6 0.04117619
629 285 7 11 0.041307993
756 244 6 7 0.041373674
839 304 8 10 0.041456845
649 602 21 18 0.041497044
838 182 4 6 0.041873183
857 290 8 11 0.04225525
576 286 7 10 0.04247352
898 197 5 6 0.042563926
723 316 8 11 0.042753223
626 379 8 14 0.042943545
886 195 5 6 0.04301923
706 197 6 8 0.043197736
918 240 6 7 0.043426726
612 653 19 19 0.043937758
594 348 8 13 0.043962713
205 589 13 18 0.044098984
916 180 6 8 0.0441079
558 417 9 14 0.045521155
658 328 7 12 0.045615986
690 259 6 8 0.045700952
665 248 6 9 0.04586165
527 276 8 12 0.04600537
886 244 6 8 0.04666407
737 264 7 8 0.046847694
818 165 6 6 0.047409363
844 632 21 28 0.047457118
804 291 7 10 0.047477297
689 291 6 10 0.04767747
607 310 7 12 0.047897987
687 387 10 11 0.047916092
483 637 14 17 0.04814949
739 226 5 7 0.04816186
659 211 5 7 0.04817019
899 641 29 31 0.048227083
792 163 6 7 0.048504025
493 627 13 18 0.04870104
435 592 9 13 0.049502112
643 461 14 17 0.049690858
1000 215 5 10 0.049733926
681 295 6 9 0.050014615
775 289 7 11 0.0501231
657 638 23 18 0.050270338
821 149 5 6 0.050764624
727 230 6 8 0.0508201
994 260 6 9 0.051066652
821 194 5 6 0.051082365
965 242 6 9 0.051643863
677 391 10 11 0.051766753
857 601 23 18 0.05200904
743 320 8 11 0.052072495
166 506 12 19 0.05214639
629 276 7 9 0.052286368
177 647 19 25 0.052725073
935 210 5 6 0.052822743
628 227 5 7 0.05304296
710 242 6 9 0.053106308
822 182 5 6 0.053815883
824 241 7 10 0.05382437
790 197 4 6 0.05411756
599 310 8 10 0.0549554
532 296 8 12 0.055023804
809 163 6 7 0.05568607
871 232 5 7 0.057285022
615 279 7 10 0.057324965
697 214 6 8 0.058105692
803 277 8 10 0.05879877
615 526 21 20 0.05925109
888 270 9 11 0.059785284
678 211 5 7 0.059870698
774 195 5 6 0.05995205
849 242 6 9 0.05996828
855 597 22 18 0.06052131
643 229 5 7 0.0605653
722 627 14 18 0.06105871
854 215 6 7 0.061553244
597 320 8 11 0.06222068
737 271 7 11 0.06223724
894 278 10 11 0.0623849
688 354 9 11 0.06286133
573 537 13 18 0.06379297
951 212 5 7 0.06432508
576 331 9 12 0.06448147
615 285 8 11 0.06449787
607 379 9 15 0.065141015
569 432 9 14 0.06568868
790 181 5 6 0.06671381
599 286 7 10 0.066863164
741 394 10 15 0.06710093
754 578 20 17 0.06713257
791 229 5 7 0.06891033
964 214 6 7 0.06921304
383 620 22 18 0.06928726
901 242 6 8 0.0699339
742 180 5 8 0.070088945
624 626 22 19 0.07012432
611 245 6 9 0.07016135
897 284 10 12 0.0701735
807 569 13 19 0.07044045
694 241 6 9 0.070587836
725 473 13 18 0.07151011
646 212 5 7 0.0724373
450 643 21 18 0.07357914
683 474 13 17 0.07372795
591 458 13 16 0.07390099
520 275 7 12 0.074072905
945 227 6 8 0.07428872
771 230 6 7 0.07434869
790 214 4 6 0.07495571
342 365 7 11 0.07570629
840 225 5 8 0.075725175
711 573 13 18 0.07683305
742 197 5 7 0.07721935
686 507 15 15 0.07756184
774 242 6 8 0.07908429
558 383 9 15 0.07967751
450 608 10 13 0.079875715
757 178 5 6 0.07987599
773 214 5 6 0.08016716
984 268 7 11 0.08088382
918 231 5 7 0.08096534
513 260 7 12 0.08216923
679 305 7 11 0.08218948
491 530 14 19 0.08346815
629 213 5 7 0.08389999
783 560 20 21 0.08413584
769 257 6 10 0.08434517
383 474 11 15 0.08599827
495 429 8 14 0.086118616
789 242 6 8 0.08620495
375 573 21 19 0.08796951
968 262 7 10 0.08800931
741 211 6 9 0.088517115
838 242 6 10 0.090160266
593 341 9 13 0.09223574
331 520 14 17 0.09251942
409 655 24 17 0.09348637
525 622 22 20 0.09514947
866 286 8 13 0.09569423
983 263 7 10 0.09587406
534 299 8 12 0.09888362
371 634 22 18 0.1003084
182 654 23 18 0.10044672
599 279 6 9 0.10131727
759 210 5 7 0.10189467
553 416 9 15 0.10368438
933 278 10 11 0.10382076
674 247 6 8 0.10503481
977 246 6 9 0.10637475
584 228 6 10 0.106696546
964 230 6 8 0.10672019
787 317 9 12 0.106825255
823 273 8 11 0.107587755
805 302 7 11 0.10843448
160 592 14 18 0.10845508
760 259 8 10 0.10887392
800 241 6 9 0.10892873
933 244 6 9 0.10894803
534 257 7 11 0.10929113
711 386 10 13 0.11006541
672 322 9 12 0.11120154
637 484 14 19 0.11141958
514 385 8 14 0.111470595
376 508 12 19 0.11221745
721 247 7 9 0.113002434
759 593 22 20 0.113646254
599 380 10 14 0.11651517
609 432 13 16 0.11675368
624 374 8 14 0.11752383
543 255 7 11 0.118424915
887 228 5 7 0.11879223
299 517 14 18 0.11995955
583 310 8 11 0.12112947
549 394 10 15 0.12168794
911 603 22 18 0.12302459
739 547 20 20 0.12331433
280 523 13 17 0.12397568
704 214 6 9 0.124150105
431 620 20 19 0.12484751
362 604 21 19 0.1274805
562 501 13 18 0.12820335
456 395 10 16 0.1291433
565 246 6 10 0.13639542
182 617 13 17 0.1375438
546 525 15 17 0.13934706
230 464 21 19 0.14060009
657 271 7 12 0.14068626
724 255 6 10 0.1415615
414 477 14 17 0.14375862
597 246 6 9 0.14506301
833 541 14 17 0.14546531
519 576 22 20 0.1461147
936 228 6 8 0.14644292
686 414 13 16 0.14652242
691 275 6 10 0.1466765
744 242 6 9 0.14675738
566 466 10 14 0.1518782
722 311 9 13 0.15321682
700 462 14 17 0.15344222
216 622 22 19 0.16021357
657 331 9 13 0.16029638
569 287 7 10 0.1618399
639 384 10 14 0.16307688
951 634 28 36 0.164568
871 238 7 9 0.1669087
577 327 9 13 0.1703175
786 260 7 11 0.17316276
524 525 14 18 0.17633799
766 541 21 21 0.18652496
493 475 13 17 0.18655752
675 369 10 12 0.18800358
753 287 7 12 0.19721997
247 562 20 19 0.20050684
450 482 14 19 0.20388666
302 557 21 18 0.20510697
331 607 23 19 0.20872357
549 475 13 18 0.20876561
761 624 22 20 0.20952901
242 606 20 19 0.211158
531 490 13 19 0.22015472
513 501 13 19 0.22388726
302 606 14 18 0.23425126
856 262 7 12 0.2373507
800 643 21 19 0.24172607
952 589 22 21 0.24686253
561 353 9 14 0.26198423
137 585 20 21 0.2808709
203 540 14 17 0.29034328
409 561 22 21 0.38696215
157 542 14 19 0.45768788

