2_Demonstration_Demonstrators_2_314
106
238 266 22 20 0.010138582
245 389 28 46 0.010249245
886 432 39 68 0.010371539
356 402 38 63 0.010468296
764 292 39 32 0.010849124
898 393 34 40 0.010944418
264 278 24 19 0.011007573
533 244 29 36 0.011029788
81 447 48 110 0.011030448
352 378 35 68 0.01104956
284 450 38 64 0.011065766
59 287 26 46 0.011292758
327 278 20 30 0.011371407
222 403 45 58 0.011510487
386 283 14 24 0.011587255
69 482 51 97 0.011603475
9 374 32 81 0.011640782
782 281 50 46 0.011658163
156 285 31 36 0.011733116
577 259 40 51 0.012063147
378 290 21 21 0.012288343
786 412 49 58 0.012426798
231 272 21 27 0.012646938
36 210 37 65 0.012689737
196 286 31 38 0.0128038265
596 255 43 50 0.012872252
22 241 52 103 0.01292938
408 240 30 14 0.012958756
274 286 40 51 0.013115777
97 288 43 53 0.013134034
413 263 24 20 0.01330614
654 394 56 82 0.014039336
322 366 36 65 0.014090389
672 265 36 37 0.014137765
718 386 56 88 0.014561216
771 371 54 92 0.014957059
518 307 33 57 0.0149818575
66 325 26 48 0.0156672
6 398 34 82 0.015728774
609 352 36 66 0.016809486
638 296 29 17 0.017512167
565 45 11 11 0.01791149
536 252 23 20 0.018037826
759 370 44 63 0.018336423
138 264 24 18 0.01903459
533 388 38 62 0.019439356
36 273 34 68 0.019474555
20 382 35 68 0.019825654
690 434 39 68 0.01982873
7 365 39 137 0.021709401
756 358 34 40 0.021735651
599 260 33 35 0.021760557
760 330 49 89 0.02177695
54 279 34 66 0.022105964
5 305 16 39 0.022437153
164 375 36 59 0.023581518
332 288 22 19 0.024924211
279 290 31 36 0.025397478
190 269 29 39 0.025856446
544 259 19 31 0.026248643
747 357 32 39 0.026866773
126 263 22 29 0.027046418
172 239 21 27 0.02721488
3 417 41 134 0.027256185
66 498 43 64 0.02780351
759 286 50 47 0.028039634
605 264 24 18 0.028168257
293 322 37 57 0.028510878
582 262 31 35 0.028658124
524 317 19 34 0.028800735
311 333 27 44 0.029045712
637 288 35 36 0.029251834
374 408 38 62 0.02990299
796 350 46 53 0.030354192
409 244 27 39 0.032144975
867 406 43 54 0.03245974
290 468 43 56 0.032849006
365 276 20 32 0.035246354
608 371 35 65 0.04166873
882 406 43 60 0.04209807
62 314 34 67 0.042572882
116 285 42 53 0.043338984
167 276 21 30 0.0497594
571 308 42 49 0.051279448
527 252 21 21 0.051476873
5 318 15 40 0.051892716
631 280 48 48 0.057078328
330 291 20 30 0.060734384
312 341 34 68 0.067359
663 259 48 52 0.06825256
892 388 43 57 0.070783906
520 240 27 40 0.07290914
108 256 28 39 0.079754956
85 483 37 65 0.08569775
230 385 39 59 0.09131039
516 252 26 44 0.099955715
335 293 21 20 0.10591793
480 297 24 47 0.110101715
630 263 53 51 0.14245823
383 273 20 33 0.1714291
524 301 24 45 0.18309793
750 349 44 58 0.20617598
637 244 66 75 0.22462666
256 266 31 34 0.3166246
574 303 32 39 0.3864848
413 252 27 40 0.50489146

