2_Demonstration_Demonstration_Or_Protest_2_450
128
328 370 22 19 0.010043698
768 342 8 9 0.010248703
22 387 12 19 0.010339291
941 376 18 37 0.010408275
429 341 21 21 0.010703751
398 337 13 24 0.010801938
847 336 19 32 0.010847231
589 278 17 44 0.011038904
34 404 9 11 0.011186937
730 338 21 19 0.0111933155
338 359 10 10 0.0113381175
471 329 25 17 0.011489277
345 356 22 19 0.011713345
929 373 13 25 0.011763854
812 372 13 21 0.012174333
998 359 8 11 0.012198442
319 378 19 31 0.012826043
423 350 22 21 0.012925381
739 343 18 37 0.013371909
905 322 7 17 0.013397538
716 310 12 22 0.013493699
899 338 12 22 0.013691384
493 338 25 17 0.013824367
389 349 19 32 0.013849281
31 398 14 20 0.014148176
712 330 35 65 0.014275597
3 393 7 14 0.014595788
487 327 21 29 0.014925813
920 409 36 69 0.01580149
568 319 12 22 0.015894424
767 327 17 34 0.01606604
323 328 7 7 0.016095351
416 316 34 60 0.016139405
24 390 8 12 0.016252527
959 378 18 36 0.016437048
366 323 17 33 0.016475854
995 356 13 21 0.017032467
876 341 12 20 0.017110296
709 304 18 33 0.017434478
3 402 8 14 0.017471487
30 375 13 17 0.017679831
442 342 26 45 0.017774386
710 316 12 24 0.019504255
332 356 22 19 0.019683056
901 345 7 12 0.02015391
835 357 13 18 0.02045341
995 346 7 8 0.020587796
0 367 10 20 0.020856738
959 334 18 31 0.021090433
871 347 8 11 0.021171566
339 334 7 8 0.021284785
946 354 13 21 0.021324543
49 387 9 13 0.02345507
457 305 24 17 0.023462275
868 344 13 18 0.023692798
567 339 38 66 0.024690066
758 343 7 9 0.025579603
340 340 8 10 0.026367065
402 306 12 24 0.026990863
879 345 7 12 0.028192384
711 310 12 23 0.028328806
405 319 13 24 0.028698126
837 360 9 11 0.028804675
732 337 26 47 0.030188512
1009 354 12 22 0.031885833
846 348 18 33 0.031931296
397 302 17 34 0.03320413
46 376 13 17 0.034533817
806 356 13 17 0.03533455
952 341 9 13 0.035483606
940 360 17 37 0.0376935
952 372 26 46 0.03799007
0 359 9 21 0.03833657
422 322 18 35 0.03992234
438 333 35 64 0.040297437
1012 358 7 12 0.04069164
726 329 34 64 0.0411391
950 327 13 19 0.04321137
959 330 9 11 0.04417697
947 363 34 65 0.045304153
865 358 9 12 0.045534655
808 356 17 36 0.04624033
727 324 21 22 0.047439232
864 350 18 34 0.048922546
725 322 13 24 0.049282447
954 355 24 47 0.050162062
1 363 7 14 0.051915172
956 328 14 17 0.051968947
952 330 8 12 0.055943016
293 356 24 19 0.058419056
853 358 9 11 0.058734387
453 298 21 31 0.059803784
442 324 27 43 0.060112488
951 337 12 20 0.06018671
937 358 25 47 0.061183583
808 358 9 11 0.06636655
318 374 22 19 0.06796381
934 362 34 65 0.070067495
0 390 11 23 0.070576996
0 396 12 23 0.07140516
20 377 8 11 0.074424066
978 340 13 18 0.074585244
35 393 8 11 0.074717134
961 341 9 13 0.07508383
862 355 14 18 0.07815684
2 388 15 35 0.08261381
42 381 18 32 0.08592757
427 341 26 43 0.092947796
325 362 19 33 0.09953219
594 267 35 66 0.101209976
851 355 14 18 0.103465155
2 370 7 12 0.10555237
815 358 9 12 0.10798834
49 378 8 10 0.11369591
32 390 13 19 0.113846384
46 384 13 20 0.11928381
812 356 13 18 0.12236863
981 342 8 11 0.122819036
731 324 24 48 0.124768436
957 338 14 19 0.13091853
33 378 8 9 0.16647515
717 317 23 48 0.17107539
393 314 26 44 0.18599331
907 320 13 23 0.1977462
904 317 12 25 0.35385272
194 273 39 72 0.51670617
292 348 19 32 0.63290936
588 252 29 74 0.82990867

