2_Demonstration_Protesters_2_822
67
413 393 17 36 0.010175208
418 342 6 11 0.010366405
442 418 23 20 0.010643857
88 391 47 85 0.010929743
945 370 34 59 0.011295043
711 319 20 29 0.011317263
261 370 34 63 0.011544348
2 409 26 94 0.011748354
954 384 22 20 0.012047342
163 378 20 31 0.012048216
441 323 25 45 0.012090381
159 374 29 40 0.012544158
378 379 36 58 0.012670407
41 372 18 42 0.012958177
151 378 21 19 0.0129706
1005 402 19 20 0.015292921
712 402 37 68 0.015351806
975 352 13 22 0.015500876
213 385 32 46 0.015729623
381 387 28 42 0.016570225
281 400 27 46 0.016686628
88 399 24 18 0.01693956
391 408 19 35 0.01718667
482 354 8 12 0.020283477
129 370 36 56 0.020767659
946 431 43 61 0.023101179
200 400 32 39 0.024238627
719 329 13 21 0.025390621
12 367 42 97 0.025794687
508 396 34 62 0.027741855
442 400 35 60 0.029050186
432 328 17 34 0.033530414
278 390 36 63 0.03423674
512 392 17 35 0.038608313
202 386 30 42 0.0400178
746 383 57 95 0.044737786
134 374 28 40 0.04648808
949 376 26 43 0.051193867
194 371 10 11 0.053977568
446 407 27 43 0.054191418
4 365 29 73 0.05419664
191 370 15 17 0.055028245
513 401 25 44 0.057001334
383 397 36 58 0.059243724
77 381 17 36 0.060478806
434 334 12 25 0.06453316
81 395 20 20 0.06765345
144 376 20 20 0.07137047
290 359 40 66 0.074022695
410 402 26 42 0.08393698
196 392 43 54 0.08457873
139 363 20 31 0.0921078
973 355 19 29 0.09478238
991 366 22 20 0.09506603
141 371 21 20 0.10680404
108 425 44 69 0.12372765
977 362 19 22 0.124094345
2 390 27 82 0.20726119
1000 368 22 20 0.29041064
597 434 42 73 0.42851815
99 420 40 71 0.49555087
940 379 28 44 0.49721548
304 341 38 73 0.6420199
207 376 39 67 0.7041707
34 360 31 63 0.7190058
679 352 31 59 0.7701914
726 379 70 116 0.9431206

