2_Demonstration_Protesters_2_531
900
770 163 10 12 0.014319872
629 290 12 20 0.014538352
817 165 10 12 0.014565254
375 262 10 14 0.014658289
139 244 13 17 0.014831404
183 162 11 18 0.014880171
439 6 5 7 0.014904054
144 116 7 11 0.014910188
181 54 6 9 0.015122147
120 474 20 21 0.015207141
996 637 18 33 0.015306707
306 182 9 10 0.015310976
164 389 9 12 0.015439158
17 84 8 11 0.015500382
12 204 12 18 0.015524855
790 385 13 20 0.01554259
738 130 9 12 0.015583823
853 162 12 17 0.015653875
81 454 15 21 0.015666414
152 323 12 18 0.015687097
912 151 9 10 0.015727961
600 495 23 19 0.015870605
870 445 23 19 0.015889777
975 380 12 21 0.015919698
86 118 7 11 0.015970897
133 36 6 7 0.016048277
251 369 13 20 0.016078234
673 274 14 19 0.016154835
479 427 14 22 0.01619452
472 465 21 20 0.016202606
844 326 13 19 0.01629971
875 438 15 18 0.0163792
824 53 7 9 0.016508786
109 262 11 14 0.016509097
130 89 6 9 0.016547255
230 69 7 11 0.01656279
247 2 7 9 0.016624494
478 176 9 14 0.016637495
215 8 7 9 0.016638594
1013 345 10 13 0.016648764
906 363 13 18 0.016657727
177 274 13 18 0.016671496
724 128 8 13 0.016705832
818 207 10 14 0.016718274
68 197 9 12 0.01672595
681 475 21 21 0.016840855
135 52 7 8 0.016854102
1013 375 9 14 0.01686734
149 87 6 9 0.016938828
388 167 9 10 0.01694825
769 213 10 13 0.017191656
881 19 5 7 0.017265666
851 356 13 20 0.017296804
950 37 6 6 0.017327493
291 383 13 20 0.0173791
630 337 13 19 0.017484818
500 176 8 13 0.017517254
450 509 21 20 0.017569466
61 293 13 18 0.017638093
402 322 12 21 0.017673438
79 227 9 14 0.017692987
657 311 13 19 0.017721824
121 88 6 10 0.017801363
0 83 9 20 0.017934209
831 291 13 16 0.017946105
773 54 6 7 0.017956816
739 37 6 7 0.018031055
705 134 9 11 0.018040424
582 165 8 10 0.018058877
5 414 12 20 0.018154493
198 152 7 10 0.018173171
834 40 7 8 0.018244615
755 39 7 8 0.018256295
349 291 13 18 0.018258475
203 303 14 21 0.018552542
564 133 7 9 0.018811718
2 160 7 14 0.018863158
247 470 13 22 0.018882165
510 165 9 14 0.018975737
95 165 12 17 0.019108184
249 19 6 9 0.019129984
1006 50 12 19 0.019176388
460 353 22 20 0.019195106
246 307 13 19 0.019200902
239 279 13 18 0.019280504
593 178 13 17 0.01936392
1000 647 17 30 0.019390622
620 301 13 19 0.019432422
167 104 6 9 0.01945329
888 384 20 20 0.019472547
306 229 10 12 0.019523757
689 9 7 9 0.019618938
741 52 6 8 0.019620564
134 100 5 10 0.019713446
533 38 6 8 0.019762835
265 71 7 9 0.019796029
668 382 21 20 0.019814089
894 291 14 19 0.019835738
710 300 13 18 0.019849801
1011 342 12 19 0.019868681
940 465 23 18 0.019875953
97 193 10 13 0.019968595
1013 65 6 11 0.019988075
777 74 7 10 0.020004457
264 572 20 22 0.020175451
887 114 8 10 0.02021068
279 433 13 23 0.020219453
719 119 8 12 0.020260166
981 68 7 8 0.020309974
387 193 14 17 0.020417636
770 537 13 26 0.02047356
99 53 6 8 0.02056662
427 415 22 20 0.020612108
710 99 8 12 0.020645995
404 24 5 7 0.02083215
830 185 12 16 0.020891141
149 66 6 9 0.021022798
631 8 6 7 0.021040637
2 191 7 15 0.02106779
115 144 8 11 0.02112498
788 199 10 13 0.021194356
2 349 9 26 0.021195255
338 7 6 9 0.02119723
767 306 12 18 0.021257682
900 177 10 13 0.021344377
665 544 18 24 0.02136473
368 381 19 20 0.021414397
69 85 7 9 0.021454634
581 183 9 12 0.021491934
719 96 9 12 0.021562444
167 116 6 9 0.021580087
675 42 7 7 0.02171355
874 19 5 8 0.021783443
296 650 18 27 0.021795888
294 138 7 8 0.021806017
214 24 6 8 0.021834739
702 412 14 20 0.022008445
736 1 7 9 0.022010688
596 230 10 13 0.022127641
724 52 7 9 0.022149362
408 150 9 13 0.022160295
260 135 8 10 0.022193704
99 117 7 10 0.022214001
966 276 13 17 0.022218088
255 209 10 14 0.022318516
233 493 19 21 0.022351468
387 181 9 11 0.022407329
880 235 14 17 0.022478187
862 166 10 12 0.022851495
113 40 6 8 0.02287325
822 36 7 7 0.022874024
336 163 9 11 0.02292536
779 286 12 18 0.0230653
590 207 10 14 0.023076287
990 178 13 17 0.02309659
827 227 13 17 0.02312557
495 353 13 19 0.023154205
722 384 12 22 0.023229094
495 365 14 21 0.023310665
919 35 6 7 0.023509042
229 84 7 9 0.023518825
256 100 6 9 0.023529543
101 69 6 9 0.023665922
625 191 10 13 0.02366787
452 232 13 16 0.02370051
481 240 8 14 0.023704916
337 180 9 11 0.02374944
613 196 9 12 0.023753045
998 23 8 9 0.02381863
389 25 5 6 0.023959141
22 518 23 19 0.024034644
291 20 6 9 0.024059398
103 576 17 31 0.02407642
754 115 13 16 0.024084594
851 134 7 8 0.024125528
683 446 20 21 0.024151985
681 176 10 13 0.024187962
565 22 5 6 0.024278233
1010 132 7 11 0.024283394
245 87 7 10 0.024289401
712 190 10 14 0.02440116
413 198 13 16 0.024458893
137 145 8 13 0.024477622
226 119 8 10 0.024536278
69 308 12 20 0.024572635
995 85 7 9 0.024605121
137 115 6 11 0.024806362
56 24 6 9 0.024872392
930 87 8 10 0.024898896
567 303 13 20 0.02495158
880 137 8 11 0.024973532
914 164 10 12 0.02502153
802 184 11 12 0.025222799
751 191 9 15 0.025233585
774 36 6 7 0.025265971
23 474 13 20 0.025284605
77 304 13 20 0.025296811
355 475 13 22 0.025322437
828 352 13 20 0.025345957
80 153 8 12 0.025361843
513 144 10 12 0.02539475
33 311 13 18 0.025429595
102 263 14 15 0.025588246
36 318 12 18 0.025592145
754 53 7 9 0.025742685
674 86 7 9 0.025765087
311 6 7 10 0.025778918
977 215 13 17 0.02578487
572 306 13 19 0.025838058
678 138 8 12 0.025895266
160 275 13 19 0.025998628
722 181 10 13 0.026001126
7 60 11 21 0.026044048
1000 150 9 10 0.026246902
531 133 7 9 0.026345909
245 159 8 12 0.02638814
375 24 5 7 0.026633736
148 55 7 8 0.026673518
381 258 14 17 0.026696796
690 99 7 11 0.026803073
213 54 7 9 0.026844593
750 486 14 22 0.02701375
995 365 14 18 0.027344763
784 483 19 24 0.02744656
328 26 6 8 0.02756357
503 169 8 12 0.027710788
806 258 13 18 0.027786482
926 328 13 17 0.027839223
360 179 9 11 0.02799523
814 354 13 19 0.02803548
114 176 9 12 0.028122324
292 83 6 7 0.028134147
116 168 8 12 0.028139593
454 6 5 6 0.028157339
343 338 13 20 0.028405914
213 152 7 11 0.028794413
113 68 6 10 0.028812367
620 358 13 18 0.028855676
179 116 6 9 0.02887157
343 285 13 18 0.028877484
471 306 14 20 0.028906351
328 135 7 8 0.028939381
124 470 15 19 0.028947411
598 5 6 8 0.028985513
1015 196 8 12 0.028996581
865 251 14 17 0.02902493
657 85 7 9 0.02911751
488 129 8 11 0.02914374
534 318 13 19 0.029347833
773 257 12 18 0.029418789
662 69 6 8 0.029524505
1009 152 8 10 0.029551903
1002 37 7 9 0.029601248
710 87 9 11 0.029607667
765 223 13 18 0.029704912
197 122 6 10 0.029733991
116 103 7 10 0.029771263
751 177 10 13 0.029825281
628 388 14 20 0.02986242
423 21 5 7 0.02996051
945 91 8 9 0.030050097
797 269 12 18 0.030188581
419 39 5 7 0.030218346
345 414 21 21 0.030257497
558 178 9 14 0.03027991
264 146 9 12 0.030535595
742 243 13 18 0.030811276
613 215 10 13 0.030976139
87 275 14 18 0.031023568
85 41 7 8 0.031078584
307 149 8 10 0.03112711
673 70 7 9 0.031166524
802 189 12 17 0.031186642
231 51 7 10 0.031491634
187 209 12 17 0.03178685
112 118 7 11 0.031845372
169 24 6 8 0.03208337
579 134 7 9 0.032310396
677 99 7 11 0.032447744
229 178 8 13 0.032577608
427 208 12 16 0.032662652
277 118 7 9 0.032862853
1005 99 12 18 0.03290177
932 152 9 10 0.032923628
663 1 8 9 0.033172674
791 35 6 7 0.03331089
516 317 13 18 0.03336807
917 483 25 20 0.033373352
1011 161 8 10 0.033614885
692 87 8 10 0.03371418
683 243 13 18 0.0337345
646 7 7 8 0.033906404
547 55 6 7 0.03404345
345 448 21 21 0.03409647
662 352 13 19 0.034178358
474 276 13 20 0.03419278
369 99 8 8 0.034287337
611 7 6 7 0.034356624
49 228 9 13 0.03445324
1014 113 6 11 0.034464605
581 242 13 17 0.034555685
405 228 14 16 0.034573257
151 286 13 18 0.03465654
261 117 7 10 0.0347019
359 25 6 7 0.034784067
53 72 7 9 0.034899615
888 163 10 14 0.034959733
687 169 10 14 0.034984
418 54 6 7 0.03500104
980 54 7 7 0.03513767
819 21 7 7 0.035247263
811 434 21 20 0.03525242
18 69 8 12 0.035329588
292 652 19 23 0.03540594
935 102 8 9 0.035446182
680 387 21 21 0.035474975
106 581 19 23 0.035486333
566 278 12 18 0.035580877
262 39 6 9 0.035706457
671 236 14 18 0.035782315
82 85 7 10 0.03603466
975 149 10 10 0.03608926
262 194 9 12 0.036218617
462 142 9 13 0.036254585
718 271 13 19 0.036345966
275 42 6 8 0.036395624
215 35 7 10 0.036494337
288 207 9 13 0.03656503
439 35 5 7 0.03656547
113 50 6 9 0.036694683
43 286 13 19 0.03672354
178 37 6 8 0.036787484
644 127 8 10 0.036855474
184 211 10 15 0.037086945
69 314 13 20 0.037088025
418 572 12 27 0.037161037
635 337 13 19 0.03721809
155 285 13 18 0.037233282
168 134 6 10 0.03729725
867 248 14 16 0.0373048
915 5 7 7 0.037362278
751 244 12 18 0.037524432
339 103 7 7 0.037535116
838 146 8 9 0.03768157
383 209 10 13 0.037810974
991 118 8 10 0.03783402
806 355 13 20 0.037840884
1011 372 11 22 0.037854493
177 24 7 8 0.03788671
194 55 6 9 0.03797546
212 493 12 19 0.038052272
900 149 9 11 0.038086087
941 161 13 17 0.03827064
988 337 15 17 0.038306415
230 146 8 10 0.038477182
51 37 6 9 0.03848902
629 131 7 10 0.038508214
723 40 6 7 0.03855578
785 206 10 14 0.03857087
989 211 13 17 0.038727622
80 158 8 13 0.038774587
97 167 9 13 0.03877884
226 216 10 13 0.03898729
581 5 6 8 0.039009772
673 3 8 9 0.03916449
640 237 13 17 0.039311763
590 259 13 19 0.039339036
912 84 8 11 0.03946162
659 100 6 10 0.03950258
273 159 8 12 0.03965761
244 475 18 22 0.039766844
679 194 13 18 0.039842907
371 169 9 10 0.03984316
756 321 13 19 0.040026944
587 323 13 20 0.040056225
870 131 8 10 0.040080197
224 164 8 12 0.04012082
405 54 6 7 0.040240135
653 315 13 18 0.04027691
406 102 7 7 0.040279306
702 144 9 13 0.0402863
469 56 5 6 0.04036577
973 300 13 17 0.040456202
42 51 7 12 0.040591057
806 83 7 11 0.040624548
897 106 8 10 0.040656116
612 23 6 6 0.0406571
319 255 12 19 0.040699843
375 211 10 13 0.040856816
582 20 5 6 0.040864162
739 101 9 12 0.040878095
515 137 9 10 0.040908974
177 68 7 10 0.04096727
373 290 11 14 0.04106785
600 455 23 19 0.041193813
1015 87 7 11 0.041210335
533 117 7 8 0.041364633
546 135 8 10 0.041443642
97 365 11 22 0.041521534
312 491 20 22 0.041601084
454 512 23 21 0.041655663
80 241 10 15 0.04172569
747 420 21 19 0.04174072
643 24 6 6 0.04174177
160 5 7 9 0.04182408
359 100 7 8 0.042039346
757 403 14 19 0.042064793
66 41 6 9 0.042274255
66 71 7 8 0.042528134
404 475 19 22 0.04264261
198 68 7 11 0.042828176
148 3 7 9 0.042856038
531 59 6 8 0.042955376
584 492 22 21 0.042983968
404 197 11 14 0.043024722
514 56 6 7 0.043185975
469 4 4 7 0.043202072
0 602 11 30 0.043227013
1009 24 7 9 0.04323343
1009 227 9 14 0.04332005
311 116 6 8 0.04339878
325 150 9 10 0.04347475
405 37 5 7 0.043760557
247 97 7 11 0.04397708
684 197 13 18 0.0439788
262 275 21 21 0.043993372
294 184 9 11 0.044099357
839 261 13 17 0.04433373
711 48 7 11 0.0443874
71 206 11 14 0.044408914
229 222 10 14 0.04443533
155 474 20 20 0.044530027
927 332 13 17 0.04457774
799 288 13 18 0.044593696
423 207 13 17 0.044726495
775 286 13 17 0.044897597
272 462 19 22 0.04491041
309 71 6 6 0.044913426
258 50 6 10 0.0450051
487 6 5 7 0.04509414
65 257 13 18 0.04536871
720 191 13 18 0.045404717
935 162 10 13 0.045454934
858 72 7 11 0.045508187
676 51 7 9 0.045596983
798 117 8 12 0.04572678
17 436 22 17 0.045739003
19 362 19 20 0.045743793
879 143 9 13 0.046116155
696 145 10 13 0.04646342
372 121 8 9 0.046593804
918 112 8 10 0.046679847
423 301 12 19 0.046982422
364 583 23 20 0.04698664
127 194 10 15 0.0470006
496 314 20 20 0.047032055
496 118 8 10 0.047319137
786 96 7 11 0.04742879
485 38 5 7 0.047431786
843 263 15 16 0.047564287
8 64 8 13 0.04788569
965 38 6 6 0.047947
831 188 10 16 0.048156515
482 102 7 8 0.04819222
635 210 13 18 0.04825822
336 147 9 11 0.04850902
413 156 10 15 0.048552945
52 315 13 19 0.0486316
892 190 13 17 0.04864972
570 549 21 21 0.04871229
415 444 20 21 0.048792094
294 55 6 8 0.049024183
288 201 10 12 0.049118817
594 57 6 6 0.049119253
722 250 13 19 0.04917856
292 38 6 8 0.04923324
454 36 5 7 0.049359154
64 182 9 14 0.049463343
521 70 6 7 0.050019734
405 120 8 8 0.050122373
274 66 7 10 0.050957203
709 166 9 14 0.051068824
896 167 10 13 0.051281895
143 145 8 13 0.05129085
932 23 5 6 0.05142099
246 43 7 9 0.05161153
7 414 22 19 0.051672027
454 24 5 6 0.051841494
847 242 14 16 0.051858656
355 150 9 10 0.051868454
585 208 10 14 0.052029427
399 252 13 17 0.052031275
334 510 21 20 0.052216414
47 370 20 19 0.052283213
453 73 5 7 0.052730016
390 53 5 7 0.052766394
546 102 7 7 0.05287087
514 462 20 21 0.05289762
631 209 13 19 0.053056072
88 64 7 10 0.053085476
452 114 7 10 0.053099714
685 173 11 14 0.053105492
837 101 6 9 0.053176083
389 195 10 12 0.05338623
900 78 8 12 0.053462625
964 165 9 10 0.053719524
368 175 9 12 0.05374356
502 1 5 8 0.05400975
99 32 7 10 0.054080438
423 112 7 9 0.05408712
871 223 13 17 0.054852966
596 24 5 6 0.055001277
212 268 13 20 0.055037655
274 85 7 10 0.05524357
758 18 7 8 0.055581268
804 2 7 7 0.055745684
209 184 9 14 0.055804648
938 1 7 9 0.055823345
568 103 6 7 0.055861495
887 191 13 17 0.05587929
610 101 6 7 0.05598291
225 39 7 10 0.056003552
116 134 7 12 0.056015555
897 1 7 9 0.05622821
132 24 6 8 0.05630371
783 74 8 10 0.056343593
238 284 13 18 0.05637825
238 182 11 14 0.056638256
723 20 7 8 0.056650933
195 161 8 13 0.05682429
582 285 13 19 0.056930974
370 148 9 11 0.05695095
165 36 6 7 0.056995105
102 22 7 10 0.05700072
811 255 12 17 0.057005152
706 4 7 9 0.057060428
308 54 6 7 0.057079867
373 129 8 9 0.057084136
949 21 6 6 0.05723414
872 143 9 13 0.057253852
127 383 12 19 0.057397928
484 22 5 7 0.057602596
262 273 14 19 0.058033418
325 86 6 7 0.058232546
691 22 7 10 0.05836725
850 86 8 11 0.058394447
732 227 12 18 0.058400027
753 358 14 22 0.058427636
161 182 9 12 0.05856696
408 157 11 15 0.058777872
306 101 6 8 0.058799773
212 161 8 11 0.05894473
354 38 6 7 0.058946278
668 231 14 18 0.059065253
692 117 8 12 0.059213802
310 194 9 12 0.059264295
340 54 5 7 0.059368853
757 151 12 13 0.05948323
528 209 13 18 0.059576042
439 25 5 7 0.05960947
343 38 6 7 0.05965276
296 101 7 8 0.05998746
927 540 23 21 0.060223844
212 94 8 11 0.06024151
788 321 13 18 0.060434625
876 231 15 17 0.06046677
277 136 9 9 0.060631264
532 17 5 8 0.06066737
614 39 6 5 0.060860652
276 53 6 8 0.06086355
453 205 12 15 0.060898233
1002 53 7 9 0.060917135
292 72 6 8 0.06091871
614 435 25 20 0.06110694
1009 53 8 11 0.061151642
774 125 10 13 0.061319258
733 194 13 17 0.06140639
247 371 13 20 0.0614388
662 42 6 7 0.061569348
874 4 5 8 0.061832782
525 302 13 18 0.062017586
260 85 7 10 0.062049706
914 104 7 10 0.062215216
51 194 10 14 0.06228462
548 25 6 8 0.06249048
776 81 7 11 0.062536046
417 277 14 18 0.06255418
722 84 9 14 0.06291353
680 119 7 12 0.06296324
227 244 13 18 0.06298147
627 115 7 9 0.06308453
501 55 6 7 0.06357886
917 20 6 7 0.06364959
0 604 17 33 0.06377197
341 117 8 8 0.06397236
484 55 5 6 0.06405737
322 162 9 11 0.06406223
411 229 14 16 0.064231694
611 86 7 7 0.06423368
980 9 7 8 0.06425053
467 87 6 8 0.06433142
664 21 8 9 0.06442643
308 40 6 7 0.064429305
595 180 9 12 0.06469055
640 98 8 11 0.0647913
769 98 8 11 0.06479738
470 23 4 6 0.064959764
711 117 9 12 0.064992346
964 134 8 8 0.06502334
541 214 13 19 0.06522349
229 102 7 10 0.06525586
492 444 20 22 0.065257676
23 243 11 14 0.065460265
496 128 8 12 0.06588055
944 1 7 8 0.06588402
174 237 12 18 0.06589471
462 135 9 13 0.06594781
992 181 10 12 0.06599199
598 37 6 7 0.06603319
829 401 14 20 0.066097945
605 327 15 20 0.066653445
7 55 7 13 0.06687547
531 86 7 8 0.06701072
759 89 9 12 0.06706286
999 100 8 11 0.06708608
629 22 6 7 0.067101985
502 40 5 8 0.06715269
975 102 9 10 0.067178145
152 39 6 8 0.067417316
388 37 5 6 0.067558825
3 494 11 24 0.067570455
361 87 7 9 0.067998715
841 412 22 21 0.06833619
451 102 6 7 0.06849296
565 88 7 7 0.06860385
581 39 6 6 0.06861019
850 114 7 9 0.06887273
801 35 8 8 0.06914817
277 225 11 13 0.06944068
52 80 7 11 0.069615275
503 23 5 7 0.06978604
128 216 10 14 0.069870345
822 228 13 17 0.07016108
759 95 9 12 0.070193395
793 148 9 13 0.0701957
100 215 10 14 0.07033913
163 145 7 12 0.070406646
328 33 5 7 0.070503406
835 311 14 18 0.070707604
71 51 6 9 0.07072337
643 69 6 7 0.070768364
566 38 6 7 0.07078949
212 90 7 11 0.070821
16 517 20 21 0.07156433
729 2 6 10 0.07161293
644 182 10 13 0.071723916
563 71 6 7 0.0717592
674 18 8 10 0.072200954
787 5 7 8 0.07224294
774 4 7 8 0.07225176
870 39 6 8 0.07228136
357 224 10 14 0.07239821
437 101 6 8 0.072579734
548 69 7 8 0.07258381
965 7 8 8 0.07265058
197 127 7 10 0.07275288
354 70 6 8 0.072909616
452 318 14 20 0.07302072
48 53 7 9 0.07315305
241 227 14 17 0.073222235
582 90 7 7 0.07340144
280 105 7 9 0.07361883
888 2 5 8 0.07371522
455 141 10 14 0.073742814
246 48 8 11 0.07382657
579 71 7 7 0.07402426
323 54 6 8 0.07405185
360 53 6 7 0.074123874
614 301 14 20 0.074364096
311 88 6 7 0.074740745
929 114 8 9 0.074837945
403 73 5 6 0.074877135
798 146 10 13 0.07493437
941 223 13 17 0.075073294
966 146 9 10 0.0751069
324 104 7 8 0.07541053
643 121 7 11 0.075832844
178 4 8 10 0.07583335
661 116 7 11 0.07609081
855 164 8 13 0.076103374
630 100 8 9 0.07645352
962 419 14 22 0.07676061
343 341 22 20 0.0768054
495 192 12 17 0.07687385
371 38 5 6 0.076973066
465 115 7 10 0.07700307
207 188 10 15 0.077095576
155 645 25 20 0.077247486
392 135 9 11 0.07743923
964 113 8 9 0.07754619
599 101 7 7 0.0777915
184 165 8 13 0.07782518
374 55 6 7 0.07783093
390 104 7 7 0.0778435
244 151 9 12 0.0780439
743 111 9 13 0.078475446
34 162 9 14 0.07854317
785 21 7 7 0.0785705
851 149 9 10 0.078664295
35 356 14 19 0.07879509
322 225 10 14 0.07887595
643 57 6 6 0.078893535
390 87 6 7 0.07890376
436 73 5 7 0.07897433
0 284 8 23 0.07911258
472 229 9 14 0.079206415
988 387 19 23 0.07921283
944 163 9 12 0.079328544
411 523 23 21 0.07937852
274 324 21 19 0.07943729
368 87 8 9 0.079449095
605 242 13 18 0.07951018
422 103 6 8 0.0795559
143 405 20 21 0.079651535
424 70 5 7 0.07984825
486 71 6 7 0.07987293
630 42 6 6 0.0799917
1013 415 11 22 0.08003863
151 24 6 8 0.08016712
851 104 7 9 0.080516994
367 241 13 17 0.08067068
487 116 8 11 0.0811435
164 195 9 13 0.081279956
599 86 7 7 0.08128701
759 0 7 9 0.081340775
304 135 8 9 0.08174008
869 102 8 10 0.08223017
996 70 7 10 0.08283807
1008 102 8 12 0.08286952
866 462 20 22 0.082872435
582 56 7 7 0.08293179
548 35 6 9 0.08317044
902 364 14 20 0.083268315
309 213 10 12 0.08337115
356 196 10 13 0.083608754
11 561 18 29 0.08362549
182 129 7 10 0.08367141
356 138 9 9 0.083737664
198 252 13 20 0.08397233
343 72 7 7 0.084287144
654 261 14 21 0.08433141
959 310 14 19 0.08440873
793 118 9 12 0.08451795
784 436 20 21 0.08473988
499 283 14 19 0.084776424
501 68 6 6 0.08519748
981 18 6 7 0.08520733
564 114 7 9 0.085404545
566 56 7 8 0.08565201
908 182 14 18 0.08565934
578 116 7 9 0.08569296
337 134 8 9 0.08600528
596 115 7 9 0.086401455
595 72 6 6 0.08643933
390 72 6 6 0.08649533
96 423 15 20 0.08668249
468 39 5 7 0.08686481
133 247 13 17 0.08748349
500 224 13 19 0.087771125
627 88 7 7 0.08777969
816 104 8 12 0.08783936
695 320 13 20 0.08803916
293 119 8 8 0.08832329
39 284 13 19 0.0887219
962 22 7 7 0.08932168
420 335 13 20 0.08938464
807 25 7 8 0.090207495
0 320 10 21 0.09023726
371 71 7 7 0.09027516
898 307 13 20 0.09029587
456 137 10 14 0.0902968
531 6 6 10 0.09037658
321 115 7 8 0.09054927
647 84 8 9 0.0907394
227 650 18 25 0.09180838
997 317 14 18 0.09184114
862 72 8 11 0.091885135
322 176 10 13 0.09225147
0 87 7 13 0.0929828
517 22 6 8 0.093388975
516 2 6 9 0.09348748
210 116 8 12 0.09408963
325 73 6 7 0.095521115
612 118 7 9 0.09556304
91 276 15 17 0.095591895
815 84 9 12 0.095890105
976 434 20 21 0.09605511
272 150 9 12 0.096156016
837 136 8 10 0.09629871
944 98 9 10 0.09674377
818 9 7 8 0.097267985
993 165 10 12 0.09738145
660 54 7 8 0.097615704
615 70 6 7 0.09802766
192 429 13 25 0.0980676
400 134 8 11 0.098165624
711 41 7 9 0.09885599
783 82 8 12 0.09898249
897 74 9 11 0.09903948
629 52 7 6 0.09906433
519 89 7 8 0.099220365
169 511 22 20 0.09935223
514 39 6 8 0.10007278
548 3 6 9 0.10007429
59 491 20 20 0.10019285
628 71 7 7 0.101088084
280 500 23 20 0.101269186
756 116 9 13 0.101426296
777 21 7 8 0.10188134
973 220 13 17 0.101949036
960 180 10 13 0.102124825
817 72 8 10 0.102274515
567 6 7 9 0.10336037
388 118 8 10 0.10340528
547 117 8 10 0.103642866
80 458 20 21 0.10416343
462 481 22 21 0.10425206
553 179 9 13 0.104295306
965 104 9 10 0.104784794
867 120 8 10 0.10528258
643 37 7 7 0.10554749
453 85 6 8 0.105593584
535 101 7 9 0.106473416
1000 575 19 30 0.106754325
884 100 8 11 0.10824158
837 115 8 10 0.10850264
529 66 7 9 0.10855168
304 164 10 13 0.10857618
354 115 8 10 0.10904945
296 144 8 10 0.10905353
861 178 13 17 0.11033726
247 119 8 11 0.11051164
796 390 14 20 0.110668294
424 86 6 8 0.11107492
134 301 14 19 0.11113113
679 141 9 13 0.11169767
338 86 7 8 0.11217613
979 38 7 8 0.112579495
487 84 7 8 0.11366724
879 537 20 23 0.11459644
396 506 20 22 0.115202904
472 99 6 9 0.11568838
501 86 6 8 0.11679985
707 21 7 10 0.11757625
741 330 14 19 0.117608555
357 299 13 19 0.11881387
519 96 7 8 0.1191887
402 86 7 8 0.119433366
846 195 13 17 0.11988329
451 236 13 16 0.119924754
897 111 8 11 0.121435516
436 116 8 11 0.12175564
582 98 7 7 0.12261352
93 239 13 17 0.123087585
439 85 5 8 0.12384172
341 214 10 14 0.124369025
995 3 8 11 0.1254115
470 278 14 19 0.12547582
475 308 15 21 0.12610233
140 621 22 21 0.12687673
612 56 6 6 0.1280807
641 477 20 21 0.1294389
1009 35 8 10 0.13064182
355 159 10 11 0.13080695
275 182 10 13 0.13176644
773 121 10 12 0.13260709
289 163 10 12 0.1339359
743 71 9 12 0.13438264
423 131 9 13 0.14097044
692 31 7 10 0.14439784
933 258 13 18 0.14445019
484 147 10 13 0.14716518
470 72 6 9 0.14970835
500 103 7 9 0.15072791
893 405 21 21 0.15130779
83 52 7 9 0.15375105
990 261 14 19 0.15566199
550 89 8 8 0.15599242
116 507 19 21 0.15908107
228 129 9 11 0.15916467
1007 224 12 20 0.1607153
899 262 13 17 0.16119842
824 131 8 12 0.16376974
115 317 14 20 0.16800444
513 117 9 11 0.16819172
958 238 12 18 0.17035946
977 86 8 11 0.17668538
984 119 8 10 0.17794693
123 538 21 21 0.18480909
737 24 7 9 0.22313398

