2_Demonstration_Protesters_2_56
66
646 248 25 46 0.010164039
703 177 52 75 0.010203341
692 180 40 61 0.010511539
318 366 42 54 0.011121956
730 447 64 82 0.011915999
701 223 11 13 0.012049704
609 251 20 20 0.012272241
968 234 38 64 0.012568576
995 213 22 55 0.012877027
993 290 30 75 0.0132564
604 237 32 63 0.01329567
692 222 14 11 0.014509913
771 141 41 57 0.014550922
282 369 27 43 0.014620307
704 260 37 63 0.015414121
703 255 23 18 0.015530192
232 399 43 61 0.016275452
851 152 46 52 0.016340572
713 258 24 17 0.01663321
995 280 23 53 0.016814932
349 377 33 38 0.017240847
790 144 42 52 0.017940115
703 221 20 29 0.017949829
665 222 22 19 0.018111937
795 150 32 36 0.01818295
669 236 23 18 0.018549455
892 180 31 40 0.019248206
672 192 18 30 0.019951055
71 372 33 70 0.020296467
988 207 31 73 0.020303747
115 440 21 21 0.02335027
654 235 22 18 0.024032326
726 400 38 61 0.024317766
288 552 42 61 0.024399849
391 304 35 13 0.024993602
250 407 32 46 0.0258576
345 371 41 54 0.026338423
714 268 24 18 0.02796933
672 208 14 19 0.030199433
77 407 30 46 0.034652513
608 245 25 46 0.035138007
892 157 41 55 0.035941985
485 312 30 65 0.039078105
983 230 35 71 0.04185094
686 237 15 20 0.045189258
695 221 21 18 0.047278766
989 268 32 72 0.047492072
97 415 20 36 0.049819157
976 229 42 110 0.052139018
887 172 41 56 0.05251051
655 225 18 33 0.056318372
475 444 60 88 0.05774238
654 223 21 20 0.06846295
108 431 25 41 0.07065854
689 220 22 18 0.076031215
709 256 26 44 0.15120116
684 228 18 31 0.25417206
85 404 34 61 0.36400667
73 394 38 68 0.62045026
815 177 54 90 0.6991656
245 395 39 67 0.7248284
628 325 56 86 0.72686493
886 277 59 89 0.73905
747 429 63 97 0.87465143
491 458 58 96 0.90967596
392 398 65 85 0.9399409

