2_Demonstration_Protesters_2_369
67
305 440 65 117 0.010279178
114 348 39 67 0.010403566
705 277 13 19 0.010452314
335 291 11 11 0.010528267
643 359 34 42 0.010563818
786 323 38 64 0.010928881
767 263 21 18 0.011069033
668 291 25 18 0.011670923
778 281 52 81 0.011879707
612 272 14 24 0.011934889
690 356 43 54 0.011943479
102 349 38 67 0.011999304
696 290 22 19 0.0124104945
457 51 9 12 0.012543231
585 323 68 66 0.01299523
317 379 58 93 0.013484524
971 8 43 105 0.0137532335
721 440 62 93 0.014507942
649 309 24 18 0.014873218
669 241 21 31 0.015230102
659 316 37 63 0.015314967
604 264 34 55 0.015580501
178 118 49 105 0.015950983
779 299 24 50 0.016416617
778 316 33 68 0.01642612
704 296 25 43 0.017117042
634 255 21 29 0.017931757
264 454 75 98 0.018218784
652 306 24 30 0.01829941
607 344 30 40 0.018421644
642 345 34 39 0.019138856
605 334 38 57 0.020456001
614 275 24 20 0.021110572
690 288 14 18 0.02141073
423 53 13 20 0.021609943
787 289 13 25 0.02194373
186 95 44 62 0.025188992
325 380 31 69 0.025815222
957 177 67 141 0.025994359
625 258 21 20 0.026118938
700 280 20 32 0.027057488
775 291 31 69 0.02757363
617 310 25 20 0.027785406
997 25 26 87 0.028635534
183 69 50 104 0.02916075
518 337 59 84 0.02980437
85 327 42 63 0.029815935
530 386 78 98 0.038165092
184 79 46 59 0.042621702
88 319 58 88 0.043422557
777 279 19 32 0.043552708
619 259 20 32 0.043696042
630 262 24 18 0.044057976
117 313 55 93 0.047055643
685 278 22 29 0.05181739
181 135 43 60 0.053245317
550 396 77 96 0.057064548
641 299 39 53 0.060338363
992 212 30 98 0.063901715
254 433 104 142 0.105298646
286 424 98 168 0.14496504
611 267 20 32 0.33019173
637 348 44 60 0.36339578
967 194 52 109 0.47538584
662 310 31 40 0.5101807
613 301 29 39 0.56113094
540 375 100 140 0.8274802

