2_Demonstration_Protesters_2_148
48
546 246 13 22 0.0105980225
26 255 22 21 0.011220384
391 199 39 56 0.011401638
575 248 19 30 0.011602446
703 277 104 132 0.011850803
7 235 38 55 0.012256477
33 225 19 32 0.013156767
616 248 34 40 0.01344584
123 233 31 14 0.015559709
68 242 19 29 0.01591621
831 269 49 90 0.016452882
405 182 30 36 0.016677493
92 248 22 27 0.017300881
675 207 45 61 0.017359601
137 225 24 29 0.017695589
451 231 7 14 0.018188389
15 245 18 35 0.01880565
126 240 26 16 0.018890409
78 253 23 18 0.01921641
32 230 34 54 0.019268231
13 240 26 44 0.021085816
182 248 7 8 0.021606658
84 250 12 11 0.027615746
988 172 32 105 0.029261863
557 254 12 27 0.03134163
448 229 12 22 0.034396466
552 251 12 26 0.034902185
158 225 23 32 0.036547255
695 202 68 78 0.038535442
752 248 56 117 0.041172594
192 249 8 7 0.04170415
599 238 44 96 0.04267307
86 248 25 16 0.04710696
80 248 22 17 0.0909845
132 232 40 30 0.094234645
47 239 19 22 0.14585778
655 216 55 87 0.2517386
674 222 41 71 0.362206
42 236 20 33 0.4010997
552 249 19 33 0.41791463
612 240 43 60 0.4657897
150 229 35 33 0.5364122
396 365 76 122 0.79712427
412 203 28 43 0.8256256
975 164 49 116 0.8832325
336 120 54 107 0.9099051
477 187 43 59 0.91115236
716 237 79 146 0.9819369

