2_Demonstration_Demonstrators_2_196
535
908 409 22 18 0.010050684
242 466 5 8 0.010180276
900 658 7 9 0.010184976
441 560 6 9 0.010209759
421 757 7 9 0.010211117
707 672 12 18 0.010236072
211 309 6 10 0.01027456
51 470 7 10 0.010292298
633 388 6 10 0.010297021
87 499 8 10 0.010301686
132 674 9 12 0.010307551
167 686 8 12 0.010320075
16 708 8 12 0.010339511
199 485 6 8 0.010339988
229 674 12 18 0.010439942
723 639 12 17 0.010450578
103 661 7 9 0.010485622
401 438 7 9 0.010510696
280 324 5 10 0.01051274
1012 325 8 11 0.010548817
979 179 9 5 0.010565712
549 405 6 9 0.010569093
1000 340 10 10 0.010572335
482 340 6 10 0.010599869
673 647 7 9 0.010622566
276 578 12 18 0.010673336
582 647 19 29 0.01070767
270 657 13 18 0.010746816
711 657 7 10 0.010775211
519 556 12 20 0.010789636
582 642 9 12 0.010828864
483 494 6 10 0.010830038
419 431 7 9 0.01084934
616 451 6 8 0.010958833
183 386 5 7 0.010981659
56 480 8 10 0.010993421
115 750 7 13 0.011020616
63 479 12 17 0.011035172
329 388 6 10 0.011049174
145 434 6 10 0.011077383
248 716 12 19 0.011088745
231 312 7 9 0.011149306
527 544 13 18 0.011181774
663 547 8 8 0.011231553
259 612 6 10 0.011244126
564 387 6 9 0.011287116
87 424 6 10 0.011309979
353 518 6 8 0.011404918
309 682 12 19 0.011439689
320 704 11 18 0.011482147
193 646 6 11 0.011484366
581 589 12 19 0.0115100695
616 405 5 8 0.011556112
448 559 6 11 0.011567676
417 452 8 9 0.011583198
367 733 12 21 0.011585485
806 659 8 9 0.011592454
338 487 7 9 0.011608206
254 718 9 13 0.011611209
679 696 12 20 0.011636037
73 400 6 9 0.011680337
342 611 6 10 0.011684113
512 641 8 12 0.011723466
304 351 7 10 0.011769937
719 497 11 17 0.011790881
822 164 7 7 0.011815971
605 320 13 18 0.011828377
132 690 9 12 0.0118412925
690 534 6 8 0.011847704
882 175 10 8 0.011875773
32 494 8 12 0.0118916575
838 689 8 11 0.0119791785
115 304 7 9 0.0119811995
531 352 6 9 0.012068217
407 315 11 20 0.012086474
0 702 10 20 0.012096453
456 387 6 9 0.012120867
248 276 6 9 0.012144452
391 370 5 9 0.012278751
695 138 6 7 0.012355077
96 497 8 11 0.012410061
355 303 7 13 0.012417539
679 595 7 10 0.012424598
96 685 12 18 0.01246578
449 316 8 14 0.012471611
234 625 6 11 0.012480787
521 353 6 8 0.012496071
309 420 6 9 0.012502486
831 673 13 18 0.012545546
423 663 7 9 0.012547319
408 613 6 9 0.012560997
22 743 7 11 0.012566777
342 296 11 21 0.012621859
431 313 11 20 0.012645557
531 580 7 10 0.012711137
691 625 6 10 0.012753285
165 679 7 10 0.012774845
580 652 13 20 0.0127755115
626 447 42 52 0.012794897
258 293 7 11 0.012814276
93 712 12 20 0.012848485
311 685 8 13 0.012859958
449 582 6 9 0.012929854
558 640 12 18 0.012939595
126 721 9 13 0.012993169
149 384 5 8 0.013036629
124 720 12 18 0.013074636
473 582 6 9 0.013187027
54 665 11 19 0.013195945
199 673 12 18 0.013243357
212 355 5 7 0.013244647
304 464 7 12 0.013306478
30 486 8 11 0.013390046
677 536 6 8 0.013441666
965 326 8 7 0.013536351
199 357 5 7 0.013577545
449 309 7 13 0.013581798
147 449 6 10 0.013616012
663 656 7 11 0.013653373
256 706 8 10 0.013658628
117 736 11 21 0.013663131
255 340 7 10 0.013692632
0 497 9 23 0.013726037
614 390 5 8 0.013745275
186 302 6 11 0.013834012
312 451 7 12 0.013835188
20 567 8 9 0.01388235
597 628 12 17 0.014099415
401 515 7 10 0.014176458
695 547 6 7 0.014259188
818 628 7 10 0.01426004
485 320 6 12 0.014261266
342 325 7 10 0.014280047
90 324 6 9 0.014320699
546 580 7 11 0.014331243
674 545 6 8 0.014352524
416 321 7 13 0.014363942
439 596 5 10 0.014364145
206 677 9 11 0.014489976
583 553 11 19 0.014534609
69 721 7 13 0.014569997
1011 335 9 12 0.014573947
594 636 12 19 0.014646661
677 610 7 11 0.014681026
374 278 7 12 0.014739827
81 746 11 21 0.014766082
352 498 6 10 0.014822907
899 633 8 7 0.014830674
883 389 9 9 0.014843595
113 294 7 9 0.014919162
294 420 5 7 0.014935787
98 307 6 8 0.014938082
250 340 6 10 0.014976059
73 389 6 10 0.015058647
30 370 8 12 0.015077839
521 561 7 12 0.015104999
1009 330 11 22 0.01519136
502 433 7 10 0.015199508
192 295 6 9 0.01521702
643 639 7 11 0.015251035
33 415 7 11 0.015264368
583 549 12 18 0.015294801
3 564 6 9 0.015355526
215 720 9 12 0.015430521
617 419 5 7 0.015443564
481 743 8 8 0.015473756
90 305 5 10 0.015684174
533 343 6 10 0.01570542
36 435 7 11 0.015715033
246 575 7 11 0.015850613
214 499 6 8 0.015918145
964 661 8 8 0.01592327
742 544 6 8 0.016030712
485 484 6 9 0.016042458
692 656 7 10 0.016048541
62 662 7 12 0.016149152
291 386 7 9 0.01620174
102 465 7 10 0.016204521
483 368 6 8 0.016416794
626 406 5 8 0.01647614
640 532 7 9 0.016510375
297 343 5 9 0.016566612
639 561 8 9 0.016672792
305 324 6 11 0.016674802
23 369 7 11 0.016739123
534 371 5 8 0.016802441
982 321 8 7 0.016842466
546 419 7 10 0.017034048
199 500 6 8 0.017077232
273 659 8 11 0.017095555
279 433 6 8 0.017136082
968 177 7 6 0.01716718
166 387 5 7 0.017284626
434 625 6 9 0.017319748
524 603 11 19 0.017378138
319 304 11 21 0.01740769
929 166 7 7 0.017469678
404 642 7 10 0.017517162
233 549 7 10 0.017529411
483 623 7 11 0.017575797
134 356 5 7 0.017638002
328 291 6 12 0.017643299
912 403 14 17 0.017717801
80 735 12 21 0.017739639
96 449 7 11 0.017778784
293 453 6 9 0.01778013
523 161 26 15 0.017826283
583 450 5 7 0.018109499
739 576 7 8 0.018203588
874 545 6 8 0.01826704
128 654 8 11 0.018286
280 304 6 10 0.018370738
33 574 7 9 0.018389838
420 641 6 9 0.018406294
519 604 11 19 0.018521661
100 289 6 9 0.018722666
98 687 9 13 0.018757863
304 295 8 12 0.018761044
185 296 7 10 0.018984525
642 136 7 8 0.019005368
84 750 7 13 0.019087756
372 546 6 8 0.019118577
258 305 7 11 0.019196821
388 675 9 10 0.019197019
632 668 13 19 0.019228317
118 740 8 12 0.019286212
376 477 7 12 0.019380102
433 309 7 13 0.01950102
71 418 7 9 0.019532964
54 399 7 8 0.019547038
118 484 6 8 0.019571768
23 484 8 12 0.01967693
338 332 11 22 0.019785192
478 640 11 18 0.019798124
147 221 7 10 0.020097028
544 639 13 18 0.020166947
963 644 8 8 0.020262275
590 550 8 11 0.020272257
386 515 7 10 0.020327244
217 480 6 9 0.020587651
83 739 7 13 0.02069454
295 321 6 10 0.02069676
757 630 7 11 0.020774884
116 657 13 17 0.020818206
392 624 7 11 0.020842403
504 689 7 11 0.02099965
369 609 7 11 0.021002116
229 425 6 7 0.021012476
678 692 12 19 0.021546872
634 548 7 9 0.021574132
344 300 7 13 0.021613564
407 553 6 8 0.021682013
595 405 5 8 0.021739034
304 640 7 10 0.02182652
71 440 8 11 0.021898828
424 422 6 9 0.021923853
770 656 7 10 0.022084132
325 341 6 11 0.022148974
622 654 13 18 0.022186168
85 431 7 10 0.022409081
242 608 6 10 0.022566356
473 642 7 11 0.022630233
532 739 8 10 0.022654362
737 619 12 18 0.022682905
346 723 8 13 0.022919267
290 436 6 8 0.02292041
240 438 7 9 0.022947121
900 274 7 10 0.022948164
249 718 9 13 0.022969622
917 577 5 7 0.022981727
770 626 7 10 0.022982087
582 435 5 7 0.023053737
661 631 6 9 0.023066387
81 399 6 8 0.023095284
134 483 6 7 0.023115318
548 370 5 9 0.023253689
130 338 5 8 0.023344953
561 643 8 11 0.023374405
449 595 7 10 0.023559058
357 532 5 9 0.023581281
199 342 5 7 0.023606015
495 465 7 11 0.023638524
629 576 8 9 0.02377658
407 310 7 13 0.023884887
147 416 7 12 0.024015183
156 722 13 17 0.02413406
239 687 9 14 0.024269892
530 546 8 10 0.024328796
88 449 8 11 0.024388729
723 627 8 10 0.024470152
115 451 7 9 0.024478799
585 420 5 8 0.024600882
103 671 12 19 0.024692884
343 532 5 8 0.02471663
89 339 6 10 0.024846321
709 675 8 13 0.024852324
616 203 23 17 0.024881288
435 580 6 9 0.024893537
24 660 8 12 0.024901925
826 511 6 10 0.024979949
437 473 7 10 0.02507565
837 161 7 9 0.025266083
406 577 6 9 0.025305742
596 638 9 13 0.02534015
546 642 9 12 0.025353644
214 340 5 8 0.025465332
530 449 7 10 0.025754804
915 406 9 10 0.0260773
582 406 6 9 0.026614476
822 645 6 8 0.026702242
89 358 7 10 0.026737586
883 613 6 8 0.026798477
195 692 8 10 0.026807303
482 354 6 9 0.026945297
809 529 6 10 0.026945967
1 501 7 15 0.026972553
434 315 7 15 0.027040955
277 480 8 11 0.027087184
583 593 8 12 0.027109813
889 561 5 8 0.027126754
161 742 10 13 0.02717447
902 673 8 9 0.02718018
340 337 7 13 0.02749566
120 341 5 7 0.027504323
131 736 8 13 0.027552411
568 454 6 7 0.027749836
626 643 8 10 0.027999505
159 724 9 12 0.02831221
341 293 7 13 0.02835719
741 613 7 10 0.02850632
900 643 7 8 0.028556794
34 393 7 9 0.028636131
343 512 6 10 0.028659478
566 597 8 12 0.028676687
246 647 6 11 0.028766217
358 642 7 11 0.028903112
514 583 6 9 0.02899683
409 317 7 14 0.029081982
246 652 7 12 0.02941899
824 611 6 8 0.029495852
678 442 7 10 0.029758278
406 453 8 11 0.029779121
618 438 5 8 0.03013091
624 436 5 8 0.030229451
217 447 6 10 0.030358622
148 482 6 8 0.03042169
276 255 6 10 0.030462839
833 506 7 10 0.030742975
349 722 11 18 0.030823097
163 355 5 8 0.030846717
526 606 8 13 0.030955033
240 448 7 10 0.031062955
312 268 7 13 0.031070208
128 734 12 20 0.031183803
342 499 6 10 0.031391352
689 579 7 11 0.03165208
630 610 8 11 0.031812295
161 341 5 8 0.03202816
81 391 6 8 0.03210327
181 705 8 10 0.032297757
594 420 5 7 0.03285183
218 440 6 9 0.032911498
216 322 6 8 0.03295295
192 701 9 11 0.033122864
183 341 5 7 0.033170655
70 442 12 18 0.033601806
147 372 5 7 0.03375753
231 676 8 13 0.033835977
706 613 7 11 0.034459054
370 737 7 12 0.034487035
296 306 6 10 0.034684725
466 743 8 9 0.034694094
236 684 12 19 0.034983937
502 409 6 8 0.035032418
159 740 13 18 0.035274267
178 479 6 8 0.035772856
359 608 7 11 0.035952616
185 325 5 9 0.03604464
182 355 5 7 0.036234125
946 656 8 9 0.036256526
468 598 6 10 0.036429487
167 483 6 8 0.03643491
915 658 7 9 0.036530644
54 391 7 9 0.036889214
387 536 6 8 0.037077952
233 319 6 11 0.037194423
56 663 9 12 0.037675425
755 638 7 11 0.03809375
369 441 8 10 0.038184553
516 593 7 9 0.038199387
916 643 7 8 0.03843622
226 481 6 9 0.03846136
50 702 8 15 0.038514096
231 685 13 18 0.0386261
160 441 7 10 0.038775608
928 446 25 16 0.03880783
105 674 8 12 0.038841996
489 468 6 10 0.0389525
661 641 6 9 0.03922114
159 325 6 9 0.039798513
501 414 7 10 0.03981446
201 676 8 12 0.04060038
469 608 6 9 0.040867545
388 543 5 7 0.041342422
739 535 6 8 0.04181641
471 338 6 11 0.042454682
240 318 7 12 0.04275823
593 657 9 14 0.04304782
710 626 7 11 0.043530017
611 658 12 18 0.04358248
321 307 8 13 0.04373259
599 437 5 7 0.043899704
484 595 7 9 0.04423997
371 445 7 11 0.04424844
418 559 6 8 0.044386853
579 578 8 10 0.044798996
501 580 7 10 0.044953648
585 390 5 9 0.045297954
903 576 6 8 0.045350526
278 581 9 12 0.045439377
420 627 6 10 0.045806017
115 371 6 8 0.046675984
65 482 9 11 0.047176503
723 661 7 11 0.047905825
161 745 12 19 0.048247907
518 371 5 8 0.048257
147 641 7 10 0.04864922
712 639 7 11 0.048708223
625 656 9 12 0.050491765
771 644 8 11 0.05081835
386 493 8 12 0.050864395
485 577 7 10 0.050959937
639 549 7 9 0.051408235
98 340 6 8 0.051575053
422 550 6 8 0.051594518
406 627 7 10 0.05180083
501 594 6 9 0.05241076
584 556 8 13 0.052992016
148 355 5 8 0.053388845
884 545 6 8 0.053404067
195 372 6 8 0.054624815
367 646 8 13 0.05489331
98 370 6 8 0.05503718
217 470 6 10 0.055210613
55 667 8 13 0.056100447
1 468 7 12 0.056394167
585 551 8 13 0.056437712
305 301 7 13 0.057266895
483 567 8 11 0.057955123
229 446 6 10 0.0580338
134 646 7 9 0.05832198
150 721 13 18 0.058561455
119 326 6 7 0.05872899
98 326 6 7 0.058847543
441 610 7 11 0.059285425
626 416 5 9 0.05964959
465 372 6 9 0.059759144
393 563 6 9 0.059927274
155 325 5 9 0.06019597
178 372 5 8 0.060731895
503 610 7 10 0.060883198
262 472 6 9 0.060990386
831 611 7 9 0.061153203
612 660 9 12 0.061251774
726 643 7 11 0.061907157
632 566 7 10 0.06238967
36 399 7 10 0.06264874
294 460 12 19 0.06278625
834 677 8 10 0.06283279
152 342 5 7 0.06500935
242 497 6 9 0.0661821
134 371 5 7 0.066854686
599 631 8 12 0.06732414
168 464 6 9 0.067425
64 360 8 12 0.067875676
228 436 7 10 0.06843419
260 478 6 9 0.068760686
47 699 12 20 0.06884285
118 659 9 11 0.06902199
386 486 8 11 0.06920843
707 534 6 8 0.07157691
590 654 13 19 0.072659075
276 454 7 9 0.07268519
277 468 6 9 0.07410353
99 357 6 8 0.07445247
521 607 7 13 0.07535632
88 372 7 10 0.075601086
944 648 9 9 0.07762857
71 444 9 14 0.07844109
433 414 7 10 0.079125956
375 711 8 14 0.080258645
18 749 8 12 0.08120509
162 448 7 11 0.081859685
109 668 13 18 0.08204168
636 670 13 17 0.08322288
642 630 7 10 0.08413679
170 373 5 9 0.0842594
148 472 6 7 0.08476511
373 715 8 13 0.086599134
101 706 12 19 0.08784302
2 705 6 12 0.087888345
296 462 8 14 0.08991366
177 469 6 9 0.0903689
112 670 9 13 0.0905303
754 528 7 10 0.09069154
482 609 7 10 0.09433643
407 559 6 8 0.095076665
900 562 6 8 0.095812455
113 356 6 8 0.09662433
721 500 8 12 0.09833137
228 468 6 9 0.102021486
448 609 7 12 0.1020459
597 320 13 20 0.10353111
128 327 6 8 0.10789706
193 463 6 9 0.115487576
64 366 7 12 0.118327215
928 629 9 10 0.12503815
739 621 8 13 0.12694052
322 706 7 13 0.13341519
210 693 9 13 0.14303195
918 563 6 7 0.15180555
182 723 10 13 0.16027175
416 613 7 10 0.1630829
36 733 12 19 0.17540118
351 723 8 14 0.18254848
86 714 12 20 0.19739859
900 550 6 8 0.21750817
480 642 8 13 0.2206165
677 444 8 11 0.22268297
833 508 7 11 0.2268661
437 532 7 10 0.22820222
468 471 6 10 0.2404151
438 477 8 11 0.25606582
881 535 6 9 0.28218397
928 566 7 8 0.2981732

