2_Demonstration_Political_Rally_2_746
301
590 2280 39 68 0.010031545
288 1341 21 49 0.010087053
534 1322 11 12 0.010190953
359 2268 11 12 0.0102281915
744 200 9 14 0.010277024
136 1308 23 39 0.0102798715
348 2276 32 52 0.0103378855
775 1339 9 11 0.010341648
210 210 9 11 0.010356636
345 2267 13 15 0.010362028
714 1376 9 11 0.010390957
357 2280 24 38 0.010453434
283 1285 11 15 0.01046117
369 2341 72 66 0.01047046
537 2320 10 16 0.010536282
113 237 7 10 0.010571198
839 212 11 17 0.010953609
530 2424 66 51 0.010991297
678 2380 67 100 0.011055815
709 2317 23 37 0.011072004
132 240 7 9 0.011085488
410 1369 24 25 0.011118768
563 2286 21 38 0.011135257
653 1367 14 27 0.011165942
862 173 16 23 0.011308934
265 2408 43 40 0.011318075
420 1357 9 13 0.011400214
283 1297 10 14 0.011438211
337 190 21 34 0.011484821
46 276 42 85 0.011491345
202 2343 79 94 0.011496927
319 1273 20 41 0.0115014035
792 193 15 22 0.011565316
445 2312 25 37 0.011624515
532 2283 15 25 0.011640227
406 1324 21 38 0.011691037
379 255 24 24 0.011846672
594 1294 16 23 0.0119454935
722 1356 15 22 0.011979404
802 213 11 15 0.012018896
75 283 43 83 0.012083229
658 2297 23 29 0.012137962
156 2381 52 81 0.012172877
552 2285 16 23 0.01219079
262 1296 16 23 0.012226028
431 1336 16 21 0.012269397
304 200 10 12 0.012400983
708 1355 15 21 0.012437688
656 2425 76 48 0.012591434
791 219 12 15 0.012614575
600 2308 22 40 0.012650415
515 1335 17 22 0.012692317
206 1284 8 9 0.012939826
240 1271 47 66 0.0129794795
51 198 10 18 0.013192259
745 2329 30 20 0.0132170245
112 1293 12 16 0.013230918
717 1381 25 44 0.0134205315
110 1287 10 14 0.013470404
794 197 11 15 0.013472654
691 1354 15 23 0.013516034
494 1354 12 13 0.013760383
232 2340 53 68 0.013814827
418 1303 8 11 0.013866158
461 1287 9 13 0.01388017
309 2285 30 23 0.013941341
401 1321 15 22 0.013952089
319 217 12 12 0.013953401
324 234 13 14 0.014070677
654 1341 7 11 0.014221483
385 1276 12 16 0.014257901
627 1374 31 57 0.014388765
146 240 8 11 0.014432272
877 238 14 22 0.014437876
416 1317 16 22 0.014467903
880 172 16 23 0.014486223
455 1322 10 12 0.014637731
323 1244 22 40 0.01535634
349 2263 28 21 0.015648495
658 1361 7 13 0.015653117
374 261 22 40 0.015663391
809 2318 39 43 0.015692238
661 404 59 60 0.01575523
168 1285 7 7 0.015901906
172 1335 13 13 0.01593668
373 237 21 40 0.016004715
534 2313 10 15 0.016109396
311 1274 25 26 0.016175454
884 176 10 13 0.016180942
668 1357 15 24 0.016186621
691 393 42 42 0.016186932
150 1284 8 8 0.016270645
356 1306 41 80 0.016271353
675 1353 21 42 0.016332764
659 2285 21 32 0.016487239
862 122 8 12 0.016536256
535 2316 14 25 0.0171307
447 2300 23 28 0.017207801
166 1330 26 22 0.017265191
250 261 23 39 0.017358437
836 208 15 24 0.017689796
189 1289 8 9 0.017996188
268 213 11 13 0.01810946
295 212 16 20 0.018135479
266 231 10 13 0.018355576
447 1362 24 36 0.018373637
732 204 15 27 0.01844411
818 2321 27 34 0.018481025
458 1377 12 13 0.018558022
664 387 56 59 0.018563833
466 1374 27 21 0.018649813
879 2308 26 26 0.018661989
406 1350 21 41 0.018735636
280 1290 16 24 0.01878698
456 1372 17 21 0.019170832
251 2001 27 22 0.019336395
202 1315 25 36 0.019379918
64 186 24 26 0.019553622
207 1323 11 11 0.019589383
464 1354 26 22 0.01971935
518 1340 10 12 0.019753007
866 178 10 13 0.019839855
220 1247 25 35 0.019852614
401 1366 14 29 0.019876327
845 178 10 15 0.020049019
323 1254 16 25 0.020100465
654 1356 14 27 0.020145005
384 261 14 28 0.02047609
51 208 10 18 0.02077843
174 1318 26 21 0.021163426
285 179 9 10 0.021435104
798 210 16 24 0.021492016
185 2382 64 77 0.021601073
880 241 10 16 0.022225237
151 1305 9 9 0.022489112
343 2298 46 80 0.022593433
340 2299 115 141 0.023410713
265 1303 10 12 0.023766218
449 1387 24 38 0.02422786
722 199 23 36 0.024550114
792 2305 33 19 0.024788452
864 151 10 16 0.025339643
282 1336 25 26 0.025349343
128 2384 47 75 0.025453467
475 1339 17 19 0.025857892
434 2297 22 28 0.026300872
350 2255 24 38 0.026317324
832 214 11 16 0.026507547
460 1342 11 11 0.026530623
842 174 15 24 0.026655216
299 232 17 22 0.026869174
648 1319 8 13 0.026894795
531 2308 15 25 0.026989084
145 1317 17 21 0.027154792
686 1374 10 12 0.027263146
882 163 11 12 0.028234007
247 1279 35 47 0.028254313
603 2300 24 28 0.028280903
106 1284 17 23 0.028748784
634 1356 21 46 0.028958349
127 1302 12 13 0.029035952
496 2279 15 25 0.029814161
952 114 45 65 0.029915692
677 1374 9 13 0.030867964
887 135 9 11 0.03149634
173 2276 23 39 0.032007765
276 198 17 20 0.032054625
879 245 11 17 0.032923847
183 1340 15 13 0.03326346
730 1366 47 75 0.03338636
790 216 16 23 0.035100836
281 1275 22 40 0.035681486
324 198 13 13 0.035849713
751 211 10 17 0.03600628
861 146 15 24 0.03611786
712 1346 7 8 0.03615527
280 1281 16 25 0.036412895
108 1264 43 69 0.03688027
461 1394 29 22 0.03751586
164 1321 18 21 0.03758317
171 1321 25 35 0.037712097
882 115 15 24 0.039116394
389 1345 8 12 0.03965224
46 191 22 38 0.040116414
473 1359 12 12 0.040809397
375 1267 21 41 0.04136469
779 2308 29 21 0.041507397
801 1331 57 109 0.0416555
302 235 11 13 0.04174876
131 259 7 11 0.042309403
207 1302 9 10 0.042728987
479 1317 25 35 0.04406442
732 196 10 15 0.04428451
317 229 25 23 0.045690015
111 1289 16 23 0.046194244
673 1362 8 12 0.04703978
651 2293 16 29 0.047370512
435 1340 10 13 0.048467856
839 193 10 15 0.04960562
483 2292 24 38 0.050101638
979 136 22 46 0.05105355
788 225 16 23 0.051075872
454 1396 27 22 0.05141607
859 2272 41 52 0.051606126
716 1361 33 55 0.052023195
148 1321 11 12 0.05222101
835 190 15 22 0.052272145
188 1302 8 9 0.05269456
165 1304 9 9 0.052706417
489 1341 16 21 0.05306187
49 195 14 27 0.05323541
725 1359 9 11 0.053460922
458 1360 18 19 0.054517224
707 2291 21 37 0.054871153
482 1316 12 16 0.055417575
39 249 39 87 0.056624286
885 120 9 14 0.056722775
405 1326 9 12 0.056952305
411 1336 16 22 0.057203233
478 1343 11 12 0.05957103
149 2378 93 96 0.060874503
684 2314 22 41 0.061756574
299 215 11 12 0.06468083
281 1317 30 58 0.06489697
730 192 15 25 0.06525207
748 207 14 25 0.06572329
337 196 14 15 0.06592005
168 1325 11 12 0.066292286
183 1321 12 11 0.06826752
492 1345 12 13 0.068648644
730 1345 7 9 0.069137946
512 2288 23 39 0.069786415
337 2263 26 23 0.07014264
324 193 18 21 0.07186574
295 2289 33 52 0.07342924
384 1271 16 25 0.074670814
689 1342 7 9 0.0757758
677 1341 6 10 0.075955056
809 2323 31 22 0.07641821
275 2302 50 64 0.077028714
117 1297 28 22 0.0797191
830 209 16 24 0.07973298
280 200 11 11 0.08294321
92 1234 31 55 0.083893135
439 1315 16 22 0.086896054
213 203 8 11 0.08979819
802 191 15 22 0.09106574
281 1324 38 83 0.0921158
460 1363 13 12 0.09452636
784 1346 47 82 0.09482668
48 203 15 26 0.09502801
252 2320 37 48 0.09882785
101 1264 31 55 0.09911332
798 2317 25 36 0.09983729
175 1336 28 21 0.10224249
711 1359 8 11 0.10329987
695 1359 8 11 0.10656264
223 202 9 11 0.11051964
416 1340 9 13 0.110731855
665 2283 20 40 0.11572219
805 194 11 14 0.11871101
356 217 14 14 0.119831584
337 2256 24 40 0.123822294
403 1335 15 22 0.129888
421 1321 8 12 0.13297088
480 1312 16 23 0.14158112
800 2323 30 21 0.1507466
113 1274 32 50 0.15757598
860 139 15 23 0.15759064
441 2295 24 39 0.1667653
442 1318 10 14 0.18393673
863 142 10 16 0.19231418
246 194 16 19 0.20787945
513 365 79 76 0.20902275
354 215 17 20 0.21560319
621 1343 39 79 0.22199619
312 2286 34 52 0.23260199
830 191 15 22 0.23279035
832 194 11 15 0.24924548
261 195 17 19 0.2749533
774 1353 72 96 0.31150904
405 1338 10 14 0.31825647
711 1366 43 71 0.3197352
589 72 60 105 0.34819072
247 196 12 14 0.43199462
301 2293 47 71 0.4459315
507 354 61 81 0.45566684
649 2282 21 41 0.4608304
754 2326 27 36 0.4730634
330 191 24 24 0.5225318
279 208 18 20 0.5418664
263 197 13 14 0.55250686
134 2306 32 50 0.563024
599 2292 23 43 0.6106739
584 364 59 74 0.6276882
60 2328 31 63 0.76919353
355 2317 85 103 0.79480636
173 2377 98 99 0.895443
208 2253 31 57 0.90238255
853 2257 52 74 0.90546805
967 121 33 57 0.92037886

