2_Demonstration_Demonstration_Or_Protest_2_606
131
967 233 21 19 0.010087515
424 218 7 10 0.0105199
1 248 11 26 0.010701357
80 231 22 20 0.010856378
251 212 44 48 0.010961614
199 228 33 33 0.010965689
290 227 22 31 0.011011302
171 251 24 19 0.011118237
971 273 24 17 0.011125637
977 226 9 10 0.011308938
0 249 16 23 0.011365438
938 224 22 28 0.011416073
252 191 35 34 0.011590684
242 179 8 9 0.011596039
679 207 8 8 0.011597727
619 222 20 31 0.011662323
700 216 39 48 0.0118159875
480 328 51 60 0.012099964
882 220 40 50 0.0121583445
261 206 10 11 0.012630758
982 293 36 58 0.012890429
614 202 12 18 0.013017599
92 234 37 53 0.013215936
204 226 24 28 0.0135293985
633 202 21 21 0.013645497
255 201 22 18 0.013923798
51 211 7 10 0.013993523
644 189 21 33 0.014000373
204 218 27 16 0.014174624
698 230 24 19 0.0146010555
688 203 14 17 0.014723163
17 265 41 55 0.0148396
612 222 7 8 0.014851616
476 218 29 40 0.01502991
317 237 23 20 0.015071991
622 237 22 19 0.015208648
7 281 18 38 0.015271336
130 241 39 49 0.0152786095
637 212 39 59 0.015639326
106 309 33 38 0.015707461
881 231 22 18 0.01611647
622 202 13 19 0.016166845
629 197 6 8 0.016172823
326 309 57 93 0.016530743
234 248 24 20 0.01677645
672 197 21 28 0.017991954
951 224 11 11 0.018121945
7 303 26 47 0.01816542
513 255 41 63 0.019986503
153 236 23 17 0.020325288
708 191 8 8 0.020337312
112 245 21 19 0.020514917
629 223 7 8 0.020909611
488 236 37 63 0.022043502
894 242 28 43 0.022092821
761 153 22 20 0.022814827
226 232 24 28 0.0229241
736 224 21 30 0.022942146
443 228 40 53 0.022955425
263 161 12 18 0.023368888
945 222 22 17 0.023955435
986 302 26 44 0.02405493
683 217 21 29 0.025321953
879 223 20 32 0.025370333
258 218 33 33 0.025648925
958 226 20 29 0.026027543
291 238 33 37 0.027201971
914 245 42 64 0.027272547
887 232 24 19 0.027919773
95 235 22 20 0.02811506
44 254 31 39 0.028130086
1006 229 17 24 0.02821747
921 235 25 18 0.02853762
969 249 19 31 0.028600665
531 285 57 91 0.028683765
533 317 67 95 0.031207515
966 240 10 12 0.031210078
2 251 18 34 0.032530114
625 207 7 9 0.034056515
425 213 8 10 0.038209673
1012 224 9 11 0.039864905
314 224 29 44 0.041691083
3 294 37 62 0.04310473
120 241 21 20 0.04506537
145 253 22 21 0.045438003
286 230 44 51 0.045695424
502 220 54 73 0.04735532
767 248 40 64 0.0505836
1002 219 18 34 0.05078723
1010 221 12 21 0.051976133
785 240 49 77 0.052829087
634 179 40 54 0.05407675
704 261 42 50 0.054083865
122 225 22 29 0.056531653
969 312 30 38 0.05722666
121 245 22 21 0.05915906
729 236 25 19 0.060632892
107 239 22 20 0.062916905
890 239 39 63 0.06404413
960 237 20 19 0.06626215
100 239 28 37 0.070777304
691 207 8 9 0.07294116
704 223 23 20 0.077008575
887 226 30 37 0.077979095
313 236 29 44 0.08077058
616 206 7 9 0.09388689
103 233 22 29 0.10505204
865 301 43 54 0.13244414
3 272 37 61 0.13935865
308 228 38 60 0.17477898
139 250 23 29 0.18126826
282 218 43 53 0.19682904
111 295 44 57 0.22802584
153 253 22 30 0.29512018
559 287 58 93 0.34122086
544 290 84 142 0.35383847
768 253 57 75 0.38018185
903 261 62 68 0.4358663
633 241 48 61 0.49718732
745 273 28 43 0.5006024
221 240 33 35 0.59031355
47 247 43 58 0.63906497
185 245 33 35 0.6437854
707 222 25 29 0.65929186
218 290 41 65 0.70774955
711 259 30 40 0.7347126
335 277 63 105 0.7442357
832 237 32 41 0.7471209
1000 278 24 47 0.78017044
446 225 29 42 0.8010318
505 238 36 65 0.8233679

