2_Demonstration_Political_Rally_2_695
329
203 334 59 69 0.010022595
391 0 6 6 0.010073702
402 520 41 52 0.010084607
571 317 27 40 0.010129943
745 514 25 49 0.010149364
412 291 21 31 0.010185221
523 594 51 90 0.01018576
627 133 8 12 0.010194537
348 314 28 39 0.010248331
404 44 6 6 0.010294498
897 488 17 38 0.010319822
767 198 13 21 0.010334295
731 348 35 67 0.010420374
439 27 5 7 0.010422538
986 650 27 34 0.010440554
113 132 10 10 0.010452624
406 295 24 18 0.010652708
751 129 12 20 0.010664372
885 359 13 23 0.010688049
192 138 13 18 0.010709812
518 442 32 36 0.010735649
723 115 12 20 0.010750345
759 120 8 12 0.01077729
626 119 11 20 0.0108147245
862 183 19 28 0.010827658
289 247 20 31 0.010899398
245 125 7 10 0.0110655995
588 149 13 20 0.011066816
100 62 10 9 0.011082795
80 107 9 9 0.011339615
92 216 14 18 0.011343448
47 39 9 11 0.011568189
803 184 9 13 0.011731845
370 421 38 53 0.011790337
582 577 55 93 0.0120302485
973 89 13 16 0.012072993
960 626 44 58 0.012098682
250 188 25 15 0.012132702
678 276 20 35 0.012217054
579 529 51 88 0.012224416
183 274 23 18 0.012374148
799 446 31 78 0.012393487
210 40 8 8 0.012399547
85 136 11 11 0.012439762
446 403 40 50 0.0125439875
903 519 29 65 0.0125899995
248 134 9 13 0.012641562
404 10 5 5 0.012693453
640 154 18 32 0.012702809
963 95 13 17 0.012742104
754 134 7 12 0.012846321
758 180 9 15 0.012851093
454 72 7 8 0.012855564
611 199 13 21 0.012919172
36 216 11 12 0.012998351
4 198 8 15 0.013019454
44 217 23 17 0.013039715
266 159 23 18 0.0131540615
580 162 9 15 0.013180592
597 82 10 22 0.013230127
770 128 12 21 0.013305126
440 0 5 6 0.013375005
3 21 11 14 0.013384416
116 89 10 10 0.013543369
804 164 21 28 0.013649213
870 475 36 65 0.013735737
163 443 41 58 0.013754903
340 4 10 8 0.013760532
166 119 9 10 0.0138140805
240 215 23 17 0.013924111
409 479 42 53 0.014045014
72 363 30 38 0.014098706
82 215 13 18 0.014131691
774 411 38 75 0.014219918
0 207 10 27 0.014344465
109 262 22 18 0.014347459
636 149 12 20 0.01436145
217 306 29 41 0.014389347
623 146 18 30 0.0144134965
537 623 40 58 0.014559812
237 100 13 17 0.014713101
719 161 13 21 0.014721509
421 53 8 9 0.014725922
208 197 23 17 0.014835517
265 153 23 18 0.014935976
116 122 14 16 0.01497829
571 333 28 40 0.015029557
695 121 9 14 0.015067448
725 147 13 21 0.015135952
671 207 19 31 0.015172766
628 153 9 14 0.015434266
165 39 7 7 0.015551815
624 197 13 21 0.015566744
959 128 13 18 0.015685132
0 96 8 24 0.015880259
259 382 40 56 0.015980786
568 323 23 19 0.015982352
765 168 12 20 0.016004123
389 8 5 6 0.016071778
393 524 31 39 0.016299512
964 125 8 10 0.01663815
121 30 8 9 0.016677609
595 98 11 23 0.016833989
768 101 10 11 0.016882235
765 244 20 21 0.016886313
977 116 13 18 0.016958755
423 8 5 6 0.017026458
470 90 10 12 0.017044965
192 144 13 18 0.017174987
659 199 13 24 0.017180163
684 128 17 32 0.01732547
197 264 28 37 0.017429683
628 159 12 21 0.017435344
136 123 23 17 0.017437134
256 199 13 11 0.017769275
257 277 13 23 0.017839655
54 429 32 66 0.017921682
804 478 30 72 0.017928483
450 57 7 8 0.017964467
611 127 12 19 0.018027239
470 71 9 10 0.01805999
194 141 10 11 0.018079242
280 273 26 43 0.01810133
232 106 9 10 0.01811985
0 225 10 30 0.018169599
677 147 13 19 0.018222272
143 207 13 20 0.01827148
247 90 9 11 0.01830667
607 488 39 63 0.018391155
479 342 23 29 0.01854876
441 43 6 8 0.018551711
649 121 18 29 0.018752562
0 239 16 32 0.018837951
767 430 46 96 0.01883922
757 116 13 21 0.018988315
765 117 13 21 0.01909284
0 446 30 83 0.019137204
197 41 7 7 0.01929449
397 364 28 42 0.019442625
472 456 43 49 0.019455051
953 94 7 11 0.01957017
0 235 8 33 0.019700361
646 122 7 14 0.019768335
79 133 22 17 0.019770341
655 129 8 16 0.020009337
257 286 36 59 0.020080892
589 180 13 20 0.020162066
119 265 38 56 0.020391492
628 122 7 13 0.020465437
101 271 29 39 0.020615976
131 110 11 10 0.020657625
640 106 7 13 0.020693652
181 40 6 7 0.020815957
216 135 9 11 0.020890813
404 0 5 5 0.020903734
891 482 23 49 0.021019598
1016 87 6 11 0.021309726
741 506 34 68 0.021777287
17 587 43 58 0.021794342
46 134 23 17 0.022057317
200 212 24 17 0.022061175
613 130 8 13 0.022361586
242 359 37 62 0.022376304
639 178 13 22 0.022412712
17 275 23 20 0.022735402
471 90 22 18 0.023053883
22 227 23 20 0.02308893
707 187 18 31 0.023161469
677 136 9 13 0.023394726
707 301 27 46 0.023533164
406 26 6 6 0.02367444
60 219 23 17 0.023716373
736 490 33 68 0.023765625
321 327 27 40 0.023814602
670 178 13 21 0.02382465
35 215 13 18 0.023865603
704 120 8 14 0.024247583
1007 101 12 19 0.024469985
117 125 11 10 0.024686432
467 94 20 19 0.024708258
694 119 12 20 0.02480335
127 117 14 16 0.025464721
644 120 11 21 0.025559364
766 98 13 18 0.025757298
961 131 9 11 0.025880717
4 16 18 30 0.026245099
692 132 10 13 0.026308347
480 57 8 10 0.026425801
678 116 8 11 0.026808552
40 226 19 29 0.027093373
203 243 20 31 0.027231146
696 107 8 12 0.027401404
97 229 19 22 0.027461343
883 365 19 24 0.027467009
599 85 6 13 0.027530475
229 340 28 46 0.028216228
611 124 8 13 0.028308487
194 147 10 12 0.028384952
654 204 18 32 0.029434776
418 46 7 8 0.029766642
449 44 7 8 0.02980037
651 181 17 33 0.029800544
656 122 8 14 0.02993543
129 119 10 11 0.030007886
7 567 50 104 0.030310605
980 119 8 10 0.030616974
647 130 9 15 0.031377945
207 243 22 18 0.03159247
100 67 11 11 0.0318059
581 155 9 13 0.032330897
728 316 33 68 0.032354057
666 209 21 21 0.032394037
660 204 17 24 0.032730117
2 195 12 22 0.033231534
448 428 39 52 0.033239868
534 443 30 39 0.034036968
352 418 38 51 0.034477707
467 44 7 8 0.03451619
166 258 22 28 0.035086583
100 238 21 19 0.03563307
0 469 24 88 0.035720434
963 629 48 55 0.035765454
579 159 12 20 0.035854384
127 388 38 55 0.03612631
70 225 23 19 0.03642564
638 166 13 21 0.037051916
160 213 22 20 0.03803396
3 384 38 57 0.0380444
980 104 8 9 0.038301118
801 181 13 20 0.03830543
608 121 12 20 0.038314577
209 270 21 19 0.038993165
965 98 9 11 0.039962735
676 133 12 21 0.040942453
248 212 23 18 0.041008327
881 469 23 50 0.04320043
112 356 35 58 0.04322948
811 274 24 46 0.04450405
794 194 20 21 0.044943474
864 182 9 14 0.04526463
701 118 12 19 0.045357566
244 450 36 56 0.04589408
188 210 24 19 0.046053026
112 70 9 9 0.046181086
977 92 8 10 0.04635669
429 457 43 55 0.046506766
579 153 13 19 0.047968656
440 57 7 8 0.048069872
196 117 9 10 0.048285637
91 339 35 60 0.048364308
239 103 9 11 0.048521355
469 88 14 19 0.048694108
407 297 30 35 0.049588528
22 272 24 27 0.049631357
178 431 36 66 0.04987752
877 351 18 34 0.050786793
141 128 14 17 0.05080055
383 338 28 39 0.05194903
211 455 38 57 0.052465264
18 121 21 20 0.052583095
609 570 36 68 0.053593438
274 393 41 54 0.053913087
266 278 26 43 0.05410438
756 176 12 22 0.057234395
273 246 13 23 0.057934444
506 465 34 36 0.05881838
653 120 11 21 0.059020896
148 393 35 60 0.0604768
690 130 13 20 0.061009124
996 105 8 9 0.061489332
647 127 11 21 0.061583046
909 531 18 36 0.06465966
652 126 12 21 0.06520126
347 404 40 50 0.06596757
703 291 36 63 0.066137075
879 362 18 33 0.06818199
250 196 24 17 0.071027935
670 267 36 60 0.07196111
268 245 19 32 0.072191976
977 641 39 43 0.072194666
812 176 13 20 0.072472505
12 430 27 43 0.072908714
701 198 19 22 0.07730213
160 260 20 21 0.07926547
626 151 13 22 0.0817897
18 423 36 62 0.08570224
949 101 7 10 0.08577002
534 455 30 43 0.09006353
291 419 38 57 0.09136619
57 134 23 17 0.0958089
780 410 49 90 0.09628334
726 299 33 63 0.10101637
226 346 40 63 0.10274983
861 180 13 19 0.10450632
682 146 19 22 0.110031135
1010 105 8 11 0.11088723
492 372 30 40 0.11542809
855 180 13 19 0.11581907
104 228 18 29 0.11751779
63 447 36 60 0.12642822
802 172 19 29 0.12968099
402 363 35 54 0.13210692
683 179 17 32 0.13451569
705 272 27 43 0.13484083
15 272 20 29 0.1353682
63 225 23 19 0.1434894
18 227 19 22 0.14886796
191 222 21 29 0.14925575
188 446 39 58 0.16526648
13 222 17 32 0.16920604
313 529 42 53 0.17415576
963 641 45 43 0.17542699
887 474 23 47 0.17558278
101 353 38 56 0.18393447
164 425 35 61 0.18445091
170 208 19 29 0.19349447
4 380 30 38 0.19932853
685 183 20 23 0.22596166
58 57 22 19 0.247416
0 16 19 21 0.26355562
499 375 32 39 0.3204731
439 344 31 36 0.32338712
47 237 21 30 0.3314504
963 90 13 17 0.35642147
423 463 37 57 0.3717796
327 467 35 55 0.4115055
586 365 27 42 0.45121396
810 224 19 33 0.45540997
764 544 51 90 0.6408108

