2_Demonstration_Protesters_2_156
33
771 149 5 7 0.010561835
254 189 23 19 0.010951682
145 324 33 40 0.010975694
691 134 7 9 0.011070996
712 127 21 20 0.011127793
59 132 26 15 0.0111668
1003 21 14 45 0.0111962715
757 135 5 7 0.011239032
720 134 8 9 0.01153769
742 131 6 8 0.011596263
521 203 32 75 0.012761339
676 134 6 8 0.013601489
535 199 32 74 0.013815691
706 142 13 18 0.014811901
663 148 6 8 0.015277139
836 53 6 10 0.015479213
757 148 6 8 0.017143464
999 0 17 41 0.017713642
506 315 18 33 0.019558972
711 133 8 9 0.019621994
676 143 8 10 0.02002093
720 145 7 8 0.022333652
0 286 20 45 0.022422515
62 304 33 36 0.057750057
709 145 7 10 0.07280428
2 311 17 35 0.48879796
740 437 48 60 0.6953585
991 0 31 50 0.7271694
434 312 38 71 0.84026414
57 291 34 40 0.91445476
251 314 42 57 0.94005615
612 333 41 57 0.956579
137 320 35 54 0.96384645

