2_Demonstration_Protesters_2_86
559
459 246 19 19 0.010164874
53 218 9 12 0.010343615
1002 283 17 30 0.010349758
988 281 14 16 0.010354622
626 310 20 21 0.010400764
315 305 21 19 0.010416367
341 171 4 6 0.0104536945
573 285 20 27 0.010513409
721 283 18 30 0.010613134
305 307 21 18 0.010713202
896 302 20 26 0.010763543
304 264 10 12 0.010769952
770 307 22 27 0.0107710445
629 173 4 6 0.010887965
864 248 15 15 0.010894387
818 236 9 9 0.010915375
1008 215 13 17 0.011035979
456 303 20 22 0.011081228
938 305 26 17 0.011176698
125 267 21 19 0.0112542035
724 249 14 16 0.011274112
877 250 21 16 0.011554511
542 244 12 17 0.011710645
150 183 14 16 0.011718285
131 201 13 15 0.0117348535
838 284 18 29 0.011745641
775 287 20 27 0.012085756
354 264 14 20 0.0120887915
406 171 4 6 0.012098665
559 286 18 29 0.012159186
111 185 10 9 0.012205258
450 269 13 12 0.01222752
41 463 32 69 0.012235211
570 289 15 19 0.012305346
401 298 20 20 0.012319843
281 294 21 22 0.012398092
0 240 9 26 0.012433769
922 292 15 18 0.01252661
981 282 14 16 0.012761915
765 230 14 16 0.012779006
734 281 19 28 0.0128060505
598 173 4 6 0.013177734
29 297 19 31 0.013201822
673 310 21 21 0.013302667
416 422 40 52 0.013311733
818 174 6 6 0.013392427
311 171 4 5 0.013455838
933 328 28 18 0.0134649435
327 302 19 31 0.013739006
736 263 11 12 0.01381794
482 250 14 16 0.014057572
535 279 21 19 0.014176504
790 259 12 11 0.014180189
293 172 5 5 0.014309847
333 298 15 20 0.014426683
581 172 5 6 0.014431145
852 170 7 6 0.014456003
835 204 6 6 0.014530737
612 266 11 12 0.01458793
104 279 18 29 0.014880304
263 172 5 6 0.014945112
835 234 14 15 0.015164517
613 173 5 6 0.015181326
277 171 5 6 0.015507177
736 245 13 17 0.015692258
224 248 9 11 0.01591942
842 287 15 17 0.016060026
380 259 13 17 0.016370583
567 241 12 17 0.016413145
191 261 14 15 0.016434727
323 171 5 6 0.016509794
756 240 14 17 0.01651595
939 296 25 16 0.016552549
374 262 11 12 0.016592486
438 171 4 5 0.016634429
204 258 22 17 0.016678836
143 230 9 13 0.016827209
493 258 12 16 0.016865127
501 521 43 58 0.01688952
452 173 5 6 0.017037114
606 246 13 17 0.017078103
326 328 24 19 0.017105581
423 262 11 12 0.017196862
893 300 23 17 0.017560061
599 297 22 18 0.017594034
963 260 20 18 0.017638415
101 175 10 10 0.017812196
926 277 22 17 0.017901124
910 274 22 18 0.017926939
421 172 5 6 0.017933017
801 260 11 13 0.018048933
128 180 14 15 0.018116584
1006 319 18 23 0.018244855
991 258 13 17 0.01834331
606 323 21 32 0.01840167
988 337 25 17 0.018419808
196 272 20 28 0.018493926
306 251 8 11 0.018624678
950 187 7 8 0.018635776
785 279 13 13 0.018973358
451 304 21 27 0.019044325
72 272 23 19 0.019110732
742 174 4 5 0.019160273
688 246 13 17 0.019387221
756 232 14 17 0.019472655
945 266 10 9 0.019473912
734 261 14 17 0.019541776
573 241 12 17 0.019594098
224 229 13 17 0.01971293
964 215 13 16 0.019858422
500 246 12 17 0.019891081
591 259 13 17 0.019947061
906 262 22 18 0.020030892
901 266 13 12 0.020191994
980 219 9 9 0.020401387
937 278 23 17 0.02048201
321 249 13 17 0.020488942
81 171 9 10 0.020550787
14 296 24 19 0.020679114
108 242 14 17 0.020942736
243 174 5 6 0.021171108
373 261 13 18 0.02126257
680 310 25 19 0.021319235
355 248 14 16 0.021693572
189 230 13 16 0.021765333
655 274 17 30 0.021778245
931 191 7 7 0.021960443
130 213 11 11 0.021975543
451 247 11 10 0.022070132
909 286 19 30 0.022111
993 261 10 12 0.022179058
306 230 12 17 0.022617908
984 175 7 6 0.022765595
643 244 13 17 0.022781804
799 250 10 10 0.022937614
430 248 14 15 0.023048062
495 260 9 13 0.023144463
159 263 14 16 0.023169398
131 286 18 29 0.023195228
452 298 15 20 0.023658017
61 248 15 17 0.023662359
1011 230 12 18 0.023737974
819 248 10 10 0.023785708
357 188 5 6 0.024129603
258 251 13 17 0.024287457
876 228 14 16 0.024520379
789 172 5 5 0.024644364
374 188 4 6 0.024742328
977 244 13 16 0.02479066
182 230 13 17 0.025070801
822 206 7 7 0.025167268
792 186 5 6 0.025215155
823 185 6 7 0.025216473
930 247 9 9 0.025466757
20 182 12 18 0.025703598
8 281 19 28 0.025990339
231 175 4 6 0.026373362
64 271 18 28 0.026549164
771 187 5 6 0.026808256
469 172 4 6 0.026815716
564 267 9 11 0.027047673
372 250 14 15 0.027143998
787 250 15 15 0.02714842
1007 244 13 18 0.02725272
742 278 24 18 0.027493529
450 270 15 17 0.027511995
517 171 4 5 0.02793921
84 221 11 11 0.028192153
805 187 6 6 0.028211376
112 166 9 10 0.028579231
611 266 14 17 0.028738612
626 249 13 16 0.028738666
944 202 7 8 0.028842265
389 190 4 5 0.028849749
1012 185 6 9 0.029504875
192 261 12 10 0.029640874
724 261 12 12 0.029761037
643 190 5 6 0.030020013
66 259 22 18 0.030638717
565 171 5 6 0.030935122
989 228 13 16 0.031071208
273 269 10 13 0.031624373
672 273 22 18 0.031648185
1010 263 12 12 0.031970557
533 246 9 11 0.03202198
961 233 8 10 0.032052796
931 217 7 8 0.032913428
342 189 4 6 0.032939214
358 271 14 19 0.033328988
775 172 5 6 0.033600405
245 250 8 11 0.034177564
576 267 14 16 0.0351702
759 189 5 5 0.0352537
837 217 8 8 0.03544798
151 200 8 10 0.03557071
486 174 5 5 0.035589878
272 272 14 19 0.035907485
161 233 13 17 0.036060322
962 186 7 8 0.037074182
150 216 9 11 0.037134416
806 173 6 5 0.037630923
325 188 4 5 0.037725497
800 216 8 9 0.037924252
966 170 6 7 0.03804495
944 281 11 10 0.03817407
803 201 7 7 0.038196586
160 246 11 12 0.038483936
581 186 5 6 0.03900733
742 186 4 5 0.039082043
398 302 19 32 0.039347805
683 266 14 18 0.039752975
510 243 13 16 0.04021001
931 264 14 15 0.040922377
114 198 10 11 0.041285396
531 171 5 6 0.04174295
846 245 10 12 0.042058744
23 298 25 19 0.042298798
387 231 6 9 0.04259738
1006 297 18 20 0.042635735
550 172 5 6 0.042801227
385 250 8 10 0.04358844
309 188 4 5 0.0436203
1008 304 16 22 0.043765455
933 320 21 31 0.043993354
675 247 9 11 0.044106193
31 289 19 28 0.044110764
629 187 4 6 0.044476792
654 244 13 17 0.044599902
1001 203 8 9 0.044627097
261 252 9 12 0.04496772
517 220 6 7 0.045263346
868 189 6 6 0.045392286
216 326 26 39 0.045478374
278 247 13 17 0.04649446
832 291 22 18 0.046571005
754 172 4 6 0.04687102
46 278 25 19 0.04697669
383 261 9 12 0.047060892
598 187 4 6 0.047246486
917 249 9 10 0.047362376
918 190 7 8 0.047695898
801 233 8 10 0.04771235
406 188 4 6 0.047936227
578 273 14 17 0.04797293
338 245 9 11 0.048231713
884 189 7 7 0.04828399
210 254 9 10 0.048870973
727 251 8 11 0.04888542
534 203 5 6 0.048960574
337 236 7 9 0.049568653
762 277 22 18 0.0499695
293 188 5 7 0.050224632
436 187 5 6 0.051098064
284 246 13 17 0.05123949
501 172 5 6 0.05146651
565 187 4 6 0.051511217
1000 302 17 33 0.051797718
22 183 8 12 0.05205321
980 185 7 7 0.052054785
680 307 20 33 0.052076157
708 189 5 5 0.05241662
614 188 5 7 0.052730296
484 257 13 17 0.052813806
421 187 5 5 0.053001396
764 302 22 19 0.05322985
912 265 12 11 0.053549424
772 250 11 12 0.053669166
771 205 6 6 0.05376442
210 260 13 10 0.053947177
485 251 9 10 0.05429201
71 263 21 20 0.054453332
342 202 5 5 0.054514248
757 243 10 11 0.054682232
454 187 5 6 0.0549675
678 270 23 19 0.055550076
359 203 4 5 0.055796277
0 445 13 59 0.05593874
692 232 7 9 0.05636392
989 248 14 16 0.056463752
866 249 11 10 0.05652593
277 190 5 6 0.05666038
690 248 9 11 0.05670818
739 247 9 10 0.056982115
851 185 7 7 0.05706492
1009 246 10 10 0.05771933
584 204 5 6 0.05941607
663 188 4 5 0.05954193
593 260 9 12 0.059722546
962 245 9 10 0.059727963
133 203 10 10 0.059736457
81 179 10 12 0.059802003
195 191 6 7 0.0598275
852 218 8 7 0.060567293
1007 203 8 10 0.060860712
159 187 7 9 0.060915936
997 184 7 8 0.061370652
150 273 22 19 0.061449062
700 248 14 17 0.061736766
787 207 6 6 0.061872207
182 182 6 8 0.061901674
579 268 9 12 0.06197022
678 264 14 20 0.06312348
6 181 7 11 0.063360594
693 189 5 5 0.06372575
900 201 7 7 0.06388766
661 233 7 9 0.0644796
471 188 4 5 0.06507138
769 232 8 10 0.06523537
598 325 27 37 0.06603263
726 189 5 5 0.06612122
459 366 34 53 0.066405155
694 217 5 7 0.06658477
974 261 10 13 0.06696461
759 203 5 6 0.067256205
595 246 8 10 0.06769158
392 332 22 32 0.06833843
263 189 5 6 0.06837162
790 253 10 10 0.0684297
422 243 10 11 0.06873963
251 255 14 18 0.069148295
644 233 7 8 0.06929406
162 214 7 10 0.0693416
678 187 4 6 0.070667215
724 217 6 7 0.07117383
259 216 6 7 0.072058
438 204 5 6 0.072158806
323 251 9 12 0.07218232
360 271 20 20 0.07263314
948 219 7 9 0.07274983
980 236 8 10 0.073049195
850 233 8 8 0.07357317
834 186 7 7 0.07432777
164 201 7 8 0.07483499
309 216 5 7 0.0750077
535 187 4 6 0.07502899
549 187 5 7 0.075371355
680 410 29 44 0.07537645
212 232 7 9 0.07549389
229 186 5 6 0.07561121
917 200 8 8 0.075711675
534 218 6 7 0.07572511
993 221 8 9 0.07598904
516 187 5 6 0.0760192
598 217 6 7 0.07709009
773 218 6 7 0.07727424
74 313 20 31 0.07768436
898 188 8 8 0.07817215
213 203 5 6 0.07828035
577 235 8 9 0.07843808
212 190 5 6 0.0785366
163 235 10 12 0.07902687
787 232 9 10 0.079315804
979 200 9 9 0.07958996
609 248 8 11 0.07961594
707 218 5 8 0.07980561
630 232 7 9 0.08000519
645 246 9 12 0.08020541
21 191 11 19 0.0808326
502 247 8 12 0.081112616
838 282 22 19 0.08115281
294 203 5 7 0.081831954
983 543 32 90 0.08209942
914 216 7 9 0.082491435
327 263 21 21 0.082689926
450 301 20 22 0.0832735
246 187 5 7 0.08353241
485 187 5 6 0.08384335
357 250 10 11 0.08448938
613 201 5 7 0.08536073
324 261 13 17 0.085384265
871 229 9 10 0.08541365
737 276 21 19 0.08542866
621 256 13 16 0.08562759
758 235 8 10 0.085633814
933 199 9 9 0.08624147
434 234 8 8 0.08634059
920 233 8 10 0.08654179
928 234 9 10 0.08763113
0 360 14 36 0.087821476
277 219 6 7 0.08826901
491 315 22 33 0.0888003
740 232 7 9 0.08911157
837 244 12 11 0.089607164
703 249 10 13 0.08983897
501 187 5 6 0.09004936
723 231 8 10 0.090079606
287 247 9 14 0.09009831
325 203 5 6 0.090141006
327 232 7 10 0.090385355
992 249 10 12 0.09053639
197 215 7 8 0.09067573
245 203 5 6 0.09142363
247 256 14 17 0.091584384
596 203 5 6 0.09161349
48 182 10 13 0.09244188
824 304 22 19 0.092680685
329 302 22 20 0.093011916
645 203 5 6 0.09404075
901 214 8 9 0.09469636
673 232 8 10 0.09491447
1014 233 8 11 0.0956943
242 234 7 10 0.09586716
564 217 6 8 0.095883034
390 203 4 6 0.096798435
144 272 21 18 0.096915305
432 248 11 11 0.09827626
609 232 7 9 0.09837283
967 263 12 12 0.09855806
133 230 14 16 0.09988041
565 234 7 9 0.10008532
870 217 7 7 0.100329556
403 302 20 22 0.10065194
197 200 5 8 0.100837395
189 275 23 18 0.10129072
181 203 6 7 0.10152888
179 216 7 8 0.1017152
742 220 6 7 0.10259401
186 315 23 29 0.102637306
184 233 9 12 0.10278127
404 229 8 8 0.10280682
837 236 9 9 0.103099935
721 293 23 19 0.10313872
628 249 9 11 0.10318408
193 233 8 11 0.103309266
998 173 7 8 0.10332173
883 252 12 12 0.10344252
757 219 6 7 0.10346474
308 204 5 7 0.10379253
547 216 6 8 0.103896104
273 290 19 23 0.10402948
790 215 8 9 0.10445336
374 252 10 10 0.10452465
568 243 9 12 0.104604386
629 217 5 7 0.10460725
805 424 35 36 0.105163544
464 231 8 10 0.10558093
933 265 11 11 0.10689284
693 202 5 6 0.107180886
884 215 8 8 0.1073562
547 202 5 8 0.10829198
946 246 10 10 0.10846266
374 204 4 7 0.10852813
456 232 8 9 0.10873738
184 374 32 41 0.10984842
419 203 5 7 0.109999456
564 204 5 7 0.110944785
213 215 6 8 0.11223997
709 202 5 6 0.112558804
103 194 11 12 0.11336986
530 304 23 20 0.11360148
484 234 8 9 0.11427124
67 184 14 16 0.11444225
948 229 8 10 0.11446098
610 218 6 7 0.114705615
452 215 6 7 0.11482004
870 202 7 7 0.11674225
279 201 5 7 0.117089786
405 218 6 7 0.11725322
295 272 14 19 0.11737244
661 219 6 7 0.11795916
356 217 6 8 0.118853614
199 273 23 19 0.11910547
55 278 25 20 0.11936436
606 272 15 17 0.120283835
628 204 5 7 0.12033787
676 219 5 7 0.12099798
706 231 7 11 0.121398
280 249 10 12 0.12181799
324 217 6 8 0.12245412
770 248 15 17 0.123863176
446 267 21 18 0.12450827
597 235 7 10 0.12470987
854 204 7 7 0.12475604
809 314 25 40 0.124779105
884 203 7 7 0.12520978
725 202 5 6 0.12609515
518 204 6 7 0.12628527
741 204 5 6 0.1263965
879 230 10 11 0.126808
643 218 6 7 0.12732108
468 217 6 6 0.12929007
913 292 23 19 0.12937143
657 246 9 12 0.1303788
500 216 6 7 0.13113095
469 204 5 6 0.13184889
373 217 6 6 0.13221766
979 245 9 11 0.13298327
676 202 5 6 0.13308747
549 232 7 10 0.13328658
502 205 5 6 0.13334511
293 215 5 8 0.13412894
992 229 9 11 0.13495672
814 262 14 15 0.13520911
36 183 10 13 0.13542129
517 231 7 10 0.1362652
576 243 8 12 0.13720107
100 243 14 17 0.13725977
1012 171 8 9 0.13727997
119 333 27 37 0.13781764
819 213 9 10 0.13805981
226 216 6 7 0.13861655
230 203 5 7 0.13882701
545 246 8 11 0.13955359
260 204 5 7 0.13978408
436 217 7 6 0.1397857
485 202 5 6 0.14112951
358 234 8 9 0.14159922
429 258 14 16 0.14289369
663 203 5 6 0.14333405
562 288 21 21 0.14390609
152 186 9 10 0.14477006
422 217 6 8 0.14477101
862 264 15 15 0.14487527
1011 219 8 9 0.14573435
656 278 21 21 0.14793602
498 231 8 10 0.14967707
405 205 5 7 0.14991784
779 276 21 19 0.15098481
247 216 7 8 0.15298517
339 216 6 9 0.15499862
451 206 5 7 0.15562578
511 262 15 18 0.1562371
512 244 10 11 0.1563812
899 371 29 42 0.156388
977 306 23 21 0.15722863
1004 259 20 19 0.15740475
422 237 8 9 0.16031568
22 263 24 18 0.16182531
41 584 68 89 0.16343573
900 235 10 12 0.1667335
227 232 8 11 0.17009073
391 216 6 9 0.17266826
293 230 7 11 0.1729379
182 174 6 10 0.1738661
464 248 11 13 0.17671971
276 227 8 9 0.17819178
729 337 28 42 0.17843197
967 349 26 40 0.17860237
99 180 11 11 0.18229459
487 218 6 7 0.1844324
399 245 11 12 0.18454818
373 230 8 8 0.18526852
47 473 39 64 0.1860654
260 233 8 10 0.18801948
130 182 11 10 0.18832888
118 297 24 21 0.19333464
527 279 23 18 0.20226786
544 433 32 65 0.20618781
532 231 7 11 0.20787595
580 216 6 8 0.21084355
309 232 8 11 0.22583559
0 278 18 22 0.25026757
281 328 30 38 0.2544109
965 217 10 11 0.26147923
321 361 31 39 0.279047
92 278 24 19 0.28414255
889 304 25 19 0.29028708
128 271 21 19 0.2914387
356 465 35 67 0.32727787

