2_Demonstration_Demonstration_Or_Protest_2_225
323
289 370 13 17 0.010007276
228 439 11 13 0.010018971
692 248 7 11 0.010053404
436 307 7 9 0.010082145
659 449 12 22 0.010159764
882 391 8 13 0.010164
287 353 13 17 0.010186553
355 389 8 11 0.01018774
866 372 7 10 0.010244458
247 328 6 9 0.0102635445
453 265 7 7 0.010311478
818 296 7 11 0.010333272
106 405 18 29 0.010335818
341 328 8 10 0.010338461
561 426 10 12 0.010349317
128 440 10 11 0.010414764
1018 437 5 16 0.010517439
901 371 10 11 0.010542059
140 416 13 13 0.0105926255
833 394 8 13 0.010678468
178 423 11 11 0.0106826695
563 374 8 9 0.010755559
722 388 7 12 0.0107823
403 296 7 9 0.010834576
320 399 12 18 0.010837662
789 296 7 11 0.010899701
801 289 12 20 0.010900816
882 403 9 13 0.010910671
239 438 11 14 0.010930939
306 359 13 17 0.010931098
336 422 9 13 0.011006012
761 407 8 13 0.011125118
831 449 12 20 0.011178426
759 421 9 13 0.011181052
248 438 21 19 0.011201974
197 347 6 8 0.011235197
434 263 7 7 0.011318528
577 395 10 11 0.011428042
549 276 7 12 0.0114554195
1016 327 6 11 0.0114887245
421 414 12 20 0.011551532
597 347 6 9 0.011637572
544 362 8 10 0.011648448
820 465 9 14 0.011659993
232 446 20 20 0.011785743
421 328 7 8 0.011815313
435 280 7 8 0.011883048
532 370 10 10 0.011904623
430 368 13 19 0.0119242715
911 433 13 19 0.011934174
990 504 11 13 0.011967485
221 385 12 20 0.01199988
327 420 12 19 0.012052882
401 267 8 10 0.012118891
370 377 7 10 0.012134069
833 399 12 19 0.012140334
336 436 13 22 0.012318422
933 303 11 20 0.012337611
934 306 9 14 0.012491259
758 418 12 18 0.012562417
321 443 14 22 0.01263538
705 357 7 12 0.012732078
335 368 13 18 0.012745704
660 419 10 14 0.012746003
322 402 9 12 0.012766433
1010 519 8 13 0.012825325
655 412 18 28 0.012830047
838 312 5 8 0.012833321
548 372 9 10 0.012865558
830 392 12 19 0.012925484
429 406 13 19 0.012949977
407 311 7 8 0.0129669625
804 387 8 10 0.012978898
261 339 13 18 0.013028851
508 355 13 18 0.013106559
768 405 8 12 0.01317314
373 310 8 9 0.01326539
575 392 14 17 0.01333128
642 408 10 12 0.013421377
993 391 7 13 0.013436691
1015 531 7 12 0.013524303
375 450 12 22 0.013532582
36 412 13 23 0.013600107
57 354 7 15 0.013644284
866 312 5 8 0.013656642
324 330 8 10 0.013670794
357 360 8 9 0.013862475
855 392 8 13 0.01398064
724 426 9 13 0.01402092
276 250 7 11 0.01418797
255 357 13 17 0.014207078
212 347 5 8 0.014219451
963 387 11 21 0.014301885
915 361 7 9 0.014345064
983 391 7 13 0.014470534
448 355 12 18 0.014527603
179 435 12 12 0.014533837
853 388 12 20 0.014604152
713 147 6 9 0.014663868
357 372 8 9 0.014750032
400 406 12 21 0.014761408
990 353 13 21 0.01484177
272 345 8 9 0.014854637
851 421 9 13 0.014982392
103 422 9 12 0.015045724
386 313 7 9 0.015070398
191 437 11 12 0.015222724
892 436 12 18 0.0153002115
252 285 12 23 0.015394861
591 394 11 12 0.01544952
775 375 7 9 0.015525235
247 374 7 9 0.015557131
369 344 7 9 0.015628824
470 263 7 8 0.015631348
229 446 14 20 0.015639883
405 374 7 10 0.015762515
1008 513 11 23 0.015830481
422 265 7 8 0.015955491
984 502 10 15 0.016102338
39 406 9 15 0.016118202
851 359 6 9 0.016345372
562 433 11 13 0.016668182
850 411 9 13 0.016668962
758 163 6 9 0.016714724
110 393 14 16 0.016731998
898 327 6 9 0.016967803
114 360 8 10 0.017012138
130 377 9 10 0.017038856
504 348 8 13 0.017359463
386 378 9 10 0.017697437
821 313 6 9 0.017778216
991 340 19 31 0.017787445
744 378 6 10 0.017839488
869 423 9 15 0.017871799
177 363 8 9 0.017900346
164 374 8 10 0.018020567
224 376 7 9 0.018102882
420 406 12 20 0.018124767
916 414 12 20 0.01820137
917 329 7 10 0.018223437
929 408 9 13 0.01834943
803 293 8 13 0.018455617
836 358 6 9 0.01857004
754 364 7 9 0.018737612
895 360 14 17 0.018819954
112 395 11 12 0.0188281
966 391 7 13 0.01907108
887 372 7 11 0.019103756
397 415 13 21 0.019349225
848 407 12 20 0.019397894
889 328 6 8 0.019453231
146 362 7 9 0.019625152
668 405 13 18 0.01963682
292 327 9 11 0.019820785
722 424 13 18 0.020099062
387 328 7 9 0.020180633
792 434 12 20 0.02018663
370 327 7 9 0.020252014
757 374 6 9 0.020309633
434 360 8 9 0.020320395
837 438 9 13 0.020568911
1017 470 6 14 0.020783387
675 301 12 22 0.020905143
55 351 11 22 0.020989697
403 328 7 8 0.021334523
742 261 8 12 0.02159983
918 389 9 13 0.021667954
355 403 13 20 0.021798735
532 359 13 19 0.022000996
916 344 7 10 0.022111258
819 454 12 21 0.022362456
982 405 7 12 0.022410268
229 347 5 8 0.022879519
435 346 7 8 0.023352591
640 405 13 18 0.023531877
772 361 6 9 0.02356184
468 372 12 19 0.023573406
261 375 8 9 0.02370171
929 452 9 14 0.02375706
785 373 7 9 0.02376417
433 371 9 12 0.023925727
333 420 13 19 0.0240064
807 343 7 8 0.024027519
61 434 13 21 0.024480514
322 359 8 9 0.024493346
801 431 16 31 0.024580427
903 344 6 8 0.024681097
164 363 7 9 0.02471967
198 359 6 8 0.024811985
589 392 13 17 0.025011646
705 346 8 11 0.025084518
469 374 9 12 0.025367467
677 431 13 19 0.025516864
312 347 9 10 0.02590538
212 358 6 8 0.025969815
227 358 7 9 0.026185308
785 363 7 8 0.02630186
178 411 12 11 0.026347492
511 358 9 12 0.026579682
448 424 20 20 0.026606899
769 394 7 10 0.026911905
764 416 13 18 0.027306115
418 346 7 8 0.027318347
661 408 13 18 0.027597621
102 419 13 19 0.027687838
818 438 9 13 0.027900232
404 361 7 8 0.028031312
916 386 13 19 0.028264513
422 358 7 9 0.028340496
276 390 10 12 0.028385542
837 344 5 7 0.02850675
867 346 6 8 0.02852938
542 343 9 10 0.029167421
836 435 12 19 0.029443836
229 440 18 29 0.029460669
803 378 7 8 0.029498849
110 422 10 13 0.029594988
392 418 12 20 0.02965024
102 407 10 12 0.0298014
277 439 10 13 0.030003315
406 346 6 8 0.030425383
919 410 9 13 0.03058596
818 461 12 21 0.031053506
672 421 13 19 0.031359863
854 342 6 8 0.03179303
302 369 13 17 0.03212018
726 432 13 18 0.032436535
841 328 6 8 0.03276724
818 360 7 8 0.032786988
926 404 13 20 0.03289298
819 328 7 8 0.033209328
567 362 7 9 0.033339813
534 362 8 12 0.034121048
291 373 9 10 0.035400867
321 344 9 9 0.035779238
387 356 8 10 0.036213707
344 347 7 9 0.03643548
326 373 8 10 0.036655303
352 438 14 21 0.036686365
815 435 13 19 0.036861543
340 362 8 9 0.037331898
289 349 8 10 0.037446335
101 405 13 17 0.037869997
885 347 6 7 0.038180508
807 361 7 8 0.038314823
0 330 7 34 0.03884265
460 414 14 18 0.04009855
850 419 12 22 0.04025007
245 346 6 9 0.040504422
822 376 7 9 0.04111374
386 346 7 9 0.041571748
820 343 6 8 0.041754663
107 419 14 18 0.042189185
898 362 9 11 0.042313844
737 422 10 12 0.042756602
853 312 6 9 0.042890057
172 419 21 19 0.042962454
370 360 7 10 0.04301661
885 358 7 10 0.043370586
338 370 9 11 0.044735387
733 432 13 19 0.04530241
450 358 9 11 0.04539991
871 330 6 8 0.04550392
273 387 14 17 0.04594291
578 405 10 13 0.046445232
802 435 10 14 0.04665842
308 362 9 10 0.046933457
500 432 12 20 0.04820307
173 408 22 17 0.04840842
559 424 14 19 0.04932312
861 429 13 20 0.049768306
461 409 14 17 0.04994831
185 434 20 20 0.050346408
537 343 8 11 0.050782274
979 420 11 19 0.051590014
867 357 6 9 0.051618487
995 342 9 11 0.052034438
926 450 13 19 0.052133232
735 420 13 18 0.052151084
175 431 20 19 0.052822396
1013 401 11 21 0.05446384
556 429 20 20 0.05510193
276 373 8 9 0.056443922
245 357 6 9 0.05690703
503 353 9 14 0.05744495
819 420 9 14 0.05789219
993 339 13 20 0.057999503
276 361 8 8 0.060623005
276 437 13 19 0.060920518
264 343 7 10 0.06121613
849 326 6 9 0.06207445
658 415 14 20 0.06376691
917 407 13 19 0.06535469
40 405 21 21 0.06847648
38 404 13 21 0.074015275
358 346 8 9 0.07629601
305 372 9 11 0.07678132
1016 404 7 15 0.07704459
981 422 8 14 0.077232994
1009 501 12 19 0.07852288
853 429 13 20 0.07968635
575 403 14 17 0.0800422
232 436 21 20 0.08587151
135 409 21 20 0.08881285
258 361 8 9 0.08976733
37 404 18 33 0.09019248
108 403 14 18 0.093432754
290 355 8 10 0.093642406
1012 503 8 13 0.10308655
135 413 14 18 0.10863723
817 417 12 20 0.109087534
695 422 14 19 0.11077347
318 438 19 23 0.1158378
224 437 20 20 0.13780437
884 434 13 19 0.14128794
867 421 13 22 0.14221883
983 501 20 21 0.14505114
993 402 12 20 0.18806805
699 423 14 19 0.21747905
944 432 13 21 0.27204198
443 430 21 20 0.28799647
255 408 19 21 0.32503048
799 432 14 19 0.35072812

