2_Demonstration_Demonstration_Or_Protest_2_158
212
459 244 22 19 0.010088344
823 232 22 19 0.010098016
39 266 7 11 0.010134267
104 261 23 17 0.010136037
20 194 13 23 0.010292055
38 250 17 31 0.010618007
777 249 26 15 0.010679793
673 231 23 26 0.010769734
514 148 13 19 0.0108396
6 172 32 66 0.0108843865
66 281 10 11 0.010914644
852 217 40 47 0.011004106
734 279 27 16 0.011051535
641 259 21 27 0.011124122
503 239 9 11 0.011193969
440 206 24 16 0.011264857
53 251 14 16 0.011515973
768 287 14 7 0.011649991
164 274 21 29 0.011673563
916 373 63 90 0.011744435
61 250 15 15 0.011833651
639 260 13 19 0.012012431
728 237 23 16 0.012313898
501 235 25 17 0.01239605
658 290 42 54 0.012448697
122 267 23 17 0.01257903
519 212 23 29 0.012768639
834 253 8 7 0.012855672
802 270 10 6 0.01311656
112 266 10 9 0.013317602
667 293 23 19 0.013318072
420 250 8 10 0.013433562
665 281 23 20 0.013476773
6 201 24 50 0.013515329
440 216 10 10 0.013561307
803 234 14 17 0.01364705
818 232 14 18 0.014156984
129 250 10 9 0.014230617
258 280 9 9 0.014236465
670 259 22 18 0.014273546
147 235 9 8 0.01444566
403 224 6 8 0.014486939
855 243 15 18 0.01449295
335 249 14 18 0.015047603
521 143 22 28 0.015140367
357 228 19 28 0.015222115
673 239 9 7 0.015603285
357 225 5 8 0.015715905
418 223 6 8 0.016245142
304 251 14 16 0.01680831
843 241 25 24 0.017313402
356 246 13 19 0.018282315
79 263 22 17 0.018496912
851 237 22 19 0.01941635
612 249 14 17 0.01954648
389 223 6 10 0.019888256
597 240 9 8 0.019964503
294 238 6 7 0.020026613
771 265 31 13 0.020087054
643 263 8 11 0.020241296
743 270 33 14 0.020329619
435 213 20 19 0.02033717
10 179 23 51 0.020424299
448 209 10 10 0.020481033
371 220 6 9 0.020560373
658 269 9 9 0.020776575
773 255 11 6 0.020785652
2 193 35 65 0.020933522
516 134 19 28 0.021055719
334 262 21 19 0.021333547
725 249 46 46 0.021628937
55 265 13 18 0.02176448
116 236 15 16 0.021896284
126 240 10 9 0.02237689
176 251 20 31 0.022408366
426 225 18 30 0.022463439
626 249 13 18 0.022487722
12 185 16 39 0.02312276
736 220 9 6 0.023338804
237 250 18 30 0.02341867
420 235 8 11 0.023730565
366 245 19 29 0.023927778
519 135 13 21 0.024034258
692 263 10 8 0.02437472
181 236 32 61 0.024856716
272 259 14 16 0.024989514
755 283 35 12 0.025172547
418 230 12 20 0.025253264
648 277 28 38 0.025440475
105 249 22 18 0.025643017
808 248 22 17 0.02581882
862 236 14 22 0.026181793
178 219 22 18 0.026535217
58 275 22 18 0.026952405
725 238 9 7 0.028635606
310 264 8 8 0.02876818
770 271 13 6 0.02889012
449 215 10 11 0.03200058
57 269 8 10 0.032341667
677 263 10 9 0.032341707
187 229 22 20 0.03331616
690 253 15 15 0.033316545
760 253 40 31 0.03352584
735 240 10 7 0.033647873
383 232 12 19 0.03394646
325 265 9 9 0.03404713
405 236 7 10 0.03489703
783 268 12 5 0.03505579
372 247 10 11 0.035439935
846 230 21 28 0.035522614
244 263 13 17 0.036275476
99 264 14 9 0.036439657
652 279 19 22 0.03708611
462 224 19 32 0.037229363
805 247 15 16 0.0380811
241 250 14 17 0.038854033
786 254 10 6 0.03892115
177 230 22 19 0.03961307
63 259 19 29 0.040052567
732 249 24 26 0.040243797
256 257 21 26 0.040873338
790 238 9 7 0.041495893
193 218 10 12 0.04181875
441 212 22 18 0.04211956
358 250 8 10 0.043936234
352 231 12 19 0.044137813
660 249 15 17 0.045677356
86 256 9 8 0.048418965
173 245 29 41 0.049845442
280 249 21 18 0.049898334
760 268 31 13 0.05109906
113 253 9 10 0.051922813
339 252 7 9 0.0523144
751 251 52 44 0.052785747
726 226 8 6 0.053543527
391 250 9 12 0.05393266
717 253 24 27 0.05468995
740 279 33 15 0.05489331
32 247 13 18 0.05721999
387 245 19 29 0.057526387
256 252 14 15 0.057672836
516 204 34 35 0.058839187
754 244 49 80 0.05909559
85 266 10 8 0.059394438
637 251 13 16 0.06124613
728 251 35 32 0.061660048
753 270 40 34 0.06258971
673 246 22 27 0.06330462
339 239 6 7 0.06363282
326 240 6 7 0.06415872
726 250 16 15 0.0642516
704 256 9 7 0.065160625
664 285 31 36 0.06692313
496 235 22 19 0.06844352
615 252 9 9 0.06856034
255 263 15 16 0.06937211
511 277 44 49 0.07112297
373 238 8 12 0.0736606
192 261 13 24 0.07401536
821 237 7 8 0.07820722
274 252 14 16 0.079844944
400 251 9 13 0.08271509
386 235 7 10 0.08899011
519 133 22 20 0.0919755
186 216 22 18 0.0950703
247 266 8 10 0.09895935
389 246 13 20 0.10076135
816 252 9 9 0.10959251
118 239 10 10 0.110799186
733 251 13 10 0.11156741
55 254 9 9 0.11283703
371 236 13 19 0.11349095
288 253 9 9 0.11359501
806 237 8 8 0.114964135
727 254 12 9 0.11881898
94 254 23 16 0.12268532
807 251 10 9 0.12398912
171 219 29 38 0.12442367
854 236 31 32 0.12775168
274 262 9 10 0.13665128
99 255 12 10 0.14647602
187 222 19 33 0.14963248
742 271 37 35 0.15520664
336 325 41 58 0.1615408
629 252 7 10 0.16234173
326 253 7 8 0.16786963
65 252 9 8 0.16920696
662 253 9 9 0.18337435
368 242 19 21 0.18527766
861 229 22 30 0.18786874
64 267 12 10 0.19794126
355 235 7 10 0.21341184
694 257 9 8 0.22342476
674 254 11 10 0.22747126
726 248 24 17 0.23023473
259 255 8 9 0.24275349
192 249 19 35 0.24714361
94 260 23 17 0.25155184
667 250 23 17 0.2527793
58 265 21 17 0.25486112
258 266 10 9 0.27048606
856 240 23 20 0.27402496
396 248 14 19 0.2743117
745 262 52 47 0.3023598
244 253 8 9 0.3038721
640 253 8 10 0.3046333
276 255 9 10 0.30496
35 250 8 11 0.3116927
308 255 8 9 0.36010015
479 230 21 31 0.4064359
520 180 37 62 0.7993793
987 215 26 42 0.8420331

