2_Demonstration_Protesters_2_345
26
1010 134 13 86 0.010307663
951 150 6 9 0.010776071
826 119 46 89 0.010944753
574 177 35 67 0.012385318
613 159 18 37 0.012609742
961 165 32 71 0.01270062
244 14 52 81 0.01337308
780 491 66 101 0.013713513
640 124 19 34 0.014563433
767 482 96 144 0.015029642
616 143 25 19 0.015370385
576 193 35 76 0.021196516
634 111 35 61 0.025478613
226 11 45 56 0.026870146
610 130 28 41 0.027024781
1012 112 10 58 0.03154461
609 174 23 50 0.03531304
605 147 33 65 0.039006203
541 160 24 47 0.041787036
270 47 42 68 0.044444907
234 5 31 38 0.04983668
547 166 31 72 0.05729293
827 110 36 65 0.20172529
439 62 55 84 0.76280516
243 37 61 86 0.840024
683 80 54 88 0.9331416

