2_Demonstration_Demonstration_Or_Protest_2_120
410
163 299 14 17 0.010034453
168 258 4 5 0.010079837
752 349 15 15 0.01027829
662 406 8 13 0.010327085
994 372 20 27 0.010394302
355 256 6 9 0.010507439
964 286 6 6 0.010556051
772 331 14 15 0.010660374
54 299 8 7 0.010712374
272 339 13 19 0.0107283285
258 407 21 34 0.010848557
1001 406 22 18 0.010944562
804 361 14 15 0.010973292
610 301 6 7 0.011030011
308 324 13 17 0.011111141
129 317 14 18 0.011137069
919 340 21 18 0.011185186
303 297 13 16 0.011227254
915 271 4 6 0.011244529
808 379 19 26 0.011259059
209 297 9 9 0.011339919
943 341 14 15 0.011342454
134 311 22 27 0.011379263
70 298 8 7 0.011472464
96 324 21 18 0.011642257
415 213 6 15 0.0117287375
329 256 5 6 0.011783683
123 322 21 19 0.011824309
751 377 13 13 0.011831559
598 365 7 10 0.011880406
735 326 13 17 0.012005382
521 266 22 18 0.012018653
466 252 10 12 0.01203844
251 354 21 20 0.01207635
896 359 14 16 0.012104274
840 269 6 6 0.012117196
560 348 7 11 0.012286202
531 251 8 9 0.012287608
962 383 21 25 0.012297584
367 345 13 20 0.012346133
96 335 39 56 0.012471177
439 283 12 19 0.01247436
755 408 22 18 0.012496776
565 271 6 7 0.012630966
813 504 31 39 0.012680122
417 253 7 14 0.012726943
693 347 7 11 0.012941921
212 259 5 5 0.012992155
20 492 55 61 0.012995653
725 270 4 6 0.0130502
795 475 31 34 0.013207519
898 361 11 12 0.013234213
695 317 5 9 0.013359195
327 368 21 31 0.013640209
102 341 29 40 0.013719603
132 255 5 6 0.013731894
998 316 9 9 0.013747699
91 310 22 18 0.013893681
878 350 22 17 0.013933956
337 239 6 7 0.013948914
820 374 13 11 0.01395075
339 298 14 17 0.014012228
262 297 8 9 0.014152154
241 353 21 20 0.014258605
990 337 11 11 0.0142758265
997 374 14 12 0.014291892
856 287 5 6 0.014307519
957 456 24 16 0.014328138
85 314 9 9 0.014382139
227 300 9 8 0.014392627
741 288 5 6 0.014435649
913 369 11 10 0.014696312
716 374 18 29 0.014753379
813 363 21 17 0.014843568
976 334 21 17 0.015374376
548 314 8 9 0.015401346
989 414 25 16 0.015424645
718 342 13 16 0.01558102
838 474 23 20 0.015583429
415 206 6 13 0.015657166
399 254 8 15 0.015891232
328 355 19 30 0.01594142
530 270 8 9 0.016350662
132 320 10 10 0.016370116
681 280 5 8 0.016380552
633 405 9 15 0.016497402
579 327 14 18 0.016647685
144 296 14 16 0.01669706
113 321 11 9 0.016818661
107 318 23 17 0.01695134
960 298 7 8 0.0169834
849 421 24 16 0.017379012
898 304 6 5 0.017506555
276 258 5 6 0.017532779
843 379 13 16 0.01753875
302 372 20 21 0.017990742
1009 367 10 11 0.01808162
248 238 5 6 0.018184315
87 256 5 5 0.018332126
786 288 7 5 0.018393854
692 273 5 6 0.01864233
833 360 14 16 0.018958475
4 256 7 8 0.018969486
710 365 9 14 0.019011
142 327 13 18 0.019108292
398 253 10 20 0.019428557
913 318 8 7 0.019436486
912 374 16 12 0.019467143
334 308 13 17 0.01987527
310 326 9 12 0.01991717
979 288 6 6 0.020034261
805 362 11 11 0.020038428
694 283 5 7 0.02015916
196 258 5 5 0.020204643
310 350 10 14 0.020227186
894 329 14 15 0.020236341
694 359 9 15 0.020400044
76 324 21 19 0.020422503
481 231 13 11 0.020541519
736 376 14 17 0.02065229
803 317 14 16 0.02065643
454 246 13 18 0.021031559
346 327 21 19 0.021031927
98 313 10 9 0.021059316
644 350 6 11 0.021227203
145 330 9 12 0.021270545
906 367 23 16 0.022140155
932 323 9 8 0.022228738
162 312 9 10 0.022329466
981 342 13 12 0.022453694
976 340 22 16 0.022494527
857 270 6 6 0.022587128
760 290 5 6 0.023112573
928 362 14 15 0.023325218
813 347 15 15 0.023552215
117 255 5 6 0.023911217
898 345 14 15 0.024057928
54 255 5 6 0.024103398
93 300 15 15 0.02414849
340 256 5 7 0.024151664
328 315 8 10 0.024388416
15 284 14 15 0.024393976
546 269 7 9 0.024589796
218 392 39 57 0.02463883
989 367 23 17 0.024649953
107 322 22 19 0.0246922
610 285 6 8 0.025382292
930 328 14 15 0.025388142
1006 364 13 19 0.025648622
592 332 7 9 0.025669074
309 354 12 21 0.025854934
867 392 15 12 0.025882954
864 347 14 16 0.026245186
512 261 18 28 0.026381463
145 318 10 9 0.026442919
259 258 5 6 0.02649695
847 362 10 11 0.026709352
231 256 5 5 0.02676706
70 258 5 5 0.026969636
697 331 6 11 0.027108002
448 282 9 14 0.027256234
181 258 5 5 0.027388241
352 265 7 9 0.02785542
465 232 13 17 0.028590309
711 272 5 6 0.028822985
530 283 8 10 0.028995218
309 285 6 7 0.02906053
695 301 5 9 0.029350113
814 372 22 18 0.02943626
983 335 22 17 0.0297531
308 321 8 9 0.029995488
98 256 6 6 0.030165689
1006 375 12 12 0.030402532
18 257 8 7 0.030672507
725 287 5 6 0.031007744
756 325 14 15 0.031446144
1016 333 8 11 0.03148789
918 303 6 6 0.031816203
207 279 14 17 0.031953435
707 328 7 10 0.03221634
893 466 39 29 0.032467384
919 285 5 6 0.032593902
710 370 13 19 0.03264872
707 557 44 45 0.03308559
896 388 20 27 0.03336731
192 345 20 20 0.03345424
817 329 7 8 0.033797204
838 330 7 8 0.033821963
275 294 11 10 0.033822767
612 521 36 55 0.033869296
808 290 6 6 0.034522124
771 348 10 10 0.034554936
1012 345 12 19 0.034598965
930 364 11 11 0.03513379
37 256 6 7 0.03543874
658 437 19 35 0.03551577
359 283 10 12 0.035553604
592 351 8 10 0.03576486
887 332 8 9 0.036287308
773 289 7 6 0.03731117
115 294 20 17 0.037475556
466 234 10 11 0.03761136
419 260 11 19 0.03768488
723 333 14 15 0.038394693
944 343 11 11 0.03846024
754 351 10 10 0.038606066
709 363 12 19 0.03882687
781 334 14 15 0.03924681
559 325 12 18 0.039399087
709 284 5 6 0.03999144
239 346 20 21 0.041371234
749 360 15 16 0.042284764
806 351 10 10 0.042509906
455 248 8 12 0.04370173
913 341 21 17 0.04388879
597 286 5 7 0.043975968
923 467 34 32 0.044067014
475 229 23 17 0.044067577
713 428 24 20 0.044643253
716 361 13 17 0.044693146
551 301 8 8 0.044843033
17 295 9 10 0.04487236
249 398 36 57 0.045105144
567 288 5 6 0.04543523
692 356 12 21 0.045628604
228 282 8 8 0.046218168
309 348 13 19 0.047833595
465 256 20 20 0.047834944
582 288 5 6 0.047897365
1014 349 10 12 0.048067395
871 391 24 18 0.048558466
817 291 7 7 0.048892837
496 266 23 19 0.049559433
835 363 10 10 0.049687717
292 283 7 8 0.05023586
830 385 21 18 0.050659757
480 294 22 21 0.050686803
988 417 21 30 0.05200516
927 343 10 11 0.0520638
1011 300 7 9 0.05254713
445 280 13 19 0.053322323
440 250 7 12 0.053533174
165 284 6 6 0.05368038
580 349 27 42 0.05420557
918 392 23 18 0.054817315
245 254 5 6 0.055006254
912 390 22 18 0.05557575
852 345 14 16 0.05771907
195 402 35 58 0.058169372
550 288 6 7 0.059267387
884 352 10 11 0.06096171
726 316 6 8 0.061423454
887 316 7 7 0.06253612
478 252 19 26 0.06274954
819 365 11 12 0.06275124
340 285 7 8 0.062898256
421 262 8 14 0.06393062
596 300 5 7 0.064502165
915 334 11 9 0.064649336
711 302 5 7 0.06612023
485 289 20 31 0.06633003
334 359 21 20 0.06635162
720 344 10 11 0.06674432
724 300 5 7 0.06975514
336 311 9 10 0.07058045
1000 371 20 20 0.07115293
897 317 8 8 0.07124064
5 280 8 10 0.071453325
961 349 15 11 0.07205811
805 301 7 7 0.07271734
786 342 10 11 0.073134676
933 299 6 7 0.07477039
942 334 10 11 0.075240925
992 371 23 17 0.07642756
306 270 6 6 0.07712895
761 408 22 18 0.07739814
32 286 11 8 0.07823478
124 295 14 15 0.078612916
86 303 9 8 0.078873925
829 463 31 32 0.07944453
597 316 6 7 0.07985255
934 288 6 6 0.080087654
322 297 8 9 0.080845684
35 269 7 6 0.081228554
582 330 8 10 0.08214232
6 271 7 8 0.082562126
165 303 9 9 0.082984604
53 270 6 6 0.083337225
174 298 14 16 0.08347791
341 301 9 9 0.084570885
901 347 10 10 0.08687362
769 360 15 16 0.08818506
871 306 6 6 0.08942142
836 351 9 9 0.08967991
806 326 9 10 0.09018568
882 355 15 16 0.09040266
835 382 15 17 0.0905091
471 252 22 21 0.09109784
564 302 7 7 0.09138487
581 316 7 8 0.09272264
980 336 12 11 0.09284368
393 258 11 20 0.09402566
52 283 7 7 0.09535891
865 333 8 8 0.09589979
774 334 9 9 0.09677721
867 350 9 10 0.09952767
583 300 5 7 0.099854656
817 350 10 9 0.099884875
711 319 6 10 0.09990669
772 302 7 7 0.100460686
742 315 7 8 0.102079906
989 340 15 15 0.10346805
665 440 22 30 0.10372989
715 420 19 32 0.10583774
288 299 15 15 0.10587838
277 268 6 5 0.10832606
260 281 8 9 0.10986402
965 578 42 53 0.1116049
564 315 8 8 0.11205804
179 284 7 6 0.112082064
70 268 5 6 0.113812186
818 299 6 7 0.11390523
22 268 7 8 0.11414468
864 389 22 17 0.11499481
856 421 26 19 0.117282785
463 250 19 21 0.11736115
755 317 7 8 0.11790523
257 268 7 8 0.118063405
797 379 15 16 0.12111051
738 328 8 11 0.12148048
784 336 10 11 0.12248867
198 271 6 5 0.12673534
147 299 9 9 0.12925696
951 295 7 8 0.1295568
199 281 8 9 0.13250315
96 303 10 9 0.13344863
180 270 6 5 0.13412757
177 300 10 11 0.13457301
306 300 8 10 0.13461839
851 331 8 8 0.1347787
758 326 10 12 0.13601276
358 280 14 19 0.13751198
17 287 9 9 0.13754813
917 344 13 11 0.13992986
948 286 7 6 0.14024296
101 269 6 6 0.14031301
725 335 9 11 0.14161645
149 283 7 7 0.14211477
294 272 7 6 0.14270116
907 372 24 17 0.14394605
890 394 24 18 0.14524244
274 285 14 16 0.1452908
24 282 23 18 0.14551032
725 557 32 36 0.14708367
99 285 8 8 0.14989756
324 286 7 8 0.15149301
119 296 12 12 0.1520692
759 302 6 8 0.15274136
854 348 10 11 0.15277454
932 329 10 10 0.15326932
785 316 8 8 0.15440838
213 269 6 6 0.15519762
134 284 7 8 0.15601607
897 331 10 10 0.15857063
976 367 22 17 0.16016169
210 282 8 10 0.16297604
68 286 7 7 0.16395043
722 394 20 20 0.1652356
362 280 14 19 0.16901712
820 315 7 8 0.16943675
742 302 6 8 0.16976441
855 304 6 7 0.17007214
995 475 29 38 0.17152172
343 266 6 9 0.17276628
325 271 5 7 0.17289928
958 347 22 16 0.17346187
248 271 6 7 0.17451547
246 279 8 8 0.17551951
83 270 6 5 0.17678364
0 297 13 18 0.1772949
117 270 5 6 0.17755437
276 287 10 11 0.1777845
127 297 10 11 0.17897955
870 312 6 7 0.18214211
898 503 38 51 0.18450554
504 265 23 19 0.18547143
226 270 8 7 0.19247852
562 327 8 12 0.19268188
745 374 22 18 0.19452862
774 316 8 8 0.19602269
982 420 27 19 0.19684836
116 282 8 7 0.20321494
934 427 26 19 0.20395738
82 286 8 7 0.2063684
852 315 7 7 0.21242993
806 320 9 9 0.21994253
814 391 22 19 0.22031243
840 303 7 7 0.22749913
790 303 7 8 0.22962263
2 300 10 12 0.23066221
836 319 6 7 0.23202403
133 271 6 7 0.24433465
165 272 6 5 0.24583402
149 272 5 6 0.25971937
396 258 12 21 0.2719252
884 301 6 6 0.27762216
291 301 10 11 0.28101295
956 395 23 18 0.32434446
820 510 31 38 0.46093136
7 479 71 86 0.50088304

