2_Demonstration_Demonstration_Or_Protest_2_578
251
898 186 6 7 0.010105978
291 231 8 9 0.010189352
754 201 6 9 0.010241185
496 278 9 14 0.010282254
964 157 6 6 0.010341848
931 154 6 6 0.010429504
850 187 6 7 0.01043098
194 268 8 13 0.010469432
850 174 6 6 0.010498207
165 202 5 7 0.0105890725
867 158 6 6 0.010603885
471 336 13 18 0.010615298
114 233 7 7 0.010640818
453 245 11 21 0.010706023
489 257 16 30 0.010714945
597 156 5 6 0.010716964
2 176 24 49 0.010897624
5 313 25 17 0.011008554
837 269 8 12 0.01103575
976 176 8 6 0.0111073805
822 175 5 6 0.011261061
441 230 6 10 0.011318908
481 296 9 13 0.011380202
559 293 13 20 0.011389466
454 264 7 12 0.011576375
978 185 8 7 0.011590608
996 192 8 7 0.011678289
855 157 6 6 0.011757442
806 189 6 7 0.01184871
643 171 5 8 0.011864587
280 229 7 9 0.011879472
338 233 7 10 0.012117897
77 250 13 17 0.012171397
455 325 13 17 0.012197201
790 156 5 6 0.012416509
629 176 5 8 0.012457171
305 205 6 9 0.01268598
807 142 5 6 0.012773623
167 252 8 10 0.012899011
488 157 6 8 0.012971289
819 155 5 5 0.013060792
674 252 8 11 0.013088283
694 158 4 7 0.013112505
428 307 14 23 0.013248629
812 212 13 16 0.0133188795
545 307 19 30 0.0133206025
583 154 5 6 0.013411329
335 250 8 11 0.0134701505
132 319 13 21 0.013531678
824 141 5 6 0.01360346
791 263 10 13 0.013618702
901 160 5 6 0.013649014
695 183 6 9 0.013698211
237 275 9 14 0.013805995
910 226 8 14 0.013880007
166 262 8 11 0.013928997
753 228 13 18 0.013983467
753 222 8 11 0.014015448
705 234 13 17 0.014053462
513 230 7 12 0.014496193
552 171 5 6 0.014782783
359 248 11 19 0.014966504
836 159 5 5 0.015240561
794 204 7 9 0.015556362
806 154 6 6 0.015610678
118 270 8 10 0.015701666
808 214 9 11 0.015738757
506 218 6 11 0.015808603
456 190 7 10 0.015975874
188 245 11 18 0.0162044
626 200 7 11 0.016213592
471 329 21 20 0.016575174
366 248 12 19 0.016952522
984 246 10 13 0.016959628
148 222 7 8 0.016964447
318 319 20 23 0.017015334
983 242 13 18 0.017266259
223 294 12 19 0.017781414
837 174 5 6 0.017966924
885 171 5 6 0.01798141
166 231 12 18 0.018267473
361 263 8 14 0.01847702
932 177 6 5 0.018652312
498 189 5 9 0.019123092
533 157 5 5 0.019206546
613 168 5 8 0.019700581
453 204 5 8 0.020062365
755 230 10 13 0.020163782
613 158 5 7 0.020364182
917 174 6 6 0.020404102
530 171 5 7 0.02078524
134 224 7 8 0.020949893
550 156 4 5 0.020950543
165 220 5 7 0.020965245
485 286 18 30 0.02123394
420 307 19 22 0.021494383
882 204 12 18 0.021594474
774 172 5 7 0.021670558
726 158 5 6 0.022015965
771 201 7 8 0.02210718
360 250 8 13 0.022303358
451 233 6 9 0.022377104
529 191 6 6 0.022793835
711 159 5 6 0.023075698
456 250 6 12 0.023241455
771 156 5 6 0.023276964
581 206 6 9 0.0237445
481 306 14 21 0.023852648
771 141 5 6 0.023921413
359 259 12 20 0.024215626
501 253 8 15 0.025157116
534 217 6 9 0.025372507
988 233 10 14 0.025651952
457 327 9 11 0.025918048
947 174 6 6 0.026188808
438 223 6 8 0.026336966
181 224 6 8 0.027036678
706 185 6 8 0.027373917
801 199 12 17 0.027539024
465 327 13 18 0.027813442
961 201 8 10 0.028107623
321 230 7 10 0.028297314
293 217 12 16 0.028338354
1 221 10 28 0.028340416
757 157 5 6 0.028555611
740 159 5 6 0.028650425
235 267 12 18 0.029044988
493 274 13 20 0.029049836
401 307 12 22 0.029054543
962 222 11 13 0.029260555
742 202 6 10 0.02967973
212 246 7 11 0.0300912
743 216 8 11 0.030696163
567 174 5 5 0.030904097
323 270 8 10 0.03110043
1 212 10 29 0.032102417
901 168 6 7 0.032654036
968 175 6 6 0.033161655
565 217 7 11 0.03404059
727 173 5 6 0.034278095
179 232 7 9 0.03443549
965 189 6 5 0.034580365
467 329 9 12 0.03510366
742 172 5 6 0.03559978
693 171 5 8 0.03715534
152 233 6 8 0.037551053
932 184 6 7 0.03780021
252 335 23 21 0.038312837
46 299 14 20 0.038664635
575 213 11 17 0.04070606
210 239 7 10 0.04100233
479 293 13 21 0.041303556
754 172 5 6 0.041583557
774 188 6 8 0.041690186
597 202 7 10 0.042356834
311 233 8 9 0.04238902
795 258 13 18 0.044329207
469 231 6 10 0.044798803
821 188 6 6 0.044897575
553 191 6 7 0.045295294
747 254 20 20 0.04561207
493 301 18 31 0.04692416
585 188 5 9 0.047449272
597 170 5 7 0.047594484
816 206 8 10 0.049345043
500 201 5 9 0.049659874
836 185 5 6 0.050943214
387 251 9 15 0.051694494
791 173 6 7 0.052350577
327 251 8 10 0.052804813
80 252 8 11 0.053516977
547 218 12 16 0.053968523
514 220 7 10 0.054009546
600 214 7 12 0.05485926
884 211 8 13 0.055847637
190 247 8 12 0.05587651
499 252 12 20 0.05606064
183 246 12 17 0.05792316
808 233 11 14 0.05877416
660 214 6 10 0.059317186
730 184 6 9 0.05993001
583 247 14 18 0.061089907
454 218 5 8 0.06311127
904 227 9 13 0.063944
47 303 20 20 0.065772764
489 187 6 10 0.06724922
660 206 6 10 0.07046776
752 186 7 9 0.07192921
696 245 12 19 0.07578028
671 186 6 10 0.07641032
710 173 5 8 0.07698145
815 213 9 11 0.084295444
564 201 7 9 0.08683024
594 189 6 9 0.087968156
231 268 12 18 0.08948195
581 172 5 7 0.08965173
307 218 7 10 0.09309345
628 184 6 12 0.09394342
0 206 15 38 0.09494878
319 222 7 10 0.098072365
905 222 10 14 0.09996331
884 207 8 12 0.10771675
908 222 10 13 0.111149274
66 309 21 20 0.11272485
519 198 6 10 0.11899605
531 201 6 9 0.12238786
983 231 13 17 0.12599507
152 319 19 28 0.13197467
520 191 6 9 0.13499883
561 189 6 8 0.13527675
587 245 14 18 0.13796817
217 352 18 31 0.13947053
281 223 6 9 0.14845972
673 203 6 11 0.14864439
132 309 13 23 0.17257516
700 245 13 19 0.18098542
6 306 17 30 0.18499811
740 185 6 9 0.19176519
548 202 7 9 0.19648208
232 274 9 15 0.19786529
427 305 19 30 0.21823697
614 220 9 14 0.21963571
577 215 8 12 0.22296816
210 350 18 31 0.2232002
666 187 6 10 0.22478935
780 345 22 31 0.22780204
669 293 26 40 0.22983748
184 248 9 12 0.2395896
572 306 23 30 0.25338334
810 231 15 17 0.2626807
0 309 19 21 0.26882455
506 301 20 31 0.2892771
168 234 7 11 0.28940395
803 201 8 11 0.29062656
961 224 14 17 0.3204535
306 248 9 12 0.3264349
549 220 9 12 0.34101558
498 257 12 21 0.34540683
750 250 14 21 0.3466755
146 315 18 30 0.3493215
325 321 22 29 0.36738402
855 329 27 40 0.3814161
882 247 14 19 0.3902753
93 266 12 16 0.40576544
939 318 28 38 0.41341746
258 330 19 31 0.41455072
705 211 10 12 0.42819044
295 221 8 11 0.47127953
577 277 22 20 0.4987025
73 305 19 29 0.50417167
385 249 13 21 0.6260846

