2_Demonstration_Protesters_2_811
87
649 332 20 29 0.010559388
802 265 10 10 0.0108628925
711 288 7 8 0.010902698
643 330 14 18 0.010954879
760 254 21 19 0.0111044785
516 306 13 20 0.0111869
586 385 30 38 0.011539028
767 256 9 9 0.011648173
567 346 9 13 0.011880457
595 364 8 10 0.011902678
424 304 6 8 0.012097365
644 302 5 6 0.0122099435
348 279 20 30 0.012381627
390 334 7 8 0.012683447
836 234 8 8 0.012696937
934 238 6 7 0.013086486
918 267 7 7 0.013545579
592 361 13 19 0.014106762
583 364 21 30 0.014247129
713 219 6 7 0.014816106
967 239 6 6 0.015130792
344 288 23 18 0.0154608665
489 362 6 11 0.01601104
997 242 5 7 0.016180374
606 356 38 53 0.016468747
602 381 29 39 0.016923066
879 318 8 11 0.017111843
592 374 22 18 0.017737836
554 369 18 22 0.018158909
549 317 8 10 0.018543275
996 251 6 7 0.018691752
724 209 5 7 0.02004614
727 269 7 10 0.020616796
706 314 8 8 0.02108061
647 322 7 7 0.021169411
609 367 9 10 0.021185145
709 303 6 9 0.021890137
517 300 9 14 0.022545591
504 301 8 12 0.023056956
551 336 19 32 0.024574643
627 368 11 10 0.026155334
984 252 5 7 0.026670437
420 316 13 19 0.027019091
552 363 13 21 0.027401347
565 341 12 21 0.027554065
762 262 14 19 0.027870037
568 332 20 20 0.02950403
562 320 7 9 0.032839764
660 273 5 8 0.0333753
428 315 13 18 0.034314223
979 239 5 7 0.035261743
888 276 6 7 0.035406586
342 294 15 19 0.03574789
899 267 6 7 0.036663134
804 250 13 19 0.03680822
566 331 13 21 0.038409263
421 329 8 9 0.039383586
652 329 22 18 0.04048926
604 373 23 19 0.041674893
724 222 6 8 0.041876175
503 297 12 20 0.04332987
559 366 9 14 0.04501991
640 346 15 17 0.046817187
806 254 9 10 0.050793827
693 318 7 6 0.050958563
643 349 9 11 0.0524857
646 334 8 8 0.05967997
603 364 21 19 0.062735215
405 334 7 9 0.063684724
659 334 8 8 0.063858256
617 372 23 20 0.069766544
336 290 19 30 0.07149257
551 356 20 32 0.08593502
431 319 8 10 0.0963811
423 320 7 10 0.09649735
674 318 7 7 0.10259963
621 365 22 19 0.12384217
677 302 5 6 0.12444288
662 318 7 7 0.1724068
520 297 19 23 0.1868184
556 364 13 21 0.20619549
343 292 22 19 0.25937647
615 365 21 30 0.2857862
885 282 6 8 0.30085868
515 296 14 22 0.47676837
754 263 21 21 0.6257023
295 295 19 37 0.89678794

