2_Demonstration_Demonstrators_2_546
150
333 133 12 19 0.010218508
173 209 13 21 0.010247765
1002 240 14 43 0.010368705
335 135 9 11 0.010391355
550 155 7 13 0.010694681
164 203 19 33 0.010909215
769 149 13 20 0.011115024
225 154 21 18 0.01121792
251 137 26 43 0.011595334
152 179 21 20 0.011678466
950 144 7 9 0.011716568
422 177 11 27 0.011781418
874 181 21 19 0.011800459
744 140 8 10 0.012027505
689 153 8 9 0.012151285
696 144 39 56 0.012532191
932 39 8 11 0.012668456
516 181 17 34 0.012910899
768 171 29 39 0.013144699
743 147 12 21 0.013189354
492 113 18 31 0.013314814
798 205 19 25 0.013316274
454 227 23 50 0.013341866
772 163 12 21 0.013367091
349 177 26 44 0.0133686
530 155 8 15 0.013402966
437 153 8 12 0.013558603
451 173 17 33 0.013579742
354 182 18 34 0.013787374
674 163 13 20 0.013836841
1000 183 8 12 0.013837393
548 175 11 25 0.0140160285
675 123 12 18 0.01407591
676 168 8 11 0.014100197
326 133 12 19 0.014427958
352 143 18 33 0.0146420095
358 136 9 13 0.014661857
420 163 8 15 0.014714692
708 153 20 32 0.014895578
593 181 7 12 0.015218236
985 154 8 13 0.015268561
392 130 8 14 0.01535495
639 229 37 70 0.015358316
327 135 9 12 0.015542415
673 150 12 19 0.015696619
702 150 29 41 0.015948595
255 141 18 33 0.016014015
133 189 36 63 0.016279591
772 154 8 10 0.016295819
673 149 17 32 0.016301623
306 228 9 13 0.016606683
997 177 14 20 0.017008103
546 157 16 34 0.0171032
450 158 15 34 0.01742622
770 139 8 10 0.017479846
752 137 13 18 0.01748458
532 161 8 15 0.017869214
304 226 13 18 0.018132338
477 167 17 25 0.01814576
692 122 12 18 0.018166663
383 181 12 22 0.018261585
547 173 16 34 0.018818615
991 155 9 12 0.01884751
1012 168 8 12 0.018899066
768 159 18 33 0.019275995
873 152 8 11 0.019347882
746 151 18 32 0.019461552
894 139 8 9 0.019583227
141 179 24 48 0.019967107
775 168 7 10 0.019983696
416 132 12 20 0.020102236
334 144 18 31 0.021148968
442 147 20 22 0.021249652
895 154 9 12 0.021340262
878 149 19 31 0.021344172
419 135 8 13 0.0214351
772 175 20 30 0.021439692
514 153 17 32 0.021492857
755 150 8 11 0.021545319
391 127 11 20 0.022137074
607 157 17 24 0.022287069
158 188 18 35 0.02230757
222 159 21 21 0.022614283
899 212 18 31 0.022774316
501 112 11 24 0.023480356
436 148 12 22 0.023549233
389 183 17 35 0.023573807
1009 163 12 22 0.023863558
833 177 19 31 0.024676127
421 153 7 13 0.025047652
418 149 12 21 0.02625045
491 172 17 25 0.026958648
253 126 19 33 0.027030524
694 125 8 11 0.027255135
418 161 11 22 0.027864251
821 153 9 12 0.028575517
752 145 13 21 0.028619265
846 179 12 13 0.030776937
684 124 19 29 0.03111202
893 153 17 32 0.03220978
754 140 9 10 0.033986602
332 190 19 34 0.033999234
356 133 13 19 0.034139667
1012 150 11 22 0.034584552
886 155 9 11 0.034819227
690 129 13 19 0.035007633
811 155 27 40 0.036715884
330 203 20 31 0.03694951
943 161 18 36 0.03740364
819 151 13 19 0.03748132
675 154 8 10 0.038234986
1015 154 7 12 0.03858866
983 152 13 21 0.03869791
549 165 7 15 0.038785942
677 126 8 12 0.04047612
692 133 8 11 0.043017283
1000 176 16 35 0.04502806
418 156 16 35 0.047510173
677 127 12 20 0.050962437
528 153 11 22 0.05241501
885 151 14 19 0.053733766
814 164 20 21 0.05479338
898 221 12 23 0.056611784
835 178 21 19 0.056668688
495 167 11 25 0.05700041
198 186 19 32 0.057800002
947 146 12 19 0.060771033
679 131 7 12 0.06343665
886 138 8 9 0.06348468
609 151 12 23 0.065767795
197 194 13 21 0.0706672
530 157 11 23 0.07270829
989 160 13 22 0.075292885
547 162 11 23 0.08536219
984 159 12 23 0.08579504
988 153 13 20 0.087899484
481 154 23 46 0.09324855
840 176 21 19 0.09910617
804 185 29 40 0.11285211
480 171 12 25 0.1160379
889 151 19 21 0.12132028
610 148 15 37 0.12633683
949 148 7 13 0.13036852
975 160 18 34 0.14821893
956 169 18 33 0.15020923
485 167 16 36 0.20263566
989 154 17 32 0.20285101
430 173 16 36 0.6387554
944 164 23 43 0.79746145
802 198 28 39 0.8574967

