2_Demonstration_Demonstrators_2_425
420
755 282 8 10 0.010001057
996 295 11 10 0.0100045595
7 400 20 27 0.010022807
239 356 14 17 0.010089906
533 388 14 19 0.0101792095
858 263 23 16 0.010327309
841 306 23 18 0.010331117
942 312 10 11 0.0104215685
1013 298 10 11 0.010445288
37 394 9 10 0.010493685
850 291 11 11 0.010534333
293 317 7 7 0.010545578
746 303 20 20 0.010556623
255 393 10 12 0.010634259
143 359 14 16 0.010672939
996 294 23 49 0.010742118
278 361 14 17 0.010772593
369 425 36 66 0.010796834
357 340 13 17 0.010875848
688 309 10 12 0.010917414
104 350 8 9 0.010956166
552 453 40 62 0.010958518
855 289 26 17 0.011031618
230 385 13 19 0.011226751
431 327 13 17 0.011242716
176 401 11 12 0.0112907505
429 357 13 18 0.011317211
654 292 14 17 0.0113479085
420 298 6 5 0.011630576
205 403 14 21 0.011741153
257 315 7 8 0.011883245
955 330 36 66 0.0119915325
904 311 24 18 0.012020611
782 234 7 10 0.012052962
130 345 13 17 0.01212343
935 307 13 18 0.012175365
987 310 24 16 0.012245439
803 250 8 9 0.01228383
17 392 10 12 0.012291167
993 314 10 10 0.012307601
351 394 26 46 0.012392985
771 305 33 34 0.012403221
196 370 13 17 0.012420323
368 384 20 21 0.012485013
34 424 11 12 0.01249524
691 275 13 18 0.012515903
766 299 10 11 0.012625092
107 438 15 19 0.012651166
15 391 14 18 0.012686989
402 354 11 10 0.012760425
867 249 7 7 0.012841883
818 262 13 18 0.012913895
878 280 13 9 0.013003772
280 402 28 40 0.013026332
513 345 9 13 0.01315728
33 406 12 10 0.013212081
1 402 11 23 0.013390133
207 370 13 18 0.013514376
452 322 13 17 0.013521192
799 271 26 24 0.013658068
420 358 14 17 0.013717655
346 393 34 65 0.013777483
800 275 13 10 0.01397334
640 302 19 20 0.0139977345
966 365 29 45 0.014211172
40 378 10 10 0.01422736
15 402 21 19 0.014261401
163 400 13 18 0.014280082
396 351 21 18 0.0143365525
740 308 20 27 0.01434905
1004 295 20 19 0.0144228125
610 302 18 19 0.014429856
239 371 13 17 0.014482937
709 278 18 27 0.014526191
589 324 14 16 0.014544585
502 286 6 7 0.014570415
456 286 5 8 0.014621695
629 294 13 17 0.014638399
778 236 7 10 0.01469922
928 292 14 17 0.0147526935
260 343 13 16 0.014789548
888 299 32 36 0.014845715
151 331 6 7 0.015057275
432 360 8 11 0.015084306
15 474 18 37 0.015097587
729 325 22 19 0.015134324
254 360 15 16 0.015145033
618 319 18 28 0.015172054
911 277 14 16 0.015492464
422 360 10 12 0.01576151
770 278 8 10 0.015925234
66 360 13 16 0.015986545
151 388 9 11 0.016161824
1004 305 20 19 0.016236944
1000 299 16 38 0.016355071
573 389 22 21 0.016597614
641 294 12 17 0.016622264
269 342 14 16 0.016647015
0 384 11 21 0.016829789
719 296 14 16 0.016914928
84 395 10 11 0.016922869
796 265 23 18 0.017046364
113 350 7 9 0.017053692
705 262 13 18 0.01709747
484 310 12 18 0.017125098
241 391 9 12 0.017140064
675 261 13 18 0.01790836
80 354 13 17 0.017946677
931 308 20 31 0.017996455
265 371 20 28 0.018056586
710 295 11 10 0.018090287
611 330 15 18 0.018110592
245 316 7 7 0.018389989
530 330 11 12 0.018397048
349 356 12 17 0.0185084
228 372 13 17 0.01852847
934 266 8 9 0.018631922
90 403 21 18 0.018701976
943 265 8 11 0.018920006
318 355 13 17 0.018946351
787 272 14 18 0.018975511
735 262 13 17 0.019354686
819 272 13 18 0.019375373
420 339 13 16 0.019408971
689 263 13 18 0.019481026
535 390 23 19 0.019647647
339 356 13 18 0.019769708
784 247 7 11 0.01988695
252 390 14 18 0.02013393
689 295 9 11 0.020216588
940 261 13 19 0.02032896
164 371 14 16 0.020410718
502 326 12 19 0.02046583
776 246 7 10 0.020528
85 373 13 17 0.020606875
559 322 13 17 0.020618105
84 400 13 17 0.020658497
547 283 5 6 0.020779194
675 293 8 10 0.02082035
523 332 21 19 0.020910127
804 266 9 8 0.021069052
723 253 7 9 0.021381496
390 338 13 17 0.021511925
738 298 14 17 0.021615177
510 343 13 19 0.0216232
430 338 13 18 0.021702005
368 340 13 17 0.021740183
125 421 14 18 0.02179512
451 347 10 12 0.022041807
466 314 6 8 0.022391347
42 399 20 18 0.022676961
26 402 22 18 0.022810042
532 285 5 7 0.023414377
723 275 13 18 0.02345222
788 276 9 11 0.023998333
337 433 48 83 0.024089977
8 438 19 31 0.024284583
888 296 25 18 0.024292627
65 373 14 17 0.024324344
592 326 9 12 0.024349753
37 409 21 28 0.024505801
238 388 14 18 0.024633616
124 423 30 37 0.024904253
113 386 11 11 0.024909114
201 388 22 20 0.024991222
306 318 5 7 0.025045708
286 353 13 16 0.025050739
100 438 22 29 0.025124148
785 264 8 10 0.025186999
322 318 6 7 0.025276454
644 269 7 8 0.025962517
523 321 18 28 0.026239201
688 307 14 18 0.026346171
935 310 22 19 0.026492449
280 363 9 10 0.026637759
387 316 7 7 0.02666163
823 252 6 8 0.027466824
740 300 10 11 0.027649071
468 297 6 8 0.028012995
485 329 8 10 0.0280252
943 281 8 10 0.028108124
548 326 9 11 0.02834007
600 205 12 20 0.028440079
866 236 5 7 0.029115878
50 391 14 17 0.029740088
2 388 8 12 0.030242719
865 264 10 8 0.030323045
190 390 14 17 0.030567147
677 265 9 11 0.030849282
674 282 7 9 0.03150773
725 259 13 17 0.03154179
625 307 8 11 0.031683885
836 281 8 8 0.032071
398 368 18 30 0.032345437
177 395 10 11 0.03290483
775 308 22 21 0.033065587
173 398 14 18 0.03307152
1003 331 20 58 0.033368047
242 373 8 11 0.03347779
60 386 13 17 0.033522833
835 249 6 7 0.033831526
0 375 12 17 0.03401708
496 340 9 14 0.034146365
344 317 6 8 0.034399208
704 291 22 17 0.034608707
769 316 21 20 0.035275552
161 334 6 7 0.03566716
465 325 7 10 0.036089443
45 376 13 15 0.036303278
310 357 10 10 0.036546376
437 296 6 7 0.03716056
722 299 9 10 0.037257638
1 450 20 21 0.03746816
772 312 10 12 0.037497837
576 386 26 41 0.03812377
29 422 22 19 0.038409635
853 266 8 8 0.038437515
283 370 13 17 0.038508236
494 338 12 18 0.038681414
510 323 13 19 0.038765095
658 282 7 10 0.03885764
512 326 8 12 0.039257683
209 373 10 9 0.039625697
852 250 5 6 0.039695974
753 294 14 17 0.040059548
287 345 13 16 0.04010519
181 343 6 7 0.04014607
710 278 10 11 0.040594693
850 283 10 9 0.0407471
996 326 28 77 0.041327853
931 295 9 10 0.042059872
657 293 9 9 0.04224441
733 275 12 18 0.0436127
454 295 5 7 0.043640643
358 318 6 7 0.043648787
230 375 9 10 0.043746065
593 308 13 16 0.04420088
619 387 19 24 0.044297844
351 359 9 11 0.044575516
844 280 23 17 0.044611376
752 261 7 10 0.04494033
400 329 8 9 0.045000117
577 329 14 16 0.0453666
176 373 9 9 0.04576557
62 389 11 11 0.045991223
264 333 8 7 0.047313016
86 376 9 11 0.047644388
193 393 9 10 0.047748458
565 286 5 6 0.048106447
486 336 12 18 0.048156288
582 284 6 6 0.04830314
691 266 8 10 0.048447903
438 314 6 7 0.048701838
498 311 7 10 0.04905931
341 359 9 11 0.049208645
160 391 14 17 0.05054472
594 296 7 8 0.05152049
739 307 14 11 0.05189876
692 280 8 9 0.051906794
470 404 27 41 0.052408695
622 329 14 20 0.0525177
504 328 8 12 0.05268272
310 344 8 9 0.053390916
844 288 23 18 0.056168612
41 427 28 36 0.056702293
406 315 7 8 0.056899317
153 420 20 20 0.05729812
257 362 9 10 0.05740772
288 355 10 11 0.05754238
198 373 9 10 0.05774529
374 327 7 8 0.05860932
834 266 8 8 0.058971487
611 282 6 8 0.06054735
321 357 9 11 0.06103335
932 281 8 9 0.061139256
371 315 6 7 0.06156261
399 344 14 16 0.061594382
326 343 7 9 0.06165951
433 341 8 11 0.061835896
392 340 8 12 0.062515505
422 341 9 11 0.062880844
198 330 6 8 0.06297173
420 314 6 7 0.06347791
53 394 9 10 0.06373787
755 297 10 11 0.06396943
644 281 7 9 0.0642821
822 275 8 10 0.06455658
140 374 14 16 0.06469413
48 402 11 12 0.06472118
821 266 7 9 0.06475173
596 283 6 7 0.06533698
449 346 14 18 0.06577128
513 311 13 17 0.066533536
244 346 8 8 0.06680534
630 282 6 8 0.06691829
420 328 7 9 0.067037284
564 313 7 9 0.06735527
518 299 7 8 0.067453556
461 403 26 42 0.069407
736 278 8 12 0.0699506
990 291 23 18 0.070052005
244 330 7 8 0.07063389
162 393 9 11 0.070788614
579 311 7 9 0.07097645
773 264 8 10 0.07130287
337 341 8 9 0.07138899
151 345 7 7 0.07191032
166 398 20 30 0.072195396
732 338 21 33 0.07293665
726 279 8 10 0.072994545
41 426 22 19 0.07555345
359 343 8 10 0.07739176
503 296 6 8 0.07748701
963 355 38 64 0.07779209
242 359 8 9 0.079118155
454 324 8 11 0.079434134
193 348 7 8 0.07948328
306 327 7 9 0.07964117
337 331 7 9 0.080902524
360 325 6 8 0.08128341
290 329 7 8 0.08162003
113 356 8 10 0.08170506
579 337 11 11 0.08190842
272 332 8 8 0.081956126
97 439 22 18 0.082084924
326 328 7 9 0.082963854
15 472 27 46 0.08309589
532 309 7 10 0.08362865
914 280 9 9 0.08445446
708 264 8 9 0.08448271
509 351 13 17 0.08621132
562 324 9 11 0.08666495
102 356 8 9 0.08690132
183 333 6 8 0.088828206
68 375 8 11 0.08896428
565 295 6 7 0.089626536
488 297 7 8 0.08997259
974 335 42 99 0.09074914
643 295 7 10 0.09230159
114 377 10 12 0.09253156
402 346 9 12 0.09311611
612 298 8 10 0.09350295
261 346 9 10 0.09389855
434 330 8 10 0.094568975
466 342 13 18 0.094702385
387 327 8 9 0.09684173
371 343 8 10 0.09709021
228 347 7 7 0.098246194
728 261 7 11 0.09858494
447 348 20 21 0.09915799
273 345 8 10 0.10010632
579 331 10 12 0.1007104
227 330 6 8 0.100896835
453 314 7 9 0.101583086
546 311 8 10 0.10198833
213 363 8 8 0.103459165
229 359 8 9 0.104541965
164 362 8 7 0.105919376
2 377 9 12 0.10604399
256 369 14 17 0.1067235
166 374 9 10 0.10701682
96 376 9 13 0.10709731
469 343 9 13 0.10770924
432 563 61 100 0.112398386
865 276 25 26 0.113693565
135 373 13 17 0.1137431
730 339 24 19 0.11605994
134 355 8 10 0.119728446
170 393 21 19 0.1197547
551 299 5 7 0.1227819
644 305 10 13 0.12325665
144 377 9 11 0.12430589
533 297 6 7 0.125489
615 333 22 19 0.1271424
136 375 10 12 0.13464116
162 344 7 8 0.13543634
486 314 7 11 0.13606374
276 369 15 16 0.13642801
68 363 9 10 0.1390701
654 305 21 19 0.14497732
869 276 26 18 0.14532271
739 264 7 10 0.14719966
47 377 10 11 0.14952844
771 310 14 20 0.14980964
213 346 6 8 0.14999019
736 303 21 19 0.15170287
111 376 13 17 0.15246996
486 372 22 20 0.15298693
290 347 9 11 0.15516274
179 362 8 8 0.15783404
133 349 8 10 0.16213745
614 305 10 13 0.1672129
580 294 7 9 0.16877148
631 296 8 10 0.16987932
44 429 21 21 0.17179748
83 356 8 11 0.17233291
146 362 8 8 0.17510809
583 384 20 34 0.18078071
528 328 14 19 0.18320303
515 313 9 12 0.18427613
595 309 9 11 0.19225381
18 370 10 12 0.22000962
698 369 26 41 0.22000967
793 270 22 20 0.22006647
203 395 20 32 0.22263399
704 274 21 19 0.22644046
862 276 24 18 0.23037988
636 393 29 44 0.23045808
354 420 35 75 0.23117705
194 356 8 9 0.23161736
224 417 32 56 0.24309507
697 312 24 21 0.28044558
864 301 31 34 0.28305972
399 371 21 19 0.2945971
93 375 14 18 0.29831892
785 297 41 51 0.30279797
791 411 60 82 0.3231984
991 347 31 78 0.36847207
18 464 34 61 0.43908554
561 456 41 66 0.5197562

