2_Demonstration_Demonstration_Or_Protest_2_242
21
293 506 12 23 0.010818836
314 519 43 56 0.0115427915
63 465 19 32 0.011637912
2 498 12 21 0.012955945
194 431 34 65 0.01298477
3 502 8 13 0.015993943
217 462 26 43 0.017799485
205 457 24 47 0.017823888
252 556 40 62 0.018105624
26 491 21 32 0.020958526
198 450 34 65 0.022872973
296 504 22 20 0.023248194
164 540 43 66 0.0332475
186 528 52 87 0.046801087
8 489 28 40 0.05475181
286 504 20 33 0.056663893
158 507 53 88 0.09916578
13 475 25 45 0.19511431
20 480 28 41 0.20022647
176 510 47 96 0.41361392
263 502 29 41 0.64580554

