2_Demonstration_Political_Rally_2_545
42
521 153 19 33 0.010685851
317 143 22 27 0.011801348
182 165 41 57 0.011918885
785 107 41 63 0.012446529
992 89 31 75 0.013114012
513 142 36 60 0.013723849
572 165 20 24 0.013785741
1008 78 15 44 0.014251108
287 140 26 17 0.014421905
0 59 51 258 0.014422075
669 150 25 29 0.015853662
113 70 46 70 0.015990919
548 155 21 39 0.017289188
716 147 34 39 0.018019686
315 123 32 35 0.022081995
315 134 25 18 0.02414338
0 55 30 135 0.02479978
769 133 38 61 0.025629258
953 118 45 108 0.026249077
595 87 14 21 0.027313279
320 127 22 29 0.028654581
995 68 29 70 0.031128043
783 127 45 64 0.033865206
299 138 27 19 0.036769025
591 85 20 32 0.038219374
950 78 46 94 0.049154907
197 82 57 76 0.054582864
3 86 30 179 0.09089739
294 135 23 28 0.17426248
649 148 33 36 0.5178463
603 140 29 39 0.5264705
583 142 25 42 0.579634
656 143 42 49 0.593504
930 80 48 61 0.6238802
290 138 31 34 0.62762666
334 72 58 84 0.6982511
459 95 54 85 0.7455866
538 151 34 55 0.8425717
720 132 40 62 0.85415846
676 187 41 60 0.86157155
194 86 45 57 0.86249495
112 79 76 80 0.954676

