2_Demonstration_Protesters_2_460
104
998 63 9 12 0.0100242635
998 212 13 19 0.0103426585
288 69 17 28 0.010433559
104 111 23 20 0.010585111
244 131 6 9 0.010669465
134 70 9 10 0.010698652
744 91 13 18 0.011185887
39 67 25 19 0.011281148
1013 194 9 15 0.01196885
820 69 7 8 0.0122609055
273 67 16 28 0.012285241
736 75 18 30 0.012917737
280 69 9 14 0.012932897
147 190 15 22 0.013001005
156 243 33 68 0.013008962
159 89 25 15 0.013101545
146 201 21 20 0.013308125
77 70 19 31 0.013461459
258 117 7 9 0.01362875
1003 183 17 35 0.014037323
939 173 22 20 0.014069354
918 65 9 12 0.015217907
518 250 20 31 0.015244699
215 129 6 10 0.01532888
935 205 22 19 0.015461761
149 195 24 18 0.015619731
133 77 13 13 0.016109388
998 217 12 20 0.017057914
995 87 11 12 0.017441757
680 60 30 38 0.017517582
26 66 23 20 0.017992586
925 61 12 21 0.01803202
997 65 15 33 0.019062193
72 69 6 7 0.019317841
153 192 20 31 0.020857897
903 63 19 33 0.02206992
951 105 13 23 0.022479491
264 222 40 57 0.02275302
1006 80 13 18 0.025228366
946 97 19 31 0.027224287
434 74 14 22 0.02744794
3 66 9 13 0.027646579
1012 190 11 23 0.028815184
967 82 9 14 0.029235788
108 94 19 30 0.03011639
994 88 17 34 0.030967189
975 79 9 13 0.032105226
1010 83 8 11 0.032238025
916 61 13 20 0.03344434
0 86 7 31 0.03423934
962 75 18 29 0.034274638
0 74 10 29 0.03561234
962 95 14 22 0.035661638
939 184 20 31 0.039840855
420 212 28 44 0.04073484
968 61 12 19 0.044071555
740 87 19 30 0.044813845
8 64 22 20 0.047126375
244 116 6 9 0.05131395
279 67 13 21 0.06035121
972 76 13 19 0.067369245
969 63 9 13 0.06750607
230 116 6 9 0.06908013
679 24 29 36 0.069410115
129 68 19 20 0.06948506
706 66 21 22 0.069764905
975 67 9 14 0.07169788
283 68 14 20 0.07197934
73 138 20 33 0.072716884
973 66 12 18 0.07574564
713 65 20 21 0.07946633
878 207 28 37 0.08046745
280 77 11 14 0.080857895
993 85 15 18 0.081968434
953 104 20 23 0.089358754
994 93 13 12 0.090518914
1012 61 9 14 0.097573124
1 87 16 34 0.1033787
438 63 28 37 0.10461593
1 63 13 21 0.106717505
965 79 13 20 0.10721256
144 192 19 33 0.116316125
748 91 20 19 0.12522773
3 67 16 36 0.17282069
783 68 27 39 0.1744684
1009 58 13 20 0.18217526
990 89 21 18 0.25683317
753 94 11 12 0.31495795
432 65 20 32 0.31661656
957 92 19 34 0.3655023
703 63 19 31 0.49024022
282 74 15 18 0.60901976
132 72 19 21 0.70061
162 82 21 19 0.71488845
482 99 31 43 0.75663847
885 203 28 37 0.812031
841 64 25 41 0.81445783
274 232 39 51 0.8151891
38 67 22 32 0.82182044
73 80 25 41 0.8387508
791 66 28 40 0.89213896
486 237 31 41 0.9329245
640 54 36 51 0.9565341
805 178 31 45 0.977209

