2_Demonstration_Demonstration_Or_Protest_2_453
129
180 267 40 58 0.010053798
584 276 19 29 0.010231349
913 315 13 22 0.010599293
171 283 21 34 0.010622546
558 259 12 21 0.010687988
651 376 24 45 0.010729235
274 342 12 12 0.010740461
606 298 22 21 0.01079607
327 297 33 57 0.011053636
860 276 12 20 0.011148671
809 348 9 10 0.011217656
655 293 21 21 0.011767708
558 308 21 19 0.011938634
863 279 8 12 0.011976385
1016 381 7 37 0.01203349
201 284 56 78 0.012207293
161 298 30 41 0.01232621
311 318 8 10 0.012488282
471 231 45 69 0.0129423225
538 269 35 59 0.012944919
323 313 7 11 0.01303418
867 270 8 10 0.013068479
8 280 25 50 0.013248387
341 303 28 39 0.013358277
872 342 12 22 0.013531136
563 483 37 70 0.013881763
834 311 13 20 0.014341438
194 296 38 60 0.01446112
572 328 24 21 0.014466679
635 288 21 21 0.014482977
798 321 15 17 0.014515513
187 415 56 86 0.0147030465
223 311 24 19 0.014853661
831 329 13 19 0.01496862
740 315 12 13 0.01518504
507 291 38 56 0.015525061
97 337 41 52 0.015699986
837 316 8 11 0.016138488
347 305 19 32 0.016373131
339 308 13 24 0.016492698
225 278 27 46 0.016804444
879 342 8 15 0.016839923
802 325 9 11 0.016881183
834 333 8 10 0.016888712
255 260 39 59 0.01797273
477 255 43 74 0.018055758
672 280 9 13 0.018151937
817 314 8 13 0.01829267
851 296 7 13 0.01843802
880 333 9 14 0.018438198
841 307 19 28 0.018510925
556 247 19 32 0.018603563
292 340 19 30 0.018946635
514 301 27 42 0.019408945
551 243 26 44 0.019542592
543 236 35 61 0.02001144
726 318 10 14 0.021327375
677 268 9 12 0.02226814
391 273 36 40 0.023017848
855 281 11 20 0.023424178
803 315 10 13 0.02356307
270 333 22 18 0.023654053
156 289 41 56 0.024779025
813 343 14 17 0.025567722
552 284 20 31 0.026834717
508 267 39 60 0.027909786
262 322 18 34 0.027936189
179 432 46 59 0.030049976
848 292 12 21 0.030615658
675 265 13 20 0.031555966
753 310 11 10 0.032488856
756 304 10 12 0.033518054
857 284 7 12 0.034064516
289 317 18 32 0.034232616
878 331 12 19 0.034958325
834 290 17 30 0.037486993
753 302 14 17 0.037709825
558 309 19 33 0.0377789
220 270 35 64 0.03848333
236 321 22 19 0.03963276
670 290 17 31 0.04399526
816 345 9 10 0.044326205
831 340 14 18 0.049822297
234 316 24 17 0.05582681
404 269 33 43 0.0576281
291 327 10 11 0.057657316
834 343 9 11 0.057700127
638 282 21 22 0.058073793
669 276 13 20 0.05928192
289 324 14 18 0.060537916
229 306 19 36 0.06337848
876 339 12 21 0.06477597
840 296 8 14 0.065359205
664 309 20 23 0.07831925
782 311 9 12 0.081236295
775 311 11 11 0.088001445
652 280 21 21 0.117066644
708 315 16 31 0.1302093
780 308 13 18 0.13270816
719 320 20 21 0.13607869
774 309 14 17 0.13674724
910 317 17 30 0.13996097
717 339 21 20 0.14250676
335 306 19 34 0.14272939
166 274 36 57 0.14486416
744 308 22 18 0.14507064
809 309 19 23 0.1603392
838 292 12 21 0.16210388
724 316 15 19 0.1698474
764 323 18 28 0.1817215
696 312 20 23 0.20487207
219 293 35 61 0.20670797
657 305 19 30 0.21646555
753 329 23 20 0.23273528
268 338 21 20 0.23808703
267 331 19 32 0.24975152
19 300 31 42 0.29019842
679 304 17 30 0.33590516
612 297 19 33 0.35154012
914 321 18 22 0.3823617
754 318 17 31 0.39450726
579 323 21 33 0.43194345
799 312 19 22 0.4441557
645 282 19 32 0.4541332
9 290 36 56 0.57336545
736 312 20 20 0.63668513
389 260 43 59 0.68491906
61 309 31 42 0.7801059
466 241 82 88 0.8313213

