2_Demonstration_Political_Rally_2_752
27
82 392 8 15 0.010303267
193 461 7 10 0.011197665
647 268 97 152 0.012483167
90 384 32 59 0.012927845
72 393 25 42 0.013433354
352 124 88 171 0.015183714
368 143 54 118 0.015285828
101 391 7 13 0.016339362
70 377 8 12 0.019681552
68 375 12 20 0.020504143
76 372 11 19 0.02487761
69 384 8 15 0.025634196
66 383 17 31 0.0345419
79 389 12 24 0.043534502
83 397 12 24 0.0481217
822 192 107 202 0.048216954
98 384 17 34 0.05224372
99 389 11 23 0.05945072
98 396 12 25 0.060288377
77 397 19 32 0.061913136
292 8 24 48 0.07143327
79 374 7 13 0.077116035
67 381 12 22 0.102346316
681 261 103 167 0.12428673
98 393 18 35 0.48605043
15 392 46 67 0.6065186
799 189 157 290 0.92016923

