2_Demonstration_Political_Rally_2_741
90
836 449 6 10 0.010012658
630 434 5 8 0.010248898
676 461 17 33 0.010251911
727 447 9 13 0.010366811
779 439 21 20 0.010556145
201 452 30 67 0.010648039
707 457 9 13 0.01069345
689 429 7 13 0.010893143
745 479 17 32 0.01116352
644 431 5 10 0.01118209
834 479 7 10 0.011283418
765 457 13 20 0.011306779
819 472 12 21 0.011397297
318 431 18 32 0.011722782
596 420 12 21 0.011764231
768 461 8 11 0.011998517
740 478 9 15 0.0120029105
688 446 7 12 0.012072402
255 445 17 35 0.012195592
725 455 8 14 0.01247268
785 489 20 21 0.012593711
735 481 18 21 0.012660312
99 452 27 45 0.0126966145
349 453 19 31 0.013484251
611 427 6 11 0.013908421
648 465 17 35 0.014211066
746 474 19 21 0.014361202
778 467 31 66 0.014434943
586 420 20 31 0.014592236
293 445 27 45 0.014602874
557 427 13 20 0.015758825
675 431 7 13 0.016245255
560 433 8 10 0.016764436
607 421 12 21 0.017227998
720 453 16 32 0.017338173
221 479 23 51 0.017481672
737 456 8 12 0.01761588
734 453 12 19 0.017839547
253 434 17 35 0.017852994
822 477 7 11 0.018050592
288 438 36 61 0.018175097
768 448 8 10 0.019530874
777 460 21 20 0.019611849
95 444 35 62 0.019962512
329 454 19 33 0.020274676
548 447 6 7 0.022825178
103 503 35 64 0.024998281
617 445 6 9 0.026337367
835 458 7 9 0.027296472
736 448 8 13 0.027533865
821 460 6 9 0.028362121
686 424 12 22 0.028802143
656 439 12 20 0.029589333
754 445 13 18 0.030260965
673 437 12 20 0.03123335
777 470 21 22 0.03186899
808 458 7 10 0.03207018
706 453 12 21 0.033274822
515 458 6 8 0.033410553
353 454 12 19 0.033541933
772 475 8 13 0.0344198
827 566 32 73 0.035701934
793 490 21 23 0.03960928
487 463 6 8 0.04126566
516 450 6 8 0.041633237
355 457 9 12 0.042490978
533 444 6 8 0.04428516
672 419 16 32 0.04466498
732 445 13 19 0.045129646
672 426 11 23 0.045377836
676 441 7 12 0.051154856
758 456 9 12 0.055126145
757 453 12 19 0.058933914
723 451 12 21 0.062353324
756 448 8 10 0.06474583
785 480 17 36 0.07271998
769 472 13 20 0.07635487
796 485 15 37 0.076399356
500 461 6 7 0.07954428
927 541 40 65 0.09248387
725 444 13 21 0.092916764
777 463 16 35 0.096026585
629 444 6 9 0.11090501
645 445 6 10 0.13158071
659 442 7 12 0.13896103
643 478 18 35 0.21736544
119 495 32 61 0.24181269
206 471 23 49 0.31839564
737 475 14 23 0.36584088
579 474 35 66 0.9359797

