2_Demonstration_Political_Rally_2_57
146
934 151 12 12 0.010080018
307 53 5 9 0.01026883
392 133 22 21 0.010302702
139 167 24 18 0.010449538
557 116 12 19 0.010551524
519 148 29 54 0.010731781
398 174 20 32 0.010831351
920 168 23 21 0.011300961
987 240 22 19 0.0115168635
946 165 36 51 0.011604557
56 70 9 14 0.011738509
668 121 19 30 0.011755791
2 126 9 36 0.011839485
975 154 8 10 0.011874021
554 112 18 30 0.011996127
385 116 32 53 0.012232261
458 44 8 14 0.012448259
11 132 19 25 0.012487212
989 178 18 32 0.012503152
566 95 5 8 0.012523095
470 103 13 20 0.012658422
277 122 14 19 0.012699884
574 133 22 19 0.012846254
1015 253 9 31 0.013427414
560 97 18 31 0.013710701
581 109 5 8 0.013896967
860 240 18 35 0.014024572
280 132 21 21 0.015482424
140 136 24 18 0.015540526
1016 133 8 29 0.01565987
6 138 17 33 0.015842142
98 122 21 18 0.016427029
864 225 20 32 0.016483089
59 61 14 18 0.01679292
523 155 25 18 0.016796503
239 121 21 27 0.017130468
835 139 22 30 0.017215503
151 137 27 18 0.018095441
53 59 14 20 0.018332122
663 186 25 21 0.018757468
583 94 5 8 0.019089362
0 112 30 58 0.019100675
595 123 7 8 0.019298153
504 150 23 18 0.019303473
719 182 20 20 0.019955035
273 146 21 20 0.02057599
925 164 36 50 0.020592768
607 129 19 35 0.020887902
332 152 23 19 0.020928208
118 116 24 18 0.022233995
475 119 22 19 0.022295654
381 122 23 19 0.022388497
963 151 12 9 0.022390042
504 169 20 33 0.0231713
991 219 18 32 0.023963317
29 145 13 23 0.024227487
956 148 24 16 0.025277482
846 236 19 34 0.025504265
104 154 23 19 0.027428873
491 145 25 19 0.027702408
462 44 8 15 0.028400617
911 158 25 43 0.028654475
580 136 8 9 0.029644266
959 161 20 32 0.02989261
669 119 12 22 0.03067014
50 60 19 29 0.030768435
433 149 13 23 0.031657394
562 102 11 21 0.032381147
21 114 12 21 0.032727946
1017 149 6 17 0.03284749
567 140 6 8 0.033144414
471 105 22 19 0.033223946
65 150 12 24 0.033782307
20 88 7 11 0.03415801
1002 243 18 35 0.034480143
914 174 19 30 0.035645686
655 173 26 42 0.035935286
19 105 13 22 0.037033714
288 120 19 30 0.03822246
444 68 19 31 0.038418636
648 152 21 21 0.039054018
927 218 22 21 0.03955894
1004 143 17 32 0.04344541
985 235 22 19 0.04438946
31 126 17 34 0.04554267
142 139 21 30 0.047707487
480 133 21 21 0.051752325
421 171 18 36 0.051888358
324 148 20 30 0.05534098
712 182 20 31 0.057829976
205 148 30 36 0.058230516
646 129 20 32 0.065200455
30 141 17 32 0.06590604
395 143 18 34 0.07059762
794 150 23 29 0.07238737
565 106 6 11 0.07306493
109 121 24 18 0.073797636
561 121 6 10 0.079618804
554 120 6 10 0.08673923
270 203 29 39 0.09018663
1015 144 9 27 0.0968186
581 122 6 8 0.09847266
286 116 14 18 0.10305554
280 150 22 22 0.10551483
289 118 9 12 0.10581385
422 155 17 35 0.107307635
484 303 43 66 0.10766938
56 65 20 21 0.10893241
155 139 23 30 0.122916766
487 138 24 20 0.13815925
270 141 20 30 0.1514878
145 130 20 32 0.15320472
444 82 20 21 0.15615702
448 76 18 31 0.1579717
265 133 20 23 0.16378772
260 130 18 23 0.17474237
539 156 19 35 0.21276791
255 133 21 27 0.21559168
934 148 25 18 0.22425552
88 140 25 42 0.24743773
597 133 28 43 0.26019663
645 145 19 32 0.26624596
955 174 21 31 0.2713819
489 129 17 36 0.3204235
930 216 22 30 0.32198483
490 147 24 45 0.33379498
109 124 18 34 0.3387134
932 161 20 35 0.3981864
752 146 22 31 0.40161324
526 154 20 36 0.43396583
285 146 21 31 0.46619985
278 204 29 39 0.47143847
391 124 20 35 0.5327239
589 135 27 43 0.54098964
494 164 26 43 0.5423214
148 131 30 34 0.5654311
4 122 18 37 0.601197
360 141 28 40 0.6183983
929 169 28 36 0.6370434
465 152 18 36 0.65904206
212 146 32 40 0.6788612
78 136 25 46 0.6963059
663 179 28 40 0.71191716
898 252 29 44 0.7869061
768 149 31 34 0.8615875
824 127 34 37 0.9530076

