2_Demonstration_Demonstration_Or_Protest_2_619
247
381 382 46 96 0.010050182
870 128 13 18 0.010107296
415 191 13 19 0.010114764
426 185 21 19 0.010162528
274 119 7 9 0.010187664
454 192 20 29 0.010255158
370 98 8 12 0.01030868
159 199 17 30 0.010351594
519 126 13 18 0.0103825405
355 147 10 13 0.01044008
707 214 18 34 0.010532882
547 173 13 20 0.010538777
168 324 32 72 0.010607622
756 165 9 11 0.010666208
184 196 9 13 0.010741627
175 225 13 18 0.010888838
906 37 8 12 0.010998592
844 252 20 30 0.011007184
412 397 24 49 0.011025492
552 84 9 14 0.01105143
626 126 13 18 0.01116589
551 81 12 18 0.011206291
223 159 12 18 0.011227376
458 196 21 19 0.011265755
61 156 21 19 0.011404235
607 218 19 29 0.011434018
779 157 18 30 0.011452904
239 156 12 18 0.0115061095
664 160 22 18 0.011546487
535 254 22 19 0.011669333
882 146 9 13 0.011723881
270 220 12 17 0.011795733
955 219 12 18 0.011847241
592 25 11 18 0.011891366
509 145 13 17 0.012054671
181 211 10 12 0.012055092
335 128 12 19 0.01205838
1 193 12 46 0.012063681
663 195 23 18 0.012109384
130 235 31 71 0.012144046
273 130 13 18 0.012216312
56 144 8 11 0.012232325
915 191 9 13 0.012315702
865 227 10 12 0.012360386
519 103 9 12 0.012519806
414 278 35 60 0.012537976
443 166 19 31 0.012662094
182 194 13 18 0.012669894
542 133 14 16 0.0129524395
290 118 8 10 0.013001581
353 94 8 12 0.013069351
258 127 13 18 0.013087816
708 206 13 22 0.013289511
928 283 21 19 0.013381487
776 144 12 18 0.013454851
57 144 21 18 0.013477408
568 298 25 17 0.01376213
390 245 27 47 0.013831072
202 260 16 36 0.013900817
794 283 27 49 0.014055266
886 177 13 19 0.014123735
2 207 12 47 0.014420726
279 141 8 12 0.014554709
912 188 12 19 0.014621838
818 134 13 16 0.014945765
469 544 27 16 0.014988374
567 131 13 17 0.015123418
302 159 11 20 0.015126905
593 20 11 16 0.015184676
781 203 12 23 0.015205505
285 267 21 21 0.01521374
772 207 12 22 0.015277691
252 258 14 19 0.0153618995
366 145 12 19 0.015473
248 235 11 14 0.01555164
2 157 7 14 0.015586089
326 129 7 12 0.015614972
498 178 19 21 0.015615398
132 224 18 33 0.015748495
289 132 8 11 0.015922567
200 231 19 21 0.016009634
17 142 12 19 0.0161251
179 208 13 18 0.01625403
651 132 13 17 0.016700897
513 240 13 20 0.016718164
354 184 12 22 0.01672522
354 144 12 19 0.016810818
974 267 14 19 0.016911972
835 161 10 13 0.016948503
461 113 13 17 0.017151
272 222 10 13 0.017330732
642 269 19 22 0.017834876
423 172 13 20 0.01829016
912 124 11 14 0.018297024
818 93 10 13 0.018562634
594 216 12 26 0.018608607
646 179 14 18 0.01869293
151 195 9 14 0.018782172
152 204 12 20 0.018853998
788 180 10 14 0.019013692
292 162 9 15 0.019139642
621 176 13 20 0.019361632
875 254 14 19 0.019390391
646 133 13 18 0.019452622
199 232 13 20 0.019461436
225 162 9 12 0.019710135
765 100 10 13 0.01976796
246 259 13 19 0.01980656
705 203 19 32 0.01991563
845 163 13 18 0.020003732
819 303 36 64 0.020166418
489 217 21 21 0.020241976
254 231 11 13 0.020394936
398 180 14 19 0.020538813
318 303 24 48 0.020618143
195 203 13 18 0.020939128
212 365 33 75 0.020979475
516 110 9 13 0.02151839
611 155 13 19 0.021526922
577 14 7 9 0.021600911
651 139 13 17 0.021603169
528 255 21 19 0.02165599
222 206 13 18 0.02205124
737 60 8 11 0.022527758
199 220 16 33 0.02252867
660 161 14 17 0.022548568
464 115 10 12 0.022805128
3 145 12 20 0.022865968
739 141 8 13 0.02296011
318 170 12 20 0.023073953
551 192 13 23 0.023112534
611 144 13 19 0.02333822
490 211 20 21 0.023534501
780 188 18 31 0.023987005
337 132 8 12 0.024149472
357 177 12 20 0.024611749
261 130 8 11 0.024921974
275 161 8 14 0.024935452
551 11 6 9 0.025023611
763 111 12 18 0.025087478
525 117 13 16 0.02533133
736 137 12 20 0.025345625
194 195 13 18 0.026231362
846 250 20 22 0.026550395
927 194 12 18 0.026619276
495 130 14 17 0.026722742
567 292 25 18 0.026752664
888 195 9 13 0.027419563
160 207 10 14 0.028479902
853 104 13 18 0.028567577
300 170 11 20 0.02871757
666 206 22 18 0.02990914
982 258 13 19 0.030310038
150 193 13 19 0.030344646
203 349 53 95 0.030742327
879 144 13 19 0.030931285
648 187 23 19 0.031007832
929 196 9 13 0.03201208
276 134 8 11 0.032045726
19 145 8 12 0.03220488
738 130 7 13 0.032302197
384 237 37 63 0.032692213
794 293 40 64 0.03366969
205 202 12 19 0.033890836
791 113 13 17 0.035404313
418 394 13 21 0.03609377
428 84 19 20 0.03623131
813 85 10 13 0.036556475
203 367 32 77 0.037205797
735 127 12 20 0.038161084
833 158 14 19 0.038369376
887 191 12 19 0.0390916
865 257 21 19 0.039153352
785 185 13 22 0.039313264
5 149 8 13 0.039347615
342 96 11 21 0.039684705
457 203 21 20 0.039776772
205 197 13 17 0.040095143
427 165 20 32 0.04031545
575 148 15 18 0.04047462
904 52 7 11 0.042199235
778 269 35 66 0.043357257
683 91 12 18 0.043536924
617 111 12 18 0.044264033
893 260 14 17 0.04441518
249 229 19 19 0.046655875
290 160 12 21 0.049487352
247 229 14 17 0.049819216
273 158 12 20 0.051825125
911 35 8 12 0.053188
344 99 7 13 0.054040726
590 214 19 30 0.05670811
647 138 13 19 0.056732155
553 192 19 31 0.057478707
932 204 12 20 0.057848517
894 179 13 20 0.05959732
370 393 40 62 0.061386883
545 139 13 17 0.061560616
556 112 12 14 0.06418186
467 124 14 18 0.0647327
211 155 13 18 0.065087885
577 153 14 17 0.06649971
342 108 8 15 0.06672724
197 227 14 20 0.0699271
786 178 13 20 0.0708191
395 124 13 18 0.073806204
239 189 13 19 0.07551269
557 192 13 21 0.07725823
819 143 13 18 0.078988515
759 114 9 15 0.08359664
819 153 14 19 0.08590038
157 204 13 20 0.090779915
341 105 11 20 0.09361394
907 120 19 20 0.09522541
204 227 13 20 0.10410965
648 179 22 18 0.105138645
425 177 20 21 0.10521776
252 233 14 17 0.10550144
551 112 13 16 0.10561886
453 112 13 17 0.11563014
787 275 37 68 0.11631706
391 124 12 18 0.12099086
896 185 13 20 0.12175346
572 129 14 15 0.13177435
858 100 13 16 0.14061223
797 110 14 16 0.14222722
431 91 13 18 0.14448155
620 111 13 17 0.16822758
526 123 13 17 0.17476797
200 146 13 19 0.18032543
806 84 13 16 0.18654998
595 27 7 12 0.1942177
781 146 14 17 0.21016316
157 194 13 19 0.2108435
417 111 12 18 0.21382843
758 111 12 20 0.2600139
294 171 12 20 0.26285267
500 110 13 17 0.26637873
947 221 14 19 0.29722425
855 101 13 16 0.33611628
678 92 13 18 0.37259138
204 147 13 18 0.41740698
990 194 15 17 0.43364862
736 49 9 13 0.4424432
595 23 8 11 0.45566854
910 116 14 18 0.4770062
551 14 6 10 0.5754467

