2_Demonstration_Demonstration_Or_Protest_2_512
215
357 189 10 9 0.010010451
1012 273 11 23 0.010162729
642 234 11 10 0.010262905
279 219 10 11 0.010356885
67 142 27 48 0.010359799
316 238 28 42 0.010520034
730 255 26 15 0.010525852
1015 171 7 10 0.010638048
1006 202 13 18 0.0107128285
651 250 25 17 0.010756559
970 295 27 16 0.010761756
482 204 8 8 0.010769114
289 217 9 10 0.010815449
422 216 9 10 0.010821358
974 233 9 11 0.010882964
154 188 25 18 0.010972791
309 233 39 57 0.011048971
536 234 21 21 0.011053995
403 214 13 19 0.011137253
721 204 7 7 0.01134063
971 397 46 110 0.011366766
977 174 9 7 0.011383443
522 199 24 18 0.0113991825
741 235 8 8 0.011628154
929 268 38 52 0.01168652
340 231 13 18 0.01178205
296 221 20 31 0.011909146
605 295 28 44 0.011993494
972 216 13 16 0.012313312
275 205 8 8 0.012599498
804 237 7 7 0.012603586
27 169 34 66 0.012752997
405 218 10 11 0.01276543
978 188 10 9 0.012785011
283 232 21 19 0.012835212
950 194 10 9 0.012847355
720 220 8 8 0.012877791
64 320 35 72 0.012937098
387 219 8 10 0.012978661
1 189 29 75 0.012999623
235 192 19 33 0.013016226
577 365 32 40 0.013101022
528 171 44 55 0.013187435
408 314 60 81 0.013391822
818 207 6 8 0.0134617835
927 256 11 9 0.013547275
932 300 46 54 0.013913032
959 266 14 17 0.013963233
290 202 14 16 0.014001565
329 223 21 29 0.014145025
900 414 56 106 0.014172526
772 252 8 7 0.014244578
589 277 25 46 0.014250606
788 239 7 8 0.014284048
741 220 7 7 0.014300131
296 248 22 20 0.014347498
440 233 23 18 0.0144283585
199 412 53 103 0.014505031
287 247 21 20 0.014529379
949 198 13 16 0.014586909
712 222 8 8 0.014642058
299 228 21 20 0.014768135
1007 251 11 19 0.01484317
976 272 10 10 0.014969456
966 247 13 17 0.015205462
706 241 9 8 0.01520549
133 196 30 15 0.015244046
339 205 9 9 0.015299154
90 290 35 68 0.015373367
898 208 10 10 0.015630152
540 298 37 68 0.015647057
468 201 9 10 0.015871303
90 274 37 59 0.016217891
311 144 9 10 0.016246513
926 201 11 10 0.016421916
470 223 8 10 0.016564071
369 189 9 8 0.016645305
487 220 8 9 0.016658196
596 200 41 62 0.016924575
598 294 24 20 0.01693085
869 202 10 10 0.017084109
450 219 19 31 0.017317558
413 323 39 66 0.017348932
331 183 22 29 0.01737227
192 233 30 39 0.017464612
322 204 8 9 0.0174749
833 239 8 8 0.017593129
421 206 8 9 0.017649565
449 190 14 16 0.017907841
82 302 51 90 0.01799099
186 226 39 55 0.01799136
450 195 13 17 0.018004626
515 202 38 61 0.018089872
1009 254 8 13 0.01822307
851 220 9 10 0.01862459
131 189 22 32 0.018803274
957 197 14 16 0.019147625
600 287 36 61 0.019439494
63 117 52 91 0.019445874
343 234 8 11 0.019688554
419 300 37 67 0.01982494
1010 183 12 20 0.020136738
961 269 10 10 0.020711068
731 259 25 16 0.020823129
939 264 25 16 0.020870676
787 253 9 9 0.021056082
565 347 55 93 0.021184683
4 198 20 58 0.022711756
5 206 13 45 0.022921152
947 266 12 8 0.022969434
709 298 37 59 0.023046378
829 202 22 18 0.023076436
821 238 7 8 0.02312542
730 315 42 66 0.023378259
995 269 10 12 0.0235844
525 238 25 47 0.02361853
569 338 38 61 0.023831645
599 284 27 42 0.024328424
521 182 33 38 0.024595922
754 222 8 7 0.024866745
96 325 39 68 0.025082003
644 245 26 42 0.02518055
435 305 51 89 0.025273288
368 199 13 16 0.02528508
356 246 19 30 0.02629899
446 217 14 17 0.02633349
3 176 15 44 0.026399167
541 323 41 64 0.026707776
392 221 19 31 0.027120614
821 222 7 7 0.027565124
1011 267 9 13 0.027719924
225 289 36 56 0.027733523
391 188 9 9 0.027742038
836 207 8 9 0.02834932
484 192 7 7 0.028578436
404 205 8 8 0.028906241
140 284 55 83 0.028940475
975 203 14 16 0.028989635
82 133 37 64 0.029218517
834 220 8 9 0.02982635
415 172 7 8 0.030241298
435 220 9 9 0.030402426
1011 216 8 11 0.030582445
469 229 13 17 0.030630039
88 237 30 39 0.030702353
195 221 29 39 0.030871458
408 174 7 8 0.031135622
440 300 41 65 0.031144286
401 188 8 9 0.032208644
924 262 24 16 0.03294784
339 221 9 9 0.033238083
349 243 20 20 0.03423552
172 215 23 19 0.03424886
969 220 9 10 0.0343891
354 205 9 8 0.035146568
993 266 14 18 0.03559589
465 192 9 9 0.035700314
449 219 9 11 0.035913378
354 239 10 11 0.03607586
470 232 11 11 0.036873277
353 217 8 10 0.037015975
798 296 42 60 0.038580745
352 236 13 18 0.038752533
292 239 28 42 0.038878918
269 235 22 19 0.038971625
666 269 35 63 0.03921977
961 193 9 9 0.03956161
967 250 10 11 0.0405384
996 213 9 11 0.04136599
1013 188 8 11 0.04257927
269 243 22 20 0.042666305
386 203 8 9 0.04272026
950 216 9 10 0.043244068
1008 264 13 21 0.043492462
260 274 28 43 0.04454529
975 219 9 10 0.04478373
434 205 8 10 0.04608843
2 170 22 55 0.04705418
236 209 20 30 0.04967609
977 375 36 83 0.05063354
171 214 20 33 0.05122818
806 221 6 7 0.0517459
572 356 41 59 0.053264115
1010 207 8 9 0.053513367
954 303 46 98 0.055886246
436 189 8 8 0.05639687
158 186 20 32 0.05798335
516 175 43 54 0.060136426
937 275 23 29 0.06276626
634 298 25 48 0.06305777
292 205 10 10 0.06370292
451 192 9 10 0.065790035
950 200 10 11 0.07481867
452 198 9 10 0.074876286
938 280 26 17 0.08190998
420 191 7 8 0.084744096
63 131 37 68 0.08511722
370 202 10 10 0.089051284
239 213 22 19 0.08956042
960 200 9 10 0.09796301
991 205 14 16 0.09910323
230 285 27 43 0.106226206
978 205 9 10 0.1090287
120 181 38 54 0.124410234
785 273 44 54 0.12811357
917 196 11 12 0.13111015
960 357 48 105 0.14739522
994 207 10 11 0.14825355
265 239 26 41 0.1700253
916 193 12 12 0.18159455
408 237 20 32 0.19694793
728 301 41 61 0.19871037
403 238 19 32 0.30027425
150 288 43 54 0.31465927
947 307 42 55 0.429558

