2_Demonstration_Political_Rally_2_791
158
324 49 22 58 0.010160676
674 508 33 59 0.010240639
43 432 22 20 0.010314456
965 483 20 28 0.010342228
687 514 13 23 0.010526096
405 534 31 37 0.01082392
504 531 26 16 0.010910666
33 457 31 61 0.0112835085
351 510 24 27 0.011360605
649 539 29 40 0.011451818
74 484 20 31 0.011476028
934 501 19 33 0.011491395
651 460 20 20 0.01165048
72 524 24 19 0.011671472
647 508 19 32 0.011896028
312 189 45 108 0.012038808
625 439 9 12 0.012083019
707 474 18 31 0.012280446
104 452 22 19 0.012451236
650 483 22 19 0.012544419
86 516 25 19 0.012606839
667 494 14 21 0.012662404
618 459 17 31 0.012781509
650 452 20 20 0.012972774
996 347 11 22 0.013302986
706 456 19 30 0.013668511
104 484 23 19 0.0137265865
946 323 12 22 0.013942148
102 454 22 28 0.014013295
960 328 18 32 0.014156786
323 458 21 33 0.014346974
43 516 24 19 0.014485754
1014 365 10 26 0.014608152
905 489 17 33 0.014882379
643 476 25 43 0.015293711
68 559 25 20 0.015417943
622 476 13 19 0.015483479
848 493 22 19 0.015891142
873 298 18 37 0.016155645
26 449 22 18 0.016273804
656 273 49 67 0.016418194
27 477 22 19 0.016527705
726 360 27 39 0.01656526
396 528 25 18 0.016685626
345 509 26 17 0.016787276
1012 475 10 28 0.0176544
862 528 23 46 0.017783305
631 493 23 18 0.017891351
305 375 40 62 0.017954476
842 483 22 27 0.017986799
1002 451 17 33 0.018055148
312 410 28 44 0.018133337
773 539 20 31 0.018150942
162 547 26 32 0.018162921
104 491 23 19 0.018234335
60 528 24 19 0.01836404
412 521 23 28 0.019059679
805 534 27 41 0.019137727
949 546 26 33 0.01947405
163 559 26 20 0.019673314
937 244 31 74 0.0201258
61 442 19 29 0.020220663
500 539 31 38 0.020221777
94 490 23 20 0.020227484
442 509 22 19 0.020343527
940 347 13 23 0.02052591
910 479 12 21 0.020887975
81 478 21 19 0.021018136
670 428 13 18 0.021628572
306 144 46 105 0.021806834
90 483 22 19 0.021853179
78 515 24 19 0.022204574
622 444 12 20 0.022378724
1014 459 10 27 0.023366477
945 471 18 24 0.023670003
307 352 60 91 0.023735581
829 482 23 18 0.023815732
1 493 11 31 0.024112597
863 523 22 21 0.025719032
500 49 39 66 0.026144769
293 177 39 74 0.02625137
287 136 47 119 0.026281012
975 386 19 23 0.026560973
473 518 25 17 0.02699467
3 486 16 33 0.028152466
958 512 23 21 0.028317027
454 514 23 28 0.028657062
861 493 14 21 0.030421441
620 503 19 32 0.03150718
96 514 19 32 0.031824663
897 491 12 21 0.034651667
942 455 19 30 0.034841802
707 464 12 23 0.035262052
623 484 17 33 0.037782975
63 536 24 43 0.03788052
308 16 45 104 0.03864453
648 480 18 33 0.039071433
894 502 18 34 0.039558724
639 481 14 19 0.04065194
874 302 25 45 0.04242546
399 104 46 106 0.042622257
622 508 23 19 0.04372618
948 466 12 24 0.04515811
319 38 30 78 0.045745257
613 463 12 20 0.04832324
678 475 19 30 0.048744407
44 511 20 31 0.051515162
31 404 28 42 0.0520105
621 499 22 19 0.055072594
307 389 58 94 0.05635092
74 513 20 32 0.058840178
315 443 36 56 0.06104991
56 441 23 19 0.061646316
669 533 27 44 0.06299529
690 477 13 22 0.06376422
683 516 19 33 0.06746195
658 494 22 20 0.0681804
927 492 20 23 0.06825214
1003 394 16 35 0.06854844
962 335 13 22 0.07008144
703 514 20 33 0.070402056
340 544 36 34 0.07732553
52 19 40 73 0.07818989
938 546 27 33 0.07861509
1005 403 16 35 0.0825423
378 534 32 35 0.08313553
306 398 39 63 0.083932176
127 527 25 45 0.08443678
972 383 18 33 0.09446343
477 514 22 30 0.09477559
393 520 30 35 0.096982144
40 469 24 20 0.097434424
963 423 18 34 0.10431043
860 487 20 29 0.11627739
40 461 20 32 0.11871278
98 481 21 30 0.12251059
1002 475 19 32 0.12483963
129 524 20 31 0.13559534
734 531 31 40 0.14952505
827 542 27 37 0.18750048
865 516 19 35 0.23653084
996 515 21 33 0.23778121
772 363 60 80 0.24647324
321 466 29 38 0.26178533
955 503 27 40 0.26449117
54 16 47 107 0.2806726
21 534 34 45 0.28469738
14 505 18 34 0.29901892
324 538 41 41 0.31337428
489 540 31 39 0.37197173
589 477 17 31 0.37879395
930 483 19 34 0.40357265
393 337 67 82 0.40363082
548 283 59 88 0.45075998
649 264 61 97 0.5412242
405 123 57 97 0.7784629
203 402 75 84 0.78868467
590 23 65 99 0.9370508

