2_Demonstration_Political_Rally_2_22
62
884 320 39 57 0.010064942
474 495 36 64 0.010092502
416 370 28 41 0.010449532
289 396 36 61 0.010738683
407 362 38 58 0.010747927
602 414 21 21 0.010841711
804 328 27 46 0.011568613
432 441 13 28 0.011576015
1003 382 18 62 0.011578066
743 354 39 59 0.011711163
889 327 28 41 0.011829769
393 423 19 21 0.012019384
445 378 22 18 0.013129326
562 370 19 24 0.013136945
425 376 21 18 0.01320079
457 379 24 17 0.013312221
711 414 17 35 0.013373231
1007 389 13 48 0.013662258
566 127 36 79 0.013692188
426 410 18 32 0.0138838515
1012 387 8 30 0.014247604
432 378 9 11 0.014371984
449 378 27 34 0.015630137
999 369 14 44 0.015680294
432 394 9 11 0.016368309
974 358 27 48 0.016644344
476 416 22 19 0.018127682
971 335 25 48 0.018494852
525 373 12 23 0.018952375
424 375 20 31 0.02024648
967 330 32 67 0.022352263
797 387 35 66 0.022760795
449 404 18 32 0.023362722
771 366 19 38 0.023368621
434 437 16 26 0.026355512
768 326 49 88 0.026804348
798 319 36 63 0.029416349
987 354 29 73 0.031239994
384 353 42 62 0.031494312
592 473 38 69 0.03213844
426 390 21 19 0.03308944
385 326 41 63 0.036800258
294 419 35 65 0.040670317
575 412 20 24 0.042380754
443 420 20 21 0.045505952
573 368 19 32 0.045800608
604 406 18 34 0.049014058
584 417 25 48 0.04983469
578 410 33 66 0.05539518
848 397 55 82 0.061127216
969 348 36 67 0.085137144
864 410 43 64 0.09377556
383 329 55 84 0.1390026
476 514 36 63 0.1871184
715 425 18 36 0.23559408
578 469 44 71 0.30821133
763 351 35 62 0.3289966
454 384 24 20 0.36371985
576 407 26 43 0.36975485
554 365 27 43 0.5367266
427 434 17 35 0.54544485
82 379 81 127 0.98098075

