2_Demonstration_Demonstrators_2_244
174
954 142 23 18 0.010222627
526 156 22 19 0.010268472
658 167 12 20 0.010347164
47 184 12 20 0.01034755
729 138 24 19 0.010445214
112 202 42 53 0.010635302
536 139 22 20 0.010702963
676 168 19 30 0.010756057
98 173 11 8 0.010999334
176 163 10 9 0.011059605
339 191 9 10 0.011086417
932 103 32 60 0.011455117
206 141 10 11 0.01163124
0 144 6 35 0.011719738
591 167 22 20 0.011798834
938 143 25 17 0.011874497
159 175 22 26 0.011876701
276 148 6 6 0.011960061
201 164 22 16 0.011997867
169 174 22 17 0.012094403
416 175 21 28 0.012295088
3 178 6 12 0.012431229
237 171 21 17 0.012498625
1014 114 8 15 0.012553778
544 165 22 30 0.012628969
778 171 21 32 0.012666381
177 144 8 7 0.01274637
166 118 6 6 0.012767101
730 133 40 56 0.012776341
994 135 13 21 0.012789544
405 174 14 17 0.012832414
74 171 23 16 0.012840904
176 177 11 9 0.012855183
319 173 14 16 0.012904622
199 170 21 25 0.013073781
99 163 12 7 0.013157435
661 172 7 11 0.013254751
354 192 8 9 0.013891206
3 190 6 11 0.013994623
673 155 7 13 0.0140973525
435 126 36 41 0.014340239
922 140 25 17 0.014671215
147 149 7 6 0.01545231
737 133 30 40 0.015452638
50 187 7 11 0.01547486
334 204 22 18 0.015862161
959 135 20 31 0.016034534
904 129 23 17 0.016103653
277 160 7 7 0.016437603
296 173 8 8 0.016673936
72 173 8 10 0.016803695
147 171 21 17 0.016806254
176 187 12 10 0.016849834
399 192 8 9 0.016899759
523 160 32 35 0.016971963
416 175 9 10 0.017053165
118 224 29 43 0.017207993
841 127 29 16 0.017903078
82 174 9 9 0.018110028
932 496 36 65 0.018453281
242 175 8 8 0.018959628
329 179 20 29 0.019038785
50 179 8 9 0.019221535
372 193 8 8 0.019785214
331 186 21 19 0.019794086
992 128 13 20 0.020041939
102 154 22 28 0.020099955
387 165 7 8 0.020251071
771 166 27 44 0.020838575
100 157 29 15 0.021085659
906 164 19 32 0.02124755
296 148 6 6 0.0214322
929 125 23 18 0.022006225
1014 121 9 15 0.022173358
151 174 11 9 0.022229904
164 147 8 7 0.022526555
664 159 7 12 0.022695033
241 161 8 7 0.022762958
1003 129 16 37 0.02279142
367 170 13 18 0.023327263
1002 69 15 38 0.02373505
103 210 33 37 0.023808893
250 183 25 19 0.023886293
898 138 21 18 0.02398934
308 146 6 7 0.024128249
151 163 9 8 0.024908135
341 147 5 6 0.024969747
91 169 25 16 0.024974415
615 130 23 18 0.026324462
409 171 22 18 0.026429607
300 173 20 28 0.026681332
760 159 39 60 0.027109701
355 148 5 6 0.028502334
407 178 9 9 0.029287593
248 178 26 17 0.029711338
80 149 8 8 0.030191192
780 176 24 19 0.030358257
25 191 7 10 0.030634044
389 188 13 17 0.031081105
1010 75 7 16 0.03115145
0 132 12 43 0.031285618
170 184 22 18 0.03158471
31 191 7 10 0.03315512
275 179 8 7 0.034813464
0 130 7 38 0.035943702
382 170 14 17 0.036581583
70 154 13 18 0.03662834
676 145 7 12 0.036804263
304 170 14 16 0.037518762
937 130 19 34 0.03924906
98 202 43 52 0.039786194
944 114 22 18 0.040345937
681 141 20 22 0.043245845
205 172 15 11 0.044324186
524 147 29 37 0.04512091
70 147 7 9 0.045341484
662 154 12 22 0.045638524
710 167 33 63 0.045659814
327 145 6 6 0.04721952
79 159 10 9 0.047367882
326 161 7 7 0.047588173
905 137 23 19 0.05374379
710 187 28 39 0.05390025
301 161 14 16 0.054641753
160 163 10 9 0.05698556
93 159 25 16 0.057698574
73 155 22 17 0.058156453
1006 108 15 38 0.059010077
199 136 21 20 0.059780568
1012 110 11 24 0.061205454
670 149 12 23 0.061554044
674 142 13 22 0.06277391
244 164 41 51 0.062853344
295 164 8 8 0.064192936
538 143 30 38 0.06431541
160 173 12 11 0.06625553
905 141 19 32 0.070027
153 159 22 18 0.070728555
1013 117 10 24 0.07229521
357 169 13 17 0.073863186
702 134 20 31 0.07515824
843 141 25 20 0.07646023
425 127 35 38 0.07759045
336 172 14 17 0.07990831
371 160 7 7 0.08254329
199 169 15 17 0.09305503
530 154 42 51 0.095561504
357 162 7 7 0.09840631
370 174 8 9 0.09936401
322 176 8 8 0.1008463
102 217 39 57 0.10503127
72 158 8 10 0.114399076
392 191 8 10 0.1183644
677 139 18 32 0.1250278
613 134 13 18 0.12726432
341 162 7 7 0.13481738
1007 70 11 24 0.13497362
940 119 23 19 0.1394483
386 173 8 10 0.14659701
304 164 9 10 0.15878402
615 136 23 20 0.16259661
307 173 9 9 0.16851033
154 170 21 18 0.17418423
617 135 17 34 0.18164137
359 172 8 11 0.18204738
339 175 9 10 0.18413167
711 182 19 33 0.18754059
92 163 32 36 0.21437995
940 114 18 35 0.30146796
249 171 31 36 0.5328489
200 167 22 19 0.65128064
428 115 47 58 0.66674435
721 148 63 79 0.764754
845 136 20 32 0.77073807

