2_Demonstration_Protesters_2_54
187
372 150 10 13 0.010116784
978 53 7 9 0.010128514
654 143 13 13 0.010178128
396 69 13 17 0.010313604
406 275 32 15 0.010343107
372 157 9 15 0.01040802
1000 77 7 11 0.010425745
202 98 21 19 0.010509095
447 322 27 14 0.0105642965
950 83 8 11 0.010678856
249 25 8 7 0.0106820855
871 133 11 13 0.010729619
247 33 7 7 0.010752379
352 234 22 18 0.010802188
315 128 20 18 0.010871904
193 113 8 11 0.011393101
95 78 14 15 0.011398909
335 112 12 12 0.011413684
18 168 14 20 0.011560591
276 49 14 17 0.011567349
784 145 9 10 0.011630516
326 66 11 12 0.01167857
273 32 8 7 0.011711263
811 125 23 27 0.011776189
55 100 7 8 0.012569528
209 101 9 10 0.012625241
824 141 20 19 0.012901052
307 25 9 6 0.012934273
685 169 20 20 0.013362526
961 66 7 9 0.013407682
748 186 24 17 0.01375859
76 100 14 15 0.013896987
859 97 14 16 0.01393908
997 65 12 18 0.0143255
327 111 13 17 0.014732316
146 211 18 31 0.014773369
163 159 20 21 0.015045562
94 69 9 9 0.015083066
877 140 11 14 0.0152988825
478 138 13 19 0.015356053
191 109 13 19 0.015358642
947 79 13 20 0.015389456
327 64 14 16 0.015503728
250 143 21 20 0.015914463
135 79 7 7 0.016184602
335 68 13 12 0.016257636
308 32 10 7 0.016586667
781 141 14 19 0.017078137
523 132 21 20 0.017100452
231 163 21 20 0.017163295
55 81 8 8 0.017415194
538 143 20 21 0.017843874
86 57 12 16 0.017895702
0 381 8 29 0.018001799
449 321 33 12 0.018007211
553 135 17 31 0.018879708
262 94 8 11 0.01914073
0 378 10 45 0.019482864
983 63 6 9 0.01954488
393 272 30 15 0.019645147
370 148 13 19 0.020004299
361 153 21 27 0.020178195
651 109 19 26 0.020430118
295 90 11 14 0.020989878
590 101 14 15 0.021131124
879 131 10 12 0.022387374
623 128 10 13 0.022875814
179 67 7 8 0.0232431
388 67 14 17 0.024160646
390 68 10 11 0.024223654
718 183 9 10 0.024419341
574 114 21 17 0.024720972
817 138 20 20 0.024891008
588 107 20 19 0.025339944
870 141 13 13 0.025434198
785 153 50 49 0.025713682
150 80 7 8 0.027161779
202 107 21 20 0.02767813
553 98 22 19 0.027744064
231 51 8 8 0.027922943
814 112 11 13 0.027947824
571 124 22 20 0.028130727
50 69 7 9 0.028421802
664 113 21 19 0.028949542
274 67 9 10 0.029052446
561 174 13 22 0.029148124
603 113 22 18 0.029583719
102 98 9 9 0.030101012
1009 69 6 8 0.030592334
787 130 7 9 0.030934233
263 31 8 9 0.03104606
651 130 20 19 0.031902287
138 72 7 8 0.03280902
647 139 14 18 0.033055652
807 102 14 17 0.033191193
82 82 9 9 0.03341838
799 176 23 17 0.034537036
581 116 9 10 0.034948885
1012 34 7 9 0.03551595
808 104 10 11 0.035519004
271 25 10 7 0.0355442
305 135 18 31 0.036183003
607 126 22 19 0.036275025
594 111 10 10 0.03641287
610 116 10 10 0.03661108
852 106 13 17 0.038536396
862 100 9 10 0.038819324
264 66 8 10 0.03899409
22 216 25 21 0.039588243
277 79 9 13 0.041852817
545 93 13 17 0.04341435
407 262 33 34 0.044787154
258 84 7 10 0.044834238
778 172 22 18 0.045298725
0 390 10 28 0.045350157
329 108 21 19 0.045634642
71 102 9 9 0.04668655
659 113 10 13 0.047762886
948 61 9 10 0.048877858
620 126 14 18 0.050938938
66 84 9 8 0.053320266
457 161 22 19 0.05442393
442 133 17 29 0.055791307
683 163 19 30 0.05765338
754 181 11 11 0.059407398
433 132 21 20 0.059424542
748 179 22 16 0.059641592
391 78 13 14 0.05966572
853 98 13 17 0.060271412
807 111 11 13 0.064213134
946 51 13 16 0.06436745
263 25 8 8 0.06456313
853 109 10 11 0.06661978
549 64 11 13 0.06913467
652 132 18 30 0.06928754
140 169 20 21 0.07015278
276 77 12 19 0.07426401
78 103 10 9 0.07772815
359 79 15 16 0.08026716
370 154 13 20 0.08258438
307 141 21 21 0.08452114
818 102 10 10 0.091629
98 80 9 10 0.095104545
594 131 18 31 0.095486686
279 54 8 9 0.09601092
855 101 9 11 0.11003604
48 54 6 9 0.111690775
871 131 14 20 0.1128417
593 104 10 9 0.122247815
812 100 20 18 0.12667625
24 205 20 31 0.13466129
685 161 20 19 0.13567622
146 200 18 32 0.14312357
147 56 7 7 0.1450235
435 138 21 20 0.16225362
161 66 7 8 0.17757723
546 95 9 11 0.18242303
298 85 14 17 0.18564992
154 203 19 33 0.18924333
872 129 20 20 0.1893214
170 50 7 9 0.19651826
16 204 19 31 0.20458339
868 137 19 19 0.21958424
648 139 21 21 0.23302364
677 121 17 31 0.23649883
949 54 8 11 0.23683621
1000 68 7 10 0.25129795
657 111 14 18 0.2572069
311 143 22 21 0.2623857
605 134 18 30 0.28621575
226 157 19 30 0.3056443
174 49 7 9 0.3091818
599 141 22 22 0.33907345
86 56 10 12 0.34009808
170 160 20 22 0.34837252
148 65 7 8 0.35244298
14 163 22 21 0.35528323
524 138 20 23 0.37961042
808 107 20 21 0.40531
547 61 14 18 0.4156673
294 84 14 19 0.45433846
678 127 22 21 0.47980186
394 76 14 17 0.49999905
363 79 15 16 0.52190316
519 67 20 21 0.5778459
330 64 21 20 0.6499699
414 101 22 19 0.6949411

