2_Demonstration_Demonstrators_2_188
134
996 367 10 12 0.010086744
996 335 19 30 0.010120328
148 352 8 12 0.010430311
1003 376 20 20 0.010693647
1 360 10 27 0.010775643
930 367 11 11 0.010903639
928 383 12 12 0.0109985145
445 449 32 71 0.011268081
908 398 24 17 0.011555241
527 331 13 25 0.011620483
10 336 18 34 0.0117134
964 326 8 7 0.011872281
987 1054 37 122 0.011906728
390 345 30 16 0.011975008
1003 1039 13 41 0.012070514
767 373 36 70 0.012333672
979 381 12 11 0.012713691
101 356 20 27 0.012745735
650 367 24 18 0.013106892
830 290 20 30 0.013163195
946 324 7 7 0.013345387
892 363 23 19 0.013517829
1012 347 12 20 0.013557263
33 416 25 45 0.013714759
824 273 26 44 0.013734703
401 356 40 53 0.013818823
995 512 20 64 0.01388591
577 421 32 39 0.013900418
64 419 37 59 0.013963435
111 356 15 19 0.01400023
10 348 21 20 0.014340858
571 402 30 40 0.01458935
848 230 22 18 0.014672924
1005 389 15 39 0.014774909
94 487 45 57 0.014973479
932 324 7 7 0.015014826
866 349 13 20 0.015687788
59 437 41 59 0.01583911
415 378 36 63 0.01593031
967 408 22 21 0.016061375
571 437 45 57 0.016311962
355 358 32 35 0.016448507
116 438 50 89 0.01646962
310 271 27 40 0.016650122
999 1057 21 116 0.016928691
146 349 12 21 0.017257426
990 345 14 15 0.017340634
856 230 24 19 0.017481148
1 395 12 24 0.017743511
946 352 9 10 0.017848555
975 314 14 17 0.018177373
98 137 25 47 0.01826687
614 392 30 40 0.018684333
520 340 21 30 0.018952735
874 331 20 30 0.019387985
31 943 33 75 0.019491447
984 348 9 10 0.019993825
961 383 12 11 0.020088172
14 396 25 18 0.020833204
773 351 26 48 0.021187155
635 368 23 18 0.021393951
56 364 23 18 0.021715676
959 409 23 19 0.022229165
638 368 21 31 0.022851959
43 381 24 18 0.024806868
1014 350 9 11 0.025466213
961 352 9 8 0.025523521
833 416 31 71 0.026576577
860 225 17 30 0.026642215
980 371 11 11 0.027436914
387 354 34 36 0.027759308
979 487 41 124 0.028479738
989 364 22 19 0.02851538
984 379 24 18 0.029110534
914 332 10 9 0.029390931
90 458 57 85 0.029678475
931 337 8 7 0.029932495
905 321 22 17 0.030142574
572 416 39 57 0.030349016
896 334 10 11 0.030441169
1009 331 12 18 0.031013621
23 399 25 18 0.033570442
100 201 23 51 0.0338506
1009 366 11 12 0.033934243
931 391 19 34 0.034135625
995 515 26 96 0.035891723
541 403 30 39 0.03753005
923 392 23 18 0.03810314
979 317 8 10 0.04004427
992 336 14 16 0.04081885
923 364 22 18 0.04248315
805 1117 40 69 0.043205407
912 324 10 10 0.043367986
303 276 21 32 0.044726953
768 346 35 66 0.045847196
927 372 20 30 0.04626402
975 369 22 17 0.04646923
586 443 47 108 0.047381353
3 396 20 31 0.05119412
382 347 45 49 0.052770946
979 339 8 8 0.05702035
947 336 8 8 0.057777684
31 396 20 31 0.06269163
993 347 10 10 0.06315741
503 524 52 95 0.06416751
882 331 22 18 0.07018819
955 380 22 18 0.07222287
965 334 8 8 0.073944435
542 410 39 58 0.07960672
1011 334 9 11 0.082093336
994 339 10 10 0.089039564
888 330 21 19 0.09119579
975 376 22 19 0.091719516
962 396 25 43 0.09361592
922 380 22 19 0.09997759
971 368 21 28 0.11437577
989 501 28 87 0.1213061
1001 365 18 33 0.13083088
850 216 17 32 0.14302105
794 1104 61 86 0.15343812
854 224 24 20 0.16095124
858 218 18 31 0.16316493
1003 363 21 20 0.25003257
107 352 20 21 0.27918014
390 336 33 37 0.34197015
6 421 29 43 0.39881647
158 411 36 58 0.43481624
380 459 68 110 0.63488555
876 363 27 46 0.6947138
227 242 30 43 0.70801044
222 342 41 64 0.7161352
291 334 32 54 0.76903546
190 289 33 40 0.8040421
483 376 33 59 0.90681285

