2_Demonstration_Demonstrators_2_414
201
866 63 10 12 0.010017562
1006 26 14 40 0.0100930305
1003 44 21 51 0.010353773
304 31 8 8 0.010375331
724 64 9 10 0.010484292
384 60 10 9 0.01059311
236 75 23 17 0.010658714
191 65 10 8 0.010670578
1013 47 6 15 0.010893338
528 43 14 19 0.0109019
826 36 24 39 0.010973505
227 36 8 8 0.01116927
597 40 15 20 0.011216941
1001 60 8 14 0.011229186
588 31 22 18 0.011378872
736 20 20 20 0.011469235
871 18 8 12 0.01156912
740 45 13 19 0.0116527965
671 44 12 22 0.011895312
246 60 11 11 0.011948211
348 59 22 17 0.012090483
529 62 9 11 0.012147033
424 39 24 17 0.012267595
340 64 8 8 0.012287382
41 47 21 20 0.012348249
264 56 21 19 0.012488248
764 36 25 38 0.012501314
256 58 12 11 0.012504441
579 49 9 9 0.012759333
297 19 8 9 0.012885497
720 48 9 11 0.013040451
322 12 9 9 0.013125878
180 49 10 8 0.013208215
762 76 38 60 0.013384403
608 9 22 18 0.013479209
409 39 25 16 0.013496403
350 26 21 19 0.0135805905
900 58 8 13 0.013586649
160 61 21 19 0.013733573
264 36 7 8 0.013875101
493 29 13 23 0.014123323
110 69 22 18 0.014144978
381 43 23 16 0.014237355
602 32 24 17 0.014285686
772 87 19 33 0.014431607
293 0 20 26 0.014547449
446 44 22 18 0.0150273545
561 49 9 9 0.015256671
175 46 23 17 0.015304106
545 66 10 12 0.015565108
298 9 23 18 0.015572102
575 45 22 18 0.016018149
133 48 20 28 0.016257599
274 34 7 9 0.016343923
916 50 9 13 0.016437264
868 16 13 20 0.016625578
261 42 19 27 0.016820861
28 30 22 19 0.017105637
481 63 21 30 0.017155398
767 83 28 42 0.01772449
105 31 18 29 0.017747244
325 49 19 30 0.017827444
541 43 22 18 0.01793347
443 32 23 16 0.018148819
183 70 22 18 0.018537922
695 57 21 21 0.018625323
237 54 20 28 0.018975453
38 44 24 42 0.019132985
57 62 21 19 0.01931654
174 72 23 18 0.020035133
733 55 21 19 0.020277375
1013 21 9 26 0.02041498
246 34 7 8 0.020870667
401 36 16 17 0.021046212
478 37 22 20 0.02116561
7 92 32 80 0.021522315
243 48 8 9 0.021756765
474 61 23 20 0.021765826
1011 42 9 26 0.022032239
488 37 23 20 0.02233858
1008 0 11 16 0.022340877
221 42 21 19 0.022449298
452 35 9 9 0.023283808
713 44 21 19 0.023333855
356 33 8 9 0.023418069
829 50 13 23 0.024220334
676 40 18 30 0.024303615
231 46 8 10 0.024397949
238 46 20 19 0.02501169
717 60 21 19 0.02507258
183 61 24 17 0.025244571
869 25 8 15 0.025409194
527 59 13 19 0.025666593
432 32 11 9 0.026325488
338 34 7 7 0.026566114
841 108 27 44 0.026625417
291 43 9 10 0.026660819
319 41 14 21 0.026671346
526 25 17 31 0.026834305
423 34 9 9 0.027253548
81 69 21 20 0.027275516
384 32 9 9 0.0273085
0 40 10 30 0.027592905
751 42 20 21 0.028078914
463 40 21 18 0.02834827
938 51 17 38 0.02909958
370 64 8 8 0.029339602
899 54 12 20 0.029643923
369 36 8 10 0.029977942
739 59 10 9 0.030174311
362 31 21 19 0.030262884
129 41 22 20 0.030285057
77 61 18 31 0.031059097
172 57 20 29 0.0310599
843 108 23 21 0.031160323
1000 57 11 22 0.031363606
90 68 22 20 0.031927407
197 44 15 18 0.03231554
260 48 9 11 0.032600246
605 40 14 20 0.032857187
1014 60 7 15 0.033295713
544 56 19 29 0.033595774
103 24 22 20 0.0342072
340 49 7 8 0.034445666
712 36 18 33 0.035699062
355 63 8 8 0.036158916
429 30 21 25 0.036259774
930 46 32 68 0.037986923
410 63 24 17 0.03804631
285 39 20 19 0.038490977
292 33 8 9 0.038899805
275 46 8 11 0.039018627
527 0 21 17 0.039050493
272 43 13 19 0.03958499
908 53 17 32 0.03965923
1 51 10 28 0.041422173
1010 0 8 12 0.042168736
928 43 13 22 0.042434473
4 74 30 71 0.04375472
304 35 19 29 0.04488798
572 57 22 19 0.045116264
749 26 17 31 0.045272276
935 48 24 50 0.04550995
381 27 20 20 0.04845551
671 56 13 22 0.04986131
396 78 25 18 0.051354848
82 61 19 21 0.051764376
538 63 21 20 0.051842887
914 48 13 20 0.053546127
867 22 16 31 0.057920326
1006 51 15 38 0.060849056
254 52 20 27 0.06289196
842 97 19 34 0.064254515
539 68 21 20 0.06631562
800 54 21 20 0.0676545
863 52 17 33 0.06933189
17 41 20 23 0.06959922
386 49 9 8 0.06969515
174 58 23 19 0.070316695
953 39 19 22 0.07245524
737 15 20 19 0.074230194
7 82 22 52 0.07495693
773 49 17 33 0.07542355
104 62 22 20 0.07586373
710 53 19 32 0.08083763
365 40 15 16 0.081332475
359 48 8 7 0.089725874
817 39 17 33 0.09137524
8 47 17 35 0.09254436
481 29 22 21 0.101775035
830 47 17 33 0.102220304
815 52 21 22 0.10896352
413 30 23 19 0.11465428
594 37 19 30 0.1154135
254 47 20 20 0.12800795
1012 55 10 26 0.12836795
860 59 20 21 0.13492419
243 55 21 20 0.13690695
27 39 18 31 0.14037636
943 37 17 33 0.14300938
931 65 32 73 0.15914838
813 48 18 33 0.16720662
944 43 20 23 0.18220201
826 46 20 23 0.18707125
689 55 19 24 0.1896821
912 53 13 20 0.20096652
424 28 23 19 0.21649152
44 56 21 20 0.22809546
369 43 9 10 0.23347083
95 60 19 22 0.26445177
867 21 12 22 0.27480698
765 46 21 21 0.30464706
318 39 19 29 0.33128622
13 37 19 33 0.3661308
249 53 21 21 0.38942564
602 37 20 29 0.40367612
685 51 19 30 0.4954735
485 29 22 28 0.5297547
198 43 25 20 0.5806233
397 33 24 19 0.6324734
138 39 20 30 0.6404658

