2_Demonstration_Political_Rally_2_5
900
543 396 24 26 0.010307702
643 260 9 11 0.010310874
21 180 7 9 0.010318618
693 182 6 7 0.010324849
261 7 4 6 0.010328538
564 180 7 8 0.010332604
564 239 12 17 0.010372889
67 166 6 7 0.010378999
33 288 14 19 0.0104220705
791 235 8 9 0.010443149
580 183 7 8 0.010496592
377 85 6 7 0.010514456
579 55 6 6 0.010551325
672 345 22 27 0.010584298
138 471 19 38 0.010661973
323 247 21 28 0.010714072
531 71 5 6 0.010732935
635 321 24 17 0.010762609
502 70 5 6 0.010763025
945 290 8 10 0.010764559
405 104 5 8 0.010838327
102 166 5 6 0.0108420085
88 231 8 8 0.010842653
67 119 6 6 0.01086991
941 384 23 26 0.010882944
579 229 7 8 0.010893185
577 277 9 11 0.010911288
519 137 6 7 0.010942797
546 247 8 10 0.010946353
343 4 4 5 0.0109813325
581 343 13 18 0.011029355
423 7 4 6 0.011041309
32 256 19 28 0.011122737
532 41 5 6 0.011159626
59 295 15 18 0.01116201
488 39 5 6 0.01122682
565 6 5 6 0.01123595
20 134 6 8 0.0112467455
470 72 5 6 0.011318758
548 55 5 6 0.011341956
499 39 5 7 0.011358913
501 86 5 8 0.011364328
720 248 9 10 0.011415939
8 485 18 32 0.011435727
567 55 6 6 0.011488557
87 119 6 7 0.011519601
545 322 13 20 0.011530965
658 242 8 11 0.011535248
128 308 27 42 0.011541878
374 38 5 6 0.011600073
955 371 21 20 0.011607068
484 275 8 12 0.011707175
551 105 4 5 0.011732586
625 327 12 11 0.011773653
548 20 5 6 0.011774186
550 119 5 5 0.011882763
542 277 9 14 0.011894784
14 225 13 19 0.0119632175
617 370 25 18 0.012021881
275 200 8 9 0.012046003
599 56 4 6 0.0120660905
514 164 7 9 0.012094767
896 212 6 8 0.01211469
164 87 4 5 0.012155996
6 481 28 36 0.01223618
96 277 10 12 0.012366971
128 247 7 9 0.012403272
850 293 6 9 0.012447485
996 3 5 7 0.012460128
919 40 5 6 0.012463497
49 293 22 18 0.012535302
717 322 13 19 0.012590449
603 367 24 18 0.012632804
54 121 7 7 0.012674392
675 272 13 18 0.01276409
758 25 5 7 0.012838777
787 287 13 18 0.012839176
897 198 7 9 0.012882046
438 23 4 6 0.012932325
167 8 5 6 0.012953299
21 102 5 7 0.013046099
748 243 14 16 0.013174343
724 197 5 8 0.013181393
852 197 6 8 0.013236105
703 392 23 18 0.013243818
834 304 12 19 0.013283335
687 263 14 17 0.013292837
531 197 7 9 0.013367739
245 8 5 5 0.013388182
805 23 5 6 0.0134052355
806 339 13 19 0.01341102
392 20 5 6 0.013477699
461 365 20 29 0.013569845
689 216 8 9 0.013570202
681 4 6 9 0.013572034
719 335 14 20 0.013582795
128 319 21 21 0.0136443805
848 340 13 19 0.01366155
43 294 20 29 0.013666127
566 199 7 9 0.013735762
49 301 22 18 0.013754346
1012 2 5 8 0.013776032
998 72 6 6 0.013779636
230 9 4 6 0.013786272
451 53 5 6 0.013802392
544 261 9 12 0.013810865
532 214 7 8 0.013841422
613 40 5 5 0.013849463
512 418 25 16 0.013854708
864 373 29 38 0.013885002
1012 87 5 9 0.013994754
497 103 6 9 0.014187457
820 324 8 11 0.014188997
293 9 5 6 0.014237943
371 356 11 12 0.01424109
54 6 4 6 0.014259657
760 215 7 7 0.014290361
712 213 7 9 0.014314722
1013 103 5 9 0.01431969
87 102 5 6 0.01434077
677 39 5 6 0.014393161
84 166 5 7 0.014461697
768 213 7 9 0.01448717
453 39 5 5 0.014491113
677 293 11 13 0.014499708
799 233 8 9 0.014533619
484 201 6 9 0.014564794
1014 304 6 13 0.014625123
578 349 20 19 0.014689885
518 41 5 6 0.014740624
515 368 14 21 0.014766984
549 86 5 5 0.014834108
865 149 6 8 0.014845373
488 56 5 6 0.014858302
932 263 6 7 0.014906413
547 180 7 8 0.01491879
565 38 5 6 0.014935351
544 227 9 11 0.014997536
787 179 6 8 0.015053295
850 278 6 9 0.015068099
647 39 4 6 0.015081862
850 342 10 11 0.0150930155
358 23 4 5 0.015119775
499 55 5 7 0.015153633
532 55 4 6 0.015206547
5 116 5 10 0.015327657
993 435 25 47 0.015450527
702 233 10 10 0.015566239
790 24 5 6 0.0156069845
689 266 10 11 0.015619149
870 23 4 5 0.015673254
982 5 6 6 0.015688276
36 71 5 6 0.015688635
53 101 6 7 0.015736932
22 87 5 7 0.01575285
55 167 6 8 0.015770381
817 235 8 10 0.015774246
33 182 7 8 0.015966343
997 131 6 8 0.01600944
901 40 4 6 0.016027989
999 37 5 7 0.016127234
867 230 7 8 0.016168226
789 307 9 12 0.01626238
647 244 8 10 0.016328812
596 215 7 7 0.016343515
3 135 5 9 0.016350847
628 23 5 6 0.016355103
35 147 6 7 0.016355978
833 412 30 37 0.016534263
884 40 5 6 0.016618025
815 341 10 12 0.016658852
365 353 22 17 0.016684014
709 413 21 31 0.016717302
325 7 5 5 0.01673082
613 202 6 7 0.016744044
321 116 7 8 0.016845467
250 261 24 19 0.016861126
834 322 7 10 0.016892606
64 214 7 9 0.016911179
84 275 10 11 0.01699665
655 229 12 17 0.017004523
648 369 25 17 0.017019993
955 382 22 19 0.017082082
408 24 4 6 0.01708313
180 8 4 5 0.01708418
366 295 22 18 0.017090892
899 280 6 8 0.01712102
580 199 7 8 0.017183956
713 421 21 21 0.017217908
915 306 8 10 0.017227657
3 102 5 11 0.01726015
514 243 8 11 0.017263168
66 137 7 7 0.017269988
799 352 14 17 0.017280238
662 23 4 6 0.017303744
116 167 5 6 0.017323628
7 21 5 8 0.017404133
629 244 7 9 0.017411247
93 274 14 18 0.017480927
481 272 13 20 0.017560095
52 133 8 8 0.017605437
149 228 8 11 0.017676262
675 216 9 10 0.01780575
56 182 6 8 0.01789876
588 387 30 38 0.017997574
582 354 21 29 0.01800866
57 212 6 8 0.018073829
628 39 4 5 0.018286461
742 23 5 7 0.018294068
239 194 8 10 0.018382015
421 82 6 7 0.018388396
802 355 9 11 0.018445302
934 293 7 10 0.018573686
37 6 4 6 0.018620081
566 23 5 6 0.018641625
723 182 5 7 0.018670581
240 183 7 9 0.018681597
489 214 6 10 0.018706312
85 7 4 5 0.018765276
115 257 14 17 0.018834505
389 54 4 6 0.01885084
1012 37 6 9 0.018869117
996 86 5 6 0.01892831
214 7 4 6 0.01900208
434 72 6 6 0.019066308
852 150 6 7 0.019207481
782 387 22 20 0.019243535
585 22 6 6 0.01924976
597 232 8 7 0.01927473
556 213 13 17 0.019290466
20 72 5 7 0.019317081
311 9 4 6 0.019333655
627 214 7 7 0.019523019
256 239 13 17 0.019558089
669 245 13 17 0.019571837
980 171 9 9 0.019600904
997 55 5 5 0.019650074
946 260 7 7 0.019691264
647 21 4 6 0.019740146
884 332 14 17 0.019764557
933 42 5 6 0.019780643
0 220 8 25 0.019784804
1013 296 6 12 0.019879147
258 148 6 7 0.020094864
757 134 6 9 0.02019027
713 166 5 6 0.020200443
86 139 5 7 0.020229578
102 5 5 6 0.02023162
519 195 6 8 0.020342743
1012 69 5 8 0.020390606
947 249 7 7 0.020424189
929 166 7 10 0.020430874
913 228 7 8 0.020444887
777 151 6 9 0.020450842
559 356 20 19 0.020466402
931 277 6 8 0.020470735
952 39 5 6 0.020522995
422 23 4 6 0.02054071
885 295 6 8 0.020559505
696 244 9 11 0.020612704
722 214 6 8 0.020648891
484 70 5 6 0.020719344
1000 25 5 7 0.020745458
263 22 4 6 0.020764539
946 281 8 9 0.020805858
829 374 24 17 0.020840764
259 136 5 6 0.020882104
756 102 5 7 0.0209319
806 39 4 5 0.0209319
198 195 6 7 0.021006195
83 88 5 6 0.021097708
920 250 5 7 0.021206388
836 180 6 7 0.021257857
596 40 5 6 0.021389594
864 135 6 8 0.021411324
629 102 4 5 0.021486575
119 103 5 6 0.021633098
515 87 6 7 0.02164604
611 247 7 8 0.021714248
519 151 6 8 0.021785282
439 39 5 6 0.021817096
974 348 13 20 0.022015631
868 291 7 9 0.022019517
743 212 6 7 0.022027472
773 24 5 6 0.02208148
789 151 5 7 0.022088844
72 86 5 6 0.02210216
855 322 8 11 0.022116786
197 88 5 5 0.022155337
69 245 9 11 0.0222014
198 6 4 5 0.022253938
34 195 7 10 0.022272687
950 230 7 7 0.02229395
674 263 10 11 0.022300104
148 196 6 7 0.022365311
69 6 5 6 0.022456216
36 136 6 7 0.022577634
311 102 5 6 0.022841088
262 101 5 6 0.022858346
292 119 5 7 0.022862734
636 354 23 29 0.02286298
69 149 6 6 0.022872243
99 299 21 18 0.022912301
20 119 5 7 0.023010181
554 351 21 29 0.023075672
771 133 5 9 0.023103071
437 54 5 6 0.023256429
22 38 5 6 0.023269273
981 72 5 5 0.023296192
758 118 5 7 0.02335151
583 39 5 6 0.023397487
898 309 8 9 0.023404773
597 201 7 7 0.023428513
854 312 7 11 0.02347348
501 264 9 12 0.023495084
102 136 4 6 0.023498246
600 179 6 8 0.023571638
309 119 6 7 0.02363441
17 228 8 13 0.02363803
515 73 5 7 0.02369252
1009 116 7 9 0.023771679
197 70 4 4 0.023795571
580 214 6 9 0.02379629
904 139 6 8 0.023823287
856 247 6 9 0.02387359
4 87 5 9 0.024047107
754 266 11 9 0.024074098
565 120 5 5 0.024118235
565 104 5 5 0.024241807
747 418 24 20 0.02438566
776 179 7 9 0.024466392
671 259 14 17 0.024591947
916 137 5 8 0.024594761
839 297 7 10 0.024654672
673 300 21 18 0.0246922
853 261 6 8 0.024702739
601 357 24 17 0.024768887
965 54 5 6 0.024921289
134 197 5 7 0.024979942
867 262 6 9 0.024988238
919 261 6 7 0.025069786
534 135 5 6 0.025079323
67 103 6 6 0.025363306
619 337 24 18 0.025400758
582 120 5 5 0.025446702
565 242 10 11 0.025452318
915 277 6 8 0.025460865
675 166 5 6 0.025462374
181 230 33 36 0.02547618
693 40 5 6 0.025525818
54 245 8 11 0.025562879
118 137 4 5 0.025610588
638 339 24 17 0.025767382
263 87 5 6 0.026057476
704 244 10 11 0.026128437
909 321 12 18 0.026132526
24 54 5 6 0.026151441
580 87 4 5 0.026296575
549 135 5 6 0.026303107
325 24 4 5 0.026371302
358 38 5 6 0.026453694
787 303 13 19 0.026498204
118 120 5 5 0.026504355
53 71 5 6 0.026505893
630 181 7 7 0.026630528
246 137 6 6 0.026761927
967 178 9 11 0.026902054
536 276 12 20 0.02694185
889 214 6 8 0.026965413
100 89 4 6 0.026997937
901 261 6 7 0.027061386
342 70 5 6 0.027074596
406 69 4 6 0.027101861
52 89 5 6 0.027124595
818 276 6 9 0.027143713
642 180 6 8 0.027173221
275 117 5 7 0.027222538
870 39 4 5 0.027260287
532 245 9 10 0.027297087
150 119 4 5 0.027342806
769 260 9 9 0.027356094
612 104 4 6 0.027360506
255 259 20 29 0.027376425
559 216 9 11 0.027410544
539 275 13 19 0.027462078
230 22 4 6 0.027633872
342 23 5 6 0.027699599
869 280 6 8 0.027712587
819 178 7 7 0.02774762
982 130 6 8 0.02779939
99 120 5 6 0.027830126
755 88 5 6 0.0278329
673 226 9 11 0.027843338
593 20 5 7 0.02789056
515 54 5 6 0.027898103
34 86 5 7 0.0279306
245 118 5 6 0.028049376
421 54 5 6 0.028056359
583 165 6 7 0.028099181
406 39 4 6 0.028134076
98 260 9 10 0.028195929
743 38 5 6 0.02819681
263 40 5 5 0.028215436
324 39 4 5 0.028219713
719 268 14 17 0.028224094
57 228 8 11 0.028346615
1 270 10 26 0.028396202
695 230 9 11 0.028428605
518 184 6 8 0.028428953
601 69 5 6 0.028446006
183 104 4 5 0.028451385
776 398 23 20 0.02868803
946 382 19 21 0.028812435
864 322 8 11 0.028989132
552 214 9 12 0.029064821
614 56 4 5 0.029154757
499 260 13 18 0.029174909
214 70 4 5 0.029197037
536 230 9 10 0.029220073
533 182 6 9 0.029232591
738 151 7 10 0.029311126
671 247 10 11 0.029330384
443 117 24 47 0.029485684
150 88 5 5 0.029512947
119 25 5 5 0.029621346
182 194 7 7 0.029731378
166 167 5 5 0.02974253
773 118 5 7 0.02975999
647 105 5 5 0.02980896
750 247 11 10 0.029892404
97 246 8 9 0.029897582
966 87 4 5 0.029922375
358 55 5 6 0.030093463
598 104 4 5 0.030251117
294 23 4 5 0.030339709
807 279 7 9 0.030453023
812 338 14 19 0.0305311
791 241 8 10 0.030537097
864 311 8 11 0.030598912
979 41 6 7 0.030640962
872 358 22 19 0.030673068
612 230 6 7 0.030787598
646 227 8 9 0.030840453
310 23 4 5 0.030851003
387 88 5 7 0.030976461
87 187 6 7 0.030977039
582 105 5 5 0.031051673
338 87 7 7 0.031142494
1 224 6 15 0.03115085
151 38 4 5 0.03125847
691 270 14 17 0.03138835
565 87 5 5 0.03151018
21 24 4 6 0.03152957
322 103 6 8 0.031614438
184 22 4 5 0.031655192
132 38 5 5 0.031684205
150 24 4 5 0.03180903
117 198 6 6 0.031850416
157 500 18 17 0.031988125
827 383 24 19 0.032254774
84 71 4 6 0.03230975
902 55 4 5 0.032350227
119 87 4 5 0.03239619
982 86 5 5 0.03243914
647 316 22 26 0.032555696
390 40 5 6 0.032764368
354 71 6 7 0.032770813
230 71 4 5 0.03280507
129 214 6 8 0.03284722
650 320 23 18 0.0329003
898 292 7 9 0.032944705
840 198 6 8 0.033066146
87 147 5 6 0.03308153
341 40 4 5 0.0331797
710 185 6 7 0.033279993
550 152 5 7 0.033382148
743 134 6 8 0.03340358
740 87 5 6 0.033442236
836 308 8 11 0.033448797
886 278 6 9 0.03351347
421 40 5 6 0.03367655
131 25 5 6 0.033790458
584 350 23 19 0.033810716
360 340 24 17 0.033825565
134 120 4 5 0.03388153
246 55 5 5 0.03411902
930 248 7 8 0.034156904
805 88 4 5 0.034276057
99 101 4 6 0.03440993
166 24 4 5 0.03459929
861 352 22 19 0.034607112
805 71 4 5 0.03465776
884 327 14 17 0.034747623
581 135 5 6 0.03477717
117 261 10 10 0.034953475
837 278 7 10 0.035219397
294 39 4 5 0.035220888
280 23 4 6 0.035235208
341 55 5 6 0.035363536
619 324 23 17 0.03538232
564 134 5 6 0.03552918
846 352 19 30 0.035532534
789 39 4 5 0.035558604
505 163 6 10 0.035810813
774 102 5 6 0.036136787
135 56 4 5 0.036287747
887 247 6 6 0.036343943
134 166 5 5 0.036368057
661 40 4 6 0.036395397
35 54 5 6 0.036481403
775 70 5 6 0.036585882
100 71 5 6 0.036600888
1 210 7 12 0.03663401
662 71 4 6 0.036749195
793 387 23 20 0.036767825
598 151 6 6 0.0368373
709 41 4 6 0.036901787
597 119 5 5 0.03693321
965 72 4 6 0.037058398
739 119 6 7 0.037095364
742 248 10 11 0.03709629
950 72 4 5 0.03709911
38 24 5 6 0.037103966
103 187 5 7 0.03716185
916 165 6 10 0.03720098
151 105 5 6 0.037253365
181 68 5 5 0.037259318
995 103 6 7 0.037315108
230 38 5 5 0.037496425
868 88 5 5 0.037505295
612 23 5 6 0.037597075
295 102 5 6 0.037633177
916 56 4 5 0.037650157
276 40 4 5 0.03767042
958 162 8 12 0.03768196
914 297 8 10 0.037740126
727 385 23 19 0.037767634
974 342 13 18 0.037838366
540 403 25 17 0.03799995
324 72 5 6 0.038109284
102 295 23 18 0.038185928
261 57 4 6 0.03821139
597 88 5 5 0.03839966
323 84 5 6 0.038421128
726 151 6 8 0.03849703
261 119 5 6 0.038506743
797 387 22 29 0.038561452
197 24 4 5 0.038577173
164 120 4 6 0.038609162
310 39 4 5 0.03861777
984 104 6 6 0.038788233
245 24 4 6 0.038940873
789 289 9 11 0.03907591
627 167 6 6 0.03909281
1016 167 7 10 0.0391653
966 133 6 8 0.039191335
119 71 5 5 0.03926957
912 145 7 10 0.039287366
135 104 4 5 0.03932451
532 166 6 7 0.039462417
294 87 5 6 0.03959335
166 39 4 5 0.039685354
309 55 5 5 0.039705765
709 150 5 7 0.03971853
404 86 5 7 0.03989282
244 150 6 6 0.039926246
788 71 5 5 0.04014575
724 118 5 6 0.040160324
739 227 7 9 0.040196016
166 69 5 5 0.040257327
595 166 6 6 0.04027475
405 56 5 6 0.04030389
420 73 6 7 0.040345624
630 352 26 17 0.040353656
357 87 6 8 0.040436048
627 294 10 12 0.040496394
647 335 25 17 0.04058674
885 329 11 12 0.04063659
903 232 6 8 0.04064385
721 386 22 19 0.040733907
117 183 6 7 0.040801734
645 56 4 6 0.040842745
68 197 7 8 0.04093414
326 56 5 6 0.041036822
87 245 9 10 0.04107327
933 149 6 10 0.04108189
885 169 6 8 0.041118518
743 103 5 6 0.04112386
625 291 13 18 0.041237023
694 54 4 6 0.041356616
965 103 5 6 0.04136491
624 351 24 18 0.0413729
498 227 8 10 0.041577466
720 264 14 16 0.041691676
613 212 6 7 0.04200211
630 57 4 6 0.042012867
501 197 6 9 0.042066224
935 56 4 5 0.04208099
677 73 4 6 0.04218018
904 146 7 10 0.042463623
774 38 4 6 0.0425864
774 89 5 6 0.042612858
790 87 4 5 0.042622365
660 106 5 5 0.04262939
979 53 5 7 0.04282262
661 53 5 5 0.0428668
310 71 4 5 0.042879585
883 54 5 6 0.042891543
473 371 22 19 0.042987477
822 69 4 6 0.043105964
995 180 8 9 0.04320297
229 180 6 7 0.04322248
133 88 5 5 0.043224726
855 40 4 5 0.043331064
944 219 8 9 0.043402303
547 167 6 7 0.043402527
804 263 7 9 0.04341671
99 230 7 7 0.04389592
883 262 6 7 0.043909304
310 87 5 6 0.0439174
119 39 4 4 0.043985523
615 86 4 5 0.044116907
949 119 5 6 0.044124145
132 137 4 5 0.044156477
100 56 5 5 0.044166822
229 103 5 5 0.044175338
214 22 4 5 0.04427013
89 193 6 9 0.04443193
198 105 4 5 0.04447285
631 121 5 5 0.044501055
757 39 5 5 0.044512197
562 153 6 7 0.044634853
99 25 5 5 0.044750065
920 179 7 10 0.044793785
69 185 6 8 0.04501664
693 118 5 6 0.045311432
929 232 7 9 0.04535654
614 121 4 5 0.0454048
150 184 5 6 0.0454143
244 40 4 5 0.0454908
856 183 7 8 0.04553925
134 151 4 5 0.045634348
165 135 4 5 0.04583822
181 138 5 5 0.045885663
88 25 4 6 0.045910053
246 70 4 5 0.045943756
98 195 6 7 0.046005003
161 106 5 5 0.046194006
693 134 6 6 0.04621834
563 165 7 7 0.046364345
820 263 7 9 0.046425406
72 71 4 5 0.046475805
901 166 7 10 0.046539232
837 149 6 7 0.046610653
835 120 5 5 0.046686973
662 118 4 5 0.04684017
919 88 4 5 0.047004662
390 70 5 6 0.047096033
949 55 5 6 0.047442723
198 39 4 5 0.047444206
961 39 5 7 0.047451053
56 300 23 18 0.047456235
819 148 5 7 0.047686484
182 90 5 5 0.047707267
645 119 5 5 0.047731128
227 136 5 6 0.047867995
214 119 4 5 0.047885213
871 359 20 32 0.047923803
148 167 5 5 0.04793426
197 136 4 5 0.04806735
213 103 4 5 0.0481561
929 357 20 21 0.04823985
228 150 6 6 0.04833122
823 86 4 5 0.048378687
119 55 5 6 0.048513863
613 71 4 5 0.04854124
54 53 5 6 0.048586372
500 214 8 9 0.048726533
244 104 5 6 0.04877224
277 98 5 6 0.04890521
293 55 5 6 0.04895386
901 248 6 8 0.049268294
100 37 5 6 0.049344536
149 68 4 5 0.049372267
613 135 4 5 0.049475264
534 152 6 7 0.049508538
677 56 5 6 0.04973821
808 148 5 8 0.049844626
902 87 4 5 0.05005873
30 482 27 35 0.050144862
101 215 6 7 0.050199095
676 119 4 6 0.0502495
214 183 6 6 0.050253734
835 134 6 6 0.050392877
165 151 5 5 0.05077374
949 134 6 8 0.05081419
884 309 8 10 0.050880685
102 147 5 7 0.050886925
893 325 14 17 0.050907195
214 40 4 5 0.050939135
726 54 5 5 0.051000293
117 232 6 8 0.051016014
166 55 4 5 0.051319618
679 291 21 20 0.051454872
883 234 6 8 0.05162116
278 57 5 5 0.051692534
618 347 29 38 0.05172687
227 120 5 6 0.051735982
933 72 4 6 0.05175119
792 104 4 6 0.05179573
736 381 20 31 0.05186687
724 40 5 6 0.051901553
164 183 6 6 0.052134562
116 246 7 8 0.052257825
949 148 7 10 0.052281357
663 151 5 6 0.05230713
854 118 5 6 0.052355938
870 57 4 5 0.052745175
261 69 5 5 0.05283486
948 103 5 6 0.052890956
182 183 6 6 0.05311637
835 260 7 10 0.053182717
678 136 4 5 0.053381927
902 72 4 5 0.05339964
710 54 4 5 0.053582277
34 257 14 19 0.053734697
56 39 4 5 0.05383604
865 166 7 9 0.053841896
512 364 21 29 0.05386111
150 153 5 5 0.053875618
212 90 4 5 0.054275665
930 136 6 9 0.054359384
753 228 8 9 0.054476473
677 151 6 6 0.05460531
774 165 7 10 0.05463185
279 73 5 6 0.054657873
118 215 6 7 0.054770667
855 86 5 5 0.054952707
643 153 5 6 0.054976124
711 118 5 6 0.05508546
214 167 5 6 0.055133708
198 168 5 5 0.055141214
724 88 5 6 0.055143557
692 151 5 6 0.055191737
0 298 8 25 0.055347238
789 118 5 6 0.055437658
645 74 5 5 0.055712886
182 57 4 4 0.055842757
933 87 4 5 0.05589198
180 167 5 6 0.056047004
806 102 4 6 0.056057803
855 57 5 5 0.05629477
724 134 5 8 0.056419183
869 116 6 6 0.05643247
741 56 5 5 0.05645836
691 168 6 6 0.056534275
35 39 5 6 0.056796208
68 23 4 5 0.056862764
710 104 4 6 0.056969978
886 73 4 5 0.057069577
197 152 5 5 0.057088412
804 176 7 9 0.05710249
803 165 5 9 0.05722162
660 86 5 6 0.057351112
756 71 5 6 0.05742638
818 168 6 9 0.058048002
918 72 4 6 0.058059003
56 25 4 6 0.05863486
63 227 8 10 0.0586979
150 57 4 5 0.058768842
626 232 7 9 0.059077807
677 103 5 6 0.059259206
651 310 23 18 0.05930254
744 383 22 20 0.05941527
132 70 4 6 0.059488002
346 300 22 19 0.05948849
198 55 4 5 0.059561267
630 72 4 5 0.0596997
897 327 9 11 0.059781563
835 168 7 8 0.060160495
712 69 4 6 0.06020002
792 163 6 10 0.060530465
740 70 5 5 0.06057533
182 39 4 5 0.06090569
646 165 5 6 0.061213087
950 87 4 6 0.061238725
723 69 5 6 0.061492875
214 135 5 5 0.062372237
227 170 6 7 0.06286413
133 185 5 7 0.06305263
870 71 4 5 0.063124165
115 149 5 6 0.06323443
630 151 6 6 0.063357666
693 87 5 6 0.06349668
856 136 7 7 0.06365407
657 231 9 11 0.063678496
598 136 5 6 0.0638754
133 456 25 48 0.064027555
693 104 4 5 0.06403633
821 135 6 6 0.06404135
291 72 5 6 0.06433051
930 177 8 12 0.064762875
180 120 5 5 0.06504443
1010 180 7 9 0.0651479
840 56 4 5 0.06526789
780 392 22 31 0.0654413
5 186 6 9 0.0660436
726 104 5 6 0.0664183
1000 119 7 7 0.06725084
645 136 4 5 0.06735277
774 54 5 5 0.067417525
911 322 9 13 0.067456424
661 137 4 5 0.0676339
677 291 14 19 0.06766945
151 488 24 29 0.067672275
982 121 6 6 0.06770014
228 89 4 6 0.06775366
792 137 6 7 0.067918174
885 87 4 5 0.06798042
836 88 5 5 0.06831089
837 103 5 6 0.0684848
884 180 6 9 0.06917405
959 149 7 11 0.06918992
85 39 5 6 0.06930299
150 136 4 6 0.06932344
632 84 4 6 0.06947015
598 389 29 39 0.06952915
683 390 30 41 0.06962531
866 246 7 9 0.07001553
212 153 5 5 0.07012067
693 72 4 6 0.0704893
805 55 5 5 0.07065384
823 120 5 6 0.07080961
856 72 4 5 0.07088385
197 121 4 5 0.07095126
963 120 5 7 0.07110693
631 137 5 6 0.071372144
789 262 8 9 0.07166419
804 138 5 7 0.07180011
901 178 6 9 0.071868315
846 351 22 19 0.072114155
196 181 6 6 0.07243278
215 195 7 8 0.072822854
918 102 4 6 0.07285034
792 56 5 6 0.07325627
918 117 5 7 0.073310025
836 72 5 5 0.073638834
517 213 7 9 0.07423121
706 133 6 8 0.075201534
901 117 5 7 0.07538955
230 56 4 6 0.07543555
822 105 5 5 0.07546036
361 290 19 30 0.075849324
708 89 5 5 0.0768101
643 84 5 6 0.07737794
613 150 5 6 0.07755671
616 167 6 7 0.077827305
758 52 4 5 0.07793502
676 84 4 5 0.0779852
934 118 5 7 0.07799319
978 177 9 10 0.07856231
853 102 5 6 0.07857317
69 54 5 5 0.07941799
180 149 5 5 0.079512015
933 103 5 6 0.07957727
211 53 4 6 0.07961583
805 119 5 6 0.08061282
69 39 4 5 0.08113982
82 52 5 6 0.08156161
902 102 5 6 0.08249583
723 165 5 8 0.083815604
739 162 7 11 0.08471183
950 169 9 13 0.08529279
861 449 34 39 0.085540235
245 88 5 6 0.08662711
949 173 8 12 0.08702683
817 242 7 11 0.08741697
854 229 7 10 0.08932838
875 366 23 20 0.09080129
869 103 5 6 0.091548264
837 246 8 10 0.09352355
243 166 7 10 0.09400488
696 388 30 37 0.09404954
994 168 8 10 0.09509618
822 58 5 6 0.095696375
885 103 5 6 0.09609206
663 164 6 8 0.09687932
643 218 8 10 0.09733768
886 120 6 7 0.10138645
580 153 6 6 0.108199865
757 162 6 12 0.11389024
277 88 5 7 0.11478423
669 338 24 18 0.12931372
865 183 7 9 0.13203728
231 194 8 11 0.13783498
745 407 28 38 0.14571764
824 377 28 38 0.14737698
362 302 23 18 0.16526224
131 462 34 55 0.17134218
323 236 23 31 0.28376383

