2_Demonstration_Demonstration_Or_Protest_2_915
79
127 282 8 11 0.010030446
723 235 9 12 0.010052326
308 282 10 9 0.010122511
976 95 37 151 0.010126247
4 177 21 55 0.010173907
301 263 13 18 0.010431384
81 211 22 19 0.010676182
263 258 17 28 0.011178368
116 294 9 11 0.011457957
799 233 10 13 0.011826209
771 220 11 12 0.012125526
187 248 20 20 0.012234434
287 279 13 18 0.012507597
367 259 13 18 0.012569729
362 250 17 30 0.012623089
114 291 13 20 0.012653501
328 257 19 31 0.013174559
241 264 8 12 0.013598565
977 57 41 131 0.013636803
170 248 19 22 0.013910023
119 284 8 10 0.014247966
53 332 28 14 0.014385257
167 247 12 24 0.014739017
256 307 13 19 0.014760131
289 281 9 10 0.014883576
365 231 12 19 0.015162694
45 337 29 14 0.01524497
237 274 13 18 0.015826516
770 217 13 18 0.01612134
238 261 13 19 0.016796416
797 232 13 18 0.017013358
69 283 9 9 0.017226188
24 332 43 55 0.017373515
194 258 15 33 0.017682092
267 311 18 31 0.01776688
367 234 9 12 0.018908383
229 269 8 11 0.020243708
187 262 19 23 0.02116139
323 282 10 10 0.021259563
53 337 29 15 0.02236656
339 281 9 11 0.024643982
424 365 151 165 0.025885941
370 262 9 10 0.02632212
742 212 12 19 0.0272168
272 274 9 13 0.029071435
303 287 14 21 0.030154033
359 263 9 10 0.030287482
225 266 13 19 0.030891184
290 290 21 19 0.031162756
49 281 8 10 0.03750354
264 273 17 29 0.038102232
326 260 14 18 0.04106099
263 274 9 12 0.043881487
353 279 17 32 0.044455834
240 277 9 11 0.044892598
332 261 14 16 0.046324123
305 267 8 10 0.046568062
269 267 10 13 0.046593804
302 280 21 20 0.050011285
332 277 21 19 0.053924743
349 288 22 19 0.05397507
348 280 21 19 0.057326738
269 270 13 19 0.063091226
328 263 9 11 0.0665389
168 252 12 26 0.06820317
198 272 15 20 0.07381527
335 263 10 11 0.07412941
264 266 10 14 0.07657825
262 270 13 19 0.07772085
169 254 17 31 0.08559758
317 278 21 20 0.08973585
331 270 18 31 0.10784491
230 276 9 12 0.11462613
459 354 159 186 0.15182199
226 272 14 19 0.24674113
267 265 13 18 0.2687471
199 273 22 21 0.42273313
300 280 19 30 0.47186476
416 331 236 232 0.76499754

