2_Demonstration_Protesters_2_561
224
239 232 14 17 0.010120256
0 426 8 31 0.010196837
464 354 13 18 0.010225885
934 621 13 22 0.01041447
810 495 15 18 0.010463496
514 310 14 18 0.01052338
110 247 13 19 0.01053012
165 219 11 11 0.010646045
141 275 20 20 0.010739904
872 277 11 20 0.010789565
171 397 22 18 0.010835633
180 357 21 17 0.011018085
559 355 12 19 0.01109546
335 303 12 21 0.011106699
407 304 12 20 0.011146295
175 219 11 11 0.011339005
260 236 13 12 0.01143286
515 353 13 19 0.011458924
876 290 12 19 0.011773704
700 407 14 18 0.011903339
388 336 13 20 0.01190463
993 446 19 32 0.01201718
165 272 13 19 0.0122003155
181 311 13 13 0.012400767
975 99 24 46 0.012467747
768 513 19 30 0.012591213
239 218 11 12 0.0127753485
664 496 13 18 0.012776305
132 308 20 19 0.012864038
484 133 22 16 0.012939784
915 469 13 18 0.012975638
22 297 14 18 0.013203829
748 445 21 19 0.013298041
903 324 11 21 0.013395066
173 272 13 19 0.013633488
396 250 12 18 0.013912313
384 277 13 19 0.014333365
871 292 12 19 0.014638349
493 129 16 29 0.014730122
994 455 13 24 0.014892674
956 484 13 20 0.014983976
285 314 19 20 0.015292719
0 416 8 31 0.01560037
923 456 21 19 0.015764624
286 398 13 19 0.015767977
573 410 21 19 0.015885938
510 272 12 20 0.016077036
531 446 12 22 0.016119767
103 293 21 20 0.016133644
324 95 13 19 0.016545873
255 211 13 17 0.016634148
823 420 13 20 0.016651005
443 285 14 20 0.016677156
78 208 12 20 0.01681074
617 422 21 19 0.0170917
904 512 19 29 0.017150832
774 527 22 20 0.017190907
227 293 13 19 0.017200505
933 239 9 17 0.017330756
732 407 13 18 0.01736567
824 431 13 18 0.01791216
746 237 20 18 0.017945122
865 601 13 20 0.018111873
642 381 15 20 0.018856388
481 297 13 21 0.019008653
320 305 13 21 0.01905249
529 435 12 22 0.019303685
853 352 19 21 0.019435663
530 126 16 29 0.01960457
936 481 22 20 0.020085026
226 341 14 20 0.020149866
752 388 13 19 0.020495443
584 387 21 19 0.020650048
391 256 13 19 0.021387897
47 311 21 19 0.021615887
545 130 16 29 0.022292327
524 482 12 18 0.022688376
828 431 13 19 0.0227644
10 249 20 20 0.02309349
300 259 14 18 0.0231225
388 324 13 20 0.023280505
102 425 14 20 0.023285743
827 425 14 19 0.023515098
325 384 12 18 0.023678662
27 303 20 20 0.023834629
423 368 13 21 0.024003949
263 232 22 18 0.024926364
307 478 12 21 0.025166139
294 258 13 18 0.025466515
397 325 13 19 0.026010917
287 392 13 20 0.02611479
72 260 13 20 0.027073026
119 357 14 20 0.02709917
804 490 15 19 0.027489664
222 128 12 20 0.027915528
764 519 20 21 0.027989924
101 290 14 20 0.028708333
700 417 13 19 0.029056668
439 285 13 21 0.029877972
893 259 12 19 0.0302152
99 217 13 19 0.031623825
681 429 22 19 0.031943105
122 356 14 19 0.03241419
818 403 13 19 0.032767784
578 385 20 20 0.03298768
219 259 14 18 0.0341899
992 460 18 24 0.03491249
444 142 20 19 0.035548043
614 422 13 19 0.035781186
778 225 15 18 0.035839103
81 270 13 19 0.036060322
834 398 14 21 0.03608834
848 409 14 20 0.0361005
834 392 14 20 0.03645271
838 450 14 20 0.036916357
956 533 13 22 0.037493553
321 374 13 20 0.037731227
769 525 20 22 0.03816327
854 530 26 17 0.038382027
0 331 10 28 0.038478784
215 258 13 18 0.03958284
929 479 20 21 0.041655835
925 468 21 19 0.041957542
871 640 14 20 0.04218836
56 309 20 20 0.042747516
686 424 21 20 0.04511748
968 61 8 10 0.04754012
840 454 20 21 0.04811017
896 660 20 20 0.048397522
749 406 13 18 0.048879165
373 257 12 19 0.050203174
24 298 20 19 0.051397167
93 312 21 20 0.051700868
210 442 14 17 0.051775698
867 605 13 20 0.05287138
212 447 13 18 0.053364042
434 434 13 21 0.053424243
644 469 19 20 0.054941576
790 454 15 20 0.05819844
880 259 12 18 0.058256254
91 318 21 20 0.06024544
646 422 22 20 0.061385978
237 371 14 19 0.06273609
849 531 22 19 0.0628232
17 324 19 23 0.06421926
643 420 20 20 0.066499345
871 642 21 20 0.06901571
851 414 13 18 0.06989229
647 471 21 20 0.07238685
858 312 19 21 0.0735548
103 428 19 21 0.073635355
902 521 24 18 0.07459428
951 653 21 21 0.07508039
206 226 13 17 0.07548187
735 513 20 21 0.07724065
39 409 20 21 0.08004281
876 466 12 18 0.08204767
856 355 20 21 0.08204977
583 457 23 19 0.08444511
735 369 13 18 0.0849489
97 222 12 20 0.08520472
600 495 21 19 0.08542393
536 133 21 21 0.08705835
622 438 22 19 0.08853294
898 519 21 18 0.08879428
481 302 14 22 0.089310534
76 264 14 20 0.08951278
543 493 21 19 0.09243622
288 318 14 19 0.09386517
781 410 20 20 0.094253734
177 309 20 19 0.09840857
234 289 20 21 0.1007315
216 324 12 20 0.1020037
882 260 8 14 0.10214815
802 493 21 19 0.10262102
938 503 21 21 0.103474185
115 198 13 19 0.105296984
323 84 13 19 0.10773222
396 257 13 19 0.10983543
257 234 21 18 0.10985438
442 460 21 20 0.11444066
307 403 13 19 0.118533686
767 388 15 19 0.12088195
381 400 13 20 0.122496024
546 304 20 20 0.12456885
425 368 20 21 0.12548432
888 188 13 24 0.12664896
496 481 19 21 0.13221592
252 387 21 19 0.13714436
552 138 21 20 0.14064379
24 376 22 20 0.14505589
888 192 19 22 0.15244544
532 130 19 21 0.15327345
725 409 14 18 0.15726365
710 236 18 21 0.15811975
748 233 15 19 0.15903114
791 456 21 20 0.1683194
665 496 21 20 0.16981508
464 377 13 21 0.17074503
754 440 14 19 0.1714521
770 226 21 19 0.17955703
135 311 23 20 0.17963006
184 358 22 19 0.1842499
103 383 21 22 0.1961524
129 213 21 19 0.21228555
442 135 21 20 0.21528943
640 375 19 21 0.21552888
576 415 20 20 0.21755159
298 337 21 20 0.22649935
340 446 15 18 0.23234157
717 468 20 20 0.23543084
499 321 19 20 0.23738144
488 134 22 20 0.25961643
288 436 19 20 0.26255247
13 256 20 21 0.26447973
864 495 19 21 0.28528786
643 220 18 22 0.29596964
288 90 14 20 0.31286058
398 129 19 20 0.31613427
176 391 20 20 0.33021712
159 421 19 20 0.36956167
811 261 21 20 0.38251048
198 82 22 20 0.39449537
930 233 12 20 0.39468396

