2_Demonstration_Protesters_2_221
222
599 2 25 15 0.010185621
378 4 23 16 0.010199726
517 462 53 108 0.010254882
122 1 26 16 0.010305888
408 0 28 14 0.010335794
719 200 52 51 0.010396789
900 37 22 33 0.010528257
97 227 35 73 0.010551231
1009 209 12 56 0.010571092
546 0 13 16 0.010576894
307 331 48 88 0.010604355
465 5 15 10 0.010743107
313 13 22 20 0.010783942
52 2 11 11 0.011084886
498 20 13 10 0.0111187305
385 178 35 69 0.011263042
672 9 23 19 0.011398511
417 44 23 20 0.0114885885
183 50 41 54 0.011526025
388 137 52 74 0.0118032675
698 109 29 45 0.0118364785
732 5 25 17 0.011857009
256 326 41 67 0.011973321
415 2 16 8 0.012010275
655 96 22 20 0.01206413
231 260 36 70 0.012074785
606 5 23 26 0.012140734
860 68 23 18 0.012246189
428 16 25 15 0.012391871
839 66 29 38 0.012476491
355 0 13 11 0.012489399
923 307 40 73 0.0125184255
731 5 23 28 0.012557396
255 30 23 28 0.012688141
609 31 23 29 0.012760004
575 13 22 18 0.012941226
410 233 33 75 0.012963991
479 2 13 10 0.013133892
559 0 12 11 0.013225585
177 13 38 55 0.0134682255
417 31 24 18 0.013558016
237 2 14 17 0.013805228
3 0 10 21 0.0139860455
306 135 37 58 0.014000795
234 29 22 29 0.014013631
796 334 39 73 0.01405941
448 2 16 9 0.014189898
61 4 20 31 0.014835008
595 215 52 50 0.0149369575
190 402 52 98 0.015100588
158 303 34 70 0.015162581
977 200 43 100 0.015171127
997 217 25 97 0.015171612
506 57 27 41 0.015353521
511 31 24 17 0.0153858
191 331 49 95 0.015387996
437 27 27 17 0.015656702
681 2 22 27 0.015908504
670 64 24 19 0.015919922
4 212 26 102 0.015990911
512 2 11 10 0.01601832
671 293 31 75 0.016183501
526 0 22 17 0.016221778
220 0 22 16 0.016226467
1 116 15 47 0.01622968
241 266 40 70 0.01646017
34 10 20 22 0.016531844
81 335 47 107 0.016621197
84 437 55 102 0.016722877
3 445 42 125 0.016784616
301 338 41 67 0.016789984
1 21 9 38 0.016860731
427 2 25 15 0.016974868
459 12 26 16 0.016995067
482 142 31 41 0.017080506
443 30 23 28 0.017144468
318 79 33 61 0.017257862
403 204 36 71 0.01737845
138 256 49 91 0.017994735
254 292 50 82 0.018103462
845 80 22 19 0.018137386
418 265 30 85 0.01826719
532 2 12 11 0.018275367
397 0 22 16 0.018382205
61 51 28 41 0.018482573
104 24 21 29 0.018503051
51 1 13 18 0.018551681
365 16 23 18 0.01861005
519 31 24 17 0.01902633
119 10 33 57 0.019083671
246 483 53 93 0.019412307
510 17 23 17 0.019452771
46 11 14 20 0.01952007
957 78 22 22 0.019681187
471 0 25 15 0.0197103
432 4 14 10 0.019814843
907 283 49 106 0.02005795
322 8 20 36 0.020278294
488 34 21 29 0.020473193
386 15 15 11 0.020474277
684 3 27 16 0.020518031
492 18 24 16 0.020824034
610 65 29 41 0.021110466
548 2 10 10 0.021297244
187 88 37 57 0.021357374
998 166 21 62 0.021655222
389 196 35 72 0.022477552
186 328 43 61 0.023172881
454 6 22 27 0.02357744
496 2 12 10 0.023610609
65 142 31 76 0.024027053
832 130 38 63 0.02425477
64 31 21 30 0.024366576
1002 49 22 51 0.0248669
736 147 33 66 0.024925968
68 357 32 80 0.025429193
0 8 9 34 0.025590267
359 29 20 32 0.025683723
170 20 20 32 0.025842458
416 44 32 60 0.026075477
252 4 23 17 0.026177004
521 16 24 18 0.02630754
315 244 32 67 0.027078094
182 19 29 39 0.027397472
411 17 25 15 0.027423097
153 132 40 61 0.027436413
117 442 55 98 0.027632533
181 132 49 58 0.027781548
554 44 22 19 0.028619828
887 42 40 54 0.028863065
180 14 14 23 0.029744053
76 162 31 75 0.029795974
40 26 21 30 0.030214895
809 86 27 42 0.030331684
118 400 49 114 0.030384792
62 0 13 18 0.030566659
695 2 26 17 0.030848796
230 0 21 28 0.030948134
602 543 23 21 0.031218605
487 30 25 17 0.0315169
6 9 18 33 0.031628214
814 90 22 20 0.032121483
423 50 26 45 0.034105938
99 189 31 81 0.034330122
402 1 12 11 0.035900164
89 399 53 112 0.035972703
233 15 23 18 0.036177583
1004 35 17 34 0.03661922
598 77 38 57 0.036880832
151 54 29 39 0.038328897
253 29 24 18 0.039300825
677 80 36 59 0.041892603
990 2 22 20 0.042189755
761 126 26 45 0.043642275
84 331 29 82 0.045305774
0 331 23 86 0.045690566
860 60 30 39 0.047204614
868 213 40 60 0.049062036
203 125 52 79 0.049493484
998 193 24 89 0.049904495
478 31 24 17 0.05477153
187 9 21 31 0.05965237
247 68 29 44 0.06189025
443 0 26 15 0.06241471
892 30 37 54 0.0641801
42 3 20 31 0.06536564
457 74 33 61 0.06659939
592 0 14 17 0.067329876
458 3 27 16 0.06834882
862 73 22 20 0.068422474
602 16 23 19 0.06896217
230 76 38 55 0.070627645
908 111 31 42 0.07096696
482 119 33 60 0.07712387
994 0 20 28 0.08186012
440 19 26 16 0.08462124
957 69 28 40 0.09047327
125 229 48 89 0.092344336
219 69 30 40 0.09246606
236 511 66 65 0.10266518
439 62 28 40 0.10772869
715 56 28 39 0.110587314
343 110 28 46 0.11209288
143 238 39 79 0.11476006
650 92 27 42 0.114862576
512 38 21 30 0.115991615
425 33 25 18 0.116265215
541 60 35 58 0.12473774
715 4 23 29 0.13702829
426 35 21 31 0.16223848
0 87 21 57 0.16421525
382 12 22 18 0.1711838
296 124 32 59 0.18067577
198 116 37 66 0.18200684
729 55 29 38 0.19827235
467 89 31 40 0.20240463
407 119 34 75 0.21687669
238 71 40 55 0.22706206
856 169 37 58 0.24068749
176 9 19 35 0.24716747
690 91 36 57 0.25349152
212 110 51 81 0.26958153
123 6 26 44 0.2748438
312 14 30 41 0.28277892
570 142 48 69 0.2833133
415 285 31 95 0.285884
9 196 34 88 0.29426447
911 102 37 60 0.2957218
675 58 27 42 0.29605055
0 99 25 74 0.30202344
116 91 38 58 0.3054275
743 174 40 74 0.31847048
514 200 58 83 0.3232554
134 56 32 37 0.35259172
87 169 30 77 0.36889112
715 366 35 90 0.39853385
288 335 40 74 0.40995455
386 50 33 58 0.42183462
10 22 20 32 0.4632508
992 149 31 67 0.47878674
831 118 33 61 0.55387527
922 173 33 72 0.6511766

