2_Demonstration_Political_Rally_2_816
50
723 439 32 14 0.010421573
683 434 19 33 0.010656336
849 488 36 66 0.0112837115
788 424 30 15 0.011300859
916 463 60 84 0.011937037
690 150 50 101 0.0122891525
87 522 46 63 0.013279534
213 440 66 79 0.014300595
565 69 52 109 0.015249567
939 445 28 43 0.016751489
81 471 54 100 0.017125234
454 89 30 15 0.021882685
901 495 29 43 0.023341462
834 507 33 74 0.023506077
137 390 58 85 0.023667999
827 564 52 91 0.02396585
195 392 104 110 0.024883624
601 129 42 65 0.026694678
937 458 30 43 0.027651886
948 584 45 62 0.031099718
752 391 58 75 0.031252585
704 501 51 89 0.032436833
785 423 39 54 0.033354975
159 414 40 61 0.033445634
718 436 26 18 0.040774938
78 503 61 90 0.042053483
797 477 36 61 0.04299391
896 487 38 60 0.046709146
591 128 62 83 0.049283206
728 434 32 37 0.05509771
791 430 30 37 0.055827014
790 559 51 93 0.056687642
949 482 43 61 0.058511157
684 456 33 62 0.05894737
217 407 66 88 0.085631855
964 580 47 100 0.087288596
826 464 35 62 0.10631527
155 399 42 61 0.10658507
715 431 27 40 0.11274446
933 449 39 61 0.119441584
947 449 52 99 0.11947313
798 477 27 44 0.123176165
692 463 29 41 0.22793664
815 532 50 93 0.232217
704 489 35 73 0.28191417
761 436 32 38 0.28510395
798 543 55 88 0.3874456
836 484 34 70 0.39333904
234 412 58 102 0.6292745
513 45 80 106 0.93162596

