2_Demonstration_Demonstration_Or_Protest_2_816
103
320 485 50 122 0.010000159
14 8 24 19 0.010091273
957 59 38 121 0.010130278
660 361 34 71 0.010369664
922 102 40 62 0.010436961
868 105 40 52 0.010450963
2 0 12 16 0.01054029
471 445 39 70 0.010573906
794 46 29 39 0.010647753
579 347 50 89 0.010700267
980 133 35 67 0.011021578
963 101 38 66 0.011322516
608 359 33 71 0.011520132
1 138 31 66 0.011759476
986 92 33 69 0.012168337
897 6 14 22 0.01238918
862 327 41 64 0.012662792
247 499 53 104 0.013005841
185 0 22 23 0.013021795
0 18 30 59 0.013902254
403 443 40 66 0.013979846
0 142 22 52 0.01427882
879 102 44 50 0.014367695
993 379 28 86 0.014451397
155 0 27 14 0.014512831
633 232 40 57 0.015209683
201 252 50 83 0.015300786
777 274 40 63 0.015762331
347 402 48 88 0.01617887
712 3 38 54 0.016200904
443 445 40 69 0.016495623
419 302 26 43 0.01677929
352 9 31 35 0.017186064
596 206 44 65 0.01741557
460 230 31 66 0.01789198
449 442 57 95 0.018157212
987 47 25 50 0.01823156
183 213 45 87 0.018621624
609 172 40 56 0.019733462
506 110 30 38 0.019903673
548 294 27 46 0.020710792
1003 86 16 42 0.02111903
163 170 42 57 0.021592328
392 5 23 18 0.023221312
968 40 39 61 0.02359764
346 3 27 16 0.024367014
174 2 24 17 0.024768943
313 9 34 34 0.024824731
995 407 26 95 0.025298128
364 12 25 17 0.025582729
324 449 45 117 0.029871073
547 273 33 64 0.03191912
155 3 28 16 0.03293304
117 5 28 17 0.034247752
773 47 30 40 0.036483876
372 403 30 45 0.03760872
391 1 21 31 0.04031434
177 171 42 65 0.041185904
689 204 32 44 0.042387724
121 0 22 20 0.043462712
6 0 19 22 0.051784415
992 72 31 67 0.054844882
457 266 25 46 0.06258401
980 38 36 66 0.073263615
565 356 35 73 0.07840924
182 141 41 57 0.08505791
0 36 18 49 0.08626385
429 194 31 58 0.095629916
164 0 21 25 0.10823515
466 222 33 65 0.10861914
963 136 41 62 0.113045715
489 11 27 18 0.11334192
893 2 21 29 0.14442785
5 30 17 37 0.15459163
599 224 43 64 0.15878497
785 282 40 63 0.16669282
690 69 30 40 0.23058301
639 145 37 55 0.24472754
491 0 22 29 0.25074813
640 14 36 55 0.28424215
358 0 28 37 0.28454113
108 0 30 21 0.29292202
631 163 36 58 0.30186567
447 64 35 53 0.306321
438 199 24 47 0.3380623
179 191 42 65 0.34384742
318 206 39 57 0.39295954
97 58 32 54 0.40486303
502 148 32 62 0.42287782
683 56 32 57 0.44066656
222 260 41 65 0.5130408
306 0 42 42 0.528852
576 113 36 67 0.5349136
304 145 39 59 0.553719
353 266 37 70 0.57518786
792 223 36 57 0.59894466
143 279 43 69 0.6140785
814 75 39 54 0.6437148
359 393 41 63 0.67143685
723 1 37 51 0.70013547
18 163 36 58 0.72430676
863 166 38 61 0.7480807
680 197 36 59 0.79723054

