2_Demonstration_Political_Rally_2_659
87
456 283 20 33 0.010243941
138 298 23 21 0.010339798
416 276 9 12 0.010409052
867 258 20 35 0.010742189
438 290 8 11 0.0109033305
233 253 28 15 0.011370158
269 255 25 18 0.011896169
5 291 27 18 0.011930571
860 272 32 38 0.01193706
774 216 20 34 0.012028463
547 216 80 101 0.012244689
916 185 12 23 0.012351622
8 300 25 20 0.012384152
985 368 38 129 0.012632773
90 237 41 69 0.012748795
926 235 44 57 0.013411057
435 286 13 19 0.013419464
886 182 12 25 0.013477999
4 291 11 28 0.013542514
416 268 17 30 0.013596833
719 242 13 22 0.013832893
405 285 10 13 0.013864215
129 280 39 53 0.014288131
933 223 31 39 0.0142907435
930 218 40 55 0.014698398
339 285 10 12 0.01555321
348 287 22 17 0.015656535
788 204 39 62 0.016654486
738 222 42 59 0.016976386
235 263 18 34 0.017825615
233 299 25 45 0.018737793
291 257 18 30 0.018947273
447 260 14 18 0.0190506
297 287 18 32 0.019125585
285 309 24 17 0.019357547
877 185 18 33 0.020098142
455 278 28 44 0.020489981
467 271 41 61 0.021424565
415 280 17 30 0.021660121
362 280 24 18 0.021675577
897 188 19 32 0.02331907
337 282 13 18 0.024399333
450 262 8 10 0.02472238
450 271 9 12 0.02474707
279 315 28 16 0.024780005
396 268 17 30 0.024795588
452 272 36 61 0.02484315
827 257 46 85 0.024953198
737 206 10 9 0.025093777
836 245 38 67 0.025143918
996 315 26 98 0.027329087
449 263 19 31 0.0275066
251 252 23 18 0.028032986
295 304 24 17 0.028077574
365 276 18 29 0.028767861
399 279 19 30 0.03299552
894 220 20 31 0.033223685
896 225 12 23 0.033429783
409 274 19 21 0.03525634
406 276 9 14 0.03712133
436 272 13 19 0.037828427
438 275 8 12 0.039964546
136 288 30 38 0.051562153
956 242 53 59 0.05245242
297 285 23 18 0.059636354
1 291 20 20 0.08699171
408 281 20 22 0.0916503
337 274 14 17 0.10601732
339 276 10 12 0.10705544
553 198 83 81 0.11847232
856 250 36 59 0.11900185
447 266 14 20 0.12583567
766 205 37 57 0.16968021
402 280 19 22 0.1857354
5 292 21 31 0.21134523
260 251 27 42 0.21610384
533 190 108 117 0.22083075
405 274 13 21 0.23052852
367 274 21 21 0.469506
1 322 25 44 0.5004369
233 286 23 46 0.6742802
196 277 27 43 0.83047074
161 285 29 36 0.8367319
733 234 42 62 0.9050795
959 233 59 96 0.91015756
512 199 106 128 0.9845918
40 235 87 127 0.9893121

