2_Demonstration_Protesters_2_12
82
417 356 34 40 0.010125841
297 281 34 41 0.010182165
815 290 26 16 0.010217693
727 308 21 21 0.0104139885
366 299 27 15 0.0104199555
924 303 33 39 0.010553302
481 261 9 12 0.010682725
477 274 13 20 0.010695241
920 296 32 13 0.010979541
4 327 19 61 0.011712235
964 295 12 9 0.011835167
822 283 27 15 0.011989449
410 271 23 34 0.012366569
924 344 42 64 0.012420948
487 271 20 31 0.012632761
833 338 36 41 0.012985081
771 288 46 82 0.0130429985
847 330 37 59 0.013410118
458 316 58 71 0.013521357
779 295 27 18 0.014024532
812 282 22 29 0.0140994685
182 306 31 45 0.014202076
906 306 32 38 0.014287044
26 333 46 65 0.014385012
3 320 28 77 0.014480066
478 258 13 19 0.015608295
993 294 22 17 0.016401649
596 343 39 71 0.016481843
310 294 31 45 0.017094249
581 301 42 58 0.017261235
374 305 43 59 0.017321559
490 311 30 44 0.017438104
489 327 31 41 0.017902365
1001 291 21 21 0.018177196
663 280 46 86 0.019763315
343 317 42 60 0.02130911
957 293 25 16 0.021578997
508 280 14 19 0.022368208
907 311 26 16 0.024906382
181 312 41 66 0.026007272
835 297 29 42 0.02684204
170 311 32 43 0.02729565
915 305 45 54 0.028010823
828 301 38 58 0.029931456
343 302 38 55 0.032659292
583 325 41 60 0.034050424
483 354 40 54 0.03469761
1007 320 17 26 0.03634218
776 285 22 35 0.03654939
823 289 25 19 0.038228594
1008 324 16 41 0.040093835
347 308 30 38 0.042667646
685 280 30 45 0.044283208
550 258 12 23 0.046740115
641 306 39 58 0.04728099
546 255 19 30 0.047837783
441 326 38 56 0.050081298
699 291 28 47 0.052532878
827 290 22 28 0.061403915
161 314 41 62 0.06808349
494 316 42 61 0.07612259
766 322 37 62 0.14887649
667 579 38 61 0.16585079
493 288 50 84 0.1904664
383 317 58 73 0.20350263
487 302 38 64 0.20363167
675 283 41 63 0.2082316
596 305 43 56 0.23949058
24 346 43 70 0.31660867
1003 307 21 48 0.33566633
49 303 47 64 0.38740462
303 282 42 63 0.3989829
636 315 46 97 0.40785918
917 316 59 75 0.45170286
175 297 40 65 0.5222077
418 333 36 66 0.55281985
377 315 43 71 0.6169693
294 272 43 63 0.62459457
689 273 35 63 0.7102433
769 285 36 61 0.712112
391 262 41 48 0.7902018
828 326 44 63 0.8381905

