2_Demonstration_Demonstration_Or_Protest_2_438
123
729 541 35 60 0.010120065
917 490 9 13 0.010185692
879 488 13 18 0.010226376
546 454 39 56 0.010244632
214 498 11 23 0.010314753
756 642 50 42 0.010398083
794 611 41 58 0.010441297
203 616 50 54 0.010532346
744 497 18 31 0.010575877
152 483 21 19 0.010587249
962 502 8 14 0.010641797
748 503 14 20 0.010750273
96 515 22 18 0.010770765
771 624 55 60 0.010975674
119 530 30 37 0.01097822
512 351 37 59 0.011163468
915 487 13 19 0.011248346
578 657 47 27 0.011265967
737 499 20 20 0.011438649
127 577 41 56 0.011487853
733 548 27 43 0.011521376
959 499 12 20 0.011649612
818 502 12 20 0.011652533
608 615 37 66 0.011658157
607 566 23 19 0.011709724
479 327 37 66 0.011741169
708 449 20 31 0.011770081
666 517 23 19 0.0118287
524 352 24 20 0.012202757
9 613 41 71 0.012425833
658 479 13 19 0.012779957
672 581 29 40 0.012823809
341 335 37 58 0.0130650895
3 633 30 51 0.013181951
998 571 16 37 0.013401969
249 524 28 45 0.013478118
672 531 22 17 0.013585976
832 502 13 19 0.013694874
873 540 19 33 0.013756014
313 275 25 44 0.013787827
995 582 23 49 0.0141580505
658 472 13 20 0.014228163
199 514 35 62 0.014378194
156 478 19 32 0.014733868
897 473 13 19 0.0147376815
122 501 23 17 0.014992261
145 486 22 18 0.015018021
668 526 28 40 0.015049625
225 94 8 8 0.015291916
860 511 20 20 0.015307642
203 485 33 64 0.015482817
883 472 10 13 0.015708087
701 501 20 30 0.015727518
216 95 8 10 0.015736068
898 479 13 18 0.015977217
767 509 19 30 0.016112646
4 526 16 42 0.016293626
777 590 25 48 0.016422408
299 504 25 17 0.01670078
1008 582 10 26 0.016833877
650 471 21 29 0.016932866
712 454 12 23 0.016952777
71 522 30 39 0.01705266
21 516 34 63 0.01705275
866 504 20 19 0.01757709
161 74 14 18 0.017839162
26 522 25 46 0.01797731
814 506 18 32 0.01820806
730 610 44 55 0.018221393
697 499 22 18 0.018267784
603 567 29 39 0.018321566
220 457 32 71 0.018468367
158 576 41 57 0.019156823
87 509 32 34 0.019691505
1000 587 16 38 0.020110082
124 468 23 18 0.020222789
67 517 37 57 0.020393182
965 604 35 67 0.020526772
75 581 27 44 0.020966884
80 574 37 58 0.021425875
704 540 18 33 0.02292945
604 579 37 62 0.02342657
273 545 37 63 0.023589863
806 528 18 34 0.024088277
253 577 54 93 0.024130926
768 549 26 46 0.024694128
215 99 8 11 0.026581297
133 473 22 29 0.026601119
20 584 42 100 0.027106084
735 485 13 19 0.027327428
845 502 14 18 0.027797041
882 469 13 19 0.027992757
769 531 24 48 0.028158925
764 541 34 65 0.029849693
771 583 33 66 0.031103482
88 521 29 38 0.031575184
737 537 18 34 0.03402355
868 553 25 47 0.037453976
774 599 52 85 0.041578863
232 510 33 66 0.041699216
255 549 39 62 0.04186705
967 585 33 67 0.04289863
762 614 42 60 0.045100044
616 529 21 29 0.045626998
873 500 19 31 0.045844078
520 344 26 43 0.050144207
244 517 37 64 0.05065502
222 491 24 49 0.05197078
250 531 51 93 0.053502172
873 497 21 20 0.058868755
319 294 35 62 0.060120977
0 514 33 67 0.06147562
679 567 26 42 0.06783965
620 532 24 19 0.07017904
157 555 36 57 0.07934133
100 88 9 13 0.08423017
99 85 12 19 0.08721191
36 609 39 61 0.10321658
186 618 53 54 0.10403876
73 559 33 63 0.15470904
197 590 55 90 0.21587935
468 537 60 85 0.7651504
454 262 40 62 0.96380943

