2_Demonstration_Political_Rally_2_940
20
187 59 77 78 0.010137807
987 659 33 78 0.010256364
315 434 78 91 0.011066471
464 190 151 260 0.012728399
847 11 59 52 0.01291254
4 0 209 246 0.014527822
292 50 130 123 0.015158195
230 14 113 106 0.019916113
424 203 137 244 0.027160542
58 51 122 147 0.028924687
7 30 36 153 0.034519184
114 75 83 86 0.04275031
0 0 67 163 0.04726794
10 0 41 126 0.054983094
246 26 73 78 0.061843194
2 59 35 82 0.08324688
305 374 89 155 0.19210488
93 57 121 137 0.32348296
826 8 95 65 0.34723693
403 221 248 262 0.99035513

