2_Demonstration_Demonstrators_2_517
207
462 66 13 17 0.010003753
738 58 7 8 0.010049646
839 91 23 26 0.010091939
255 100 9 9 0.010135156
996 85 15 22 0.01030849
969 114 24 17 0.010587644
755 71 9 10 0.010848638
824 97 25 17 0.010855984
912 112 24 18 0.010875508
682 79 20 27 0.011002825
894 77 24 18 0.011101531
678 88 9 9 0.011374083
777 84 24 18 0.011467429
761 76 23 18 0.0114764115
124 99 24 19 0.011524184
549 33 5 8 0.011717882
698 111 42 60 0.011791492
224 99 11 9 0.011802961
687 111 13 21 0.011876014
2 291 34 70 0.011987895
554 109 21 29 0.012277022
425 73 17 29 0.012430942
560 80 13 18 0.012607558
905 79 25 18 0.013463328
716 94 22 18 0.013499559
963 79 22 18 0.013589767
856 89 10 10 0.01361835
879 87 9 10 0.013639844
876 96 14 18 0.013640672
597 51 7 7 0.013662964
878 99 10 10 0.0138170365
171 80 23 17 0.013969766
855 97 10 9 0.014750129
565 118 8 9 0.01476659
518 42 5 6 0.014921081
564 96 14 17 0.014995677
550 27 6 8 0.015057339
253 80 42 51 0.0151634505
547 128 8 10 0.015305046
248 95 22 18 0.015451384
189 66 23 16 0.015805295
574 98 10 12 0.016313601
158 78 24 18 0.016319424
926 110 15 20 0.016320197
723 55 6 8 0.016968885
675 67 7 9 0.01753263
494 97 11 10 0.0175768
630 54 8 8 0.017824104
208 99 24 17 0.018062353
504 55 5 6 0.018101204
599 82 9 10 0.01826562
548 102 8 8 0.018321313
831 87 11 8 0.018565696
957 112 22 29 0.018870754
578 111 30 39 0.018930262
736 113 28 41 0.018947894
936 133 23 19 0.019129567
793 92 24 20 0.0191749
451 98 9 10 0.019274369
642 58 7 8 0.019457458
194 114 31 39 0.01977095
937 473 22 29 0.02001561
691 55 6 7 0.02001851
799 81 23 19 0.020109564
710 59 6 8 0.02013748
850 86 22 17 0.020646557
465 82 10 9 0.020930089
866 96 9 10 0.021161677
184 113 38 53 0.022089891
632 42 8 7 0.022136372
930 96 22 29 0.02290927
1013 89 11 24 0.022963053
695 71 7 10 0.023027489
546 64 12 18 0.02334164
610 76 14 17 0.023385447
613 73 22 27 0.023393458
535 57 5 6 0.023680683
444 66 12 17 0.02381893
1011 82 11 25 0.024069805
529 66 12 17 0.024317358
954 111 24 17 0.024468428
1002 113 18 33 0.024546584
818 85 11 9 0.024581261
616 63 20 28 0.024626553
611 81 10 10 0.024627179
106 99 26 19 0.025174523
163 70 11 9 0.025269711
485 90 10 8 0.025432754
256 85 8 10 0.025628254
709 80 22 28 0.026152654
589 126 22 18 0.026248781
1006 91 18 21 0.026411746
808 70 24 16 0.02654957
744 81 22 28 0.02780177
249 81 21 20 0.028124405
737 69 14 17 0.028335609
933 477 33 16 0.02894816
802 70 11 10 0.029087087
786 81 41 48 0.029621627
478 109 22 20 0.030142851
823 84 24 16 0.03015406
547 59 6 8 0.030414877
566 100 8 10 0.03048998
1004 84 19 22 0.03081352
637 62 14 16 0.03124394
876 104 25 25 0.031654485
558 67 13 17 0.032928538
139 94 24 18 0.0333493
486 54 5 6 0.03367202
260 87 31 36 0.034203056
452 54 6 8 0.03458047
861 86 14 16 0.035307743
195 70 11 9 0.035593737
741 78 13 17 0.03607104
568 94 20 20 0.03814313
872 94 24 27 0.038351998
975 82 21 28 0.038847268
217 112 25 19 0.040044464
721 72 7 9 0.041654274
122 91 21 31 0.041852612
167 79 20 30 0.042002093
617 359 38 61 0.042277746
243 95 11 10 0.04263279
157 67 23 17 0.04303466
513 82 14 17 0.043867394
660 66 7 9 0.04475036
597 72 7 9 0.045371234
72 71 35 63 0.04581602
177 130 34 42 0.04677164
457 34 6 9 0.046793725
483 70 8 7 0.04688465
501 87 8 7 0.046949983
504 72 8 7 0.047576483
100 97 30 37 0.050020643
696 83 9 11 0.050026268
681 111 21 30 0.05043195
662 54 7 9 0.051128615
518 55 5 6 0.051619265
475 105 20 31 0.052052647
449 84 8 10 0.052539162
534 83 7 8 0.05346871
742 81 10 10 0.055370644
716 125 50 75 0.05701647
694 79 13 18 0.057898264
623 66 14 16 0.059496637
816 73 10 9 0.05967503
432 79 9 14 0.062963
465 70 8 9 0.06313244
811 81 24 17 0.063606784
231 92 19 31 0.06404931
563 83 7 10 0.06599819
719 82 14 17 0.066735275
864 89 9 10 0.06783561
216 98 24 18 0.071549214
795 67 24 17 0.07277717
753 84 10 11 0.07301736
258 115 32 40 0.076094255
486 95 23 18 0.07909567
709 68 7 9 0.080900714
675 51 6 9 0.0869941
466 58 6 8 0.08793049
547 83 7 8 0.09242439
484 93 21 29 0.09405925
750 82 14 17 0.09439822
662 141 26 44 0.09707021
702 79 13 17 0.098953135
447 68 8 11 0.10018284
781 83 31 35 0.10067065
740 71 8 10 0.10340619
244 88 10 10 0.11048215
722 84 9 11 0.1127385
970 78 22 20 0.11524389
437 67 13 18 0.124989614
237 91 22 18 0.12771058
424 76 13 19 0.13866836
239 85 20 19 0.14128715
641 65 8 10 0.14157891
486 99 11 11 0.14343238
481 97 22 17 0.14719985
515 70 6 7 0.14785704
626 69 10 9 0.15414461
705 81 9 12 0.16772582
439 68 9 12 0.17177743
895 94 24 29 0.17788394
516 85 8 9 0.26121983
766 68 15 17 0.26693133
549 67 6 9 0.3022106
615 71 10 11 0.3212476
923 104 21 29 0.3296174
613 68 14 17 0.34368536
217 100 27 40 0.3611997
561 71 7 10 0.3617525
653 147 28 42 0.37157267
990 86 21 29 0.3861408
790 86 32 33 0.3981087
428 76 14 19 0.41113043
532 69 7 9 0.41116008
886 100 33 31 0.42666823
502 107 39 53 0.444694
706 120 43 69 0.58041346
105 89 28 39 0.5984548
804 108 30 38 0.64668393
777 295 79 93 0.6871237
464 355 66 78 0.8088656
259 120 35 60 0.85282207
146 286 68 96 0.9186927
166 122 42 55 0.9531465

