2_Demonstration_Political_Rally_2_410
254
806 476 13 21 0.010004834
317 442 23 27 0.010065118
700 457 40 61 0.010180396
826 424 28 35 0.01019485
336 439 8 9 0.010243099
558 428 19 30 0.010279318
595 408 7 10 0.010280307
474 432 25 17 0.010336783
384 395 7 8 0.010479846
997 412 18 30 0.010514551
656 451 58 54 0.010540553
577 436 9 12 0.010695796
734 485 37 38 0.01075694
1016 553 7 42 0.01103855
19 376 11 9 0.011100248
32 378 10 8 0.011106899
375 393 7 7 0.011127485
118 393 13 16 0.011386078
594 329 35 12 0.0115480805
259 438 12 10 0.011652753
48 422 9 11 0.01168206
422 402 11 19 0.011850501
27 382 21 25 0.011987105
221 411 21 26 0.012044271
903 425 7 7 0.012096317
29 384 24 17 0.012206029
4 530 41 77 0.012369359
526 435 13 19 0.012480958
1007 405 12 18 0.012598401
1000 559 22 97 0.012621568
899 439 9 7 0.012635855
481 401 13 17 0.012753363
565 435 8 13 0.012791886
176 376 6 7 0.012797631
575 417 19 27 0.012944511
252 423 43 49 0.013163938
1014 448 10 21 0.013304137
944 425 23 16 0.013465108
313 361 7 10 0.013465931
263 417 21 26 0.013726669
949 428 10 9 0.013785338
417 421 7 12 0.014161551
109 427 19 29 0.014222974
2 393 8 10 0.014260286
952 446 25 18 0.014294567
921 423 24 16 0.014339975
392 420 8 10 0.0144299185
890 435 25 16 0.014784234
555 415 18 29 0.014812827
805 456 19 33 0.014928493
811 450 15 20 0.01493625
847 406 9 9 0.015041337
91 434 21 19 0.01507277
996 461 18 34 0.015495148
977 420 14 16 0.01574254
9 409 20 31 0.015783317
907 432 23 17 0.015944818
460 461 33 35 0.01615076
479 437 30 39 0.016223712
69 412 19 27 0.016371083
47 382 14 17 0.01650946
291 440 11 10 0.01665283
960 437 14 9 0.016715704
147 391 14 16 0.016904958
175 407 14 16 0.01703431
513 431 19 30 0.017043663
274 440 10 9 0.017072005
115 399 20 18 0.017273033
551 521 68 60 0.017299462
70 416 10 13 0.01747427
6 404 30 39 0.017516892
498 431 22 18 0.017770674
448 404 12 19 0.01852298
795 433 21 20 0.01903288
803 449 21 21 0.019285925
561 409 6 10 0.019461127
224 419 10 9 0.019751117
177 419 14 17 0.019922163
156 406 14 17 0.020002179
838 436 24 17 0.02002812
246 419 15 16 0.0205971
592 435 13 21 0.021156408
274 419 15 16 0.021324132
67 394 8 9 0.021441704
466 402 13 18 0.021522114
816 430 22 20 0.021891648
569 421 20 22 0.021915246
996 438 11 10 0.02195777
513 433 12 11 0.022077752
455 418 12 19 0.022361707
929 425 10 8 0.022747837
215 414 23 18 0.023116805
211 419 12 10 0.023719378
87 388 12 19 0.02390355
459 431 22 18 0.024594286
88 390 8 13 0.02468103
354 405 7 8 0.025212724
422 462 22 29 0.02527263
604 427 24 40 0.025373977
254 406 15 15 0.02564337
85 409 9 11 0.02595075
403 410 8 10 0.026111724
906 442 20 28 0.026235644
195 393 8 6 0.026798908
331 417 14 16 0.027143037
516 412 8 8 0.027299037
354 375 5 6 0.027717538
287 433 22 30 0.028084183
564 429 12 22 0.028334042
530 440 7 10 0.028479313
82 419 9 13 0.02864216
196 423 11 9 0.02871209
532 412 7 9 0.028776782
121 400 19 19 0.030185943
119 395 9 11 0.030412013
69 413 13 19 0.03065082
937 462 25 20 0.030915515
995 423 14 17 0.031172844
50 382 9 8 0.03148164
191 418 23 18 0.031637814
577 429 19 30 0.031810854
83 406 13 18 0.031815268
547 439 7 12 0.03274626
258 398 6 7 0.033224035
456 421 8 12 0.033854835
210 393 8 7 0.03385509
342 376 6 7 0.034534365
53 406 13 17 0.03578727
389 408 7 8 0.036277678
544 435 12 21 0.038020972
922 431 27 16 0.03815998
548 410 7 10 0.03968728
321 440 9 10 0.0406237
40 418 20 20 0.04105835
314 435 22 19 0.041318562
120 422 21 20 0.041835118
169 377 7 7 0.041962545
980 422 9 9 0.04245294
258 427 33 35 0.04367385
862 407 39 53 0.043715354
50 385 10 10 0.043797605
1017 452 7 11 0.04423168
1006 419 13 19 0.046036057
452 408 7 11 0.04704094
111 415 19 28 0.04825739
339 393 6 7 0.048354026
159 418 10 11 0.049595237
530 417 13 18 0.05020821
742 414 14 19 0.051146083
516 426 9 9 0.051666748
152 414 20 19 0.051712885
287 419 15 15 0.051931243
997 425 10 10 0.052430864
179 423 10 9 0.05272196
248 422 10 10 0.05320185
498 406 8 8 0.053330474
212 410 11 9 0.05397254
570 430 20 22 0.054636132
223 410 11 10 0.05468295
979 410 8 8 0.054686595
79 415 13 19 0.055643875
326 418 14 16 0.056476146
832 425 15 19 0.05664705
916 422 8 8 0.056733176
994 430 18 34 0.057407267
126 396 10 10 0.05948434
424 405 7 12 0.060197428
564 422 8 13 0.06036114
1010 553 12 51 0.062219042
66 406 13 18 0.062451273
543 417 12 18 0.06306979
33 418 21 20 0.06338621
607 419 14 18 0.06339108
960 428 11 9 0.06411327
118 430 23 19 0.06471442
120 402 10 12 0.066537715
129 416 20 26 0.06655956
1009 422 8 11 0.06659878
249 418 23 17 0.06685131
160 408 8 9 0.06688676
509 424 20 19 0.0677322
325 412 6 6 0.067889
196 408 9 7 0.06875898
273 412 9 8 0.06876649
135 529 29 41 0.06965976
944 432 25 17 0.07036851
249 411 8 8 0.07081205
68 409 8 11 0.072277606
254 433 23 18 0.07551485
266 435 24 18 0.0762259
290 413 7 7 0.07720542
469 405 7 10 0.07942962
404 421 9 13 0.08150571
1009 409 8 10 0.08244068
339 408 7 8 0.082816124
465 422 10 12 0.083217464
813 421 21 21 0.08905157
55 408 9 10 0.089650065
115 423 15 20 0.08973612
610 421 10 10 0.09054911
953 425 23 16 0.09188916
257 421 10 9 0.09594913
277 421 9 9 0.09774003
402 418 13 19 0.09965232
150 410 10 10 0.100558676
267 482 57 86 0.10296192
283 435 24 18 0.10350917
483 404 9 10 0.10532773
563 420 12 21 0.109621875
743 414 22 20 0.110325
306 421 8 8 0.11068895
149 408 14 17 0.11318408
164 394 7 8 0.11485205
95 392 12 18 0.11489736
462 419 14 18 0.123590425
208 408 21 17 0.12492594
991 433 22 20 0.12947452
310 410 7 7 0.12959956
177 394 8 8 0.12967849
150 414 14 16 0.13121258
334 419 9 10 0.13780096
97 397 13 17 0.13874449
113 428 21 19 0.14323494
916 413 7 7 0.14353389
178 411 9 8 0.14636117
438 405 9 15 0.15188596
126 402 11 11 0.16040882
215 408 23 17 0.1646764
354 389 7 10 0.17749661
533 420 8 10 0.18605573
258 408 8 9 0.195616
206 414 22 18 0.20810492
545 419 8 12 0.21396576
149 395 9 9 0.22459088
957 430 19 32 0.22558351
953 433 25 18 0.25595403
605 433 20 22 0.2618842
507 428 21 20 0.28336
290 421 10 9 0.28498206
808 442 19 31 0.327757
354 424 37 54 0.36362645
250 498 70 84 0.3729533
468 453 33 39 0.39430296
328 420 9 10 0.39503604
505 483 33 60 0.44465312
437 402 12 20 0.44583383
559 512 40 67 0.45368555
827 427 22 20 0.48184937
181 488 45 65 0.5125784
728 475 49 54 0.5415337
3 515 60 87 0.54949486
931 445 29 39 0.5656439
633 452 83 93 0.6939022
859 422 34 38 0.7503002

