2_Demonstration_Demonstrators_2_309
72
1 224 11 22 0.010025651
133 246 11 13 0.010417085
146 263 15 22 0.010761183
93 223 18 28 0.011071257
992 315 10 8 0.011174811
187 273 19 21 0.011437032
962 308 36 32 0.011617417
192 269 19 30 0.011904725
16 229 13 18 0.012090472
301 264 8 9 0.013037009
0 261 20 47 0.013628263
17 212 12 19 0.013765037
191 252 18 32 0.014586992
462 183 66 106 0.015055691
493 147 61 89 0.015485222
0 196 6 15 0.01561512
914 354 9 13 0.016639031
349 191 33 67 0.016734391
94 279 23 19 0.016914865
151 233 13 20 0.017353209
1001 339 19 31 0.018074984
183 262 14 19 0.01828951
15 244 13 20 0.018429432
65 276 19 32 0.01848824
103 252 20 28 0.018577272
383 255 41 59 0.018679818
124 270 23 19 0.01945865
471 160 104 152 0.019712655
87 436 12 21 0.01982981
0 288 9 31 0.020328892
76 238 25 18 0.0203446
40 241 19 30 0.020526052
50 241 20 19 0.021844292
102 270 22 27 0.021973029
159 226 17 31 0.021993726
998 388 19 40 0.022503337
452 137 97 124 0.025242297
439 207 96 189 0.02541863
37 224 18 29 0.0255638
60 228 21 19 0.025873808
0 264 9 34 0.026279658
35 221 10 13 0.03101929
190 262 10 12 0.037402608
29 219 20 18 0.038870614
464 146 68 90 0.04075493
114 263 20 19 0.042687323
58 242 22 18 0.050664637
66 217 10 13 0.054706812
0 261 10 25 0.056833707
64 216 13 17 0.062764876
130 244 19 19 0.06343203
813 294 32 42 0.06440289
121 264 21 21 0.066431485
1 266 15 37 0.07496059
297 264 8 11 0.076860614
76 234 18 30 0.080496706
152 234 21 19 0.086947754
7 253 16 34 0.08906465
188 259 13 20 0.097157605
242 292 36 72 0.10276804
86 229 22 20 0.11338727
450 165 95 156 0.12348854
155 240 19 31 0.14336799
33 223 13 18 0.15872647
134 266 23 28 0.21644858
229 294 39 69 0.2240003
151 240 22 22 0.2755537
78 226 18 30 0.2804379
141 253 21 31 0.36561495
81 231 21 20 0.51347184
994 371 30 60 0.5459114
814 283 43 60 0.9173071

