2_Demonstration_Political_Rally_2_365
108
217 362 48 58 0.010185227
366 397 14 17 0.010353533
420 329 5 5 0.010968978
337 346 5 6 0.011084013
329 415 18 21 0.01111969
371 426 10 13 0.011122144
44 405 81 189 0.011327994
352 371 14 16 0.0115029
321 418 17 30 0.011649162
439 326 5 7 0.012014135
242 341 43 56 0.012812363
662 174 53 117 0.013109575
353 421 9 12 0.013370702
369 433 9 14 0.01420663
7 110 44 120 0.014472969
389 332 5 5 0.014667245
417 371 14 17 0.015225611
374 346 4 5 0.015226842
386 402 14 12 0.015424277
121 150 45 53 0.015478073
350 418 13 18 0.015571969
305 422 9 10 0.016764712
319 440 9 12 0.016767455
280 359 7 8 0.017262384
222 313 43 65 0.017328337
361 395 19 25 0.017340764
360 425 19 29 0.017641513
357 440 10 14 0.018040935
422 346 4 5 0.01896724
355 366 6 6 0.019485256
369 424 13 18 0.020490617
326 411 9 12 0.021101639
451 357 5 8 0.022357797
406 330 5 5 0.022363905
391 345 4 6 0.0223656
3 417 53 138 0.02283846
15 306 36 123 0.022994172
224 478 16 37 0.023586191
279 571 46 77 0.023821281
324 409 13 18 0.025551599
98 141 42 58 0.025635274
305 364 7 8 0.026765797
404 346 5 5 0.027848568
85 114 56 100 0.028628835
433 389 9 9 0.02903899
203 354 53 85 0.02986354
342 363 5 7 0.03162136
310 392 7 9 0.03273045
449 347 6 8 0.035476197
310 440 9 13 0.0359478
441 347 4 5 0.03603281
303 426 18 33 0.036493547
686 99 251 297 0.037524305
328 379 6 7 0.040459767
324 392 7 8 0.040837184
789 179 235 337 0.04101973
366 430 13 20 0.04287036
683 159 107 167 0.044777844
388 393 10 10 0.04647416
353 406 10 11 0.048108395
315 437 14 18 0.050495863
351 402 14 17 0.051594157
302 367 13 19 0.055363633
410 389 22 18 0.055411924
377 361 5 6 0.056001373
394 395 19 26 0.057214446
340 400 13 18 0.05882766
341 402 10 12 0.05951449
335 418 9 13 0.05996551
385 375 8 9 0.061362598
383 392 20 19 0.065773495
339 393 14 17 0.06746418
812 236 126 217 0.0737088
353 445 13 18 0.07454123
292 357 7 9 0.07500221
356 438 13 20 0.08052322
405 375 7 7 0.08162382
396 396 22 18 0.08213959
388 361 6 6 0.085636675
405 361 5 6 0.089402124
9 345 46 122 0.08961168
419 392 9 9 0.09336293
306 371 8 11 0.09658592
289 596 39 52 0.10168214
184 341 46 62 0.10449105
367 392 9 12 0.10867511
404 394 11 11 0.11087
223 342 44 62 0.111740276
308 437 14 19 0.112624794
423 363 5 7 0.11414404
434 374 7 9 0.11695315
372 375 14 16 0.11887222
340 376 7 8 0.12233416
341 395 9 11 0.1288777
358 391 10 12 0.12957592
436 361 6 7 0.13025968
356 374 7 8 0.17472136
363 390 15 18 0.20603508
356 390 15 17 0.20922811
420 374 8 9 0.22181435
383 398 21 20 0.31480196
325 415 13 17 0.31967473
374 377 9 11 0.32115647
203 329 61 81 0.3879801
402 393 15 16 0.4403981
3 376 72 221 0.6979925
459 307 68 88 0.8558014
761 118 203 350 0.9229226

