2_Demonstration_Demonstration_Or_Protest_2_360
345
910 522 11 11 0.010001383
1003 566 20 22 0.010033273
557 552 22 18 0.010042129
863 564 24 16 0.010097563
338 588 22 17 0.010112134
545 542 11 10 0.010114889
922 565 31 37 0.0101150265
255 554 13 18 0.010116926
888 558 40 55 0.010133783
345 591 28 37 0.010151697
708 540 8 9 0.010169418
66 541 7 9 0.010217013
854 538 10 11 0.010237054
387 567 20 30 0.01028717
644 522 13 18 0.010292167
83 508 5 8 0.010300544
724 571 9 12 0.0103083635
880 601 61 74 0.010310319
50 540 6 9 0.010358723
703 552 21 19 0.010448507
767 535 14 17 0.010457207
352 536 13 17 0.010463387
391 489 6 8 0.010505401
397 566 13 18 0.010544413
1 561 14 38 0.010551201
455 494 6 7 0.010559787
407 512 5 6 0.010673583
883 553 10 10 0.010780621
146 572 10 13 0.010781038
876 613 49 55 0.010826178
147 537 13 18 0.01090653
658 524 13 17 0.011008861
670 565 22 19 0.011082279
867 508 8 8 0.011123487
212 628 34 37 0.011170207
876 550 23 18 0.011175976
25 643 39 56 0.011218402
354 555 8 10 0.011263195
715 581 20 20 0.011345336
580 511 6 7 0.011355241
811 569 26 15 0.011373364
528 547 21 19 0.011469078
787 618 43 49 0.01148107
625 523 13 17 0.011501469
434 597 20 21 0.01152244
308 529 6 8 0.01155512
30 568 14 19 0.011636393
497 535 13 19 0.011766615
192 642 41 54 0.011778414
826 588 28 43 0.011801687
775 564 28 16 0.011829548
466 492 6 8 0.011941632
437 476 7 9 0.011971348
744 546 18 30 0.012162199
217 581 22 19 0.012170183
731 551 21 19 0.012209588
829 532 21 27 0.012225977
708 509 7 7 0.012229646
417 586 13 19 0.012278971
791 554 26 16 0.012292158
422 493 6 7 0.012335177
542 572 24 17 0.012348783
148 526 6 8 0.012362167
194 511 6 8 0.012436283
791 472 7 10 0.01258889
214 555 10 9 0.012712577
671 522 13 18 0.0127951745
565 512 5 6 0.012877033
190 618 59 79 0.013017954
744 540 9 9 0.013018964
176 554 9 10 0.013054426
402 618 43 55 0.013459187
586 562 24 19 0.0134805655
436 511 6 9 0.01348913
135 548 13 19 0.013614899
836 492 6 8 0.013709167
823 571 25 17 0.013725637
448 564 27 43 0.013736692
448 572 9 12 0.013741687
401 569 8 12 0.013881769
895 561 29 39 0.013900313
560 535 13 18 0.013991293
436 582 10 12 0.014138024
830 524 14 17 0.014154217
721 510 7 7 0.014158775
548 511 6 7 0.014222279
416 540 12 18 0.014335872
426 594 21 30 0.014338492
813 586 28 16 0.014526436
451 526 7 9 0.0146148605
814 575 21 30 0.014756998
517 511 6 7 0.014794864
370 583 11 12 0.014864892
152 568 22 19 0.014954129
954 512 28 39 0.015005859
484 494 5 7 0.01514351
21 523 6 9 0.015497229
420 527 6 8 0.0155618405
759 513 6 7 0.015783116
222 550 14 17 0.016167527
721 541 8 9 0.016222274
316 552 21 19 0.016268233
305 554 13 18 0.016353553
775 586 27 19 0.01640271
37 524 6 8 0.016555948
467 521 8 10 0.016579675
903 519 22 19 0.016636247
988 533 22 19 0.016682608
165 553 9 12 0.016737435
59 648 31 41 0.016798873
273 545 7 9 0.016801663
52 525 6 7 0.016923059
374 513 5 7 0.016950656
352 589 12 12 0.017000763
622 551 14 22 0.017070575
314 491 7 11 0.017078528
297 538 7 9 0.017227473
452 569 19 33 0.01733589
778 539 27 36 0.017414158
440 539 8 11 0.017416736
388 512 5 7 0.01741756
35 587 26 45 0.017509926
898 511 9 9 0.017523868
733 560 26 43 0.0175603
304 565 14 16 0.01756768
437 523 7 9 0.017583182
452 508 6 8 0.017780406
609 524 14 17 0.01781006
165 525 6 7 0.017842688
38 540 6 9 0.017889442
370 569 10 11 0.017926568
672 541 10 13 0.017950796
445 569 13 19 0.01813837
195 525 6 9 0.018498277
180 526 6 7 0.018718207
761 564 22 18 0.018760636
531 510 6 8 0.018836355
154 610 43 56 0.018891368
426 576 19 30 0.018922808
183 512 5 7 0.0189285
561 631 41 53 0.018931827
3 539 6 11 0.018974507
457 542 19 29 0.019024478
686 523 13 18 0.01908513
347 596 23 18 0.01928358
322 509 6 8 0.019339211
386 570 13 18 0.019433122
832 536 11 10 0.019553084
823 579 36 64 0.019675307
999 561 18 33 0.019807477
838 478 6 9 0.020138962
853 524 8 10 0.020370366
406 525 6 7 0.020440584
148 602 31 38 0.020474052
824 533 22 18 0.020630857
447 549 13 19 0.020850541
690 536 10 11 0.021499297
850 509 7 8 0.021536268
100 587 29 38 0.021682605
820 495 6 7 0.021732787
356 101 13 19 0.022219475
578 535 14 18 0.022275772
902 517 13 18 0.022608845
224 553 11 10 0.023083633
41 629 27 44 0.023489853
739 565 19 33 0.023592737
815 520 15 15 0.023754898
884 510 7 9 0.023820577
615 557 19 33 0.024391469
716 566 19 32 0.024396302
368 565 14 18 0.024513844
837 509 7 8 0.024563449
388 573 9 11 0.024747415
386 553 13 17 0.024854902
883 524 9 10 0.025141845
179 539 8 9 0.025291866
499 537 9 9 0.025488075
822 583 26 17 0.025535593
811 552 24 16 0.02565628
800 526 15 16 0.026405536
960 528 21 29 0.026408056
305 568 9 10 0.026425015
144 595 40 55 0.02658972
655 543 17 30 0.02660607
32 571 18 33 0.02674657
515 526 13 17 0.026784616
163 541 7 9 0.026790377
447 536 12 19 0.027212316
501 511 6 8 0.027615657
30 579 34 65 0.027642297
420 566 13 19 0.028626053
150 539 8 10 0.02867373
36 621 36 61 0.02890323
903 520 10 12 0.029194275
722 567 14 20 0.029735327
276 555 7 10 0.029847406
438 576 8 11 0.030579202
689 526 8 10 0.031116506
450 552 8 12 0.03132203
515 556 20 32 0.03133614
530 540 9 11 0.03138606
387 525 6 8 0.03145882
820 540 11 10 0.03231589
829 574 21 31 0.033255048
423 569 8 12 0.03328975
769 578 35 53 0.03334982
991 647 32 66 0.033393186
764 555 22 18 0.033581737
415 549 13 19 0.03385995
258 558 8 10 0.034498725
277 568 9 9 0.034542404
433 553 13 18 0.03468557
137 598 28 42 0.035196625
352 510 6 7 0.035213567
209 654 42 52 0.035556734
864 521 13 18 0.035577636
466 512 7 9 0.03588072
775 587 21 33 0.036112133
324 527 5 7 0.037491813
769 559 10 9 0.037570443
483 535 13 19 0.03781857
866 525 10 10 0.03800839
789 494 6 7 0.038425446
682 532 21 20 0.03868678
692 509 7 8 0.03897626
435 578 13 20 0.039167795
337 552 13 17 0.039357204
364 580 21 19 0.03986713
50 621 60 83 0.04001798
563 538 8 9 0.04006089
435 573 13 18 0.040145602
444 659 26 44 0.041024197
486 510 5 8 0.04134897
138 561 20 30 0.041881762
518 534 11 12 0.043432623
450 539 7 12 0.043433484
674 524 8 10 0.043697856
833 527 9 10 0.044189777
789 537 10 8 0.04456976
709 526 8 9 0.044697043
547 523 8 8 0.045627464
532 524 8 9 0.045679092
323 554 9 7 0.045837294
628 534 14 18 0.046223793
956 530 21 21 0.046248343
801 534 13 10 0.0464547
373 524 6 7 0.04749297
403 540 7 9 0.048150234
384 626 42 54 0.0481791
804 496 6 7 0.048546758
486 538 8 12 0.048585296
609 550 21 21 0.048971623
483 522 7 9 0.04934006
501 522 7 10 0.05041543
536 546 23 19 0.050650764
140 570 21 19 0.05139923
803 533 21 29 0.052140173
597 528 7 9 0.052267324
345 509 6 7 0.052378736
56 626 37 60 0.053424463
205 620 45 53 0.053748053
642 536 13 18 0.054169197
389 556 8 11 0.054723572
608 534 14 17 0.055181343
581 526 7 8 0.055255003
523 537 21 20 0.05835838
751 534 13 17 0.058760345
419 543 7 10 0.058911346
340 527 6 7 0.060454987
325 492 6 9 0.061075896
813 536 23 17 0.061315574
661 527 7 10 0.06230277
373 559 9 12 0.062489346
770 538 8 9 0.06257021
580 537 9 9 0.06280716
671 543 18 32 0.062906094
399 552 13 18 0.06346657
789 511 6 7 0.06383833
341 540 7 8 0.06463692
642 569 21 21 0.06480423
554 571 23 19 0.0657605
596 534 14 18 0.06599419
308 556 8 10 0.066168405
644 539 9 10 0.06638392
359 525 6 7 0.06672512
386 540 8 10 0.068808556
659 539 9 12 0.06946639
337 493 6 8 0.06957481
418 552 9 12 0.0701323
806 508 7 8 0.07048113
518 528 8 11 0.07168907
628 526 7 9 0.07220447
597 536 11 10 0.072793804
307 540 7 9 0.07345965
573 552 21 21 0.07387945
818 510 8 9 0.07510402
803 528 9 9 0.07540019
340 554 9 11 0.07776336
346 587 22 18 0.0777734
663 545 21 21 0.07831333
323 640 33 60 0.08365443
630 536 10 10 0.083667226
517 531 14 19 0.08439955
544 536 18 28 0.0847679
611 536 9 10 0.084966585
647 526 7 10 0.08555253
758 524 6 8 0.089202136
773 524 7 8 0.09152543
786 525 8 8 0.09292492
321 632 27 43 0.092988804
773 512 6 6 0.09336203
795 530 23 18 0.094179474
612 527 8 9 0.0950461
402 554 8 12 0.09788005
326 542 7 8 0.09928408
355 539 8 10 0.10034346
646 568 19 32 0.10052246
565 526 6 8 0.10072139
370 538 7 9 0.10096435
657 537 14 19 0.10115932
499 551 20 22 0.10400476
553 569 21 32 0.10412487
582 557 22 31 0.10603866
503 553 22 22 0.10721988
510 548 19 30 0.11240711
435 557 9 11 0.11409329
370 556 14 18 0.11451405
818 522 9 9 0.11705747
669 539 14 20 0.1177886
187 625 39 55 0.1208313
585 549 19 30 0.13160792
754 536 9 11 0.1328884
653 609 43 69 0.15611912
562 643 38 59 0.15970634
538 539 21 20 0.1655988
774 574 25 42 0.17628087
778 553 25 18 0.17869428
477 566 26 44 0.20911217
618 548 18 33 0.22807424
617 586 27 41 0.26298317
512 596 36 58 0.30989683
685 559 19 35 0.3397676
316 565 22 21 0.39644685
952 577 46 61 0.40680513
851 596 58 79 0.41745684

