2_Demonstration_Demonstration_Or_Protest_2_496
19
1001 207 19 117 0.010330078
801 132 43 57 0.010480394
542 50 16 37 0.011197301
818 116 40 54 0.01544891
442 85 28 42 0.015862064
392 99 22 19 0.016916309
982 213 42 98 0.017081786
680 169 33 43 0.017892618
383 103 23 18 0.020406352
826 140 32 41 0.023979206
794 201 40 60 0.045284204
821 131 41 58 0.08704033
685 165 43 62 0.12521824
677 157 41 62 0.38833734
952 76 46 69 0.54454523
202 176 55 85 0.57321143
317 88 49 68 0.5783598
725 255 71 79 0.73374176
541 99 39 63 0.9168167

