2_Demonstration_Political_Rally_2_204
219
179 448 7 7 0.010015291
801 385 13 16 0.010018318
460 390 20 16 0.010021483
264 406 6 8 0.010082264
550 377 6 7 0.010111609
186 368 5 8 0.010162461
642 372 13 17 0.010182635
232 366 5 8 0.010193744
242 432 13 16 0.010310295
205 419 14 15 0.010771583
27 399 13 16 0.010864143
563 400 12 18 0.010974183
639 380 14 17 0.010975198
595 415 6 8 0.011120497
577 339 5 6 0.011260147
532 392 7 7 0.011667694
114 447 7 8 0.011711544
357 391 7 8 0.011736567
968 419 6 7 0.01213092
192 367 5 8 0.0122009525
60 410 12 17 0.012340163
133 371 6 6 0.0123943165
110 420 13 16 0.012428759
352 400 8 9 0.012664902
850 362 7 5 0.012883296
670 388 13 15 0.013012821
592 388 7 9 0.013178484
288 400 11 17 0.0140796425
770 400 8 10 0.014188752
983 437 5 6 0.014468549
1005 384 13 17 0.015262182
22 410 12 19 0.01556009
183 404 6 7 0.015748933
114 368 6 6 0.01582595
1014 406 7 8 0.016106304
526 398 13 17 0.016182978
931 440 5 7 0.016325274
740 389 7 9 0.016642004
723 390 6 9 0.016878542
447 396 14 15 0.017007904
150 352 5 8 0.017409377
729 361 5 8 0.017632283
292 389 7 8 0.017641075
436 416 7 9 0.018624255
496 394 9 8 0.019049203
145 428 13 16 0.01912607
34 429 12 19 0.01939137
187 359 6 8 0.019515531
193 421 13 15 0.019982683
917 375 6 6 0.02117716
743 432 5 9 0.02133853
1015 372 6 7 0.02176685
151 401 6 7 0.022375574
1016 447 5 11 0.022379722
750 401 11 18 0.022746805
147 392 6 7 0.022969963
658 387 14 16 0.023681777
374 389 8 9 0.024048802
115 429 13 16 0.024296194
277 392 7 8 0.0248767
37 432 8 12 0.025053157
979 375 6 5 0.025273113
377 401 8 9 0.02601538
712 433 5 8 0.026359636
1009 417 8 9 0.027245693
54 410 12 17 0.027356353
645 435 6 9 0.027672498
577 394 13 17 0.02785047
930 399 6 8 0.028470812
62 412 9 13 0.029048674
753 414 6 10 0.029055012
839 374 6 6 0.029170359
644 402 7 7 0.02964559
855 400 8 9 0.030547298
309 467 7 11 0.031337302
921 398 6 9 0.032000042
464 394 14 14 0.032581117
741 399 12 19 0.033635695
402 399 8 10 0.034354497
995 402 7 6 0.03445817
383 394 13 16 0.03519777
453 393 9 9 0.03527435
885 373 7 6 0.03604709
760 385 12 18 0.03700079
382 390 13 15 0.03820211
30 401 8 11 0.03822829
37 422 8 11 0.038381
432 389 7 9 0.039132386
789 403 7 9 0.03979526
226 446 7 8 0.041764084
883 400 7 7 0.042336915
83 421 8 8 0.042484023
898 377 7 6 0.042619653
224 434 13 15 0.043911524
419 387 13 16 0.043933596
486 398 13 15 0.044180423
949 376 5 6 0.046235327
256 430 7 10 0.046848267
421 370 6 8 0.0468786
305 416 7 10 0.046957046
481 392 9 8 0.048099816
710 406 6 7 0.049171425
341 394 8 9 0.050066464
630 389 7 7 0.05028245
823 418 7 9 0.05178548
578 387 13 17 0.05180753
553 337 4 6 0.053196516
996 419 9 8 0.0543018
615 393 7 8 0.056987967
319 397 13 17 0.057563215
597 404 7 9 0.061880693
662 398 8 9 0.06336692
761 388 8 12 0.06482117
762 385 18 19 0.066969655
963 402 7 6 0.06893132
982 389 6 6 0.07209557
148 425 7 8 0.072114855
835 386 14 16 0.07383499
164 423 6 7 0.07425269
312 400 8 11 0.074665
567 340 4 6 0.07479743
675 398 8 9 0.08043379
232 359 5 8 0.08240901
724 416 6 9 0.08309867
133 432 13 15 0.085046194
274 399 12 16 0.086444244
55 413 9 12 0.08657513
191 358 6 7 0.086946085
853 388 7 8 0.08743763
950 402 7 7 0.08830042
566 387 6 8 0.09125537
551 387 7 9 0.09162384
102 422 8 9 0.09286457
338 397 13 16 0.093863726
438 403 8 8 0.095905334
850 370 7 7 0.0960033
180 425 7 8 0.097515196
59 404 12 16 0.09792063
837 399 7 8 0.103548475
645 376 8 8 0.103644565
20 401 13 16 0.11235353
980 408 7 6 0.11355797
792 387 7 8 0.12121176
994 377 6 6 0.121924154
726 403 6 9 0.1254354
228 420 7 7 0.12618981
643 384 7 9 0.12833653
323 389 7 9 0.13158078
867 404 6 8 0.13369675
88 434 8 10 0.13603988
982 415 6 7 0.14005412
494 398 13 15 0.14140573
624 400 8 9 0.1425818
131 419 7 8 0.1444093
549 400 7 9 0.1485805
741 417 6 9 0.15247412
422 397 9 10 0.1567162
968 371 5 6 0.15887544
211 433 8 9 0.16021939
98 434 8 10 0.1615099
519 401 7 9 0.16631532
691 408 6 8 0.16798812
752 405 7 11 0.17072156
1008 387 8 9 0.17686121
209 422 8 9 0.180018
822 389 7 7 0.18122627
821 402 7 8 0.18279998
255 421 7 9 0.18630221
966 390 6 7 0.18716703
195 424 9 10 0.18880752
403 386 13 17 0.19285038
885 390 6 7 0.19316201
114 423 8 10 0.193365
290 403 8 11 0.19806565
900 385 7 8 0.19820474
580 390 8 11 0.2029579
998 389 8 8 0.20311654
743 403 7 11 0.20386459
870 373 7 6 0.20488136
807 398 8 9 0.21075913
565 404 7 10 0.21533044
868 389 7 8 0.22788656
947 386 6 7 0.24309084
247 420 8 8 0.24376892
614 399 8 9 0.24384652
674 392 8 9 0.25231433
921 390 7 8 0.25679225
518 321 5 7 0.2625267
580 397 8 11 0.26476794
422 391 8 10 0.2765226
487 399 10 11 0.27714196
322 399 8 11 0.29867148
694 417 6 8 0.30432302
804 390 7 8 0.3129717
385 392 9 11 0.3184931
244 435 8 9 0.3188645
21 402 9 12 0.31937146
661 391 8 9 0.32131907
196 430 9 9 0.32923234
450 398 9 9 0.33846223
56 406 9 13 0.35091263
180 431 8 9 0.3520634
466 396 11 10 0.3545439
117 432 8 10 0.36041307
386 396 9 11 0.37319577
708 418 6 9 0.37332425
148 431 8 10 0.37829748
465 392 11 12 0.3787881
529 401 8 9 0.38898328
405 389 9 12 0.39125416
226 436 9 10 0.39285567
929 389 7 9 0.39747804
166 432 7 9 0.4004593
767 387 10 13 0.4129146
134 433 10 12 0.43458232
838 390 8 9 0.43789557
276 401 8 12 0.4773059
497 399 9 12 0.5139792
340 398 9 12 0.54988

