2_Demonstration_Protesters_2_563
66
449 218 11 10 0.010403896
529 0 8 6 0.01128319
704 185 19 33 0.011362261
302 234 24 20 0.011941497
1014 207 9 31 0.012103567
382 198 46 60 0.012216773
612 22 12 19 0.012500567
678 259 31 48 0.01250775
817 191 23 30 0.012644104
514 56 23 17 0.014337752
993 223 31 67 0.014407692
999 233 23 51 0.016072126
4 109 32 159 0.016144872
556 208 34 53 0.017362611
748 251 51 89 0.018268442
615 78 20 31 0.019168317
42 222 29 84 0.019247338
0 237 24 102 0.0200589
626 51 13 19 0.02112498
614 55 20 32 0.021873523
562 217 20 34 0.022962067
4 172 31 104 0.023581738
182 214 25 19 0.025744097
609 72 21 19 0.026192386
733 232 46 65 0.027176663
497 190 14 23 0.027228303
524 156 22 28 0.02741861
867 208 44 54 0.027771091
644 258 35 63 0.027872736
614 25 8 12 0.030659141
484 203 8 12 0.031406246
609 80 22 19 0.03163416
482 200 13 19 0.032550327
553 194 23 19 0.03297036
520 264 33 66 0.03579162
501 184 14 21 0.038606074
545 186 21 29 0.039344087
981 201 38 53 0.044266604
971 212 33 33 0.04560404
189 208 20 32 0.046983905
493 188 19 31 0.056554977
504 179 21 22 0.057112724
0 212 30 156 0.07299566
766 202 33 35 0.07655449
169 204 29 40 0.09269331
508 184 22 29 0.09481903
770 200 32 17 0.103028
521 53 26 19 0.12402363
774 195 22 30 0.17501973
986 207 28 39 0.19473507
523 47 18 31 0.2157903
878 209 52 61 0.25761917
3 176 41 146 0.61505806
886 207 55 79 0.63819754
720 238 60 87 0.69780695
674 247 40 68 0.70927244
238 214 21 33 0.8127303
633 182 25 41 0.82309765
227 255 37 47 0.8726109
304 232 20 33 0.8779186
674 164 25 42 0.8870166
393 193 67 81 0.90233135
565 218 28 39 0.9236984
99 238 80 99 0.94216126
828 305 81 138 0.9453122
819 189 35 34 0.9544892

