2_Demonstration_Political_Rally_2_491
54
251 626 34 63 0.010525034
165 609 33 70 0.011127296
745 530 22 18 0.011438352
46 558 18 33 0.01188711
574 376 15 39 0.012077925
446 669 24 52 0.0120835425
968 529 21 21 0.012371444
903 542 11 12 0.0128029045
332 614 15 44 0.012953781
348 628 37 65 0.0132082645
406 530 27 41 0.013237252
391 461 20 22 0.013693881
384 611 26 48 0.013785961
386 467 17 22 0.013808916
655 499 19 44 0.014255026
963 531 19 19 0.014410808
228 611 17 38 0.01461635
816 482 6 8 0.015392143
187 636 26 45 0.017056147
407 632 35 69 0.01834615
182 628 35 62 0.020385906
400 534 39 55 0.020569675
217 586 22 22 0.0211095
378 605 34 65 0.021760125
792 534 22 17 0.02206667
448 637 31 75 0.02216617
162 631 37 62 0.023301568
286 627 16 41 0.026126156
189 612 33 63 0.030813677
442 659 33 72 0.033288714
250 622 23 47 0.038349222
352 604 32 68 0.046966434
862 532 19 20 0.052599985
329 600 28 72 0.06690179
970 534 14 22 0.070050284
217 597 33 66 0.07069523
219 586 24 46 0.074554294
283 633 23 48 0.07629816
582 499 39 69 0.09954341
871 525 21 21 0.10016676
900 537 21 19 0.15209338
790 524 15 20 0.18086986
565 385 16 37 0.324691
864 526 18 22 0.38849002
594 496 37 75 0.4369669
385 455 17 31 0.45282415
966 535 14 21 0.4900419
790 526 23 22 0.52690905
745 538 21 21 0.5332559
904 540 23 19 0.6118119
650 503 27 47 0.7987778
570 384 17 38 0.8502637
635 371 22 47 0.8665806
546 492 26 59 0.90491194

