2_Demonstration_Demonstrators_2_162
54
491 391 27 46 0.0105488915
547 281 13 21 0.010589787
543 276 18 32 0.01086446
614 369 37 58 0.010989684
278 366 41 66 0.011166536
487 279 11 22 0.012580447
453 351 26 44 0.012674345
191 333 41 69 0.012902982
422 439 29 45 0.013341275
457 355 18 34 0.013714081
522 304 19 34 0.014897733
629 368 41 56 0.014903479
353 374 42 59 0.01519101
477 357 13 18 0.016426682
360 353 27 43 0.016749997
276 347 38 66 0.017369878
553 428 37 70 0.019133838
404 440 52 96 0.019226953
386 314 13 19 0.019802885
193 312 38 64 0.020259902
388 318 9 11 0.020587252
619 367 22 22 0.02066251
551 298 20 20 0.020904906
631 359 25 20 0.021523284
528 315 14 20 0.02360446
572 427 49 90 0.024156632
370 376 40 63 0.02533423
521 319 19 32 0.02559425
210 326 58 84 0.026289424
316 438 48 52 0.026909577
466 342 13 19 0.028924795
364 363 23 18 0.030251453
480 360 9 11 0.03162138
616 353 30 57 0.033162255
440 455 47 91 0.033698373
469 345 8 12 0.035530213
550 294 13 20 0.039631426
247 355 55 97 0.045288533
476 398 37 68 0.048814025
548 285 18 33 0.050100163
535 398 34 77 0.0506267
489 381 35 67 0.052801583
471 356 12 18 0.06497603
523 320 21 20 0.06965194
418 430 39 63 0.09071859
472 358 9 13 0.09087328
505 386 42 89 0.091748126
246 333 51 90 0.10539045
637 359 30 39 0.11229818
564 436 38 67 0.12451366
624 360 20 35 0.34755123
501 381 35 72 0.6517247
657 352 42 56 0.8910334
584 343 32 60 0.92881054

