2_Demonstration_Demonstration_Or_Protest_2_102
257
317 627 13 19 0.010072362
710 511 8 7 0.010091768
587 656 21 20 0.010126974
695 535 10 10 0.010176972
285 633 21 30 0.010209175
941 481 18 27 0.0102414945
448 484 7 13 0.010278537
334 560 12 21 0.010295218
739 534 9 10 0.010323192
706 549 10 11 0.010354149
577 625 18 32 0.010367481
227 509 9 10 0.010383374
274 566 10 7 0.010392555
321 545 12 19 0.0105298115
438 580 10 12 0.010558561
990 516 9 14 0.010624039
35 654 21 29 0.010677607
837 454 6 7 0.0107699875
617 653 21 29 0.010791538
679 520 9 8 0.010824819
3 655 11 25 0.010834831
828 549 23 18 0.011000438
736 487 30 37 0.011007189
823 442 5 7 0.011103117
812 518 14 17 0.011107045
364 531 12 21 0.011126665
334 545 13 19 0.011146031
949 488 12 12 0.011209349
337 548 8 11 0.011260715
572 597 26 43 0.011276159
274 539 7 7 0.011277951
193 501 10 9 0.011316085
521 19 8 13 0.011318118
898 506 8 13 0.0113185495
372 10 31 14 0.011394095
85 600 28 39 0.011428743
448 591 21 20 0.011450993
653 543 22 18 0.011494152
1001 459 6 8 0.011799652
649 577 23 20 0.011814752
633 556 8 9 0.012124721
241 558 9 8 0.012124996
638 566 9 11 0.012165883
646 438 5 9 0.012178342
721 552 10 12 0.012259699
1011 576 10 29 0.012351041
982 516 12 14 0.0123747485
993 486 13 19 0.012438824
248 565 25 16 0.012576023
802 495 7 7 0.012653953
859 543 22 18 0.012678837
669 538 24 17 0.012902764
336 605 19 21 0.012968964
759 570 22 19 0.013266719
459 569 25 16 0.01326931
966 424 6 7 0.013277872
734 561 21 20 0.013451977
381 609 21 22 0.013465779
1015 489 7 11 0.013486801
1002 498 16 31 0.013565607
570 613 21 20 0.013589301
732 530 21 20 0.013684817
980 503 9 12 0.013693572
311 570 13 19 0.013722726
0 625 7 26 0.013815944
865 547 12 10 0.013974115
657 548 9 9 0.014064295
753 554 10 12 0.0141295465
701 543 20 19 0.014174358
642 549 13 18 0.014777839
840 474 7 7 0.014799015
71 568 23 28 0.014817818
772 546 11 12 0.015102771
227 580 22 19 0.015154109
839 581 22 21 0.015300677
798 528 20 30 0.015367231
160 511 8 7 0.015400428
929 466 14 18 0.015648423
270 580 14 22 0.015834583
226 511 13 18 0.01587862
629 583 8 14 0.015925877
0 629 6 16 0.015947182
617 587 19 30 0.015970374
655 541 9 9 0.016013587
1015 522 8 11 0.016113054
836 445 6 7 0.01612079
756 524 7 8 0.01644718
785 552 9 11 0.01656109
740 520 7 9 0.016809825
558 629 20 23 0.016834896
773 0 67 76 0.016850822
740 506 7 9 0.01690663
724 532 13 19 0.017038057
839 489 6 8 0.01706627
932 469 9 12 0.017076248
735 550 20 19 0.017117387
256 566 10 8 0.017287241
718 580 21 19 0.017426826
555 600 20 32 0.017550817
248 593 26 17 0.01788151
595 595 13 20 0.017960573
959 489 12 12 0.017979473
751 567 20 21 0.017998459
678 546 24 18 0.018056663
904 511 19 22 0.018285375
355 525 18 31 0.018981153
690 519 9 9 0.018986912
871 476 7 10 0.019218545
321 569 8 14 0.019321332
973 487 14 18 0.019623142
83 580 12 10 0.019726869
746 539 19 28 0.01996526
260 526 7 8 0.019996567
579 602 18 33 0.020157747
252 582 24 20 0.02015867
259 533 7 7 0.020243721
764 563 20 29 0.020433145
889 503 8 14 0.020457076
831 581 22 20 0.020688675
741 492 20 29 0.020803664
837 527 13 18 0.021053582
636 564 13 19 0.021140726
668 365 12 21 0.02130043
546 586 38 57 0.021679582
626 589 13 22 0.022131067
958 481 17 27 0.0224073
77 577 24 16 0.022619015
357 536 7 12 0.022668904
854 485 7 9 0.022726445
726 535 9 11 0.023021724
821 492 6 6 0.023120562
195 493 10 9 0.02353754
750 550 14 18 0.023789395
1001 475 7 10 0.023883238
774 438 8 10 0.023925979
552 594 28 42 0.024083829
844 522 13 16 0.024416769
437 576 13 19 0.024699867
836 532 20 27 0.024953837
688 533 22 18 0.025145216
451 566 10 11 0.025604414
723 518 7 10 0.025612427
866 540 10 11 0.025654959
263 555 8 8 0.025808508
361 518 7 12 0.025811251
449 564 14 18 0.02581455
231 561 13 18 0.02600097
996 488 8 11 0.026581846
977 502 13 20 0.026905943
272 554 9 8 0.026916275
895 503 12 21 0.027412843
523 632 20 31 0.02776358
232 564 10 11 0.027937049
848 531 9 12 0.028505575
977 490 9 11 0.028655123
817 535 8 10 0.029103292
845 528 13 18 0.029221155
455 592 23 19 0.029561428
435 571 9 11 0.029805508
642 587 20 31 0.029993774
428 566 20 27 0.03034616
547 634 21 30 0.030640887
1007 469 12 19 0.030933814
773 514 13 16 0.030945664
863 537 14 17 0.031125922
432 568 14 18 0.031639826
834 521 14 16 0.031646717
233 589 21 29 0.03298648
340 598 13 21 0.033078436
912 499 12 21 0.03310616
630 565 13 19 0.03352956
716 547 20 20 0.03378054
850 476 7 8 0.033788323
624 577 19 29 0.03400359
836 572 21 30 0.034093015
861 499 12 19 0.034111314
237 581 15 21 0.034289815
776 510 7 9 0.034770846
987 512 13 20 0.03498146
816 521 8 10 0.034985296
321 558 16 33 0.035585318
355 530 12 21 0.03586953
820 502 7 9 0.03587888
902 517 9 14 0.036188126
228 514 9 11 0.036203995
708 518 8 8 0.036269784
235 592 24 18 0.037638865
63 528 19 22 0.03813783
887 500 12 20 0.038320955
398 608 22 22 0.03924399
785 533 13 17 0.039609563
136 540 8 9 0.039851364
768 542 21 19 0.041154563
777 548 22 19 0.041506834
644 553 8 10 0.04158958
918 437 7 9 0.041790318
746 565 20 28 0.04393515
975 505 17 29 0.044250105
864 502 8 12 0.04428764
457 581 23 20 0.044343993
640 574 20 29 0.045109775
632 568 8 12 0.045195032
999 501 8 14 0.045473818
782 516 13 17 0.045666955
318 567 12 21 0.045767214
633 581 19 23 0.045978233
724 507 6 8 0.047511023
77 609 24 19 0.048003454
838 530 10 11 0.050743043
1010 473 8 11 0.051285315
1012 536 8 13 0.051613525
705 538 9 11 0.05364171
332 598 17 32 0.05389227
789 536 8 10 0.05495393
451 577 20 28 0.05877985
323 548 7 10 0.059608813
773 540 9 11 0.059998553
208 557 19 31 0.06176583
847 524 9 11 0.067928806
628 581 12 21 0.06941211
802 502 7 9 0.07412412
232 563 23 17 0.07435871
442 580 22 21 0.07473393
1009 502 8 13 0.07499493
789 505 7 9 0.077153474
800 520 14 17 0.07814405
701 535 14 19 0.078813024
929 437 7 8 0.08006662
1009 532 12 20 0.0852177
901 513 12 21 0.09028472
240 565 11 9 0.09076553
458 589 19 32 0.0948179
757 533 9 13 0.10141771
202 563 21 21 0.10167623
800 528 15 16 0.10345408
997 499 12 20 0.10461606
316 574 12 20 0.106180474
75 594 29 39 0.11484357
803 531 10 11 0.13723508
785 518 8 11 0.14947121
837 524 8 10 0.15496819
312 575 12 19 0.15710053
803 522 9 10 0.16728963
756 574 20 20 0.16991891
1006 498 12 20 0.1734746
770 537 15 18 0.17446089
775 516 8 10 0.18260075
232 573 21 29 0.2255671
755 531 13 18 0.23080757
947 485 20 20 0.27591327
774 531 29 39 0.28893098
979 512 19 21 0.3246844
393 605 19 32 0.36834058
952 486 21 19 0.43296927
670 546 23 20 0.5033276
429 602 20 34 0.53692067
265 578 20 31 0.621605

