2_Demonstration_Protesters_2_779
74
387 360 35 61 0.010392673
809 375 7 15 0.010849882
956 446 13 18 0.011058291
411 363 26 45 0.011109712
812 372 11 21 0.011167779
958 450 10 11 0.011213886
931 409 13 19 0.011306023
850 424 13 18 0.011535922
674 435 19 35 0.011821295
886 405 8 12 0.012383767
961 405 23 27 0.012949391
911 402 8 15 0.01326355
400 340 22 17 0.014703994
265 380 23 27 0.015475093
863 440 10 11 0.01625181
879 389 12 20 0.016363097
852 427 9 10 0.017042553
903 401 9 14 0.017548399
919 425 9 13 0.017897377
410 345 26 15 0.0179094
914 390 8 13 0.018159367
651 440 26 44 0.018600384
966 428 8 9 0.018976009
899 391 18 22 0.019097337
961 428 35 34 0.01941272
904 394 8 13 0.0213994
846 431 20 28 0.021928895
748 372 54 83 0.022043444
416 347 20 30 0.022221154
868 415 21 29 0.023187764
862 429 21 27 0.023577835
612 450 39 62 0.02421531
64 405 66 95 0.025620889
960 419 46 51 0.026649073
883 401 13 20 0.027479813
416 357 22 18 0.027988795
807 370 11 23 0.028495923
880 422 9 12 0.03157041
268 386 26 16 0.03406046
963 437 9 11 0.036257796
911 388 12 20 0.037291385
665 424 33 63 0.037989296
636 456 25 45 0.039395466
26 379 113 132 0.039477583
917 377 8 10 0.04139752
868 424 10 11 0.041611638
608 332 40 64 0.04197456
908 400 12 20 0.044250216
44 364 69 103 0.04627138
903 403 19 28 0.04780602
917 421 14 20 0.053717658
961 434 14 19 0.056126524
898 427 9 11 0.056583706
928 413 20 27 0.058002677
863 344 11 12 0.062580936
861 343 14 16 0.06445328
568 365 65 91 0.072883196
852 438 10 12 0.073119745
737 377 40 73 0.074519575
876 419 14 18 0.08103931
895 423 14 18 0.082976475
902 397 13 20 0.11985271
855 435 22 19 0.122571595
863 421 21 19 0.12903364
698 423 23 49 0.13853845
117 409 58 84 0.16892883
109 420 51 61 0.1793641
850 435 15 18 0.22130279
931 416 14 19 0.4769882
727 364 63 86 0.6453097
558 400 74 101 0.7439873
976 415 43 54 0.8610201
616 228 24 43 0.9165397
10 340 89 151 0.99510986

