2_Demonstration_Political_Rally_2_891
40
164 229 18 34 0.010038811
26 266 20 24 0.010093979
145 255 9 13 0.0103112
125 231 19 34 0.010372572
280 264 35 72 0.010375974
121 227 27 42 0.010714389
126 234 12 20 0.011071555
166 238 12 19 0.0129555
167 241 9 12 0.013436146
285 236 161 218 0.013632513
9 480 43 117 0.014418239
3 247 9 33 0.014726774
143 252 12 20 0.014849378
132 256 9 13 0.015213491
125 227 13 20 0.015493542
77 241 9 16 0.016067864
51 265 19 23 0.019647766
130 253 12 20 0.02056104
159 249 19 31 0.021414027
248 195 41 65 0.026902832
466 35 178 207 0.028470712
10 253 16 34 0.03184124
873 137 30 79 0.04403576
26 240 20 22 0.044347998
243 276 33 64 0.048768945
222 292 40 62 0.05693821
163 258 9 13 0.061796676
160 255 13 19 0.105777174
189 382 39 71 0.11688065
249 169 46 104 0.15571775
310 319 129 133 0.16502705
72 239 12 20 0.17196892
61 255 16 32 0.19748552
243 178 39 74 0.2823559
234 279 33 65 0.3110987
33 258 18 36 0.36113456
183 370 36 77 0.49312484
32 379 38 69 0.5880217
514 43 104 187 0.9969554
327 271 92 174 0.9989687

