2_Demonstration_Demonstration_Or_Protest_2_368
218
498 236 8 10 0.010046126
955 285 22 19 0.010066405
481 233 8 10 0.010309346
37 218 9 9 0.01053574
1015 245 7 13 0.010617205
804 278 9 10 0.010638238
621 230 23 18 0.0107582025
335 242 12 19 0.010902292
615 199 7 8 0.010929263
298 225 18 28 0.011055147
879 250 12 27 0.011066115
351 240 12 19 0.011159536
676 250 18 31 0.011230267
478 242 14 18 0.011365362
855 247 8 11 0.011586107
527 226 9 12 0.011668866
52 206 8 8 0.011676616
39 253 22 20 0.011793682
668 261 23 17 0.0118227545
48 248 11 10 0.011887601
65 210 14 16 0.011889216
323 231 6 10 0.012157697
851 232 7 10 0.0121889245
597 212 9 10 0.012212543
932 250 6 8 0.012267543
8 221 20 19 0.012331082
595 209 13 18 0.012353879
213 217 6 8 0.012483297
166 241 13 16 0.012703592
701 257 14 16 0.012819138
433 241 14 18 0.0129634775
545 244 21 18 0.013146222
1006 228 18 22 0.013180134
5 224 10 14 0.013420676
606 212 13 18 0.013679367
455 223 19 28 0.0138103645
0 198 8 11 0.013979267
103 200 7 8 0.014125708
341 232 7 10 0.014209882
328 257 8 12 0.014266408
565 230 9 11 0.014386419
966 293 28 43 0.014696803
724 231 12 20 0.0147616025
853 257 12 23 0.014847243
193 216 8 8 0.015262168
337 245 8 12 0.01536082
519 219 9 11 0.015437297
100 224 18 28 0.015566058
274 244 14 18 0.015658466
781 247 9 9 0.015666207
247 248 9 8 0.015743965
619 220 17 30 0.015802601
36 249 12 13 0.01601306
577 228 11 11 0.01643354
548 231 8 10 0.01660342
907 276 19 33 0.016830493
951 253 6 8 0.017281557
354 243 8 12 0.017961701
68 241 10 12 0.018024035
1011 227 11 24 0.018302983
907 293 21 21 0.018350327
437 245 9 12 0.01856275
870 234 7 10 0.018959163
603 229 21 19 0.019034438
322 245 13 19 0.019078603
515 240 19 29 0.01908206
155 217 14 15 0.019132737
82 213 14 16 0.019184278
704 260 9 10 0.019286735
2 269 10 27 0.019441715
203 251 20 28 0.020327216
6 217 9 14 0.02036051
726 234 7 10 0.021376144
609 217 8 10 0.02163476
253 245 14 17 0.02213693
37 227 14 17 0.022190778
66 238 13 17 0.022243258
813 240 19 31 0.022633651
168 244 9 11 0.02263996
38 229 11 12 0.02274311
374 227 10 14 0.02288832
666 274 24 17 0.023786794
869 248 7 11 0.023842612
566 240 23 19 0.02409653
935 264 7 10 0.024380488
973 270 21 19 0.024761459
188 228 14 15 0.024805905
879 241 12 27 0.024982115
960 285 38 59 0.025045946
304 234 9 13 0.026262434
356 232 7 10 0.026818793
177 227 14 16 0.026949171
833 243 18 32 0.02707223
81 227 13 18 0.027140807
126 208 13 16 0.027210822
950 276 10 12 0.027376978
198 245 10 10 0.027739536
114 199 7 8 0.029108353
583 237 17 30 0.029150318
295 241 9 13 0.030212102
772 243 13 18 0.030435793
574 216 20 18 0.030642105
964 251 7 10 0.03163926
325 248 8 12 0.032853164
295 233 9 13 0.03287401
501 244 9 11 0.03297991
562 228 20 20 0.03310638
867 251 12 24 0.033871956
691 264 12 10 0.03523943
35 252 15 19 0.035317466
979 263 9 11 0.03537507
179 221 8 9 0.035615686
50 209 13 16 0.036516644
499 241 14 18 0.037193675
0 266 17 33 0.037317276
868 244 12 23 0.037553973
157 225 14 16 0.038287565
580 217 9 10 0.038471863
295 238 13 18 0.038518716
464 231 7 13 0.038884435
3 219 17 21 0.039490785
592 242 23 18 0.040546898
959 280 10 12 0.040744033
563 245 12 12 0.042180248
304 238 10 15 0.044889838
145 217 20 16 0.045985054
518 216 13 20 0.047496494
482 246 8 9 0.04786213
1012 239 11 26 0.049269937
277 248 9 10 0.04969294
941 268 17 31 0.04978407
48 229 10 11 0.05022719
146 241 14 18 0.051632494
224 245 8 9 0.051767256
1012 259 9 13 0.052829172
556 236 18 29 0.057988428
636 235 23 20 0.05844673
117 214 8 9 0.058530696
224 234 8 9 0.05862603
964 272 20 31 0.05920381
967 260 8 11 0.05969006
45 227 14 17 0.06112973
519 217 21 19 0.06118342
148 244 10 12 0.06209446
83 230 8 10 0.062198013
965 257 13 19 0.06340881
831 243 9 12 0.06346693
685 260 23 17 0.064415164
158 219 9 10 0.06528047
828 241 13 19 0.06533931
825 243 9 12 0.06747036
823 240 13 19 0.07125146
256 231 7 9 0.07134696
257 248 8 10 0.07208474
648 232 18 30 0.07391832
617 241 23 20 0.07467724
455 238 12 18 0.07573542
149 223 14 17 0.076119535
645 229 23 20 0.0778137
984 260 21 21 0.07828136
947 262 13 18 0.078568265
160 227 10 11 0.08130827
295 230 12 20 0.08259298
6 216 22 19 0.08668125
191 230 10 10 0.086925894
180 229 8 10 0.08800156
523 221 14 19 0.08863022
505 244 22 19 0.0897669
456 241 9 13 0.09466941
151 226 9 12 0.09610091
248 231 7 8 0.0977691
39 245 21 20 0.09792708
129 205 7 10 0.10103598
460 228 12 20 0.10234555
215 231 8 8 0.10788682
68 231 14 17 0.108667575
68 214 9 8 0.11097484
207 244 14 16 0.1149506
97 229 10 11 0.11938491
894 240 18 34 0.120780155
101 218 8 8 0.12689875
1003 240 17 35 0.12918691
775 246 8 10 0.13348536
725 241 9 14 0.14067303
94 226 14 18 0.14895964
949 264 8 10 0.14988557
464 243 9 12 0.15908921
461 240 13 18 0.19742137
431 230 9 13 0.19936304
1009 254 13 21 0.20439664
424 226 13 19 0.21019354
5 214 13 22 0.21917391
70 233 9 11 0.22189425
52 212 9 9 0.23851047
456 230 8 13 0.23908596
947 272 19 21 0.24273172
210 246 10 10 0.24529158
129 210 9 10 0.24891111
605 241 22 20 0.27100876
454 228 12 19 0.2727823
974 258 20 21 0.2874294
174 243 14 16 0.29754323
375 224 20 22 0.29849064
571 223 20 21 0.31533206
723 238 13 19 0.32255277
952 277 20 20 0.3299986
516 221 19 22 0.33050153
300 232 14 20 0.35100225
428 228 13 18 0.35563225
85 216 8 9 0.3608546
34 246 19 21 0.36290604
612 239 18 31 0.37670645
149 219 11 12 0.3805849
559 241 20 20 0.40603667
641 230 21 21 0.45082062
373 223 14 21 0.45968372
876 235 24 43 0.6679502
737 217 28 43 0.9135441

