2_Demonstration_Demonstrators_2_781
113
360 202 8 12 0.010137496
417 186 7 8 0.010143282
505 179 9 11 0.010211478
447 214 14 17 0.010246711
505 210 37 52 0.010420118
666 170 6 10 0.010521716
817 232 13 11 0.010580408
699 118 43 57 0.0108519085
756 223 35 57 0.010965538
895 235 9 10 0.011456845
887 237 10 11 0.011473366
0 15 34 129 0.011477022
122 225 24 17 0.01154904
997 251 18 33 0.01169894
479 215 21 33 0.011873591
754 238 33 59 0.011929138
797 230 22 18 0.012235643
71 220 10 8 0.013062059
436 219 13 16 0.013063522
509 172 9 10 0.013245333
244 132 29 40 0.0135409925
761 217 23 16 0.013978359
895 243 11 11 0.0141337775
760 196 22 18 0.014404815
887 243 10 12 0.014472207
502 224 26 19 0.014549726
787 236 11 11 0.014606223
129 230 10 8 0.015186161
8 217 5 8 0.0153404
651 188 7 9 0.015787555
808 224 27 38 0.016401764
425 194 16 32 0.016663719
447 227 8 9 0.017418507
766 201 21 30 0.017433211
888 233 22 17 0.018429166
853 247 12 12 0.018752296
407 179 8 8 0.019836832
503 175 13 18 0.020007294
702 226 36 41 0.02011681
82 208 10 7 0.020730656
482 202 21 35 0.021111403
885 240 14 18 0.021194065
673 151 7 10 0.021360667
358 205 12 20 0.021400282
456 212 30 38 0.021743206
129 214 15 16 0.021887269
359 208 9 14 0.02195753
920 231 26 18 0.022295486
984 443 39 137 0.023322914
75 211 24 15 0.023698317
1014 248 8 13 0.02371358
862 246 13 12 0.023777898
1004 447 16 159 0.024673516
45 194 14 16 0.026130263
999 237 18 32 0.026366673
912 231 25 17 0.026717713
978 249 14 20 0.026979674
707 208 47 74 0.029435778
424 228 6 8 0.031653624
938 227 25 19 0.033205062
970 255 23 29 0.03327903
863 241 21 27 0.03372339
841 236 20 27 0.034739662
928 276 33 40 0.036522597
115 232 12 8 0.039107975
776 167 7 9 0.039342485
779 234 23 17 0.044283107
108 228 24 16 0.04539732
666 145 6 12 0.04981583
1011 243 11 23 0.05005327
666 141 6 12 0.057462938
436 223 13 17 0.05779608
763 245 24 18 0.06732442
225 139 42 57 0.06777816
758 256 25 20 0.06964261
749 247 28 43 0.07236342
502 211 25 19 0.0740032
42 201 7 9 0.07471003
745 229 25 17 0.074817695
748 230 27 42 0.07543001
992 241 22 21 0.079998314
889 239 21 19 0.08270404
780 238 23 19 0.088944905
132 217 9 9 0.0943704
656 186 7 10 0.09888089
922 227 45 46 0.110745475
853 244 15 18 0.11650422
48 197 9 9 0.11864753
82 213 12 8 0.1193619
507 216 28 37 0.1215727
537 204 31 36 0.12292906
975 253 21 21 0.12704483
450 219 7 7 0.14898632
424 221 5 8 0.15085962
758 245 25 43 0.1616363
763 227 23 19 0.171331
769 233 20 32 0.18745583
439 223 7 8 0.19716789
528 190 23 21 0.22020613
546 151 46 61 0.2998849
438 226 9 10 0.32468802
522 190 20 31 0.34828395
928 229 34 34 0.39033872
856 243 21 20 0.3969102
463 200 27 45 0.39890298
812 228 22 19 0.48767087
922 258 44 56 0.5785281
535 213 27 40 0.6814054
697 215 44 62 0.8073591
230 129 37 52 0.8232231
259 168 42 68 0.8613908
467 197 36 54 0.87146896
395 190 18 37 0.92809314

