2_Demonstration_Protesters_2_352
62
446 640 48 44 0.010242292
766 111 31 36 0.010692457
457 603 43 81 0.011053901
459 628 30 45 0.011352933
597 189 33 42 0.011687495
182 440 31 14 0.0121504385
62 493 23 51 0.012331534
389 225 12 17 0.0130358795
359 489 35 65 0.0134201525
212 531 34 39 0.014991128
100 268 6 11 0.015606407
817 476 18 35 0.015996458
676 234 10 11 0.016972281
666 234 27 39 0.017430793
195 519 40 56 0.01808035
13 241 13 19 0.018085444
137 218 8 10 0.01882138
930 203 14 17 0.020050697
350 516 40 60 0.02266387
194 231 6 10 0.024059715
670 233 21 18 0.024553036
0 489 35 130 0.025372474
194 200 6 9 0.025909435
682 546 31 46 0.027203003
951 505 37 37 0.02771466
171 434 26 17 0.028681202
379 277 7 10 0.029184276
736 137 29 39 0.032475516
402 237 6 8 0.036174115
197 216 6 8 0.037873734
136 234 8 10 0.040493634
472 37 34 69 0.04068682
4 485 31 77 0.04191545
388 216 13 19 0.042065058
438 483 26 47 0.046990268
1 174 14 38 0.04881959
391 220 8 12 0.050712723
610 638 42 46 0.051294513
950 507 45 59 0.05134949
206 524 44 55 0.05286816
165 427 20 30 0.055349037
64 220 19 17 0.060647313
929 509 45 58 0.07005148
672 239 20 20 0.08065235
68 222 11 13 0.08749318
686 538 43 60 0.100326516
468 613 33 65 0.11705352
383 276 6 10 0.119152874
391 228 8 11 0.12769325
822 492 35 62 0.19089998
454 618 39 64 0.19472381
2 507 30 75 0.22134173
827 508 38 60 0.24167888
943 499 48 52 0.30576384
148 220 13 16 0.32123157
149 225 10 13 0.43793535
67 224 14 16 0.5489242
132 470 33 40 0.60322744
424 478 36 61 0.6413548
680 523 34 77 0.72969896
134 422 32 39 0.74221325
585 190 41 52 0.9336383

