2_Demonstration_Political_Rally_2_985
101
103 409 23 17 0.010263776
339 252 5 11 0.010313234
275 206 6 14 0.010405349
252 467 45 59 0.010500773
273 210 10 20 0.010526414
89 433 25 17 0.010597694
746 587 235 214 0.010726163
135 409 10 9 0.010752039
385 360 12 21 0.010871606
405 375 13 19 0.0109806545
79 426 11 10 0.011057139
96 429 13 10 0.011070161
111 559 19 19 0.011084374
35 413 11 10 0.011223894
139 494 23 27 0.011264672
3 410 13 18 0.011624186
193 449 20 19 0.011651577
416 395 7 11 0.012492111
384 375 13 18 0.0127529185
96 408 22 17 0.013058309
10 429 18 30 0.0132275205
272 200 11 23 0.013487891
324 418 25 52 0.014136754
282 440 38 68 0.01430803
991 382 21 35 0.01446978
214 435 37 65 0.0146122435
388 366 7 11 0.015260556
162 424 11 10 0.015367195
62 434 22 18 0.015880266
196 447 19 33 0.016047802
5 414 9 11 0.016845576
148 421 14 17 0.017761612
397 400 14 19 0.018006768
144 409 10 10 0.018131768
103 458 34 33 0.018685207
168 424 20 29 0.018983027
347 368 20 20 0.019469196
63 427 22 17 0.020863486
112 441 40 48 0.020967955
185 417 37 57 0.020986587
788 296 11 14 0.022236016
599 303 7 8 0.022599557
2 515 10 28 0.022759087
625 290 12 16 0.022970235
69 430 11 10 0.02389388
547 478 46 59 0.024181796
986 368 30 39 0.026054827
76 423 21 19 0.026776314
150 425 10 10 0.026875274
362 409 18 33 0.027339388
88 419 31 32 0.02734701
192 442 28 42 0.02738243
408 379 7 10 0.02807974
481 479 32 38 0.029128937
193 429 19 32 0.029406644
187 434 38 58 0.030509837
124 423 22 17 0.03172214
611 299 7 9 0.032751463
188 425 28 42 0.034258403
355 229 6 13 0.035940994
968 373 41 52 0.03620101
156 419 21 19 0.036766157
350 361 13 22 0.036942896
640 294 13 16 0.038309462
123 456 24 20 0.039699752
23 448 22 28 0.039997216
275 213 7 13 0.04334986
364 407 23 21 0.043789588
387 378 8 10 0.04439282
389 393 14 21 0.046029318
193 443 10 12 0.046941914
785 290 17 33 0.048741356
382 401 22 20 0.051728953
414 419 13 19 0.05182012
130 428 10 10 0.056545906
766 576 114 150 0.058333647
78 543 19 20 0.061437678
416 422 9 12 0.069094166
319 427 37 68 0.073278084
774 549 178 205 0.08251576
347 355 18 30 0.09793617
627 292 9 12 0.102172375
191 440 14 18 0.114094235
655 297 13 16 0.11411198
598 314 7 10 0.12002384
16 450 21 31 0.13623168
642 296 9 11 0.16602266
390 389 17 30 0.1775558
625 288 10 11 0.17807423
95 551 14 18 0.22046116
657 299 10 12 0.22436531
787 292 13 20 0.25713542
392 395 21 21 0.28365168
981 371 38 53 0.38652506
76 540 15 19 0.3942393
91 425 22 19 0.41011602
117 447 30 35 0.41471803
366 402 18 35 0.5237834
114 555 14 19 0.5833549
558 460 52 89 0.6376339
803 568 110 183 0.9272596

