2_Demonstration_Demonstration_Or_Protest_2_617
56
370 434 14 22 0.010591225
229 424 32 37 0.01100694
271 478 53 50 0.011246247
295 437 21 30 0.011929548
325 440 21 34 0.011970338
295 434 12 9 0.0123389475
223 420 43 53 0.012716326
544 394 23 27 0.012993873
292 435 30 39 0.013036548
232 410 25 15 0.014032296
412 455 26 15 0.015589632
506 415 22 19 0.015592339
655 479 41 58 0.015611615
593 506 51 53 0.016132304
967 376 29 91 0.016254533
1011 18 12 48 0.017457142
299 435 25 16 0.019271445
426 451 29 16 0.01927505
307 436 10 9 0.019596377
823 547 76 68 0.020046154
17 480 43 57 0.020541677
273 451 57 71 0.025199085
545 382 21 31 0.025493931
805 528 116 87 0.025703741
998 111 26 83 0.02689665
0 423 23 39 0.027472397
311 437 25 17 0.027638339
246 479 61 46 0.027748983
709 512 36 61 0.028321654
660 463 31 41 0.03077737
484 404 20 31 0.03081271
148 412 50 51 0.030871604
289 432 22 17 0.033121753
233 411 21 30 0.036752127
641 479 39 60 0.040575698
156 406 38 36 0.052816074
1017 25 7 39 0.05347952
19 402 33 36 0.06666798
477 419 42 53 0.068755575
377 436 21 29 0.071485005
256 458 45 61 0.09577707
233 414 24 18 0.10075567
733 65 57 85 0.11056171
584 481 42 61 0.118216634
418 445 30 37 0.13524142
999 107 21 57 0.15829901
366 430 20 32 0.18293503
744 80 58 82 0.24334562
589 487 48 66 0.34079143
312 435 38 56 0.4680233
646 454 38 57 0.5359618
415 454 36 36 0.54767734
152 398 48 53 0.6108238
9 402 29 40 0.61462617
541 436 38 50 0.70412874
54 417 50 59 0.7666871

