2_Demonstration_Political_Rally_2_637
100
832 359 22 19 0.010019978
456 384 17 42 0.010151976
636 269 13 18 0.010223679
906 401 24 17 0.010363603
5 580 40 134 0.010380846
12 301 14 43 0.010382203
589 360 18 34 0.010657171
316 440 44 55 0.010683482
606 345 32 61 0.010903557
854 389 45 49 0.011280444
801 375 22 29 0.011343256
609 361 19 22 0.011532362
778 377 20 31 0.011625168
845 380 22 19 0.011779768
676 352 32 58 0.012037969
626 288 9 12 0.012049294
11 241 16 37 0.012984788
616 390 17 35 0.013098154
374 411 28 42 0.013546255
288 362 23 33 0.014098037
262 420 28 46 0.014594073
875 407 23 18 0.014649408
460 362 17 43 0.015228551
870 424 25 25 0.01557205
613 295 19 20 0.016369907
275 440 38 55 0.017303549
607 341 18 34 0.017408725
783 390 14 21 0.018355027
280 418 35 61 0.018527713
38 379 25 45 0.01866061
35 364 24 48 0.019044414
696 391 24 18 0.019052353
617 280 19 30 0.019536745
257 470 49 101 0.01954056
639 272 8 11 0.019783286
768 397 25 17 0.020127943
441 401 34 69 0.020480331
375 359 29 41 0.021277042
799 388 39 53 0.022486106
655 394 18 33 0.022942156
815 401 25 16 0.023017043
753 319 11 11 0.02372048
369 403 37 60 0.02373949
361 415 23 32 0.024183022
0 343 24 70 0.025123594
279 446 30 39 0.025336128
747 317 22 18 0.025556033
878 402 11 9 0.025661448
687 361 19 23 0.02639178
892 401 24 18 0.029166583
824 400 25 16 0.030377705
416 402 38 65 0.030784974
624 361 20 22 0.031289913
846 393 22 17 0.03146523
867 402 10 9 0.03532407
833 388 34 35 0.03571839
815 407 26 17 0.036607496
869 398 24 27 0.03923092
422 385 36 62 0.04264882
782 382 23 17 0.043243848
254 439 38 64 0.043687165
826 383 46 49 0.044935614
373 395 27 44 0.045672182
624 286 13 20 0.047816996
852 397 10 9 0.048173457
905 406 22 21 0.04876453
860 398 24 16 0.049268458
872 399 23 17 0.049806993
793 379 24 17 0.049824417
803 391 30 37 0.0501951
52 387 37 59 0.052198313
876 426 23 18 0.053129777
226 467 42 58 0.056676015
839 365 31 37 0.059379302
617 292 20 21 0.0636416
50 405 38 59 0.06424074
631 362 21 21 0.066007756
260 354 44 48 0.076924734
894 405 23 20 0.07915323
257 412 36 65 0.08027085
2 322 19 59 0.084073044
637 355 17 33 0.100580804
799 407 42 54 0.11706812
0 347 18 50 0.12003016
325 424 32 38 0.12234783
356 406 38 50 0.1319621
616 355 17 35 0.1383791
778 385 21 31 0.21085785
669 387 25 43 0.21175195
684 359 19 33 0.24984245
899 402 24 28 0.25503606
556 359 17 37 0.3060093
447 369 33 68 0.35876423
738 94 39 81 0.42018336
453 355 30 67 0.51009357
363 404 28 39 0.55755174
6 384 24 47 0.7204742
729 405 28 39 0.861588
279 351 38 49 0.90824884
160 385 34 65 0.9363294

