2_Demonstration_Political_Rally_2_335
320
756 10 10 12 0.010152762
717 439 54 84 0.010182155
1 75 11 13 0.010186457
467 253 41 66 0.010201271
582 120 26 17 0.0102351885
853 167 30 39 0.010280229
68 189 30 40 0.010285694
167 136 27 19 0.010390751
192 55 19 28 0.010551929
231 3 12 22 0.010737401
338 467 47 83 0.010767489
870 69 23 20 0.010786766
704 152 29 38 0.010975099
754 7 13 18 0.011037639
4 494 26 54 0.011082059
220 504 29 72 0.011241221
741 25 13 18 0.011272237
811 102 26 17 0.011393214
59 88 23 20 0.011552393
206 3 18 30 0.011656444
440 616 36 70 0.01166157
463 49 19 31 0.011744611
1016 286 7 38 0.012217785
410 238 37 69 0.012282285
816 20 12 21 0.0123388255
586 103 27 17 0.012431621
67 10 12 11 0.012710364
809 51 22 19 0.012749845
573 526 49 93 0.012751442
213 15 12 20 0.012771242
975 19 13 20 0.012844217
662 37 10 15 0.013032433
713 79 21 22 0.013132519
65 124 28 39 0.013138949
529 585 58 90 0.013318404
933 28 10 14 0.013323036
953 116 20 33 0.0133378245
469 56 13 22 0.013540356
690 16 13 19 0.013659913
67 26 13 11 0.013728562
450 254 33 61 0.013737539
666 511 42 66 0.013755104
977 4 14 19 0.013811118
399 62 18 31 0.013911435
904 56 20 28 0.0139161395
0 169 18 51 0.013957942
470 41 26 43 0.013993102
886 21 13 20 0.014003731
199 92 21 28 0.014005701
411 67 12 22 0.014038306
798 131 24 19 0.014044446
162 73 22 19 0.014055562
821 105 29 17 0.014078749
102 65 12 21 0.014083681
479 31 13 21 0.014112798
315 54 20 22 0.014153332
183 23 20 21 0.014180729
900 5 13 19 0.01429409
868 80 22 28 0.014298719
358 168 30 41 0.01442358
669 208 35 58 0.014578234
782 39 12 20 0.014592998
813 39 13 20 0.014708366
473 56 20 21 0.014900189
7 83 18 33 0.01491549
663 36 20 21 0.014970624
175 31 21 18 0.015291055
773 111 28 39 0.015324929
480 26 13 20 0.01557534
653 27 22 26 0.015774697
271 192 40 54 0.015804004
1 8 12 19 0.015877115
576 66 23 19 0.016229047
943 411 41 62 0.016369056
915 22 14 19 0.01637983
257 204 30 39 0.016479323
15 82 24 17 0.016577398
641 406 53 76 0.016658407
685 59 22 19 0.016858494
213 40 12 19 0.016878951
909 56 13 21 0.017109526
3 11 9 12 0.017144507
784 17 12 21 0.01719856
72 52 21 21 0.017232988
32 33 22 25 0.01777536
804 172 26 44 0.017875716
407 427 38 67 0.017991206
99 539 30 73 0.018084342
794 140 30 38 0.018088851
1 513 41 110 0.01843531
109 61 21 29 0.018439224
614 54 23 18 0.018476104
96 523 30 69 0.018734153
699 123 25 27 0.018950012
738 36 20 20 0.018968495
973 0 13 12 0.01919424
414 86 12 25 0.019234952
61 7 23 17 0.01970481
209 623 37 63 0.019730749
562 117 23 19 0.01977363
206 97 23 19 0.020032417
701 72 22 20 0.020074349
160 82 24 19 0.020186502
785 9 8 14 0.020380214
0 122 22 44 0.020613724
172 19 18 26 0.020618249
35 60 21 27 0.020662049
325 423 36 74 0.020891132
300 48 18 29 0.020977585
34 40 15 12 0.021140926
265 148 24 20 0.021148436
159 124 31 32 0.021259146
688 64 21 20 0.02127741
284 104 31 34 0.02137176
236 1 11 22 0.021667393
855 52 24 19 0.021916483
743 50 21 29 0.022333186
1006 270 18 62 0.022340372
892 218 33 38 0.022669131
919 97 21 22 0.02305529
637 292 34 62 0.02362404
758 233 31 59 0.023653045
703 64 23 27 0.02396344
496 233 35 62 0.02409991
1006 286 17 69 0.024462773
120 70 12 22 0.024978658
323 100 22 31 0.025082687
783 7 11 20 0.025093585
764 453 35 71 0.025139423
311 187 30 38 0.025182726
1 25 9 14 0.025184672
1 33 13 21 0.025687423
8 553 42 122 0.0262731
713 73 20 21 0.026391793
923 89 20 29 0.026403973
819 325 32 77 0.026591804
242 93 20 30 0.026610136
906 65 19 22 0.026683686
554 110 28 37 0.026702018
691 11 12 18 0.026889697
776 160 26 20 0.027794745
603 554 37 77 0.02795074
244 224 33 66 0.028088342
167 77 21 29 0.028198164
465 30 18 30 0.02848574
475 28 20 30 0.028797027
750 53 20 20 0.0288884
178 190 35 34 0.02932029
122 120 24 19 0.029553508
536 250 30 72 0.02961631
455 114 22 22 0.029932905
10 29 23 17 0.030878978
571 191 32 35 0.031077255
61 58 23 18 0.03121905
126 346 37 64 0.031305842
822 69 27 19 0.03138223
73 90 23 21 0.03194592
309 544 31 81 0.032185677
840 53 24 19 0.032408014
750 249 26 46 0.03325033
776 90 20 30 0.033378907
566 119 25 19 0.033443894
825 94 23 27 0.034442544
537 228 33 67 0.035052396
123 72 13 21 0.03527789
203 54 13 20 0.035388563
718 6 13 19 0.035713937
824 104 29 37 0.03599619
539 145 34 32 0.03620433
32 550 28 86 0.03634209
778 98 24 19 0.036584448
533 205 38 54 0.03674027
191 114 24 27 0.0368764
310 315 38 83 0.03749886
5 26 20 28 0.037699122
5 536 23 106 0.038577873
40 81 23 21 0.03972024
62 35 22 19 0.04125409
311 49 12 23 0.04180133
23 55 25 17 0.042442862
747 177 32 35 0.043089975
9 59 19 29 0.043164514
466 27 13 21 0.043226957
59 65 23 20 0.043381233
277 311 35 81 0.04445867
349 210 38 56 0.044653025
126 107 27 36 0.04477879
561 558 57 99 0.045082916
338 499 55 91 0.046032354
566 192 35 58 0.04614433
938 396 34 70 0.046672877
249 540 46 99 0.04707009
931 26 13 20 0.04807238
841 194 36 64 0.048474718
117 338 38 62 0.048491396
611 398 38 70 0.049671575
412 85 19 30 0.050080698
339 268 41 68 0.05167538
348 227 39 56 0.05204187
832 58 19 29 0.05336721
408 64 12 23 0.054570056
346 53 18 31 0.05650625
652 121 28 38 0.05709501
66 54 22 29 0.05884872
812 72 23 19 0.059505705
333 33 13 19 0.06023218
186 117 26 19 0.060929727
24 396 37 74 0.06097444
640 225 37 54 0.06112401
295 97 20 32 0.061846595
520 196 29 42 0.062426444
63 23 22 18 0.06278077
141 222 29 40 0.06346022
450 111 28 39 0.06394291
481 425 32 81 0.06448611
261 147 30 34 0.06518665
139 144 30 34 0.06538799
876 300 31 64 0.06540339
815 78 22 30 0.065569036
336 421 41 77 0.06586158
37 79 20 31 0.06676111
172 56 21 18 0.06678076
880 146 33 35 0.06740687
798 121 30 37 0.06770448
370 197 36 59 0.06786541
274 177 36 54 0.06815504
645 84 24 27 0.06944964
827 414 34 71 0.07030843
212 8 12 21 0.07109887
168 184 33 35 0.07185629
632 384 33 76 0.07188374
0 23 12 20 0.07202338
856 40 22 19 0.07221011
573 138 31 35 0.07228466
353 149 37 52 0.07572544
661 33 13 21 0.0765875
571 119 30 37 0.07768369
3 211 33 63 0.08446565
70 86 22 31 0.08471411
665 170 35 54 0.086859114
773 194 31 58 0.08743038
776 54 19 22 0.08792973
34 215 28 43 0.08818219
909 5 14 20 0.08906368
775 152 26 41 0.08934834
209 275 38 76 0.08951232
31 81 24 20 0.09065405
442 638 53 48 0.09090235
830 176 30 39 0.0910391
168 74 22 20 0.09255718
24 0 23 13 0.09834551
78 390 41 71 0.099251464
471 286 36 65 0.09990164
198 57 14 18 0.100877285
454 645 40 41 0.10238956
187 256 35 58 0.10288384
865 64 21 30 0.104058206
38 563 30 82 0.10518787
12 52 23 18 0.105929606
858 113 24 29 0.10848689
86 229 32 61 0.110537805
148 216 31 38 0.11191293
30 137 26 43 0.11306094
249 95 20 32 0.1148444
470 164 33 55 0.11502513
705 308 37 74 0.11815619
233 173 32 35 0.118994884
932 31 13 20 0.11970062
940 111 27 38 0.12094888
11 33 24 19 0.12128553
832 55 23 19 0.12304231
104 140 26 39 0.12450612
691 207 37 52 0.12602869
61 192 34 56 0.12827902
759 170 28 43 0.12949902
28 38 23 17 0.1295965
255 187 30 37 0.1309424
479 121 28 42 0.13229722
822 454 58 100 0.13412529
658 224 36 62 0.13642329
607 158 31 40 0.1375374
0 228 26 45 0.13943818
673 408 40 79 0.14088668
441 152 29 39 0.14173993
730 75 28 39 0.14247002
574 318 34 68 0.14918914
231 224 36 55 0.14920837
581 466 32 84 0.15693988
384 325 36 74 0.15827705
986 5 21 20 0.15975316
269 253 43 74 0.16021839
737 442 38 70 0.16046722
321 103 32 33 0.16052468
178 26 19 20 0.16057894
0 134 22 46 0.1616466
663 121 31 39 0.16204084
581 60 22 30 0.16458064
140 96 21 31 0.16865788
336 53 18 32 0.17305335
279 416 39 82 0.17495283
0 72 16 20 0.17495763
404 253 39 70 0.17666177
488 237 33 64 0.17946437
3 394 33 76 0.18244873
614 76 30 35 0.18275371
146 142 36 31 0.18289378
448 363 32 76 0.19229124
741 137 27 39 0.19326986
61 134 27 45 0.20158339
666 62 29 34 0.20204945
152 242 32 60 0.21634956
847 204 38 63 0.21984705
898 324 34 84 0.2237169
922 192 28 39 0.2444335
876 150 27 40 0.28692162
140 474 33 77 0.29388523
5 327 39 55 0.31472856
1 485 35 74 0.31519833
111 257 39 58 0.3252995
783 561 66 84 0.3838563

