2_Demonstration_Demonstration_Or_Protest_2_98
731
782 276 11 19 0.010035519
256 121 6 9 0.010043964
809 154 7 10 0.010070787
1015 93 5 11 0.010130919
34 140 6 9 0.010205995
648 252 7 9 0.010251229
584 190 7 10 0.010258711
677 136 5 8 0.010311585
180 60 6 8 0.010356249
527 294 7 12 0.0104153445
147 92 6 8 0.010431556
187 355 26 17 0.010470786
736 123 6 9 0.010477027
371 200 7 11 0.010528321
887 79 5 8 0.010551728
533 221 6 8 0.010609249
376 94 6 11 0.010622075
676 185 7 8 0.01066391
321 310 8 13 0.010685176
386 200 7 10 0.01069116
462 316 9 11 0.010700485
276 300 7 12 0.01082937
523 60 6 9 0.010869801
709 613 26 43 0.010877555
788 76 5 9 0.010878839
919 139 6 8 0.010882476
262 309 7 13 0.010918882
404 74 6 10 0.010923702
152 75 5 8 0.010959028
320 61 6 9 0.010998352
385 294 8 11 0.011176613
623 108 6 9 0.011214514
744 215 6 10 0.011243379
595 122 7 9 0.01126524
122 202 5 7 0.011273507
222 299 13 18 0.011293168
723 137 6 10 0.011321448
102 284 8 10 0.0113311075
183 140 5 8 0.011342914
404 58 6 9 0.011376458
21 141 6 10 0.011409014
747 183 7 11 0.011537337
269 312 11 18 0.011545692
306 218 9 9 0.0115528
529 123 6 8 0.011643635
799 323 11 19 0.011714288
309 205 9 8 0.011791864
754 6 7 11 0.011806004
279 219 7 8 0.0118255345
415 498 21 32 0.01185249
56 112 6 8 0.01186002
818 89 6 9 0.011862776
885 107 5 7 0.011880893
590 467 21 21 0.011960377
998 216 7 9 0.012033383
758 252 5 9 0.012057017
4 254 6 11 0.012142811
804 122 12 19 0.01218637
196 124 5 7 0.012187087
499 284 7 8 0.012237245
8 90 6 10 0.01223872
320 72 6 10 0.012256459
967 109 6 9 0.012269761
154 598 35 58 0.012273084
905 92 5 8 0.01228722
392 160 7 10 0.01230952
338 270 7 10 0.012326431
989 232 12 18 0.012335381
759 283 6 11 0.01239302
425 125 5 8 0.012407794
725 107 6 9 0.0124094775
606 270 8 11 0.012418076
319 41 6 8 0.012445228
54 75 5 8 0.012456649
636 612 34 44 0.012504076
532 107 6 8 0.012567848
629 123 6 10 0.012650415
397 166 13 18 0.012682014
359 76 6 10 0.0127142845
324 477 20 31 0.012715792
801 263 7 12 0.012778224
864 57 5 8 0.012875045
580 236 6 9 0.012884568
980 331 10 11 0.01292523
499 160 6 8 0.012948002
838 44 6 10 0.0129615925
724 58 6 9 0.013078881
147 251 6 8 0.013114276
517 94 6 7 0.0131282015
199 105 5 8 0.013154036
243 252 5 8 0.0131925065
645 88 5 9 0.01326152
756 105 5 9 0.013367267
578 250 11 19 0.013386979
230 231 6 9 0.013390317
2 284 7 11 0.013451705
519 255 6 9 0.013493076
256 280 7 12 0.013499545
740 264 7 9 0.013558066
930 169 7 11 0.013622598
143 517 20 23 0.013644226
86 73 5 7 0.013653245
53 278 13 16 0.013669771
836 89 6 8 0.01374455
194 139 6 8 0.013770793
752 216 6 10 0.013800471
756 138 11 18 0.01380902
433 311 8 12 0.01393457
594 279 12 18 0.013989584
776 317 7 12 0.014050726
546 158 7 10 0.014079253
945 106 7 9 0.014246272
975 217 12 17 0.014252187
216 315 9 11 0.014256815
272 324 8 12 0.014280168
391 464 21 29 0.014359197
176 251 7 9 0.014410977
468 110 6 8 0.0144299455
19 282 8 10 0.0145908175
599 232 7 10 0.014651989
979 88 6 9 0.014843506
67 250 6 9 0.014922106
535 283 6 9 0.014949881
712 49 6 8 0.014964373
103 516 21 29 0.0152416285
613 136 6 10 0.015247912
391 164 12 19 0.015287149
122 490 20 21 0.015315686
38 185 5 8 0.015480803
390 85 6 11 0.015605277
726 185 8 11 0.015609154
440 280 9 12 0.015627269
849 175 7 11 0.015640154
946 93 7 9 0.015651904
608 231 6 11 0.015667664
960 213 12 16 0.015779495
178 265 8 10 0.015792683
127 496 20 29 0.015952285
1014 233 7 9 0.01597084
951 267 7 10 0.015990138
448 422 20 29 0.016058678
727 160 6 10 0.016113017
685 244 13 15 0.016160369
325 206 8 9 0.016254678
52 47 6 8 0.016281232
941 325 10 13 0.016385447
595 221 6 11 0.016386608
806 136 7 10 0.01646514
296 312 7 12 0.016499229
838 255 8 11 0.016554093
225 309 8 12 0.016700719
866 152 8 12 0.01678911
290 120 6 9 0.01693644
71 75 5 7 0.017033665
324 464 20 33 0.017141687
292 278 12 18 0.017145954
882 151 13 18 0.017193614
612 151 7 11 0.017239109
722 314 13 17 0.017267164
563 282 7 10 0.017322809
615 89 6 8 0.017385477
2 201 5 13 0.017833807
105 120 5 8 0.017854348
672 241 8 10 0.017947467
807 76 5 10 0.017961996
890 34 6 9 0.017996356
19 62 6 7 0.018028362
513 486 21 21 0.018124577
548 234 7 10 0.01816498
181 280 12 16 0.018170895
1000 118 6 9 0.018197848
836 262 8 11 0.018205823
213 563 33 69 0.018233132
500 105 6 8 0.01831808
469 121 6 9 0.018559739
168 156 5 8 0.018567502
134 238 6 7 0.018628722
106 108 5 8 0.018860329
565 206 6 8 0.018948492
227 120 6 8 0.01907161
34 74 5 8 0.01912846
24 245 7 10 0.019194128
833 167 7 11 0.01933012
774 57 5 9 0.01934899
711 107 5 8 0.019670473
640 134 6 10 0.019773599
31 294 13 17 0.019826677
274 235 6 8 0.019854778
565 217 6 10 0.01986083
968 78 6 9 0.019927857
1011 309 11 22 0.020053752
951 73 6 9 0.020053823
2 430 11 26 0.020107623
724 316 10 13 0.020166349
801 325 8 13 0.020220298
580 220 6 10 0.02022111
253 299 12 18 0.020307224
179 93 5 8 0.020333612
134 70 6 8 0.020362888
671 243 14 16 0.020399833
160 577 25 46 0.020418908
18 297 8 12 0.020432608
415 257 8 9 0.020481646
1012 219 7 10 0.020508239
96 505 22 19 0.020551186
921 232 7 11 0.020606562
879 172 8 12 0.02072486
282 548 31 62 0.020787977
893 326 9 16 0.020990683
583 200 6 10 0.02102291
858 93 6 9 0.021158883
488 74 6 9 0.021173874
863 277 12 18 0.02118421
592 197 7 10 0.021214431
482 121 6 9 0.021244451
82 315 8 11 0.021245668
276 80 7 8 0.021275653
1007 332 9 14 0.021323439
170 171 6 8 0.021349331
866 264 8 12 0.021356856
754 175 6 10 0.021370085
824 297 8 13 0.021390982
819 142 6 9 0.021408701
85 248 6 9 0.021453217
389 255 7 9 0.02175903
119 71 5 7 0.021868212
320 297 7 12 0.021926278
1001 204 7 10 0.02207375
696 59 6 8 0.022173515
102 241 6 7 0.022221118
131 279 8 10 0.022242127
392 185 7 9 0.022243865
8 477 18 32 0.022261275
663 75 5 8 0.022289079
639 152 7 12 0.022434056
516 293 12 18 0.022494417
150 111 5 8 0.022510307
310 266 7 9 0.022516247
830 154 12 18 0.02275827
584 465 20 29 0.022784783
650 553 19 34 0.0230015
310 299 11 18 0.02300693
774 124 6 10 0.023015317
884 89 6 8 0.023022978
258 78 5 9 0.023093957
104 507 22 20 0.023131194
936 122 6 9 0.023257969
467 90 5 9 0.023638094
6 169 5 10 0.023839356
591 141 7 11 0.023881448
665 216 6 9 0.023958076
280 511 27 44 0.024315514
823 186 6 12 0.024680093
98 170 6 8 0.024926364
163 122 5 8 0.024943791
217 540 32 62 0.025101356
210 138 6 9 0.02518219
403 282 8 12 0.025353275
128 95 5 8 0.025368735
939 135 7 10 0.025375083
852 46 6 9 0.02543924
583 107 6 8 0.025737444
191 155 6 11 0.025856031
760 267 6 9 0.02587248
403 160 8 9 0.02598855
145 294 8 13 0.026018305
676 311 12 20 0.02609185
500 172 6 8 0.02613334
274 106 6 9 0.02624667
9 63 6 9 0.026284227
664 249 8 9 0.026744757
798 293 8 14 0.026843559
758 126 7 9 0.027050033
820 152 6 10 0.027053703
184 219 5 7 0.027186073
531 267 7 9 0.027767764
386 284 7 11 0.027833937
246 271 7 9 0.028007131
612 206 6 10 0.028025987
933 325 13 17 0.02815147
776 279 7 13 0.028242305
307 95 6 8 0.028477449
30 237 7 10 0.028715521
549 282 7 10 0.028830465
600 271 8 11 0.02907849
67 106 6 8 0.029123086
454 324 9 11 0.02934037
45 520 20 22 0.029416746
81 155 6 9 0.029626174
339 294 7 13 0.029845597
870 171 11 18 0.029906815
612 216 6 9 0.029921193
447 268 8 10 0.030038362
453 298 7 11 0.030350855
486 96 5 8 0.030586373
419 190 7 9 0.03116244
35 112 6 8 0.031298507
471 137 6 10 0.031451955
1013 312 8 14 0.031477306
244 301 8 11 0.031524446
293 233 7 9 0.031585474
151 204 6 6 0.03159928
530 74 6 9 0.031689547
566 268 6 10 0.031741515
8 77 6 10 0.031827506
632 154 7 12 0.031959124
1012 249 7 10 0.032009903
392 167 8 12 0.032283265
294 219 8 9 0.03233391
309 309 7 12 0.03247533
3 523 16 37 0.032603353
34 252 7 10 0.03290385
675 90 6 9 0.03308017
630 76 6 9 0.033086877
485 285 6 10 0.03367884
97 200 6 9 0.033724774
185 157 6 8 0.033767734
448 281 8 10 0.033826996
22 75 6 9 0.0339075
372 270 6 10 0.034050558
355 200 6 12 0.034129377
424 59 5 8 0.03432307
969 140 8 11 0.034351032
546 166 7 10 0.034423422
584 277 7 11 0.034637
54 121 6 8 0.034700125
326 281 6 10 0.034709238
179 74 7 9 0.03471129
833 72 6 9 0.03475569
778 106 6 11 0.034916796
4 126 6 10 0.03492832
178 204 6 8 0.03494232
709 128 6 9 0.034954
936 110 6 10 0.034973275
614 176 7 11 0.03499784
400 169 9 11 0.03508315
965 231 7 11 0.035215203
132 252 7 8 0.035232972
703 314 13 18 0.035285905
52 139 5 8 0.035356592
951 282 8 12 0.03537063
566 152 6 11 0.035457157
417 214 7 9 0.035840303
551 253 7 9 0.0359035
580 266 6 9 0.035937335
928 85 6 11 0.036000688
5 263 7 12 0.036259975
943 130 8 10 0.036297254
121 119 5 8 0.0367547
772 267 6 10 0.03689045
887 138 8 10 0.036903042
4 300 7 12 0.037418142
558 33 6 9 0.037521973
662 89 6 9 0.037536398
163 287 10 12 0.037546854
499 182 6 9 0.037828464
926 80 7 11 0.037966926
806 125 7 12 0.038259715
246 278 7 11 0.03844779
454 109 6 8 0.038763754
98 188 6 8 0.038793586
1000 329 12 19 0.038823772
72 268 7 10 0.03894598
790 265 6 11 0.038969822
307 249 6 10 0.039087158
436 76 5 8 0.03919612
372 293 8 11 0.039277334
116 283 8 11 0.03993469
710 75 6 8 0.04006616
197 294 10 11 0.040293355
2 183 5 11 0.040313438
884 154 9 11 0.04133215
411 502 24 43 0.04137757
271 314 8 13 0.04143007
225 302 8 11 0.04148263
785 126 6 11 0.041527998
354 91 6 11 0.041904286
1016 77 5 9 0.041947164
405 107 5 9 0.04203568
281 205 7 10 0.042086124
793 296 8 13 0.04218435
249 89 7 10 0.042228926
423 105 5 8 0.042436514
923 61 6 10 0.042443976
785 278 7 13 0.042483162
146 278 9 11 0.042608593
486 295 8 10 0.04275026
4 479 19 22 0.04284628
180 106 5 8 0.042910323
866 280 8 13 0.043942023
579 316 12 18 0.044224866
196 225 6 8 0.04430568
891 229 7 13 0.044585127
952 60 7 11 0.04462733
310 62 7 9 0.04477025
529 140 7 9 0.044945948
406 42 6 10 0.04505107
870 180 7 11 0.045202006
307 104 5 8 0.04533804
259 265 6 10 0.045753703
525 447 19 31 0.045966
356 270 7 10 0.04604159
63 317 8 11 0.04630663
491 225 7 11 0.046606418
786 105 6 10 0.047275845
304 284 8 11 0.04802249
725 81 5 7 0.048084557
490 59 6 10 0.04815389
497 248 7 10 0.048489843
53 249 6 9 0.048536856
129 106 5 8 0.04871082
500 124 6 9 0.048777115
449 458 20 33 0.049089126
663 238 7 9 0.049106725
474 267 7 9 0.04912719
246 77 7 11 0.04932394
79 273 9 10 0.049337626
742 255 7 10 0.04957553
691 91 6 8 0.050088782
440 268 8 12 0.050121646
54 303 9 10 0.05016789
805 254 7 11 0.050206736
248 120 7 10 0.050208904
70 157 6 8 0.050549734
26 458 18 31 0.050582092
456 119 6 9 0.05062334
166 89 6 8 0.05063886
217 110 5 8 0.050728723
132 200 5 7 0.050794423
308 237 7 9 0.050800975
245 312 7 12 0.050859377
632 632 30 24 0.051044542
356 278 7 11 0.05108276
137 190 5 7 0.05110418
836 141 7 10 0.051275466
799 57 6 10 0.051444195
977 77 6 9 0.051459856
696 175 8 10 0.051533487
776 135 6 12 0.05192664
488 252 6 9 0.051968113
67 95 6 8 0.052392483
974 139 7 10 0.052417886
495 59 7 10 0.05311892
519 137 8 10 0.05316374
2 134 6 12 0.05329428
664 177 6 10 0.05382743
38 58 5 8 0.05395648
216 119 5 8 0.053967595
756 149 7 11 0.054001715
817 310 11 18 0.054024667
468 300 8 11 0.05403401
548 96 7 8 0.054062497
675 72 6 9 0.054074652
57 312 8 12 0.054132916
212 284 8 10 0.05426447
587 80 6 8 0.054294493
69 125 6 8 0.054299425
694 76 6 8 0.05446163
72 137 6 8 0.05455312
549 75 6 8 0.05518782
408 256 8 11 0.05531054
560 62 7 9 0.05533289
67 279 8 10 0.055361275
116 237 5 8 0.056132272
706 175 7 9 0.05630426
559 250 7 12 0.0564305
550 268 6 9 0.056633186
570 481 26 40 0.057059158
167 255 7 10 0.05857053
596 282 8 12 0.058633648
198 81 6 10 0.05908047
674 169 6 10 0.060104843
371 283 7 11 0.060340364
66 176 5 8 0.06036486
166 207 6 7 0.06054917
418 201 7 10 0.06066022
417 266 8 11 0.061146934
530 157 7 9 0.061324682
99 250 6 7 0.06147105
774 88 6 10 0.06189183
1001 110 7 10 0.062492743
57 241 6 9 0.0626048
409 261 8 12 0.063028626
1005 328 11 21 0.06317828
298 74 7 9 0.0636113
857 55 6 9 0.064099126
554 36 6 11 0.06417647
289 248 7 11 0.0648411
0 425 16 31 0.06501068
494 225 7 10 0.06507654
34 119 6 9 0.06538178
584 143 7 11 0.06719603
146 186 5 7 0.067538194
548 60 6 10 0.067570575
15 107 7 11 0.06781748
212 295 9 10 0.06817176
415 234 8 11 0.06826421
559 37 6 11 0.06829278
151 232 6 8 0.068378925
666 604 27 45 0.06856331
224 93 7 9 0.068729796
193 502 27 40 0.069116026
927 227 8 12 0.06912456
81 184 6 10 0.069265075
490 229 7 10 0.06949265
516 123 7 10 0.06969583
113 155 6 9 0.069987826
437 90 5 8 0.07056693
83 174 5 9 0.070636
211 231 7 9 0.070743315
64 57 5 8 0.07098211
905 109 6 9 0.07118923
784 92 7 10 0.07145396
438 62 5 8 0.071603514
713 91 6 9 0.07187571
39 285 8 10 0.07238062
501 298 7 11 0.07275377
338 284 7 12 0.072766
164 105 6 9 0.07284215
138 514 20 32 0.073358
421 76 5 9 0.07354425
998 280 7 10 0.07423751
533 251 7 11 0.074303016
105 266 7 10 0.07462835
58 174 5 9 0.07504043
512 527 28 42 0.07529587
265 239 6 9 0.07557368
582 89 6 10 0.07562633
196 203 6 8 0.07570642
687 246 10 10 0.075804375
517 265 6 9 0.07590317
312 301 8 13 0.0760243
850 327 9 15 0.076721
704 180 7 11 0.07678051
114 265 7 9 0.07708245
35 264 7 10 0.07714786
729 124 6 11 0.07727771
122 95 6 9 0.07767202
740 77 6 8 0.077780776
419 279 9 12 0.07785388
980 234 7 10 0.07785771
129 268 8 10 0.07808375
230 106 5 8 0.078134574
421 91 5 8 0.078161165
895 136 7 11 0.07816534
773 253 6 11 0.078542486
613 73 6 9 0.0788936
934 326 10 13 0.07909292
920 84 7 11 0.079398215
182 282 9 12 0.07954799
19 94 6 9 0.07988907
555 33 7 11 0.08010201
469 282 6 10 0.08015329
815 235 7 10 0.08109833
57 157 6 9 0.08138085
55 186 6 10 0.08166022
888 324 12 19 0.08256913
469 66 6 9 0.08305812
617 181 7 11 0.083119884
166 262 8 11 0.08405482
454 77 5 8 0.084207155
439 108 5 8 0.08425509
436 232 7 11 0.08428398
810 235 6 11 0.08435248
984 107 7 10 0.0854174
643 75 7 10 0.08568234
103 159 6 9 0.08597687
761 79 7 11 0.08609965
291 93 6 8 0.0861341
97 59 6 7 0.08613808
580 253 8 13 0.08687425
43 517 19 33 0.087269835
255 301 9 14 0.087574854
388 262 8 11 0.08794861
10 108 6 11 0.08827515
453 93 5 9 0.08836449
439 124 7 10 0.08848274
176 188 6 9 0.088616855
281 249 7 11 0.089454986
563 78 7 8 0.08964549
871 140 8 10 0.08985224
469 70 5 9 0.089872174
521 171 7 10 0.08993682
1012 105 6 11 0.09003532
922 80 7 11 0.09045085
593 88 6 10 0.090603866
261 252 6 9 0.090792686
164 233 6 8 0.091118164
191 284 10 11 0.091121905
3 236 7 11 0.09409685
209 221 7 9 0.09461809
623 180 7 11 0.09499903
870 254 7 10 0.09502583
832 62 5 9 0.0958986
53 263 8 9 0.09727661
912 109 7 9 0.09734237
804 104 7 9 0.09753544
227 282 8 11 0.097896494
247 109 6 8 0.09821098
614 59 6 9 0.09867159
80 236 6 10 0.09881213
495 229 8 10 0.09898803
294 280 8 13 0.09995269
711 134 7 9 0.100067034
927 222 8 12 0.10129122
557 482 27 42 0.10222863
117 255 7 8 0.1025224
629 171 7 11 0.103557885
129 121 6 8 0.10384257
150 223 5 6 0.10399683
519 76 7 10 0.10421791
262 104 6 9 0.104378276
67 238 6 9 0.10489824
408 234 8 12 0.105601
826 60 5 9 0.1064721
528 169 8 10 0.106784746
180 124 6 7 0.107122034
740 106 7 11 0.1090621
615 125 7 12 0.10937288
550 102 6 9 0.109897755
165 78 6 10 0.11053452
528 232 8 11 0.111084506
57 57 6 9 0.11260203
216 89 6 10 0.11294053
257 92 7 9 0.11308543
73 182 6 11 0.11348704
697 181 8 11 0.11395909
325 564 33 55 0.11404549
353 299 9 14 0.11636027
455 318 9 13 0.11727611
785 135 7 12 0.1183749
19 173 7 11 0.118816175
592 191 8 12 0.11974018
768 77 7 12 0.12078296
200 87 6 10 0.12084883
114 293 10 13 0.12166453
169 190 6 8 0.121697225
178 236 6 9 0.122679725
536 92 6 9 0.1236897
760 86 6 9 0.12430254
422 175 8 10 0.1256543
176 171 7 9 0.12698343
289 564 27 47 0.12780127
820 76 6 10 0.12789553
447 233 7 10 0.12864244
872 174 8 13 0.12897816
836 279 12 17 0.12943327
564 87 7 9 0.1307037
926 59 7 11 0.13134584
379 420 22 33 0.1316667
518 295 8 13 0.1322339
617 109 6 11 0.13267486
153 119 6 8 0.13344519
54 280 10 11 0.13345252
196 229 7 10 0.13382642
86 61 5 8 0.13707316
15 462 18 34 0.1393873
78 276 10 12 0.13969912
497 70 7 12 0.14344539
591 80 6 9 0.1440948
596 104 7 10 0.14449926
485 103 6 10 0.14699003
362 487 28 42 0.1476614
161 292 10 13 0.15033345
33 296 9 12 0.15295927
721 88 6 8 0.1531314
1010 203 7 10 0.15403938
277 87 6 9 0.15406023
743 86 7 9 0.15604353
962 296 10 13 0.15695077
303 71 8 10 0.15808748
25 238 7 12 0.15974142
738 63 6 9 0.16109999
866 602 28 43 0.16305126
480 266 6 9 0.16545816
149 270 9 12 0.16612777
292 109 6 10 0.16641316
103 293 10 14 0.16647656
225 222 7 9 0.16707261
832 157 8 13 0.16708231
674 245 9 11 0.16835766
944 133 8 10 0.17050925
955 41 7 13 0.17122509
934 205 8 13 0.17465223
417 292 10 13 0.1775069
626 55 6 9 0.17756185
165 219 6 8 0.17861731
663 181 7 10 0.17885242
894 228 8 14 0.1820485
312 41 7 9 0.18234989
581 154 7 12 0.18252988
992 234 8 12 0.18520857
245 58 6 10 0.18798713
696 136 6 10 0.1884793
517 105 7 10 0.19329748
752 181 7 11 0.19559246
958 40 6 12 0.19725782
978 219 8 11 0.19926745
758 141 8 13 0.20344931
152 170 6 8 0.2042861
793 55 6 11 0.20489769
528 59 7 11 0.20676723
725 165 8 11 0.20734952
549 140 8 11 0.21090597
604 571 33 62 0.21286185
133 296 10 14 0.21644723
757 57 6 9 0.22507413
887 37 6 10 0.23322815
785 220 6 12 0.23401673
120 110 6 9 0.2367211
977 250 8 13 0.23694512
117 63 6 9 0.2412114
389 77 7 13 0.2535107
68 298 9 13 0.25546116
161 62 6 9 0.2575014
896 30 7 11 0.2591648
706 55 7 9 0.26823434
725 39 7 10 0.2706023
579 123 7 12 0.2813132
135 62 6 10 0.28570014
276 56 6 9 0.2931937
645 53 6 9 0.30277976
640 126 7 12 0.3141021
981 200 7 9 0.31611168
676 59 7 9 0.32620275
865 92 6 10 0.34582332
362 37 6 10 0.37862158
675 126 6 10 0.3820717
962 214 8 12 0.404653
183 45 7 10 0.41365707
999 54 6 9 0.45303935

