2_Demonstration_Demonstration_Or_Protest_2_471
37
391 470 19 30 0.010369141
342 162 35 66 0.010636532
883 169 44 53 0.0110529
133 17 38 61 0.011366944
867 176 35 34 0.011583837
625 296 58 80 0.01218529
474 408 19 33 0.012242348
817 436 22 51 0.012399972
441 232 47 93 0.012626204
479 464 18 34 0.012965937
327 165 52 91 0.013626115
1002 268 22 71 0.014077618
861 170 48 48 0.014125694
222 407 25 51 0.015614122
380 510 17 37 0.016732123
619 500 20 32 0.01701327
1007 286 17 59 0.017478602
583 477 26 46 0.01758292
651 329 45 55 0.019840254
520 459 24 49 0.020989241
1015 284 7 41 0.021407807
324 162 43 63 0.02245329
396 185 52 96 0.03336916
619 442 23 47 0.056761697
402 220 40 67 0.08525891
587 492 20 34 0.097451195
641 335 44 58 0.11900581
100 160 40 77 0.1272642
449 507 25 45 0.1525045
83 145 51 97 0.1552045
429 449 25 41 0.19841424
414 510 26 42 0.28742433
1009 280 14 46 0.30502862
438 261 33 69 0.34900904
590 278 61 85 0.5806765
750 219 74 87 0.97905374
183 162 73 126 0.9930797

