2_Demonstration_Demonstrators_2_413
190
486 184 11 11 0.010231103
478 214 20 29 0.010297808
446 132 14 17 0.010325228
159 224 18 30 0.010344591
542 197 14 16 0.010494008
89 279 23 19 0.010602604
101 238 19 20 0.010636371
465 164 11 10 0.0107309865
475 215 21 19 0.0109994635
59 298 39 61 0.011313316
492 170 22 17 0.0114171235
631 157 11 10 0.01145462
469 185 10 9 0.011465024
339 214 10 11 0.011536259
238 280 19 33 0.011686999
579 171 37 55 0.011702862
638 163 12 11 0.011778071
562 202 10 9 0.011810438
43 268 19 33 0.012011945
0 212 10 22 0.012014033
544 181 13 18 0.012075308
630 154 14 17 0.012364606
455 190 19 29 0.012462745
630 165 12 10 0.01255178
1 223 11 25 0.0126086855
554 161 19 30 0.012648039
430 161 13 18 0.012726074
477 225 21 20 0.012871852
258 243 19 30 0.012896444
364 187 14 17 0.013245214
122 244 21 21 0.013261857
323 189 8 8 0.013965012
337 210 14 18 0.013971454
635 152 21 28 0.013974864
94 274 21 30 0.014110018
582 196 24 17 0.014673703
459 207 20 30 0.014761851
180 262 9 13 0.015444205
78 274 21 20 0.015491498
342 190 10 10 0.015699944
321 213 10 11 0.015794912
558 215 23 18 0.0159734
318 210 14 17 0.0160827
527 217 13 9 0.016371528
983 99 36 64 0.016398124
531 183 9 9 0.016442947
60 258 21 21 0.01646216
450 157 9 9 0.016781406
588 165 22 17 0.016909087
148 221 10 11 0.016915834
462 181 21 17 0.017133044
258 236 8 11 0.017267577
525 200 22 17 0.017281922
334 243 13 19 0.017384898
127 231 35 53 0.017571762
484 181 20 18 0.018043926
953 98 22 19 0.018154072
568 202 27 38 0.018546876
568 163 21 19 0.018981606
136 225 19 29 0.019054383
508 181 14 16 0.019532714
639 157 11 11 0.01957525
74 267 18 32 0.019597955
304 214 10 12 0.019993173
94 289 21 20 0.020207461
255 244 10 12 0.020364895
235 221 19 30 0.020648642
39 262 27 43 0.020903734
146 218 14 18 0.02133074
354 213 10 11 0.02143321
556 217 21 28 0.0216776
337 245 9 11 0.021717476
512 209 22 18 0.021814113
359 193 20 25 0.022222096
554 230 23 18 0.022413319
532 203 10 9 0.022811813
452 166 12 11 0.022976508
228 242 19 32 0.023002367
156 225 14 19 0.02320666
302 211 13 18 0.023224395
254 214 14 17 0.024079677
432 165 9 10 0.024106344
227 153 11 9 0.024376795
449 134 9 11 0.024393404
437 156 8 9 0.025247108
255 232 13 20 0.025625763
425 197 21 21 0.0258204
446 154 21 18 0.026496371
424 167 8 10 0.027515486
165 254 13 21 0.027575787
275 217 14 19 0.027947163
968 103 25 46 0.028106317
175 248 13 21 0.028291421
1 264 15 36 0.028621405
347 208 21 19 0.028699102
293 213 9 11 0.02917301
549 163 13 20 0.030259652
500 171 9 8 0.031212045
552 157 7 10 0.031885065
604 179 21 30 0.03256133
22 241 23 20 0.032759205
554 176 20 29 0.033453498
430 193 19 29 0.033599213
457 159 23 17 0.033761
32 254 38 60 0.033923943
159 216 13 18 0.03525549
277 219 8 9 0.035671514
99 232 20 21 0.035806175
561 182 9 11 0.036498476
420 203 9 11 0.03683932
143 243 20 23 0.037621822
511 204 11 10 0.037999116
227 233 9 12 0.038657207
252 241 13 18 0.038755376
404 186 9 10 0.038874373
164 248 13 22 0.038905475
589 182 23 17 0.039259057
551 167 8 10 0.040284723
545 201 9 9 0.040408794
321 197 13 18 0.04043562
104 228 18 28 0.04242827
547 186 8 9 0.043373574
621 154 22 29 0.043808877
150 228 10 12 0.04633961
632 155 22 17 0.046481527
21 232 15 21 0.04726456
32 224 20 29 0.048469163
162 218 9 11 0.049233783
631 159 23 18 0.04984325
43 257 23 21 0.049869563
505 201 22 17 0.050550364
354 188 14 16 0.050652713
245 211 13 17 0.050772965
600 181 24 17 0.051150177
230 215 8 8 0.051568087
22 231 22 19 0.052290514
558 177 14 18 0.05336044
288 201 14 17 0.053462405
287 210 19 20 0.054021545
512 184 9 10 0.05440275
418 200 14 18 0.056019463
626 161 22 17 0.059446238
513 166 14 17 0.061112642
588 179 20 31 0.062622905
45 246 22 20 0.06331976
268 218 19 30 0.06524293
466 156 12 11 0.06668841
257 216 9 10 0.06796757
572 200 24 17 0.06863974
394 182 21 19 0.06898998
385 191 15 18 0.070402086
340 196 13 17 0.07115016
60 245 20 21 0.07396798
225 230 13 20 0.079466626
356 190 10 11 0.07990778
324 199 9 10 0.080503315
104 238 18 30 0.08201191
279 225 14 20 0.086608626
496 182 13 12 0.08889333
12 223 19 28 0.089622766
64 249 18 33 0.092320316
564 170 9 12 0.09735966
448 162 21 19 0.10934499
527 168 9 11 0.1113728
148 225 14 19 0.11137838
524 165 14 18 0.11323198
291 204 9 11 0.1166456
569 210 24 19 0.118181646
561 167 14 19 0.120321654
174 257 19 21 0.12292437
285 221 19 27 0.124090366
956 96 20 32 0.13278492
520 213 24 18 0.13864657
342 198 9 10 0.14336312
358 197 11 12 0.15209161
168 247 18 32 0.16390818
363 194 14 16 0.18622622
40 244 25 43 0.19115831
357 194 14 17 0.19460529
515 168 9 10 0.2072086
18 238 20 21 0.20797093
0 259 15 23 0.22573377
247 214 8 10 0.24492395
110 237 13 20 0.26806653
280 225 20 22 0.3840023
5 249 17 34 0.4158641
383 187 22 19 0.42120278
461 153 21 18 0.53859866
491 178 20 19 0.59454966
135 239 21 33 0.61493695

