2_Demonstration_Protesters_2_293
121
710 338 12 22 0.010568125
292 392 24 49 0.010724913
172 285 13 22 0.01074335
192 335 21 33 0.0109863365
854 342 7 11 0.011427348
294 353 14 20 0.011500059
71 323 46 86 0.01156095
171 312 21 30 0.011615309
430 314 21 31 0.011810227
548 384 37 71 0.011829001
27 347 31 71 0.0119875735
443 331 27 40 0.01207792
730 439 36 69 0.012487576
544 444 41 81 0.012832995
836 409 53 89 0.013043711
860 406 24 20 0.013232413
1010 253 10 28 0.013293237
765 325 38 59 0.013400254
576 324 24 46 0.013751274
589 284 19 32 0.014244331
2 26 33 171 0.014376342
1 216 15 40 0.014460296
653 454 53 94 0.014774096
633 329 26 43 0.015037092
709 513 39 78 0.015115111
783 325 12 21 0.015170828
174 327 22 19 0.015404693
704 328 25 45 0.015494117
440 264 21 20 0.015576311
628 321 36 59 0.015693547
317 336 20 31 0.015891284
761 515 49 98 0.015954157
485 233 6 12 0.016017562
782 311 18 34 0.016255958
374 376 27 40 0.01664106
792 322 36 58 0.016829293
865 406 25 29 0.017677123
433 321 21 19 0.017742515
392 336 29 39 0.018329894
715 466 46 88 0.019028638
544 356 33 63 0.019236207
166 278 21 30 0.019368792
119 350 32 65 0.019553801
3 440 18 71 0.019672828
807 343 8 13 0.019861987
440 321 24 18 0.021055011
46 331 18 39 0.021610271
65 308 19 38 0.022233257
839 327 12 20 0.022293633
373 387 26 45 0.022483017
870 321 12 19 0.022566998
841 331 7 13 0.02289832
837 344 7 10 0.022958018
414 339 23 20 0.023439921
766 417 47 84 0.024509575
663 429 32 68 0.024936805
171 335 26 44 0.025507545
285 360 27 42 0.02617213
335 309 19 31 0.026323522
849 330 7 12 0.026405193
253 424 32 71 0.026711302
877 322 11 18 0.026980031
345 310 22 20 0.028457936
349 310 19 30 0.028752584
774 257 12 22 0.031535484
251 2 98 118 0.032471158
314 343 22 18 0.03299133
805 339 12 21 0.033029728
977 523 45 105 0.03368685
295 352 22 19 0.034173045
978 552 42 128 0.037063435
833 406 24 19 0.037108816
339 312 19 20 0.037687276
4 301 15 40 0.037764497
294 348 19 33 0.038072392
1012 420 12 49 0.03859
440 440 51 78 0.04068733
871 324 8 12 0.04096078
583 309 18 34 0.04351446
798 330 27 43 0.049526967
733 392 36 69 0.054325044
0 383 38 118 0.057895184
179 325 37 56 0.06207787
1016 427 8 36 0.06417384
754 418 36 66 0.064888336
304 433 37 78 0.068881825
1 368 22 59 0.069402166
879 324 8 13 0.0816894
726 405 50 85 0.08292249
765 270 17 34 0.08520959
56 303 32 62 0.09339671
855 398 42 51 0.10325173
664 445 36 64 0.11570036
570 398 37 69 0.11651836
263 8 69 87 0.12855755
1 405 22 108 0.13795404
672 355 27 44 0.1470188
836 400 31 37 0.14925183
263 436 56 71 0.15316628
295 425 38 75 0.16998062
91 290 34 63 0.17312063
51 312 32 70 0.17641088
611 388 26 47 0.18424289
731 419 37 64 0.18492733
466 424 36 81 0.18742731
42 320 30 65 0.19204243
415 465 34 89 0.24264303
721 514 51 90 0.27130058
847 452 65 81 0.29040825
0 368 23 88 0.29912984
253 447 31 74 0.33104518
354 364 28 44 0.38474894
409 332 29 42 0.39301583
787 452 58 81 0.3965486
551 443 55 98 0.43600675
839 585 64 98 0.49091768
480 360 37 60 0.50155133
93 347 34 65 0.50206816
229 525 62 106 0.5741381
165 368 34 64 0.7299982
873 443 60 97 0.74782366

