2_Demonstration_Demonstrators_2_488
24
467 120 41 73 0.010769409
154 55 47 57 0.011049748
21 84 44 99 0.011494764
803 115 36 68 0.012875348
937 157 37 69 0.013877345
1 254 92 185 0.017540928
993 20 28 87 0.02002208
91 117 28 41 0.02681216
60 158 39 61 0.028976945
965 61 59 173 0.031237142
150 161 35 66 0.032744646
147 23 51 89 0.033579532
89 119 36 60 0.036716297
991 45 28 93 0.040917687
4 303 98 175 0.043999463
984 17 34 147 0.077222236
32 105 36 62 0.08888616
981 120 42 118 0.21014413
453 106 63 92 0.2516947
164 37 42 57 0.31078357
975 96 43 121 0.6348534
0 67 33 65 0.87359345
245 33 81 177 0.9868787
531 0 102 152 0.99681157

