2_Demonstration_Protesters_2_646
87
740 193 20 30 0.010079405
467 178 38 63 0.010176346
433 183 11 9 0.0102941245
418 164 11 10 0.010327695
238 184 40 55 0.010415424
288 162 9 10 0.011147341
461 158 20 32 0.011148103
426 180 24 16 0.011152788
598 178 24 21 0.011305788
235 176 31 14 0.01168895
11 197 38 155 0.012523296
188 181 25 16 0.012677143
94 187 18 36 0.013271477
125 178 26 45 0.013277385
367 190 22 17 0.013544197
5 184 25 113 0.014258337
411 186 22 17 0.014484883
904 251 53 89 0.01487827
457 175 31 14 0.015245213
281 160 20 19 0.015354056
321 196 8 10 0.015414839
198 174 28 15 0.015568769
789 351 71 88 0.016220264
316 286 33 79 0.016649082
246 175 31 13 0.016936224
6 68 32 76 0.017196693
985 29 39 124 0.017381031
319 192 13 20 0.018567806
443 163 24 16 0.019455975
443 172 25 16 0.019862099
683 225 55 95 0.019911632
231 194 34 41 0.019935016
237 202 43 60 0.020103104
392 184 24 18 0.022516282
569 189 47 87 0.022683952
998 29 23 100 0.022784932
270 170 19 30 0.022969622
501 202 40 75 0.023052368
601 180 18 32 0.023183726
772 308 103 112 0.023535322
405 291 36 79 0.023789339
417 182 10 10 0.02427604
278 177 12 11 0.025213208
552 199 37 71 0.025343258
120 169 35 63 0.027120939
121 164 29 40 0.028138379
58 165 33 72 0.028850226
438 191 27 16 0.029508237
874 4 27 15 0.029862026
247 189 27 17 0.030052153
552 182 25 50 0.030660633
383 184 24 18 0.030758603
801 332 93 139 0.033577427
458 160 29 42 0.03368761
787 329 68 86 0.035209782
87 174 32 67 0.037553765
431 188 23 17 0.04023354
602 170 17 34 0.044205297
395 178 15 20 0.04841727
545 176 33 68 0.054102626
288 177 11 12 0.057893373
452 157 39 59 0.05932469
12 139 38 159 0.06238923
409 178 22 18 0.06738091
187 187 23 17 0.07054305
6 101 64 247 0.076962836
226 268 36 59 0.08782205
11 91 38 144 0.08973969
355 270 95 121 0.10785781
274 174 22 18 0.11020596
473 221 61 87 0.14015226
340 262 65 93 0.17049971
366 261 64 88 0.17727171
809 345 67 96 0.17986642
391 173 18 29 0.24372771
281 173 21 19 0.29138356
498 212 51 98 0.34088227
473 194 55 87 0.37645307
387 177 21 20 0.3917435
510 194 50 101 0.45043173
565 209 35 67 0.5134699
593 176 18 35 0.5135557
445 172 44 54 0.53360075
227 187 42 61 0.5846564
333 182 20 35 0.82700855
982 211 36 72 0.8524757
651 215 78 92 0.92700016

