2_Demonstration_Political_Rally_2_960
39
589 306 25 16 0.010405726
126 292 55 106 0.0112318285
582 299 20 33 0.011400364
1 209 25 113 0.011763965
192 228 172 222 0.011772838
548 291 33 41 0.012051906
377 291 38 67 0.014072648
181 363 62 86 0.014724387
534 276 56 73 0.015480993
588 314 25 18 0.016241942
88 247 61 104 0.016261023
206 236 69 110 0.016923098
247 291 75 100 0.017424956
672 306 30 40 0.018109681
550 306 32 41 0.018428387
667 298 41 56 0.02224513
570 288 36 55 0.023612674
674 286 33 37 0.025077475
621 319 29 15 0.025252387
729 271 40 64 0.027701514
610 310 30 37 0.028575994
924 303 46 53 0.028759344
698 265 47 60 0.03403696
630 318 29 16 0.035929654
185 259 112 161 0.03663845
111 246 56 103 0.036739845
67 231 96 146 0.038881525
671 277 43 54 0.04711876
635 316 22 30 0.053539973
707 245 46 61 0.059767734
566 764 51 82 0.06682245
579 305 29 37 0.14410818
200 217 96 164 0.17249537
543 296 45 57 0.23585325
698 245 60 86 0.44454068
0 206 64 199 0.64560115
401 272 44 69 0.65288544
579 774 44 65 0.75563914
223 217 102 182 0.8528218

