2_Demonstration_Protesters_2_163
318
20 172 9 10 0.010022211
452 156 13 16 0.010214211
513 122 13 16 0.010234117
435 157 9 9 0.010305085
946 60 7 8 0.010377428
568 198 27 15 0.010530835
562 170 14 16 0.010644273
658 319 45 54 0.010761345
926 53 12 18 0.010831693
383 174 12 9 0.010853766
509 467 29 76 0.010904632
997 80 9 10 0.010907095
678 159 13 16 0.011123309
559 200 24 16 0.011135016
42 252 23 18 0.011221967
471 168 8 9 0.011298797
530 98 7 7 0.011409946
3 185 7 12 0.011416423
141 169 13 18 0.011434956
852 63 7 7 0.011583225
462 126 13 16 0.011639393
836 60 6 7 0.011840991
416 156 15 16 0.01193504
24 235 24 17 0.01195191
664 188 10 11 0.012010242
833 435 53 101 0.012293026
663 184 13 18 0.01237159
898 138 8 8 0.012395325
164 163 8 9 0.012501414
934 77 7 8 0.01251089
916 114 8 8 0.012538271
521 492 31 80 0.012556154
704 142 7 9 0.012686302
482 136 12 17 0.012694624
786 82 6 5 0.0132260695
1 211 11 21 0.013245781
2 174 7 11 0.0133049
506 264 24 19 0.013744131
737 166 13 15 0.013865199
481 192 9 11 0.014197063
544 138 9 10 0.014240802
644 172 7 9 0.014315611
775 158 9 8 0.014335224
320 167 14 17 0.014421254
159 188 12 13 0.014553575
285 209 19 32 0.014683951
722 139 8 9 0.014692136
573 112 13 15 0.014779845
897 76 14 16 0.015106446
333 155 13 16 0.015276643
331 168 21 18 0.01535859
260 159 8 9 0.015371237
637 319 43 56 0.015374333
884 127 7 7 0.015511079
672 185 9 12 0.01627585
505 153 8 11 0.01633901
915 141 8 7 0.016493287
292 165 15 17 0.016533773
352 151 14 16 0.016691864
638 305 59 83 0.016699003
783 151 15 14 0.0167341
3 216 8 13 0.016745795
642 75 6 7 0.01674921
947 109 8 10 0.016865617
174 168 9 12 0.017170174
338 171 9 9 0.017290775
917 47 6 6 0.01736287
144 181 18 27 0.01757662
865 127 8 7 0.017749073
753 169 10 8 0.017764091
525 183 20 18 0.01797438
999 108 12 20 0.0179965
300 164 18 29 0.018024815
999 120 9 14 0.018150985
53 180 23 18 0.018163143
901 48 6 7 0.018286714
769 175 9 7 0.018445432
144 170 8 11 0.018491918
723 125 6 7 0.01862504
628 120 9 10 0.018755028
740 143 7 8 0.018914992
929 104 9 10 0.019066643
913 75 7 8 0.019193871
821 64 7 6 0.019259205
965 13 24 18 0.019333465
265 149 18 29 0.019472947
514 311 55 87 0.019537814
999 19 19 30 0.019847037
299 151 18 27 0.019974593
668 182 14 18 0.020152625
147 189 10 12 0.020254657
237 133 21 21 0.020302314
256 181 21 19 0.020947756
999 26 12 12 0.020992137
388 126 13 17 0.021075996
563 141 9 10 0.02109239
586 121 19 19 0.021137768
636 456 55 90 0.021240545
426 131 19 19 0.021586603
333 182 23 18 0.02166279
853 130 7 7 0.022136569
171 166 13 18 0.022265691
901 124 13 15 0.022653053
897 112 8 8 0.02288382
32 203 10 9 0.0229317
510 149 14 17 0.023289165
342 135 12 19 0.02361501
806 155 8 7 0.024097376
516 106 13 16 0.0241129
837 106 7 7 0.024416251
641 115 12 16 0.024869032
498 138 9 10 0.024882462
885 114 7 8 0.025243321
623 107 13 16 0.025359893
449 124 13 17 0.025536478
469 160 8 9 0.02567543
508 254 30 38 0.025675954
484 128 8 10 0.02573587
1 527 32 77 0.025792934
894 87 13 16 0.027542591
417 126 15 15 0.027790824
489 112 7 9 0.028049096
6 203 18 29 0.02833813
643 145 7 10 0.028411051
687 166 9 12 0.028462874
371 137 9 9 0.028488781
374 129 7 9 0.028798133
564 173 10 11 0.029003799
770 140 8 8 0.029120738
368 156 13 12 0.029575288
481 153 8 11 0.029658431
912 123 9 8 0.029676298
738 98 6 6 0.029886542
659 143 8 10 0.030777548
419 160 10 9 0.031026991
102 193 11 12 0.031498645
761 95 5 5 0.03201919
820 97 6 5 0.032045454
111 201 10 12 0.032555863
534 140 9 10 0.032599166
411 166 21 17 0.03267648
723 98 6 5 0.03287836
464 110 7 8 0.03323191
288 160 10 10 0.033437118
324 154 13 17 0.033527013
737 188 9 9 0.034181103
88 215 24 17 0.034237187
660 152 8 11 0.035176277
741 110 6 6 0.0353821
353 155 9 10 0.035548158
400 138 14 16 0.03568773
575 492 60 80 0.035789803
707 167 9 10 0.03587009
929 97 8 10 0.035982784
275 170 10 10 0.036435314
883 74 8 8 0.03653361
261 171 10 11 0.03664633
403 128 8 7 0.038052317
336 158 8 10 0.03936485
841 79 7 7 0.04022466
579 138 8 10 0.040505264
807 78 5 5 0.041590884
863 69 14 14 0.041924156
675 165 14 17 0.041929316
343 139 9 11 0.04271364
995 23 21 18 0.04443542
1009 26 10 12 0.04460653
83 206 13 11 0.045605265
837 94 6 6 0.04692464
465 127 9 11 0.047320504
818 76 7 6 0.047453906
276 158 10 11 0.04767671
295 170 9 10 0.04769852
114 192 10 11 0.0477004
129 202 12 12 0.047905497
998 116 12 21 0.04805531
680 161 9 12 0.048207916
836 156 7 6 0.048427407
262 161 19 30 0.049078908
963 14 15 19 0.04913552
147 186 14 18 0.049199637
931 49 7 8 0.049589608
819 110 6 6 0.049880672
513 141 14 16 0.05067832
624 474 39 68 0.051393107
548 315 40 65 0.052452866
306 167 12 10 0.053658787
818 157 8 6 0.05402553
323 171 9 9 0.05411632
111 191 14 16 0.054599877
101 201 13 12 0.054629277
788 123 7 6 0.055159736
817 127 7 7 0.055332858
10 203 19 19 0.055810045
33 185 14 16 0.05610912
516 126 9 9 0.05650836
499 111 8 7 0.05650934
530 185 11 12 0.056510437
749 155 15 15 0.05870914
125 190 15 16 0.059462097
712 113 6 6 0.061523795
887 139 7 7 0.061599564
459 136 14 16 0.062414408
866 141 8 7 0.06244223
576 118 12 16 0.06294979
886 92 8 9 0.06420428
455 113 6 9 0.064864546
386 132 14 16 0.06548349
613 121 9 10 0.06573191
418 136 14 15 0.06759791
851 153 7 7 0.067790546
128 192 10 10 0.06926781
327 158 9 10 0.07456907
773 111 6 6 0.07483132
833 146 8 7 0.07534215
100 192 15 17 0.0785085
710 122 7 9 0.0792755
1002 22 20 20 0.07964716
787 112 6 6 0.08018995
741 159 9 9 0.08085405
307 160 10 12 0.08133807
544 509 37 72 0.083755165
560 119 13 16 0.08451913
865 67 9 9 0.085932694
163 167 14 17 0.086518586
821 141 7 7 0.08686485
694 130 6 8 0.087853454
805 97 5 6 0.08868136
642 151 7 10 0.08924338
706 157 9 11 0.08944183
417 169 11 11 0.09056076
530 121 14 16 0.09121854
513 152 10 11 0.09271412
597 105 14 16 0.095594265
463 138 9 12 0.096773334
564 110 7 9 0.09816663
625 109 9 11 0.099944904
451 125 9 10 0.09999856
34 189 9 10 0.10030846
852 145 7 8 0.101331115
612 108 13 15 0.10258681
267 165 22 18 0.10302284
390 130 8 9 0.10332783
165 169 10 10 0.10437609
806 126 7 7 0.10439439
300 163 22 18 0.10892482
355 138 9 12 0.1100373
929 57 7 9 0.111796565
575 114 9 11 0.113572545
787 95 6 6 0.11479172
428 127 14 15 0.11529406
454 160 8 10 0.11657978
739 168 10 10 0.116906606
0 201 12 19 0.118664525
484 139 8 10 0.12041301
897 89 9 10 0.13051812
691 146 9 12 0.13098143
756 141 9 9 0.13448538
788 145 9 7 0.13623159
352 135 14 18 0.1396236
159 180 18 27 0.14328966
745 127 7 7 0.14401169
453 136 14 17 0.15339397
802 144 8 7 0.15431681
529 107 8 9 0.15823205
786 153 11 9 0.15837824
2 204 8 12 0.15854529
104 197 21 20 0.15886797
723 108 6 7 0.16159618
806 111 6 6 0.16565938
677 167 10 11 0.17160504
755 128 7 7 0.17256944
256 168 20 19 0.18595189
918 61 7 8 0.19185677
455 139 10 12 0.19703011
432 134 10 12 0.20395164
77 212 22 19 0.20789753
420 138 9 10 0.21512471
388 135 10 11 0.2158588
515 144 10 10 0.22656292
578 120 9 12 0.22754094
548 108 7 9 0.22973724
643 117 9 12 0.23013075
900 78 8 9 0.23141117
903 127 9 10 0.2327309
420 128 9 10 0.23650323
903 60 7 8 0.23865727
272 155 20 19 0.2406989
959 19 21 19 0.24261792
599 106 10 12 0.24750501
774 95 6 7 0.24905093
403 141 8 9 0.25215217
80 205 21 18 0.2533111
280 156 22 19 0.2537741
15 206 10 12 0.25694013
752 158 11 10 0.26219732
431 128 10 11 0.2711945
769 124 7 8 0.2734242
543 123 10 12 0.28221864
562 121 9 11 0.2990826
691 150 9 12 0.30144787
591 124 11 12 0.3113624
500 125 9 12 0.31400058
614 110 10 11 0.3174989
532 122 10 12 0.32004872
757 112 7 7 0.34041855
642 113 10 12 0.35988635
498 123 13 17 0.36076266
123 199 22 18 0.3747124
518 108 9 10 0.37635353
304 158 15 17 0.38286608
851 76 8 9 0.38754627
97 197 21 19 0.5168112
363 152 21 20 0.59977275
49 177 21 20 0.60018885
866 70 10 11 0.62689966
154 183 19 22 0.65039164
225 123 32 37 0.7546469

