2_Demonstration_Political_Rally_2_64
159
565 351 13 20 0.010171626
726 387 9 9 0.010226376
243 260 6 6 0.010286369
732 354 24 16 0.010388079
902 229 18 32 0.010406007
617 408 23 26 0.010501368
898 253 17 32 0.010893673
279 338 5 8 0.011066017
170 262 6 7 0.01119643
698 325 25 16 0.011243346
955 298 37 68 0.011279674
908 240 12 22 0.011438142
215 305 5 6 0.011494867
167 213 5 6 0.011546426
243 309 8 5 0.011672765
120 200 5 6 0.011673827
547 328 20 29 0.011974772
435 354 7 9 0.012042071
556 288 12 18 0.012098026
295 275 8 7 0.012342707
153 201 5 6 0.012400481
196 275 6 6 0.012557982
548 334 13 21 0.0127571095
273 257 7 7 0.012792687
781 410 21 30 0.012905583
452 339 7 10 0.012940142
66 196 8 5 0.013122351
306 139 12 19 0.013466019
612 349 13 19 0.013485018
59 240 26 15 0.013631199
688 344 12 8 0.013717236
54 183 6 7 0.01382739
308 129 13 21 0.013832523
540 463 24 18 0.014253632
425 261 5 7 0.014404672
120 212 6 6 0.014588828
882 283 18 33 0.014700664
921 185 10 20 0.014783325
54 196 6 6 0.014971432
578 401 32 35 0.015133465
925 181 12 17 0.015200907
722 352 12 9 0.015437607
727 406 8 10 0.015479059
325 209 6 9 0.01552837
523 360 19 22 0.016930573
150 210 5 6 0.016942792
850 403 43 62 0.016983256
638 463 31 37 0.017229369
245 200 5 5 0.017393544
183 275 6 7 0.017724365
133 212 6 5 0.017852943
227 230 6 5 0.017895928
614 352 9 11 0.01802166
294 323 8 10 0.018445445
514 277 7 11 0.018560844
321 275 8 7 0.018860124
68 228 9 5 0.018904438
538 363 20 22 0.018923834
638 299 7 15 0.019178271
527 284 12 19 0.019832516
311 228 5 6 0.020170923
612 291 5 10 0.020205019
453 354 8 11 0.020733768
245 233 7 6 0.020918237
308 276 8 7 0.021015693
575 346 21 29 0.021086752
295 353 6 11 0.021277096
215 247 7 7 0.021321265
620 395 22 29 0.02162784
294 245 6 5 0.021751499
595 355 8 10 0.021880614
227 213 6 5 0.02204562
715 348 25 16 0.022454582
903 239 12 22 0.022470614
308 143 8 12 0.022961002
68 216 8 6 0.022999289
524 353 13 23 0.023017718
645 355 24 25 0.023139644
295 261 6 6 0.023450697
81 215 7 6 0.02367963
631 410 23 21 0.023729129
311 212 5 7 0.02388336
308 247 7 5 0.024278425
212 229 6 6 0.024658306
197 243 6 6 0.02519949
624 414 20 21 0.025822034
927 187 8 14 0.026512217
705 340 13 10 0.027038597
682 340 25 15 0.027302995
890 288 24 45 0.028117146
845 381 29 38 0.028511561
795 409 28 40 0.029190734
210 214 5 6 0.029437887
279 245 6 6 0.029951831
922 188 7 14 0.030057052
543 345 20 30 0.030499544
264 258 7 7 0.031542152
258 244 6 7 0.031579494
711 347 22 29 0.031971384
262 226 7 7 0.032054447
640 353 22 18 0.03300562
245 213 6 5 0.03309434
532 278 8 11 0.03312691
295 213 5 6 0.03357875
277 229 5 5 0.03359641
632 298 10 21 0.033774853
579 359 9 11 0.03509964
400 355 7 8 0.036729697
638 398 14 23 0.040296286
275 323 6 8 0.040594645
166 229 6 5 0.042040464
550 285 13 17 0.044060986
633 292 10 18 0.046485953
674 342 13 10 0.047405735
649 355 24 18 0.048622306
178 183 6 7 0.04945519
182 244 5 6 0.04971864
542 444 30 39 0.050469454
576 355 14 19 0.051139545
212 197 6 5 0.051763136
927 184 8 12 0.051773682
168 184 6 7 0.057375077
197 230 5 6 0.058137417
261 216 6 6 0.05871407
710 341 26 16 0.05959493
292 229 5 6 0.06068793
516 353 13 22 0.066178896
183 214 5 7 0.067419745
166 195 5 6 0.06842037
229 197 5 6 0.07169865
199 212 6 8 0.07656854
787 258 18 32 0.07792262
519 286 7 11 0.07821999
180 197 5 6 0.079161875
183 227 5 7 0.08720202
180 260 6 7 0.088655725
530 287 8 10 0.09004067
705 333 22 27 0.0901739
147 230 6 6 0.09175976
199 200 5 7 0.09258431
245 240 7 9 0.097767115
559 291 8 11 0.10351092
225 248 6 8 0.10432345
519 349 20 30 0.11081086
669 339 23 16 0.1155752
854 378 30 38 0.13635886
633 301 6 14 0.14585102
224 254 7 9 0.1463428
631 405 31 33 0.1501643
634 395 23 28 0.1515883
217 256 6 9 0.15512836
637 294 7 12 0.1563906
198 261 7 8 0.28218085
552 287 8 11 0.29265466
699 335 24 17 0.31320342
796 262 19 33 0.377504
635 294 6 15 0.41798592
584 388 29 41 0.47834253
633 455 31 39 0.6453636

