2_Demonstration_Demonstration_Or_Protest_2_615
97
1009 228 12 22 0.01008275
792 239 20 22 0.010106321
181 247 32 15 0.010188476
393 229 23 18 0.010361333
415 210 22 18 0.010372683
664 271 23 18 0.010438125
861 264 20 28 0.010449996
140 245 25 16 0.010488467
394 238 22 19 0.010506527
826 237 34 52 0.0105627915
577 278 9 8 0.010644292
443 229 25 17 0.010978899
126 263 26 28 0.011042679
570 274 23 17 0.011470268
543 247 9 9 0.011752695
527 258 24 17 0.012022198
537 281 25 16 0.012177579
525 241 23 17 0.012428033
974 255 22 19 0.012481334
534 275 29 33 0.012635052
532 244 9 9 0.012859268
969 269 21 28 0.012898872
593 296 11 10 0.01323143
359 209 18 31 0.014036881
192 262 32 37 0.015161142
944 236 37 51 0.015262877
734 262 13 21 0.015970666
906 247 29 16 0.015974825
633 244 24 17 0.016474448
813 256 12 23 0.016872885
987 245 23 18 0.017025348
995 238 18 31 0.017629312
425 223 23 18 0.018707331
491 242 24 17 0.019548541
75 277 27 15 0.020571494
381 209 23 19 0.021343177
1004 229 20 20 0.021632474
555 247 25 19 0.024163159
607 260 24 21 0.024331989
327 209 21 31 0.024395756
425 211 23 18 0.024562929
639 273 24 19 0.025079468
291 231 24 29 0.025383106
421 214 8 8 0.027372291
681 267 18 30 0.028370962
724 261 12 23 0.028430976
524 291 24 17 0.028545037
756 255 17 33 0.028557561
336 223 23 19 0.028624853
184 255 26 18 0.03172315
654 253 17 31 0.031929143
585 246 23 18 0.032248255
485 243 19 29 0.033969164
655 271 15 21 0.034681402
537 244 23 18 0.035652082
712 256 17 31 0.036051467
790 239 12 24 0.03713294
523 251 19 30 0.039048668
705 273 19 22 0.04030927
537 255 23 19 0.044667233
586 292 24 17 0.045988087
416 211 20 30 0.051137336
771 261 19 30 0.055416062
871 260 25 19 0.062705085
655 262 22 19 0.0675178
616 260 23 21 0.069087625
297 170 34 33 0.07148497
571 244 19 30 0.08575955
380 228 30 40 0.10356561
315 171 31 39 0.1066798
804 243 17 32 0.11930289
730 265 18 30 0.13655128
860 261 25 19 0.15370575
679 255 20 22 0.18338576
861 252 19 31 0.1880411
651 268 19 31 0.1984435
721 268 17 25 0.21344072
538 287 24 18 0.2346365
173 243 30 34 0.27669755
953 245 22 30 0.3372901
716 266 18 33 0.36153713
673 256 21 21 0.37903813
430 244 27 40 0.5583825
436 248 29 37 0.59473884
180 247 33 34 0.63174367
510 269 22 30 0.6562929
612 257 21 32 0.719632
943 239 27 40 0.73752695
380 215 29 40 0.75042856
833 247 21 33 0.8240447
7 264 27 39 0.8300457
559 243 22 32 0.8563215
897 242 28 39 0.8930596
288 221 32 36 0.91225165
765 254 21 34 0.9134034
38 251 29 37 0.93919605
118 253 35 35 0.978246

