2_Demonstration_Demonstrators_2_712
25
651 534 32 42 0.010041285
426 521 32 66 0.011570091
286 443 40 67 0.011680722
1001 382 21 57 0.011815353
960 457 19 35 0.011837191
10 589 13 50 0.012385324
754 542 37 61 0.0143647995
1 592 24 91 0.014584819
10 581 17 68 0.015843501
738 31 39 62 0.017515678
119 547 34 63 0.018317953
657 539 41 56 0.019044222
902 71 24 18 0.019605817
866 400 30 38 0.02064087
994 373 30 73 0.025252147
698 538 26 18 0.027717052
282 416 35 69 0.029040033
440 519 30 69 0.059070118
664 534 29 44 0.10324132
954 430 31 63 0.11409467
997 366 24 50 0.30160388
700 526 25 42 0.30736244
647 523 40 65 0.44046485
768 483 30 42 0.78793246
889 418 33 55 0.816805

