2_Demonstration_Demonstration_Or_Protest_2_385
554
616 481 20 32 0.010127515
587 384 23 15 0.010173311
15 475 17 33 0.010214439
255 427 21 18 0.010247824
306 379 8 8 0.010269853
722 477 20 20 0.010275613
513 391 9 11 0.010372816
512 376 13 17 0.010425464
484 304 5 6 0.01043777
692 399 11 10 0.010448448
76 405 14 17 0.010473424
292 399 14 16 0.010482471
676 408 14 17 0.010558118
124 402 21 17 0.010589346
740 372 13 17 0.010616665
0 430 10 27 0.010627293
673 427 20 20 0.010652923
142 437 13 14 0.010780025
136 318 6 7 0.010971275
79 384 14 14 0.010971865
223 452 25 17 0.010986067
261 377 14 16 0.011702447
24 472 20 22 0.01176494
131 503 19 22 0.011795282
132 435 20 19 0.011891814
477 375 13 16 0.01194273
750 381 13 17 0.012013218
110 426 14 17 0.012027699
69 343 14 17 0.012045037
320 407 11 10 0.01209079
328 334 5 6 0.012122048
65 453 22 20 0.01213249
53 320 5 6 0.012141083
133 351 7 7 0.0121427765
556 377 14 15 0.012176283
348 538 14 21 0.012272044
895 473 20 21 0.012386403
99 320 6 6 0.012453371
399 391 14 16 0.012474353
6 501 17 32 0.012496794
57 421 22 19 0.012671296
184 514 30 37 0.0129474355
79 407 10 12 0.01301075
393 481 22 30 0.013144322
917 413 14 19 0.013246872
77 387 20 18 0.013486256
68 322 6 6 0.013551201
752 389 13 18 0.013662374
340 409 12 11 0.013801016
100 524 21 31 0.013802165
84 320 6 6 0.013934525
193 395 23 17 0.01398659
1011 458 10 13 0.01407898
528 377 13 16 0.014101444
631 360 9 11 0.014137512
170 504 20 31 0.014218294
801 377 11 11 0.01439666
413 397 15 16 0.014547222
326 380 7 7 0.014549616
173 456 21 18 0.015087118
4 400 9 10 0.015213768
936 411 22 18 0.015227564
119 379 10 10 0.015343484
567 413 14 17 0.015403523
359 319 4 6 0.01543963
630 289 4 5 0.015458981
657 410 14 17 0.0155151
574 414 12 12 0.015568343
628 346 13 17 0.015616451
551 305 4 5 0.015756413
933 289 4 5 0.01577307
863 412 19 26 0.015793668
820 366 8 9 0.01579544
851 422 22 17 0.015825156
562 423 22 18 0.015854117
653 377 14 16 0.01588257
104 452 21 20 0.015903011
871 394 13 14 0.015904004
21 321 5 6 0.016021509
754 391 9 12 0.016150009
275 407 10 10 0.016298372
65 412 12 11 0.016364641
786 362 9 9 0.016504064
404 411 10 10 0.01657086
269 395 14 16 0.016582303
592 386 13 10 0.01659103
471 374 13 16 0.016619623
367 396 10 11 0.01671205
680 423 21 19 0.016874632
737 364 14 16 0.017043702
390 305 4 6 0.017158478
603 440 21 20 0.017389266
835 362 7 8 0.017509647
915 418 13 19 0.01756936
988 361 13 17 0.01759603
461 393 14 16 0.017917026
117 318 6 6 0.018087132
688 409 12 13 0.01814498
348 402 21 18 0.018163644
147 318 6 6 0.018314615
451 375 13 16 0.018321857
389 493 29 39 0.018563896
658 360 13 17 0.018633818
162 378 9 11 0.018701999
802 364 14 16 0.018792387
670 435 20 21 0.018907985
415 409 11 11 0.01902305
898 377 14 16 0.019039042
96 395 15 10 0.019113038
656 380 10 11 0.019289251
398 407 22 18 0.01950596
197 399 13 10 0.01951308
163 408 13 13 0.019798096
644 290 4 5 0.019891025
507 479 31 37 0.020014161
359 381 8 8 0.020073088
719 481 20 21 0.020158822
335 395 14 15 0.020570505
619 496 23 22 0.0208431
500 378 8 10 0.020904634
621 454 21 20 0.021114005
28 399 11 11 0.021160807
259 391 14 16 0.02143684
1 427 10 14 0.021630041
378 436 20 21 0.021635188
877 393 13 13 0.021727951
768 270 7 10 0.021792395
501 320 5 6 0.02180984
482 389 13 17 0.02204411
689 347 7 8 0.022153566
37 322 5 6 0.022160051
340 337 4 5 0.022859624
451 393 14 16 0.0228924
665 288 4 6 0.02297646
496 411 10 13 0.023074705
672 363 10 9 0.023200432
403 303 5 5 0.02349445
752 383 10 12 0.023535153
421 306 5 5 0.023746831
741 375 10 11 0.023796258
35 497 21 31 0.023828674
755 284 5 6 0.023838984
608 392 14 17 0.023923129
738 393 14 18 0.023967968
517 320 4 5 0.024008082
921 411 22 19 0.024011737
413 406 13 17 0.024061294
134 334 7 7 0.024118708
983 362 13 16 0.02421958
1016 288 4 9 0.024233146
196 363 8 7 0.024359252
242 395 11 9 0.024483167
738 319 6 6 0.024594773
230 319 5 5 0.024596993
496 394 9 10 0.024709191
140 430 14 18 0.024825199
6 365 8 8 0.024934787
535 411 13 18 0.02512648
506 492 31 36 0.025560783
801 433 22 19 0.025675524
485 318 4 6 0.025956225
947 364 8 8 0.026321635
772 361 8 10 0.026579935
715 478 20 30 0.026628159
214 318 5 5 0.026859963
21 359 14 15 0.02709682
469 318 4 5 0.027299708
689 377 14 16 0.027560992
863 447 20 28 0.027642246
48 424 20 19 0.027696513
360 333 5 6 0.02864171
245 318 5 5 0.02883297
453 395 10 11 0.028841976
567 303 5 6 0.029948946
21 395 14 16 0.030098569
291 376 8 10 0.030326132
305 349 6 7 0.03053455
305 332 6 7 0.0305418
532 317 5 6 0.030764595
464 394 10 12 0.030829009
186 470 23 19 0.03106185
964 304 4 6 0.031229941
386 408 14 17 0.03138056
179 319 5 6 0.031693928
59 409 22 17 0.03234548
262 318 5 5 0.032449577
437 319 4 5 0.03251941
739 396 11 12 0.03331726
582 365 10 9 0.033334803
81 364 7 9 0.033352017
533 364 7 7 0.033673417
785 388 11 13 0.033973124
765 402 13 18 0.034101423
71 333 5 5 0.03424282
881 360 7 8 0.03431313
81 386 10 10 0.034427244
934 301 4 6 0.034527697
938 458 18 25 0.035117935
112 362 9 10 0.035209734
553 441 22 19 0.035655033
224 393 10 9 0.035667356
871 362 8 8 0.035855517
631 417 21 20 0.035944007
818 348 7 7 0.036047745
146 334 6 6 0.036284655
742 287 6 6 0.036316082
753 469 19 34 0.036349095
950 304 4 6 0.036480725
692 304 5 5 0.03663538
1013 299 5 8 0.036675278
708 358 10 10 0.03673612
1010 371 12 19 0.03688934
129 405 12 12 0.037004426
162 349 7 7 0.037191905
389 318 4 5 0.03725587
113 352 7 7 0.037312128
68 366 8 9 0.03743703
610 410 14 18 0.037619174
613 302 4 5 0.037800547
197 319 4 5 0.03794637
416 400 10 10 0.0382741
561 364 7 7 0.03832301
421 316 5 5 0.03833292
708 305 6 6 0.038369995
32 379 9 10 0.03878813
404 318 5 5 0.038963526
754 360 8 10 0.039079662
767 397 14 17 0.039160993
94 511 27 40 0.03943725
103 350 6 7 0.0398445
758 319 5 5 0.039949045
900 380 10 10 0.040209476
679 304 5 5 0.0413072
98 380 10 8 0.041307934
151 367 9 8 0.041466728
583 303 4 5 0.041613977
722 363 8 9 0.041681953
456 318 5 7 0.04177156
390 379 7 7 0.041859496
353 398 15 16 0.042183213
229 334 5 5 0.04227296
22 398 11 11 0.042505115
645 302 4 6 0.042692948
387 411 11 10 0.042912994
320 399 10 10 0.042960364
931 363 8 8 0.04303038
306 406 12 11 0.04314424
775 305 4 5 0.043176934
484 369 7 8 0.043230418
15 540 26 45 0.043337837
305 318 5 7 0.04336218
971 421 18 29 0.04370431
838 350 6 6 0.04408395
402 394 9 10 0.044203002
127 375 10 10 0.044218376
391 396 10 9 0.044277925
892 478 20 31 0.04438214
204 468 23 28 0.044638064
493 408 13 19 0.0449359
472 79 7 12 0.04535357
306 366 6 7 0.045524243
103 364 9 9 0.04552612
309 400 10 10 0.04565289
374 320 4 5 0.045747723
246 334 5 5 0.046117734
705 350 14 16 0.04628023
516 352 6 6 0.046455942
743 300 6 6 0.046591897
353 405 13 11 0.0466361
80 452 22 20 0.04664667
21 383 9 9 0.046692397
1009 454 12 21 0.04675281
819 305 5 5 0.046864334
276 319 5 5 0.047303107
827 460 21 20 0.047558464
242 380 9 8 0.04765499
337 397 10 10 0.047680035
5 332 7 8 0.04769215
327 350 6 6 0.047936402
853 304 5 6 0.04808239
77 447 19 30 0.04823306
581 349 8 7 0.048420697
546 383 14 15 0.048500437
150 375 10 11 0.048595157
339 472 19 24 0.04864695
1009 364 13 19 0.048834693
594 346 8 7 0.04907969
630 302 4 5 0.049090628
174 380 14 16 0.04949345
340 348 5 6 0.04949684
433 378 8 10 0.049619023
293 318 5 6 0.049882546
373 332 4 5 0.049890663
332 467 20 30 0.050555076
21 333 6 7 0.05055755
212 334 5 5 0.050846003
161 366 8 8 0.05091904
788 306 5 5 0.05097182
807 305 5 5 0.05106502
586 361 22 17 0.05119998
48 347 7 8 0.051247638
903 367 8 8 0.05161633
164 320 6 7 0.05167956
885 302 5 5 0.051930103
717 376 13 17 0.05197353
548 363 7 7 0.05207006
84 334 6 6 0.052083697
100 334 6 7 0.053016752
294 402 10 10 0.05370549
859 458 23 20 0.05370656
125 399 15 15 0.053852547
31 363 8 8 0.054012287
165 332 6 6 0.05428655
355 400 11 11 0.054357756
839 305 5 6 0.05471414
779 449 19 31 0.054960046
115 334 6 7 0.055090364
1000 285 4 6 0.055140737
644 376 14 17 0.0555105
500 366 7 8 0.05551063
327 367 6 7 0.05563927
950 318 4 5 0.05619426
435 333 5 6 0.05633292
231 350 6 6 0.05646358
341 369 6 6 0.056581944
530 379 9 11 0.056585796
691 379 10 11 0.056588296
183 334 5 6 0.05661109
594 299 4 6 0.057124205
1000 299 5 5 0.057239693
851 362 7 7 0.05739605
662 304 4 5 0.057416666
644 363 9 9 0.057690654
759 350 7 8 0.05783939
917 302 4 5 0.05805019
341 376 8 10 0.058472387
468 362 7 8 0.05848638
784 382 14 16 0.058523938
128 369 9 9 0.058604572
502 335 5 5 0.058704834
918 318 5 5 0.05898051
683 407 21 18 0.05910226
211 354 6 7 0.059508502
790 318 4 5 0.059512705
370 378 7 9 0.059755553
195 350 6 6 0.059834354
559 378 10 10 0.059960417
756 304 5 6 0.060020946
901 302 5 5 0.060285244
197 334 5 5 0.060578737
213 361 7 7 0.06077512
933 334 6 5 0.061859183
932 319 5 5 0.06188718
262 335 5 5 0.06199822
701 377 14 16 0.062115986
358 352 5 6 0.06257292
246 351 6 6 0.06296747
423 336 6 5 0.06315525
36 334 6 6 0.063311584
902 320 5 5 0.06348076
202 394 23 16 0.06358515
635 413 14 19 0.06370999
454 409 15 18 0.06391487
358 363 6 7 0.06441547
660 362 9 11 0.06472943
567 418 22 19 0.064833455
180 362 8 7 0.06514505
660 334 5 6 0.06514565
450 337 6 6 0.06532848
484 348 6 7 0.065402485
871 472 20 33 0.066269755
763 465 20 35 0.06629059
661 318 5 6 0.06631869
693 318 5 5 0.06641166
209 397 11 10 0.066447765
915 363 8 8 0.066531956
485 334 5 5 0.06672162
420 379 9 8 0.06678663
660 349 7 7 0.06690211
774 317 5 5 0.06738758
677 320 5 5 0.067710824
293 349 6 6 0.06829543
515 379 8 10 0.06837384
595 318 5 6 0.06854737
1012 374 9 12 0.06875623
484 391 9 12 0.068952546
806 348 8 8 0.06896976
545 387 14 16 0.0695716
771 350 7 8 0.06979858
471 333 5 6 0.06985985
631 317 5 5 0.07017748
212 380 9 8 0.070897244
837 318 5 5 0.07120654
724 320 7 7 0.07148223
853 317 5 5 0.07194244
737 334 7 7 0.072070256
728 350 7 9 0.07232942
81 346 7 8 0.072566345
803 332 6 6 0.073083535
886 317 4 5 0.07329679
391 350 5 5 0.07349507
708 318 6 6 0.07417277
517 333 5 5 0.07422231
854 334 5 6 0.07438687
759 333 6 7 0.0744995
540 411 15 17 0.07457431
645 318 5 5 0.07490524
176 382 11 11 0.07527907
735 420 19 23 0.0752804
1010 348 7 9 0.07586119
452 366 7 8 0.076116696
720 377 10 12 0.076174565
21 349 7 7 0.07647215
869 302 5 5 0.07701451
980 305 5 5 0.07731694
293 333 5 5 0.07756877
643 349 7 7 0.07763375
790 334 6 6 0.07769649
226 363 8 7 0.077967495
822 319 5 6 0.07799816
294 405 11 11 0.07835798
805 319 5 6 0.078636944
182 352 6 7 0.078731224
273 398 8 11 0.0793796
327 425 23 18 0.07946851
581 317 5 5 0.08021454
149 350 9 9 0.08093412
677 332 6 6 0.08115779
645 334 6 6 0.08118414
502 348 6 7 0.08130965
551 320 4 5 0.081777744
870 317 5 5 0.08249403
81 390 11 11 0.08254054
243 366 7 7 0.08276928
272 380 8 9 0.08283622
708 332 7 7 0.08295456
86 453 24 19 0.08349425
533 350 5 7 0.08442395
613 334 6 7 0.08449877
262 366 7 8 0.084621094
948 333 6 7 0.08527554
548 384 10 11 0.08627578
722 304 5 6 0.086302996
613 319 5 6 0.08632381
736 349 8 9 0.08640979
872 350 7 6 0.08646921
1012 367 8 12 0.08673438
593 387 14 15 0.08802293
901 332 6 5 0.088539444
451 346 6 7 0.08857828
373 368 6 6 0.08866726
406 336 5 5 0.089203395
963 359 7 9 0.0894885
670 376 14 17 0.08954969
739 366 9 11 0.08965317
953 346 7 8 0.089894064
453 377 10 10 0.090227656
3 346 8 9 0.090391085
917 348 6 6 0.09061678
917 336 6 6 0.0906656
263 381 9 9 0.09115036
275 336 5 5 0.091885135
137 434 20 19 0.092890225
390 335 5 6 0.09298018
961 350 7 8 0.09315085
473 376 10 11 0.094351664
991 364 9 10 0.09455512
582 335 5 5 0.094673865
569 412 20 19 0.09495911
595 336 6 7 0.0965626
261 394 10 10 0.09668984
707 352 10 10 0.096714295
565 349 6 7 0.09696867
188 521 28 43 0.09711297
480 377 9 10 0.09743014
775 333 6 7 0.09782944
51 335 6 6 0.0986898
804 367 10 10 0.09894303
224 383 9 9 0.09972585
567 320 4 5 0.099819
677 347 8 9 0.10016392
838 332 6 6 0.10037452
704 379 10 11 0.10075019
295 367 7 8 0.1021093
780 459 23 21 0.10266036
930 351 7 7 0.10321099
405 383 8 8 0.10352112
466 352 7 9 0.10457556
867 334 6 5 0.10483115
404 350 6 6 0.10516179
722 332 8 8 0.10532967
693 332 7 8 0.10550749
998 320 6 6 0.10561224
851 349 6 5 0.10616118
403 364 7 6 0.10649427
629 334 6 7 0.10750885
982 317 5 6 0.10842114
1014 334 5 7 0.10866407
549 335 5 5 0.11270182
885 335 6 6 0.11292297
258 350 7 7 0.113358244
276 363 7 8 0.11392909
279 348 6 7 0.114997275
127 494 26 41 0.11659309
159 405 20 19 0.11702157
565 335 5 5 0.11705938
882 351 7 6 0.11739233
995 347 7 8 0.118519165
454 410 22 20 0.11853851
420 349 6 6 0.11916939
617 493 20 31 0.119250596
436 366 8 8 0.119488135
531 334 6 7 0.121450804
901 347 7 7 0.122055955
592 363 12 12 0.12266888
872 390 20 20 0.12348528
998 334 6 7 0.12372497
71 346 9 9 0.12598613
322 429 21 17 0.12737675
615 344 7 9 0.12745535
984 365 10 11 0.12758043
361 452 21 32 0.12791345
584 452 20 31 0.12808523
394 528 27 41 0.12810613
625 410 13 19 0.12850378
630 350 8 9 0.1285105
40 347 7 7 0.12999243
552 348 6 6 0.13100137
962 335 6 7 0.13334209
819 389 14 16 0.13396448
787 349 8 8 0.133985
966 319 5 6 0.13446073
983 336 6 6 0.1351766
819 335 6 7 0.13771842
438 350 6 7 0.13834251
827 583 35 65 0.13977444
506 536 29 38 0.14242327
0 424 12 22 0.14364251
374 351 6 7 0.14632104
421 364 7 7 0.14747699
388 366 7 7 0.14899369
804 428 19 19 0.15084653
217 466 23 28 0.15298145
22 538 28 45 0.15640673
981 348 8 8 0.15815194
1015 314 6 8 0.15994795
22 361 10 10 0.16700855
686 462 19 33 0.17411536
974 425 21 21 0.18373336
516 361 7 8 0.19888796
90 392 24 17 0.21052606
287 535 29 42 0.24185948
857 420 24 18 0.24398771
680 555 27 41 0.24455132

