2_Demonstration_Demonstrators_2_163
35
230 29 29 76 0.010072465
471 36 46 111 0.010631947
778 249 26 44 0.010906591
900 272 19 43 0.011270632
0 282 25 85 0.011948066
59 234 34 65 0.012439486
31 255 34 62 0.013398779
346 208 47 62 0.014107411
193 282 47 64 0.014534275
2 274 25 45 0.015032043
44 273 22 20 0.01564022
4 280 17 35 0.016712436
843 297 23 33 0.016869238
42 267 22 20 0.021122698
470 57 33 80 0.021265492
308 233 47 59 0.022203159
41 269 19 33 0.02293319
293 235 41 62 0.02322234
20 205 34 70 0.023324592
325 168 77 135 0.0234011
19 247 19 24 0.024025818
20 216 43 98 0.024848597
851 273 34 56 0.041800622
339 226 45 60 0.04296658
97 262 30 46 0.09337545
12 237 26 43 0.15000439
30 239 24 48 0.18609881
337 188 54 103 0.21477535
323 214 62 83 0.22282569
554 293 21 31 0.52830476
93 240 38 71 0.56948906
202 251 51 91 0.71019864
843 280 30 54 0.8405433
893 259 32 58 0.9530397
562 178 85 125 0.98255676

