2_Demonstration_Demonstration_Or_Protest_2_644
148
611 259 18 31 0.010083007
425 291 20 30 0.010243679
201 69 8 13 0.010314573
206 60 12 20 0.010428126
514 280 18 30 0.010734641
589 265 20 21 0.010849263
335 219 17 32 0.010902862
813 273 21 20 0.01096424
467 289 20 19 0.011139533
532 259 10 12 0.011230468
954 271 20 20 0.011419394
701 263 35 63 0.011692635
200 66 11 20 0.01174563
226 174 10 15 0.01178997
505 272 21 20 0.011810471
225 192 13 20 0.01182986
278 254 12 21 0.012142765
948 239 7 9 0.012222091
335 196 16 34 0.012280214
347 268 39 60 0.012747228
1012 234 9 24 0.012763663
353 277 28 43 0.012828724
524 282 21 19 0.012881835
665 268 21 22 0.013006116
480 272 19 20 0.013160334
574 127 12 13 0.013294463
943 225 13 19 0.013632192
224 167 18 30 0.01409045
708 241 13 24 0.014320033
709 238 29 63 0.014612683
530 257 14 17 0.014627762
276 235 13 20 0.014738915
323 94 19 24 0.014869641
499 253 13 20 0.015120343
551 242 14 19 0.01520387
350 254 21 22 0.015711788
497 241 12 19 0.015744379
710 246 12 26 0.015880214
228 221 13 20 0.016195508
1002 251 16 34 0.016444836
645 241 10 13 0.017143486
355 239 31 62 0.01717279
830 272 23 20 0.017457888
652 305 23 20 0.017560028
728 93 22 19 0.017632954
710 278 18 36 0.018370893
786 260 9 12 0.018724194
1016 231 5 12 0.018737955
707 271 25 46 0.019880356
39 121 20 35 0.01996247
32 90 38 56 0.02060191
491 302 23 19 0.02083191
974 281 21 20 0.021050971
588 258 20 20 0.021298392
648 304 27 46 0.02160503
295 228 17 31 0.021885289
407 249 22 19 0.023501046
411 241 14 23 0.023526536
227 193 17 33 0.02352901
491 261 18 32 0.02393152
736 260 16 33 0.02405588
386 241 13 21 0.024087029
545 253 22 19 0.025301447
642 112 9 14 0.026240055
529 272 20 20 0.026508981
271 285 12 26 0.027029602
967 277 19 30 0.027470756
566 126 14 18 0.027787952
526 148 22 17 0.028485516
640 110 12 19 0.02853068
768 286 12 27 0.029057799
936 274 21 22 0.02968405
602 258 21 19 0.03035225
671 263 17 34 0.030677121
482 317 22 18 0.031847972
871 283 19 31 0.035097774
522 263 18 31 0.03649571
341 202 12 21 0.036699135
783 256 13 19 0.037932903
176 176 14 22 0.03878578
947 229 7 9 0.039631832
299 237 12 20 0.04135037
1014 256 6 14 0.041474253
481 287 18 31 0.042801052
643 296 36 62 0.04432267
568 124 21 19 0.045580074
575 264 18 33 0.04759306
977 273 20 21 0.053016257
499 268 14 20 0.05461971
366 249 21 23 0.054928083
509 251 21 19 0.055905383
713 236 17 34 0.05738008
433 233 19 22 0.05743398
428 286 21 20 0.057552505
224 172 13 20 0.05807834
448 281 19 29 0.058324926
1014 238 6 13 0.05988753
1011 251 10 25 0.06295019
538 270 21 20 0.06381748
551 249 21 20 0.06395416
536 193 22 20 0.065606385
654 257 17 36 0.06651133
473 298 22 19 0.06733706
653 271 21 21 0.067343436
28 188 28 41 0.06830477
969 265 18 33 0.07284963
664 279 23 49 0.08288047
647 238 21 21 0.09127336
553 256 18 33 0.09557006
473 291 21 20 0.100359574
886 310 29 38 0.10256877
860 267 18 31 0.11401065
572 276 18 32 0.124309234
400 236 17 31 0.12954913
441 286 22 20 0.13486587
552 241 21 21 0.13502555
930 274 14 24 0.13567597
425 234 18 31 0.13694389
932 279 14 23 0.15356413
266 280 18 34 0.15730709
235 219 19 22 0.15945894
402 242 20 21 0.17867716
854 271 23 22 0.20121314
294 236 13 20 0.22360414
487 318 24 20 0.22598518
363 248 18 36 0.22938865
561 276 19 33 0.23699798
655 277 24 50 0.23833852
642 237 19 20 0.25626084
31 109 37 57 0.2639301
934 276 17 30 0.2909769
849 271 21 22 0.29317632
819 276 19 32 0.2983535
23 31 21 22 0.30404577
162 180 19 31 0.32924032
19 31 18 23 0.34976807
171 172 19 34 0.43795016
210 47 13 18 0.43923092
716 245 17 37 0.4518829
848 268 17 33 0.4537971
826 275 19 31 0.46886173
876 307 27 38 0.6130764
328 89 19 32 0.64158183
775 289 18 35 0.703902
832 142 20 20 0.7217327
234 62 19 36 0.7371811
100 237 26 42 0.7703852
145 180 20 34 0.8095088

