2_Demonstration_Protesters_2_508
152
1013 127 11 21 0.010055953
427 184 18 32 0.010101648
790 145 9 11 0.0101695815
639 146 10 12 0.010312475
101 186 24 19 0.010383159
1015 131 8 12 0.010532186
98 251 35 71 0.010872135
359 82 13 17 0.010957314
248 184 35 57 0.01124594
448 226 18 36 0.011283312
64 284 55 94 0.011340539
6 191 37 58 0.011368963
982 127 9 11 0.011680023
576 196 20 34 0.011732177
775 168 21 29 0.011857707
637 145 14 17 0.011922052
1001 154 20 23 0.01217431
249 188 20 24 0.012261737
224 185 23 19 0.012314188
372 92 10 12 0.012538183
430 199 20 22 0.012552412
160 223 26 42 0.012762035
507 238 19 33 0.012962007
1005 139 19 21 0.013027374
95 283 34 71 0.013118474
974 122 21 19 0.013590463
298 182 20 31 0.013680654
175 87 13 18 0.013829276
506 237 23 19 0.013859177
221 276 37 73 0.013883278
45 157 26 17 0.013948881
16 191 24 18 0.014565779
218 255 24 53 0.015180976
578 151 19 31 0.015237463
421 214 34 68 0.015507592
194 224 17 39 0.015876489
487 237 18 34 0.015890554
313 163 46 83 0.01597188
277 70 7 7 0.016086314
445 184 18 31 0.016100494
98 182 14 23 0.016359445
183 207 25 20 0.01636326
11 201 18 35 0.016428618
993 146 12 10 0.016500305
200 174 25 17 0.016604286
212 220 31 67 0.016758189
10 197 27 43 0.017403996
1014 196 10 27 0.017626496
673 140 11 11 0.017924856
3 220 33 72 0.018038714
436 111 7 11 0.018111534
769 180 9 9 0.018243663
635 157 21 20 0.018853009
183 218 23 21 0.018898567
696 188 13 24 0.019441038
318 190 22 22 0.019481892
275 79 10 10 0.019726273
667 139 22 17 0.019756079
874 117 17 31 0.020416353
438 212 34 62 0.020528676
443 220 26 46 0.020991514
178 90 9 12 0.021098655
104 220 32 64 0.021161014
93 178 22 20 0.021291941
444 202 21 21 0.021296542
5 242 29 80 0.021387719
109 226 24 47 0.021656383
174 204 20 21 0.021668127
795 140 14 21 0.022143977
1000 164 16 35 0.022371262
128 257 33 67 0.022629242
855 139 12 20 0.024162276
868 147 33 59 0.024689542
105 203 19 34 0.024958268
361 84 8 11 0.025619507
651 167 22 19 0.026299223
269 75 21 19 0.026436355
633 197 23 49 0.027845908
856 141 9 12 0.028315715
226 196 19 32 0.029827371
569 193 28 42 0.030011939
215 228 24 47 0.030135661
433 201 17 36 0.032259952
961 111 14 24 0.032452915
480 205 17 33 0.03277367
199 181 19 32 0.032815278
32 191 30 42 0.03370596
734 171 21 32 0.034119092
865 139 13 22 0.0359173
696 181 34 62 0.03634802
56 165 40 54 0.03756166
63 170 31 39 0.037779488
363 85 21 27 0.037985854
351 166 26 43 0.038274273
938 156 14 22 0.03913261
678 167 25 44 0.03976581
575 171 26 44 0.040192664
976 141 20 30 0.04298159
874 159 18 37 0.046460208
563 188 38 59 0.04746007
649 162 17 34 0.048014935
556 193 27 42 0.049763996
779 151 22 20 0.050637126
793 167 29 41 0.051941067
213 244 32 77 0.052119423
715 170 19 37 0.052342363
491 204 22 19 0.05717788
30 178 30 39 0.05735466
21 165 54 87 0.057710174
26 183 40 58 0.05932851
700 189 25 47 0.059631266
96 155 23 19 0.06005639
564 216 38 70 0.062252574
941 160 25 43 0.06575788
547 169 27 44 0.06683296
109 226 23 18 0.067287534
367 87 20 20 0.068180665
102 158 24 18 0.068571046
618 196 25 47 0.07175233
990 150 21 23 0.07175796
259 194 19 33 0.07849986
179 208 17 36 0.07880719
174 82 14 17 0.08026785
444 207 25 46 0.086400874
23 191 25 18 0.087438196
670 149 17 34 0.08758944
726 167 28 41 0.09293642
186 210 33 66 0.1097634
370 80 14 17 0.11445412
652 161 23 20 0.1156977
372 82 9 11 0.11960325
666 155 23 20 0.1380169
935 158 13 23 0.14155072
249 181 29 38 0.15915169
987 144 22 19 0.18436538
787 141 20 21 0.19329816
866 123 13 18 0.20101319
935 153 19 31 0.20254567
868 125 9 13 0.20503262
238 182 20 32 0.21417353
794 139 21 30 0.21596764
96 174 20 31 0.2670317
989 143 18 34 0.27090934
654 151 19 34 0.2789872
784 143 21 31 0.29304135
315 187 28 45 0.3048932
186 205 25 45 0.31780666
317 177 29 43 0.48578593
710 161 33 59 0.5099663
959 112 20 30 0.66998976
952 171 28 44 0.6775816
871 143 24 46 0.77618754

