2_Demonstration_Political_Rally_2_267
44
101 407 17 35 0.0104244165
53 555 60 104 0.010709781
535 321 51 93 0.0107867755
842 375 29 44 0.01102216
459 320 14 24 0.011207358
6 379 16 43 0.011992471
471 376 36 59 0.013097853
560 315 48 51 0.01372984
832 350 27 47 0.014424921
772 402 27 46 0.015086666
479 385 20 32 0.0154389255
0 300 59 226 0.01582531
475 382 28 42 0.017867489
757 300 26 41 0.018100517
856 374 28 44 0.020737978
216 381 26 42 0.021191962
98 405 22 19 0.0220317
762 312 18 33 0.022944828
138 378 22 49 0.022986803
861 345 35 61 0.025163995
711 393 17 36 0.025363155
323 280 30 38 0.02601268
198 424 19 33 0.026192822
4 278 32 165 0.027256064
9 295 31 79 0.02740856
832 364 44 104 0.027628068
202 375 18 34 0.028607542
812 357 18 34 0.032227267
4 337 30 83 0.038090445
767 382 35 60 0.03873759
451 324 21 21 0.041784268
4 371 23 56 0.054287575
828 343 36 64 0.05696364
849 366 39 61 0.058406327
196 368 19 22 0.0585948
445 336 21 21 0.06606961
4 331 34 157 0.0837811
140 360 17 35 0.10133522
837 364 39 64 0.12824005
450 326 18 33 0.14552496
1 362 32 73 0.17140427
104 395 17 36 0.18237941
199 365 19 35 0.27807704
749 299 23 44 0.794929

