2_Demonstration_Demonstrators_2_545
133
415 462 20 23 0.010119912
750 338 17 35 0.010141684
172 404 22 19 0.010403836
121 389 23 19 0.010448191
391 304 8 14 0.010630096
212 385 14 14 0.010647386
747 323 13 20 0.0106599815
245 323 8 13 0.010758594
348 339 13 18 0.0108951675
80 381 14 21 0.010969754
319 353 13 19 0.011013965
209 315 9 12 0.011030729
255 295 12 19 0.0111439405
92 348 21 20 0.011170545
844 337 20 31 0.011183476
1002 274 21 96 0.011525666
125 333 20 20 0.011532553
919 353 34 66 0.011590307
348 366 13 19 0.011671648
918 354 13 19 0.011678933
704 322 13 20 0.012043432
131 329 10 13 0.012321903
740 304 13 19 0.012813968
256 507 39 54 0.01282995
3 406 15 41 0.012881835
784 401 17 37 0.013093958
722 308 12 19 0.0131315
210 322 8 12 0.013160104
859 334 15 17 0.013252807
777 474 34 68 0.013278085
328 415 18 31 0.013334272
919 231 36 71 0.013360439
929 262 30 45 0.013369493
760 356 19 21 0.013573611
105 379 19 32 0.0140947895
316 514 35 68 0.014134137
127 304 13 18 0.014607803
389 356 12 20 0.014678365
235 366 19 21 0.014918279
63 476 50 83 0.015000819
52 327 10 12 0.0150714815
191 406 21 20 0.015110568
230 370 19 29 0.0152939325
47 367 14 21 0.015319038
259 406 15 22 0.015407239
971 377 44 111 0.015441912
839 117 36 77 0.016013827
341 366 13 18 0.01603327
78 374 14 20 0.017279347
339 358 10 13 0.017733159
387 371 9 15 0.017736249
82 306 12 18 0.017995292
192 423 20 30 0.01843787
45 399 18 34 0.018993864
772 340 18 32 0.01928192
768 339 13 20 0.01936013
876 429 24 49 0.019601857
786 342 13 21 0.019682063
159 320 12 19 0.019794617
291 359 10 14 0.019975936
134 424 20 30 0.01999511
418 447 19 32 0.020102
818 292 21 18 0.020164663
643 263 41 58 0.020526351
99 343 20 27 0.020704953
404 354 12 20 0.020799572
677 299 19 31 0.021117482
238 355 13 21 0.021603275
268 350 13 19 0.021672333
890 311 25 17 0.021702308
257 307 9 14 0.023054453
787 476 36 67 0.023205532
263 351 12 19 0.023524059
787 348 13 20 0.023795774
416 359 10 14 0.024028521
676 285 20 30 0.024195302
851 334 22 18 0.02440166
362 423 17 32 0.024409505
207 376 20 20 0.024410652
692 297 9 14 0.024831254
356 418 19 22 0.024922227
75 375 19 31 0.025578486
832 391 27 46 0.026012972
300 358 20 19 0.02684331
263 405 22 21 0.027177159
330 425 18 32 0.027877046
825 389 53 83 0.029353531
912 247 54 86 0.029363044
240 406 20 20 0.032909647
827 370 23 19 0.03292627
176 349 13 18 0.032977775
255 304 12 20 0.03305559
253 384 20 19 0.03309466
113 351 13 19 0.033274647
45 369 18 37 0.034099672
50 323 13 19 0.034280036
759 357 12 21 0.034924142
152 431 23 22 0.037923153
129 327 13 19 0.03854499
738 455 28 75 0.03924187
177 344 13 19 0.041298997
91 342 20 20 0.04134308
674 293 13 19 0.041498438
152 483 42 62 0.04276444
140 409 26 41 0.044653583
741 315 19 30 0.04532468
676 296 9 12 0.047745172
290 357 13 19 0.048989
835 368 26 45 0.049195763
726 390 12 21 0.054951493
741 325 14 20 0.058191057
689 296 13 19 0.061705768
337 356 13 19 0.06451244
797 403 18 35 0.0705373
828 380 36 66 0.07717607
414 357 13 20 0.078696504
691 300 12 19 0.08071891
384 368 13 20 0.08700637
923 251 40 64 0.09417335
205 378 18 28 0.09774096
193 417 22 21 0.09996052
102 389 26 42 0.17401366
152 411 27 40 0.19648577
195 410 19 34 0.24401571
413 452 26 39 0.25372222
363 415 18 33 0.27597246
210 382 20 19 0.27834234
257 403 20 32 0.3326986
55 488 39 68 0.33704674
261 502 29 43 0.36023086
290 430 27 42 0.38604528
67 433 28 43 0.4309232
402 404 20 21 0.4478123

