2_Demonstration_Political_Rally_2_135
41
1 1039 71 187 0.010074582
1003 717 21 89 0.010345802
177 781 39 71 0.010493047
311 122 70 81 0.01061762
255 361 40 65 0.010931949
2 703 12 51 0.011103667
994 1 20 57 0.011387748
644 677 69 103 0.011504126
335 561 42 58 0.012328585
260 725 27 42 0.013752561
211 653 39 59 0.013771044
260 341 35 69 0.014018996
374 686 13 21 0.014396307
4 650 33 66 0.015209247
493 294 109 136 0.015957909
319 701 11 25 0.015968163
259 524 39 63 0.016427645
8 665 16 39 0.016777607
63 673 32 76 0.020044027
194 656 40 59 0.020363716
514 313 66 93 0.02066721
6 628 30 71 0.021273091
67 638 49 104 0.02194679
319 694 23 48 0.022463063
7 658 24 49 0.02320396
56 307 37 65 0.025850454
139 266 33 65 0.026504645
338 677 12 22 0.028005166
148 263 32 70 0.028628817
173 552 51 93 0.034248512
338 684 12 24 0.040046662
83 662 31 72 0.040355936
8 1065 42 130 0.04700396
331 685 17 34 0.052132137
646 398 32 73 0.05511139
1000 15 20 61 0.06392647
633 648 96 155 0.07618716
143 522 55 95 0.08816413
72 660 32 79 0.19509314
146 545 69 89 0.57348305
937 633 66 94 0.9487722

