2_Demonstration_Protesters_2_174
27
319 258 22 18 0.0105861
561 261 50 102 0.011136345
346 272 23 28 0.011198689
191 324 72 74 0.011437942
323 268 32 34 0.011605498
326 247 8 9 0.01182724
4 458 12 46 0.012716319
999 190 17 38 0.0127517
256 255 47 52 0.0130831115
576 280 39 70 0.013315052
316 253 21 30 0.0154946465
12 437 15 38 0.015760023
531 187 40 66 0.016013827
1001 199 16 39 0.017400734
59 372 18 36 0.021596776
291 243 21 33 0.025969947
4 466 11 28 0.026817538
441 278 23 20 0.027043032
503 191 43 59 0.028110495
344 277 30 15 0.028535597
579 260 36 71 0.03266371
653 76 86 113 0.13523753
262 240 41 53 0.2586337
278 234 38 55 0.30124122
446 274 28 42 0.7809175
47 366 26 47 0.84493506
669 58 85 163 0.9943908

