2_Demonstration_Demonstrators_2_486
30
293 398 25 51 0.011559708
349 26 24 19 0.011617155
861 239 30 41 0.017886167
294 381 27 48 0.018371703
1001 341 19 60 0.01844891
868 228 21 35 0.019930394
1005 347 14 47 0.020010272
800 219 26 45 0.02033812
49 291 10 13 0.023793705
942 318 24 55 0.024545249
24 264 13 18 0.027779661
47 289 13 19 0.03453459
1001 266 16 31 0.036274776
348 12 20 33 0.041412406
279 368 55 83 0.043624397
24 260 11 15 0.05118827
999 273 15 19 0.058747597
842 358 27 39 0.077998914
29 265 13 17 0.07822289
345 16 27 40 0.106683664
184 280 24 48 0.12571691
860 220 35 56 0.18278217
289 371 36 69 0.20809816
155 455 49 57 0.29319987
26 261 15 17 0.344015
196 415 37 54 0.38509807
1000 274 21 21 0.48420468
375 409 92 89 0.85462445
937 322 33 67 0.8555907
552 396 58 95 0.92722887

