2_Demonstration_Demonstration_Or_Protest_2_32
167
865 1038 11 11 0.010045329
32 198 28 47 0.010111289
746 1007 22 18 0.010195514
466 1076 40 64 0.010320752
63 1008 51 92 0.010443992
704 1099 24 18 0.010453138
246 1192 52 95 0.010515057
2 345 91 235 0.010559558
613 1013 7 10 0.010617405
436 1022 31 68 0.010634756
131 245 19 33 0.010850884
551 1060 13 25 0.010906477
786 1041 9 10 0.011115034
817 1042 8 10 0.011119957
972 1103 22 18 0.011143945
558 1055 12 24 0.011209825
719 1070 23 16 0.011253169
487 1011 19 30 0.01129901
992 1058 18 35 0.011518292
522 1037 25 44 0.011566525
862 1082 22 18 0.011898922
737 1038 13 17 0.0123539725
575 1085 25 45 0.0123739615
715 1086 24 17 0.012521273
572 1063 32 59 0.012653292
2 284 79 223 0.012766452
804 1068 21 28 0.012775229
807 1060 9 11 0.012843872
685 1023 13 18 0.012952128
754 1078 15 19 0.01314603
576 1033 12 21 0.013329298
804 1057 14 18 0.013376906
597 1021 13 18 0.013596742
296 1082 27 52 0.013724998
368 1036 20 22 0.013742799
956 1057 21 21 0.013887456
257 1118 38 68 0.014249514
735 1057 11 11 0.014475165
606 1020 12 18 0.01459784
322 917 42 59 0.014832923
710 1100 19 37 0.015224696
877 1074 23 18 0.015308755
419 1011 18 34 0.01539455
535 1101 27 45 0.01560021
0 134 33 62 0.015612027
931 1072 27 38 0.015965316
20 1026 48 107 0.016091712
979 1044 37 60 0.016125994
891 1024 23 21 0.016321996
3 157 24 51 0.01653089
969 1117 23 19 0.016574802
526 1037 18 33 0.016662601
9 143 37 131 0.017101068
598 1047 14 21 0.017143141
975 1000 13 23 0.017417153
672 1062 18 32 0.017449832
710 1040 10 11 0.017477088
811 1065 20 19 0.017577905
7 651 23 51 0.018293414
975 990 13 22 0.01870962
989 1056 22 21 0.019089362
627 1038 10 11 0.019091014
613 1041 8 11 0.019475492
634 1037 22 19 0.019524254
776 1062 20 30 0.02005303
960 1122 27 42 0.020054305
874 1082 25 17 0.020337854
1004 1100 18 32 0.021113599
579 1026 9 12 0.021219827
158 1023 30 71 0.021229371
692 1043 10 13 0.021264484
708 1038 13 18 0.022025894
731 1072 23 17 0.022548893
610 1039 13 20 0.022752868
0 1231 42 133 0.022760877
963 1107 28 39 0.023717798
773 1058 11 13 0.024158757
374 1244 55 99 0.024847591
608 1023 9 11 0.024935251
164 1050 32 74 0.025269782
739 1040 9 10 0.025713451
576 1080 20 23 0.026003512
873 1076 20 30 0.026126886
626 1025 13 19 0.026162924
716 1070 19 32 0.02618335
252 1033 35 60 0.026198508
967 1130 24 18 0.026940903
628 1027 8 12 0.027044987
803 1039 9 10 0.027429955
1014 983 10 28 0.027895106
599 1023 9 10 0.028053911
940 1056 21 19 0.029552963
531 1026 13 20 0.030837068
820 1058 10 11 0.031174507
493 1017 13 20 0.031676825
836 1101 13 24 0.031896926
0 150 34 67 0.032121256
551 1023 9 14 0.032902606
156 1096 47 94 0.033305448
118 1014 34 64 0.033421196
958 1063 21 21 0.033679165
600 1049 21 21 0.03378062
526 1030 20 23 0.035215836
726 1056 11 13 0.035699926
7 145 17 37 0.03699678
529 1107 36 68 0.0385383
818 1055 14 18 0.038988244
548 1053 23 45 0.040747564
37 1025 36 70 0.04214775
522 1108 26 43 0.04315697
555 1058 18 35 0.043491784
1011 1099 11 25 0.04361459
728 1054 21 18 0.04420957
969 1042 26 44 0.045149602
621 1034 21 20 0.0459939
590 1040 20 21 0.05041446
976 1062 20 21 0.050540432
576 1024 13 20 0.050853416
970 1059 20 30 0.050994214
2 992 35 76 0.051556222
858 1034 22 19 0.051776715
970 999 19 32 0.05261106
549 1052 12 27 0.05565969
390 1028 26 42 0.056939334
767 1064 23 19 0.059291426
747 1070 19 32 0.060027137
619 1036 18 32 0.061175346
26 190 37 67 0.0645462
518 1110 37 58 0.0648139
626 1061 19 34 0.06494087
585 1031 18 32 0.06869565
687 1042 18 32 0.074235104
773 1057 14 19 0.07461304
730 1092 39 70 0.07970329
690 1042 14 19 0.08808505
775 1058 21 20 0.08957193
304 1085 39 78 0.089891866
548 1021 13 20 0.09098258
350 1030 27 40 0.098353
721 1053 20 19 0.09863212
293 1031 25 42 0.10854224
546 1044 18 35 0.11360274
935 1082 22 21 0.11517462
833 1096 19 34 0.123080075
13 1003 51 96 0.1295737
689 1046 19 21 0.13553934
175 1076 46 90 0.13874498
986 1041 26 45 0.15137912
579 1073 20 34 0.16028102
331 1031 28 39 0.20579517
749 1076 23 18 0.21019256
306 1096 52 87 0.21574129
279 1065 36 65 0.24308941
704 1092 32 64 0.24312495
169 1077 36 83 0.2626257
867 1096 26 46 0.27264154
50 1034 35 64 0.34400135
458 1058 36 71 0.34432063
721 1103 60 69 0.36107802
264 1052 36 60 0.36251357
630 1059 26 40 0.3810739
293 1070 36 73 0.3881169
528 1147 50 86 0.39859846
238 1239 73 101 0.42043453
896 1019 20 32 0.45376647
427 1030 26 47 0.4629774
518 1056 26 43 0.5420813

