2_Demonstration_Political_Rally_2_339
215
682 435 21 19 0.010052454
551 461 29 40 0.0101678865
518 328 6 8 0.01032828
689 438 9 10 0.010352673
504 327 7 8 0.010441435
83 413 8 10 0.010458279
324 452 26 47 0.010500843
324 421 7 11 0.010518123
671 423 13 19 0.010765518
191 437 11 19 0.010802473
584 265 8 7 0.010856623
775 438 10 10 0.010885902
867 426 7 10 0.01089857
168 458 28 40 0.0109301545
1 444 18 66 0.0110077765
29 443 34 69 0.0110227205
44 413 18 35 0.011104913
687 406 13 19 0.011147293
193 334 5 7 0.011209867
753 377 6 8 0.011223453
181 332 5 6 0.011332363
418 391 7 9 0.011430214
834 436 20 31 0.011459195
548 373 7 10 0.011590701
356 430 18 37 0.011599319
309 328 6 7 0.011622099
798 402 38 56 0.011716856
638 331 17 22 0.0117190145
776 402 20 30 0.011816794
185 456 7 10 0.011879803
641 313 7 10 0.011886051
131 377 5 6 0.011887927
485 283 6 6 0.011912013
969 431 18 37 0.011967592
39 350 5 6 0.011975116
182 452 13 20 0.012250146
882 415 13 23 0.012341446
311 411 6 8 0.0123975845
553 368 19 32 0.0124005275
21 361 6 7 0.012548328
165 331 5 6 0.012606068
308 423 6 9 0.012647407
188 449 12 20 0.012751808
805 408 28 40 0.012776822
611 327 7 9 0.013073541
550 364 6 8 0.013356449
468 344 5 7 0.013454217
423 411 20 31 0.0135982465
660 342 6 10 0.013687559
178 463 13 21 0.013934636
707 395 8 9 0.013969057
417 316 5 7 0.013979556
351 400 35 63 0.013985401
627 346 6 10 0.014003092
936 442 20 32 0.014121897
810 409 19 31 0.014135393
321 418 12 22 0.014182082
596 265 7 7 0.014280631
436 330 5 5 0.014304924
84 419 8 12 0.014352004
640 464 48 91 0.01440499
210 438 6 8 0.014487272
166 344 5 6 0.014647859
684 409 18 31 0.014823263
119 453 8 9 0.014963228
514 316 6 7 0.015319252
291 412 5 8 0.015381561
614 439 6 13 0.015419549
502 424 42 56 0.015539468
82 416 12 20 0.015626844
291 440 17 35 0.015735973
103 358 4 5 0.01577329
776 412 6 8 0.015798368
245 439 6 8 0.015816268
181 410 5 5 0.015965661
951 446 39 61 0.016144728
918 481 41 57 0.016228462
597 422 7 9 0.016577646
147 334 5 6 0.017117346
624 487 41 63 0.017181523
329 434 18 34 0.017335784
118 426 6 7 0.017623333
165 299 6 8 0.018102782
643 336 9 13 0.018447202
754 410 6 8 0.018705241
86 359 5 5 0.018829918
622 428 12 25 0.01912528
275 436 12 20 0.019393269
501 312 6 7 0.019628651
793 444 38 66 0.01965577
130 453 8 8 0.019676138
477 445 45 55 0.019678406
679 390 6 10 0.019706933
148 453 9 10 0.019761924
692 378 5 8 0.019764252
499 296 6 7 0.01989382
142 449 21 18 0.019945156
716 427 19 30 0.02006156
86 349 4 5 0.020267019
690 410 7 10 0.020376509
291 449 8 13 0.020498779
260 437 7 10 0.02084176
320 444 35 65 0.02112187
51 374 6 6 0.021142876
690 418 13 20 0.02128775
640 501 47 109 0.02143365
613 415 11 23 0.021725489
258 414 6 7 0.021835217
696 361 5 8 0.021897014
327 433 27 44 0.021925306
643 330 8 13 0.021935621
677 378 6 9 0.02203305
225 413 6 7 0.022071052
249 414 5 7 0.022359757
692 392 7 9 0.022421025
678 360 6 8 0.022828693
452 376 8 9 0.023022698
705 360 6 9 0.023584098
924 461 20 31 0.023585796
453 345 6 6 0.024001077
105 380 4 7 0.024046512
675 410 6 8 0.0241104
97 437 20 19 0.024133818
487 298 6 7 0.024761943
561 325 8 9 0.024987778
442 314 5 6 0.025208084
723 358 6 10 0.02542524
577 343 13 19 0.025503647
614 419 6 12 0.025702404
120 379 4 6 0.025969544
583 330 8 7 0.026349615
595 326 7 8 0.026411017
5 361 7 10 0.026472397
192 453 6 11 0.026719162
693 424 8 10 0.026856648
876 405 21 21 0.02743003
39 372 7 7 0.027734488
103 441 9 10 0.028479256
481 434 33 39 0.028495533
379 424 27 45 0.028913371
69 360 5 5 0.028990287
806 433 20 35 0.029050367
552 324 7 9 0.029549768
72 415 18 35 0.029559528
674 427 7 10 0.02959114
638 317 18 32 0.030030226
118 347 5 5 0.030574247
132 358 5 6 0.03147876
662 330 6 10 0.031706862
53 363 4 5 0.03213892
569 456 25 44 0.033273418
679 436 18 32 0.033411432
55 349 5 5 0.03393231
288 445 13 20 0.034034114
579 346 9 10 0.034185577
70 348 4 5 0.03523212
612 433 11 24 0.036701452
215 414 5 6 0.038312282
674 433 13 20 0.038868558
615 413 6 10 0.0388863
277 439 7 10 0.039585073
961 420 34 64 0.039877523
132 429 7 7 0.042236436
195 413 5 6 0.042276505
619 425 17 33 0.04297859
482 312 6 7 0.04337587
372 417 37 60 0.043663383
118 359 5 6 0.04376742
292 441 7 13 0.04537796
37 361 5 6 0.045821015
227 423 6 7 0.04648087
114 442 7 9 0.047614593
149 345 5 7 0.04772104
454 327 5 6 0.048467197
558 317 9 9 0.0492321
134 347 4 6 0.049646463
66 431 12 23 0.051434338
289 438 12 21 0.054745726
98 439 19 32 0.055471156
622 419 12 26 0.055964544
150 428 6 7 0.056411885
676 436 8 11 0.056611653
500 285 7 7 0.056680236
467 329 6 7 0.058947
183 440 6 7 0.059164234
877 457 30 36 0.06342569
101 348 5 5 0.06395994
162 438 7 7 0.06580758
553 317 8 10 0.07617782
163 427 6 7 0.07690561
877 409 20 29 0.08058869
476 428 43 55 0.086023115
45 423 24 50 0.08608417
610 314 7 8 0.08762857
65 425 16 35 0.09016248
347 416 36 63 0.09890383
134 440 7 7 0.11374359
453 316 5 5 0.11584028
248 423 6 8 0.117876865
180 426 6 6 0.119696714
718 415 18 31 0.11979104
290 424 6 9 0.12287455
148 440 8 7 0.12743364
639 328 13 21 0.1474556
281 424 6 9 0.15039296
199 426 5 7 0.16324773
211 424 6 8 0.17447779
257 421 7 9 0.19527718
194 441 6 9 0.2039043
469 311 6 7 0.20916998
795 425 38 59 0.21990669
623 413 16 35 0.28904092
616 289 35 58 0.41961092
764 495 73 88 0.6779314
888 455 30 35 0.68389404

