2_Demonstration_Protesters_2_362
115
345 9 8 12 0.010008164
687 535 18 29 0.010242567
726 516 8 10 0.010250353
211 324 77 119 0.01028038
389 489 7 11 0.010413458
680 508 8 12 0.010481433
886 499 35 54 0.010566829
658 517 7 12 0.010712535
508 487 13 18 0.010742948
990 499 13 17 0.010898128
582 479 12 20 0.010929042
1008 589 11 22 0.011219343
717 533 14 17 0.011622302
459 504 13 17 0.011738935
316 420 36 63 0.011789937
369 439 7 15 0.011850836
866 541 19 25 0.011893937
1014 503 6 9 0.011979997
366 434 11 23 0.011999784
720 535 9 11 0.012105877
453 489 9 10 0.0121848555
398 489 12 18 0.012413715
510 489 10 11 0.012584967
423 557 17 36 0.012768315
564 535 13 20 0.012788098
359 499 7 12 0.012829853
202 5 68 81 0.012904148
392 502 8 12 0.013110834
983 563 13 19 0.013190849
737 504 8 8 0.013277466
866 492 9 9 0.013324465
849 537 17 36 0.013385983
449 510 13 18 0.0138454065
1012 491 6 8 0.014019694
286 524 53 94 0.014220039
692 537 8 12 0.015262978
493 561 122 121 0.01665102
437 503 9 13 0.016950743
1015 529 9 26 0.017154617
365 486 12 19 0.017202536
357 430 25 47 0.017379377
689 549 9 14 0.017696891
455 546 24 47 0.017875196
436 501 13 18 0.017916018
992 566 10 11 0.01802114
855 539 34 62 0.018086959
810 406 55 53 0.018469114
960 477 7 7 0.018858444
705 556 17 35 0.018995728
1015 474 5 8 0.019354932
1017 534 7 14 0.019593257
692 502 12 19 0.019725882
462 545 12 22 0.01975227
400 492 9 12 0.02004273
680 514 9 14 0.021555927
857 547 26 46 0.02247541
878 526 19 25 0.022481717
446 504 19 30 0.022520524
882 518 13 22 0.022563696
989 563 13 17 0.023339959
1002 590 20 20 0.024143592
889 528 21 23 0.0244472
902 493 8 10 0.02571465
997 475 6 5 0.026801048
316 319 17 34 0.027703049
398 496 12 18 0.029218867
695 504 8 12 0.03020789
931 514 8 14 0.03058106
456 540 17 38 0.033034533
705 559 21 19 0.033682283
865 522 32 58 0.033843707
851 503 13 18 0.034950897
995 493 7 6 0.0350845
863 500 14 18 0.035732567
797 414 59 55 0.038434178
950 491 8 8 0.039924957
420 20 80 77 0.040216282
866 503 10 11 0.04167255
853 506 9 11 0.042058814
687 546 13 19 0.043599885
726 508 8 9 0.043976292
927 504 13 19 0.046016872
902 500 9 12 0.046194144
368 490 8 12 0.046531893
321 511 29 84 0.046730515
964 486 8 8 0.048440322
358 492 7 11 0.048917975
930 507 8 12 0.049131446
926 509 20 30 0.050179217
981 490 7 7 0.05485873
385 518 10 14 0.05486847
703 531 13 17 0.05533967
679 509 12 21 0.05534662
401 498 9 13 0.058088906
702 550 21 21 0.06565518
308 519 42 105 0.06946033
983 477 7 7 0.07068681
900 497 13 19 0.07102678
943 469 22 17 0.07107932
451 505 10 13 0.07212015
949 474 11 11 0.072761156
383 516 12 18 0.07727453
895 510 20 32 0.08031977
928 511 13 20 0.086515024
705 532 9 12 0.09136688
980 503 8 9 0.105234526
879 512 20 32 0.10652969
993 501 9 9 0.10708557
893 521 20 32 0.13887593
418 491 13 18 0.14794211
873 527 18 35 0.19539267
388 15 100 109 0.24630699
449 504 14 18 0.25292242
237 350 48 102 0.7832997
810 408 74 73 0.79619586

