2_Demonstration_Demonstrators_2_41
46
841 175 21 21 0.010001812
586 293 23 16 0.01009263
577 248 9 8 0.010739219
760 425 28 42 0.010763456
606 311 23 17 0.0107696885
486 500 7 16 0.011338766
114 543 7 6 0.0118018035
572 568 18 34 0.011978518
149 542 6 7 0.012064716
718 439 19 33 0.0121638775
145 548 7 9 0.012464447
203 201 36 37 0.012587942
826 511 46 48 0.013512005
905 445 8 11 0.013807942
886 509 14 16 0.014230617
950 427 29 14 0.015019947
444 207 19 32 0.016732186
84 540 8 7 0.017344868
743 494 31 36 0.017716082
1010 550 12 22 0.02011164
553 534 18 32 0.022826055
483 498 11 22 0.025268855
888 512 9 10 0.025688216
883 512 20 17 0.027958209
878 534 15 16 0.028574822
645 457 20 36 0.03178248
561 544 13 21 0.0342725
757 489 30 39 0.036998615
425 389 59 115 0.03726114
617 314 22 18 0.037344024
999 539 16 36 0.037914786
879 69 13 22 0.040529132
390 100 8 11 0.04521129
1004 551 20 20 0.04929601
881 538 11 10 0.05304535
892 514 11 12 0.06673143
539 486 21 20 0.08641644
443 211 25 19 0.08912049
887 514 11 12 0.21469997
639 433 34 65 0.648035
955 500 40 60 0.67053676
204 187 47 59 0.90599257
824 492 42 61 0.9142403
257 91 31 41 0.91537637
408 180 35 57 0.9322166
395 379 83 140 0.9654624

