2_Demonstration_Demonstration_Or_Protest_2_687
900
311 436 11 19 0.021393158
739 339 12 17 0.021440929
444 451 12 20 0.021542726
68 222 6 8 0.021546746
74 326 7 13 0.021638155
278 317 7 13 0.021657854
407 396 9 13 0.021669189
837 141 6 10 0.02170875
191 281 7 10 0.021750819
116 466 9 15 0.021844288
179 317 7 10 0.021923568
1001 151 5 9 0.02194657
480 104 6 9 0.022015342
328 313 6 9 0.022205753
115 107 6 8 0.022207726
675 234 6 7 0.0222745
161 280 7 9 0.022315025
418 534 12 20 0.022340434
463 360 8 12 0.022575699
774 279 6 8 0.022685278
115 200 6 10 0.022701329
764 542 18 22 0.022739395
273 80 5 6 0.022835964
837 285 7 11 0.0228575
728 124 5 8 0.022863667
25 110 5 8 0.022905678
805 138 6 12 0.02303425
398 424 9 14 0.02303624
740 280 7 8 0.023283383
67 288 7 10 0.02328686
951 47 5 6 0.023298988
531 139 5 7 0.023325946
774 119 5 9 0.02336237
242 137 5 8 0.023383884
200 203 5 8 0.023412872
89 503 12 22 0.02361748
58 172 6 9 0.023785055
183 140 5 8 0.02379913
239 331 8 12 0.023967065
862 261 11 18 0.024035228
116 407 8 12 0.024035336
621 348 14 17 0.024060147
247 59 5 7 0.024205413
434 170 6 9 0.024214696
419 87 6 8 0.024273906
656 203 6 8 0.02427703
264 78 4 6 0.024363698
367 356 8 13 0.024398088
318 437 8 14 0.024469601
934 45 4 6 0.024475168
198 86 5 7 0.024476232
231 108 5 7 0.024486987
917 299 9 12 0.024517585
712 221 5 7 0.024601242
238 412 8 14 0.02461528
693 391 12 18 0.024626939
131 278 7 10 0.024633966
517 268 7 8 0.024641631
373 427 9 13 0.024709327
695 418 12 19 0.024763675
696 169 6 9 0.024844853
292 185 5 7 0.024941107
725 345 8 11 0.02495683
791 453 14 19 0.025038559
559 340 9 13 0.025049241
710 520 13 23 0.025152702
303 381 8 12 0.025235316
384 253 6 8 0.025396787
948 105 6 8 0.025404418
728 136 5 9 0.025431288
930 430 9 13 0.02543869
518 234 6 9 0.025466438
663 269 6 7 0.025467327
402 199 6 11 0.0254961
616 112 5 8 0.025554068
744 171 6 8 0.02560078
115 278 7 10 0.025687188
518 374 10 14 0.025687423
128 266 7 11 0.025719501
1013 87 5 9 0.025808243
581 77 6 7 0.025817871
8 250 7 9 0.025840644
233 390 8 16 0.025844473
790 422 12 20 0.0258859
164 155 5 8 0.025910476
978 91 5 7 0.02592547
776 363 7 12 0.026156358
899 233 7 11 0.026177227
947 220 6 10 0.026231784
197 313 7 9 0.02631488
654 312 12 17 0.026318572
977 247 5 10 0.026328256
801 120 6 11 0.0263673
560 381 10 14 0.02639113
338 390 9 13 0.0264683
295 78 5 7 0.026471715
233 439 8 14 0.026520208
510 341 8 14 0.026551856
945 424 8 14 0.02657363
5 155 7 10 0.026614457
686 407 13 19 0.026628828
211 458 13 20 0.026648393
960 268 6 10 0.026706873
311 341 7 11 0.026719963
249 282 7 11 0.026737392
885 249 7 11 0.02685468
294 282 6 9 0.027192557
683 75 5 9 0.027207337
898 77 5 7 0.027226843
707 360 9 12 0.027388662
791 380 8 14 0.027426394
226 301 7 11 0.02749991
742 120 5 8 0.027554832
964 314 12 18 0.027577968
690 136 5 9 0.027648585
148 394 7 12 0.027741252
35 176 7 8 0.027798483
103 271 7 10 0.027860794
162 297 7 9 0.027914662
403 301 6 9 0.02794603
776 184 6 9 0.028061546
162 205 6 9 0.028193425
584 182 6 9 0.028342767
384 409 8 12 0.028366152
790 108 6 9 0.028429369
150 88 5 8 0.028479531
630 112 5 8 0.028508322
1017 246 5 11 0.028539961
842 326 9 16 0.028545348
694 105 5 9 0.02855081
827 448 12 19 0.028571298
543 472 12 18 0.028590757
206 343 11 18 0.02859577
236 437 12 20 0.028602883
755 440 12 20 0.0286345
757 316 7 10 0.028696988
929 120 6 8 0.02924608
560 334 8 10 0.029605938
931 169 6 8 0.029649321
377 253 6 8 0.029772164
238 419 8 17 0.029829364
700 420 12 19 0.029832918
354 331 7 12 0.029844092
164 140 5 7 0.029921988
564 61 5 7 0.029998347
534 284 6 7 0.030042995
149 328 6 10 0.030051485
518 464 13 20 0.03012794
177 390 8 13 0.030139167
214 158 5 8 0.030240063
174 424 11 19 0.03032247
582 282 6 8 0.030545415
872 205 7 11 0.030609895
644 391 10 14 0.030679993
739 330 7 9 0.03069323
145 59 6 8 0.030716665
1007 294 12 20 0.03077944
709 78 5 8 0.030843653
965 57 5 7 0.030847663
552 282 6 7 0.030873006
35 201 7 9 0.03093445
561 233 6 10 0.030937195
279 388 7 13 0.031068359
646 313 8 11 0.031166494
560 482 13 20 0.031215066
1000 249 5 8 0.031222517
553 39 5 8 0.03139929
920 58 4 7 0.03144595
179 379 7 12 0.03151163
817 179 5 11 0.031561643
678 409 12 19 0.03161326
502 89 5 7 0.03170389
819 436 13 19 0.03178438
936 89 4 7 0.03182872
389 93 5 7 0.03213144
520 127 6 9 0.03215306
473 140 6 10 0.032169603
933 434 9 13 0.03218664
776 70 5 9 0.03234348
342 331 7 11 0.03242323
165 394 8 13 0.032489866
520 90 5 7 0.032525733
121 250 7 11 0.03260869
95 218 6 10 0.03266392
241 120 6 8 0.032681484
963 324 9 12 0.032723952
323 202 5 7 0.032753564
503 63 5 7 0.032786075
647 345 12 17 0.03281323
217 376 7 14 0.03284169
64 120 5 7 0.03284312
595 284 6 7 0.032850113
374 76 5 7 0.03298752
790 281 7 9 0.03312157
448 156 6 10 0.033203043
164 169 5 8 0.033275083
457 359 8 13 0.033356484
1003 276 6 12 0.033367686
849 155 5 10 0.033376936
867 239 6 10 0.033393536
420 403 10 14 0.033399384
846 315 10 14 0.033462517
624 352 12 18 0.03360446
961 631 21 20 0.033616234
242 111 5 7 0.033673253
376 135 6 8 0.033777904
578 358 9 12 0.03378064
184 158 4 7 0.033962585
116 90 5 7 0.033980384
517 326 7 10 0.03401642
887 88 5 7 0.034074914
871 156 6 10 0.03409865
352 93 6 7 0.034224097
199 331 7 10 0.03422551
376 235 6 9 0.03428524
784 359 8 12 0.03446652
198 158 6 8 0.034688227
233 420 8 14 0.034693256
262 183 4 8 0.034703024
229 137 5 9 0.03471178
902 331 10 13 0.034830734
672 307 9 13 0.03497608
422 44 5 7 0.035164457
1013 190 5 11 0.03517817
979 224 6 9 0.035312876
713 266 6 8 0.035343654
604 437 12 17 0.035549637
578 86 6 8 0.03558286
240 358 7 14 0.035587702
148 110 5 8 0.035767674
275 90 5 7 0.036039047
62 176 7 10 0.036076255
376 563 20 22 0.036147285
264 202 5 8 0.036162555
282 266 6 10 0.036209594
232 360 8 13 0.03622412
321 75 5 8 0.03631127
320 410 8 13 0.036417577
688 184 7 9 0.036457382
166 317 7 10 0.036548547
959 464 13 18 0.036683593
407 76 6 8 0.036832716
583 127 6 8 0.037105314
912 318 10 14 0.037119567
360 281 5 7 0.0371868
851 387 10 14 0.03725745
825 293 8 13 0.037263166
768 497 13 20 0.037420742
822 86 6 10 0.03742441
687 77 6 9 0.037559435
295 300 6 10 0.037589457
626 298 7 8 0.037703387
43 436 13 19 0.03771674
416 396 10 12 0.037968937
806 231 6 10 0.037977107
518 285 5 7 0.03805552
780 435 13 19 0.038161643
917 159 6 7 0.038266208
795 455 14 18 0.038564682
95 330 8 13 0.038659267
136 142 6 9 0.038671635
36 229 6 10 0.03884726
824 268 6 10 0.039080754
932 278 8 10 0.039173823
255 311 7 14 0.039309733
650 110 6 9 0.039377283
482 139 6 9 0.039409034
789 390 8 13 0.039414503
439 392 9 13 0.03947291
21 300 8 11 0.039476532
792 78 6 9 0.03947959
663 236 6 7 0.039516676
231 347 8 12 0.039572846
449 102 6 9 0.039689824
199 469 12 20 0.039696123
393 138 6 10 0.039700046
662 281 6 8 0.039827034
323 422 8 12 0.039956212
935 343 13 19 0.039979223
578 223 7 11 0.04002861
1 202 6 10 0.04017596
251 264 6 10 0.04024529
806 271 7 10 0.040294513
294 90 5 7 0.04032831
103 111 5 8 0.04044358
767 538 14 22 0.040624246
551 223 7 11 0.040707763
869 118 6 9 0.040717598
898 417 11 14 0.0407906
52 234 6 8 0.04092557
632 69 5 8 0.040985156
877 309 10 15 0.040988427
425 323 7 13 0.041052233
536 426 12 19 0.04107154
133 154 5 7 0.041105423
310 89 5 7 0.041109297
304 426 8 11 0.041201368
950 277 8 10 0.04132121
183 330 7 9 0.041323595
594 57 6 8 0.041373342
252 545 13 23 0.041390337
710 300 8 10 0.041448392
263 151 6 9 0.04152333
957 461 13 16 0.041586116
808 182 5 10 0.04162474
919 278 8 12 0.04163819
802 311 8 11 0.04171976
233 76 5 7 0.041726314
485 282 7 9 0.04180616
480 267 7 10 0.041970626
354 520 13 22 0.042083174
447 200 7 11 0.042116236
597 139 5 8 0.042199302
869 174 6 9 0.04226602
355 170 6 7 0.042269476
487 354 9 14 0.04241173
256 361 7 13 0.042426586
481 219 5 9 0.042522337
65 55 5 8 0.042565413
647 124 6 8 0.042672
275 144 5 8 0.04267331
312 78 5 8 0.04281299
651 345 13 17 0.04281347
614 404 10 13 0.04289597
255 266 7 10 0.042915158
88 279 6 10 0.042923898
184 502 13 22 0.0429289
390 75 5 7 0.042975355
452 91 5 7 0.043107603
916 138 6 8 0.04314741
298 425 8 14 0.04335596
674 171 7 7 0.043440197
193 372 8 13 0.04345992
600 46 6 8 0.043464806
807 410 12 19 0.04359715
816 173 5 13 0.04361051
439 452 12 20 0.04372894
295 379 7 12 0.043734122
752 191 6 9 0.043851316
676 252 6 7 0.043859754
484 90 5 7 0.043967802
925 404 13 17 0.043992043
644 251 6 7 0.044108965
377 157 6 9 0.044110533
214 313 7 10 0.04417083
95 233 7 12 0.0441915
244 78 5 7 0.044253897
101 46 5 7 0.044382535
966 316 9 13 0.04452362
424 165 6 11 0.04453435
339 283 6 8 0.044536836
633 155 6 9 0.044670958
1009 408 8 13 0.04481595
404 165 6 9 0.044942293
133 75 5 7 0.044996515
345 93 5 9 0.04516453
953 610 22 19 0.045193776
385 266 6 8 0.045384537
278 185 5 7 0.04539046
258 379 7 12 0.045413576
135 170 6 8 0.045476757
764 575 20 19 0.045622822
342 379 9 12 0.045644786
861 346 12 18 0.045653336
644 136 6 9 0.045694444
704 348 9 12 0.046101827
119 299 7 11 0.046238627
420 280 6 9 0.04626853
337 413 8 12 0.04627036
712 89 5 8 0.04647224
615 527 13 19 0.046563286
587 505 14 19 0.046580605
145 140 6 9 0.046618506
529 266 8 9 0.046683326
402 408 9 12 0.046777554
534 380 9 13 0.046785243
675 279 7 9 0.046836488
100 280 7 10 0.0468744
562 282 6 8 0.046918318
313 438 8 13 0.04695347
687 532 18 22 0.047113504
551 143 5 8 0.04724453
471 88 5 7 0.0474135
218 188 5 10 0.047501672
310 281 7 8 0.047578655
439 426 9 14 0.04773081
550 76 5 6 0.04776806
854 118 6 9 0.047787618
491 457 13 20 0.047993526
91 176 6 10 0.048003223
758 277 6 9 0.048032768
570 136 5 8 0.0481056
822 234 6 9 0.048135534
184 86 5 8 0.048191167
533 328 8 10 0.048208814
949 60 5 6 0.048218757
887 75 5 7 0.0482802
504 267 6 9 0.04832018
773 167 5 9 0.048576962
486 511 12 20 0.048626266
966 87 5 8 0.04874813
339 418 9 13 0.04875292
464 250 7 11 0.04884246
264 92 5 7 0.049054895
368 299 7 9 0.049160782
647 235 6 7 0.049416833
274 149 5 9 0.049458392
836 264 7 12 0.049464982
977 182 6 9 0.04950135
482 231 6 10 0.049537618
682 88 5 9 0.049676362
817 79 6 9 0.04985944
691 263 6 8 0.049935978
313 201 6 8 0.049944606
579 136 6 8 0.05001778
804 206 6 10 0.050225575
279 371 7 12 0.05032291
343 229 6 8 0.05034196
259 396 8 14 0.050454374
261 420 10 15 0.050513208
7 238 7 9 0.050563835
870 88 5 8 0.050667796
500 247 6 8 0.050766073
418 78 5 8 0.05095252
827 370 12 19 0.051455155
480 485 13 21 0.051511925
722 456 12 20 0.051521476
553 271 6 8 0.05181737
623 233 6 9 0.05184529
841 207 6 10 0.051862113
247 87 4 7 0.05214074
499 235 7 9 0.05214312
976 105 5 10 0.05221706
932 76 5 7 0.05223641
210 330 7 10 0.0522439
870 217 7 10 0.052321196
837 234 5 8 0.05232767
211 465 12 21 0.052358482
854 263 7 13 0.052369554
969 108 6 9 0.052643538
326 154 5 8 0.05282256
192 363 8 13 0.052889712
930 58 5 7 0.05321387
606 487 13 19 0.053287085
402 139 6 10 0.053322755
150 165 6 9 0.053369436
457 253 6 11 0.05351036
385 394 9 13 0.053677604
438 92 5 7 0.05375091
482 350 9 12 0.053754013
225 186 5 10 0.053830333
536 511 12 20 0.054079313
370 313 6 10 0.054116696
343 268 5 8 0.054143526
89 232 6 11 0.05419453
72 266 6 10 0.054287456
18 140 6 9 0.05450191
837 180 6 11 0.05468724
629 120 5 9 0.054837286
183 281 7 9 0.055002984
919 77 4 7 0.05518878
900 155 6 8 0.0552944
614 283 6 8 0.055312548
660 90 6 9 0.055435736
644 283 7 8 0.055504605
486 75 4 7 0.055548765
919 119 6 8 0.055590633
312 186 4 6 0.05569267
533 76 4 6 0.05575182
872 307 11 15 0.055826146
803 216 6 10 0.05584367
655 77 6 8 0.05590927
311 334 7 12 0.055920206
502 74 5 6 0.055962943
438 252 6 9 0.05618045
818 104 6 12 0.056326117
433 403 9 15 0.05639106
790 347 8 13 0.056516014
945 145 7 7 0.056595966
95 176 7 9 0.05693177
233 88 4 7 0.057082843
383 328 8 15 0.057204414
948 323 12 17 0.05735311
585 58 6 8 0.057511847
440 156 7 10 0.05752538
453 77 5 7 0.057680767
468 78 5 7 0.057892777
433 318 7 12 0.057894036
465 308 7 12 0.058040414
712 327 8 11 0.058133382
676 471 12 20 0.058519974
968 184 6 9 0.058629397
736 449 19 22 0.058741562
885 268 7 12 0.058776148
518 73 5 6 0.058849182
278 204 5 8 0.059173837
64 180 7 9 0.059193224
472 347 9 12 0.05920912
856 92 6 8 0.0592296
497 223 6 9 0.059374284
768 410 11 19 0.059380554
565 74 6 7 0.059567176
502 282 6 8 0.05956832
548 92 6 7 0.059628677
612 138 5 9 0.05964839
679 150 6 8 0.059674658
211 78 5 6 0.059688266
977 175 6 9 0.059785735
414 248 7 11 0.05979132
232 329 7 12 0.05992499
643 266 6 7 0.06006491
912 321 10 15 0.060197145
631 138 6 9 0.06037753
850 138 6 10 0.06057434
342 172 4 7 0.06073872
17 262 7 11 0.060781855
583 504 14 20 0.060786437
962 233 6 9 0.060946215
583 271 6 8 0.061043076
325 175 5 7 0.061107993
614 122 6 9 0.061165974
674 328 10 13 0.061220706
137 186 6 9 0.0612293
391 422 9 15 0.061349336
694 236 6 8 0.061479744
352 201 6 9 0.061534762
446 389 9 14 0.061551467
656 109 6 10 0.061554212
615 150 6 9 0.061607048
577 419 10 14 0.061650056
410 247 7 11 0.06189352
668 387 12 18 0.0621414
322 271 6 9 0.062322035
472 148 7 11 0.062339146
671 361 10 15 0.06241854
151 271 7 11 0.062729955
392 121 6 10 0.06289875
518 140 5 9 0.062958345
565 296 6 7 0.06306528
432 322 7 13 0.06307954
148 118 6 9 0.0632341
324 184 5 6 0.063257754
531 153 5 8 0.06328281
56 84 5 9 0.06334842
293 312 6 12 0.06359337
537 188 7 11 0.0636648
423 156 6 10 0.06367177
964 150 6 7 0.063764684
246 297 7 12 0.06382268
809 171 6 12 0.06402863
226 309 7 11 0.064141326
615 298 7 9 0.06422583
291 168 6 8 0.06447525
320 356 8 12 0.06468935
660 126 5 9 0.06482421
886 126 5 9 0.0648527
118 266 7 11 0.065015905
865 109 6 9 0.06502414
307 173 5 8 0.06510508
546 58 5 7 0.06545497
442 197 7 12 0.066093884
534 341 9 12 0.06618717
532 61 5 7 0.06624609
288 326 7 12 0.06638986
510 183 7 12 0.06656891
438 77 5 8 0.06669021
279 366 8 14 0.066697866
184 292 8 10 0.0667976
656 296 8 10 0.06681577
454 266 7 10 0.06688002
358 464 13 17 0.06724571
263 143 5 9 0.06731074
324 278 6 10 0.067337014
691 340 10 13 0.06739982
726 327 8 10 0.06763255
227 202 5 9 0.06763413
369 432 13 17 0.067662574
551 300 6 7 0.06779557
804 278 7 9 0.06790133
963 170 6 8 0.067904554
438 139 6 9 0.06819076
568 87 6 8 0.06821939
94 600 19 22 0.06843139
885 275 8 12 0.06851216
870 74 4 7 0.06862538
361 300 6 9 0.06878848
531 89 5 6 0.06893679
832 87 6 8 0.06905036
149 453 12 19 0.06939137
936 153 6 8 0.069420494
630 253 5 8 0.069445245
809 107 6 11 0.06945064
610 268 6 8 0.069507055
306 409 8 13 0.06957606
390 283 7 9 0.069584
376 328 8 14 0.06961858
617 253 6 9 0.06978943
516 300 5 7 0.07010792
543 187 6 10 0.07023614
711 370 13 18 0.070251286
904 190 7 10 0.0706121
677 270 7 8 0.071023956
357 269 6 8 0.071189575
115 187 7 9 0.07133652
835 107 6 10 0.07135241
741 411 12 19 0.07141512
517 315 6 9 0.07191
978 229 6 10 0.07207396
312 357 9 13 0.07221052
437 291 8 12 0.07232821
343 77 5 8 0.07233363
342 219 6 9 0.072562315
851 218 6 9 0.07270305
856 109 6 9 0.072718285
870 244 8 12 0.07278833
32 265 7 11 0.07291652
287 266 6 10 0.07308539
980 75 5 8 0.07328873
38 224 6 9 0.07346268
660 252 6 7 0.07347232
617 234 6 9 0.07347255
899 413 10 15 0.07408192
259 173 6 9 0.07434043
792 117 6 11 0.07455627
392 313 7 11 0.074943446
210 410 11 18 0.07494396
200 79 5 7 0.074967295
162 440 11 19 0.07511732
142 472 12 20 0.075440556
917 168 6 9 0.075516015
771 246 7 10 0.07552351
480 206 6 10 0.07600752
594 156 6 8 0.07605373
952 232 6 8 0.076056845
260 402 10 13 0.07608621
175 103 6 9 0.07614217
178 270 7 10 0.076359764
224 373 8 14 0.07652204
550 151 5 8 0.07655955
769 298 7 11 0.07672948
445 527 13 20 0.076854676
768 344 8 14 0.07693164
711 103 5 9 0.07698094
564 268 6 8 0.077079765
260 444 14 18 0.077449955
657 314 8 13 0.07746822
740 319 8 10 0.07764266
936 143 6 8 0.07778795
441 101 5 10 0.07792306
389 104 5 8 0.07807178
888 134 6 8 0.07816548
661 134 6 8 0.0783264
1010 265 6 11 0.07835819
817 403 13 17 0.078712754
598 456 12 20 0.078837104
485 149 6 10 0.07915049
161 333 7 11 0.07934521
83 269 7 10 0.07953674
501 141 6 9 0.07978698
388 294 6 10 0.07983834
420 314 7 12 0.07984626
158 357 9 15 0.079911426
550 227 7 10 0.08007236
393 199 6 11 0.080315545
577 296 6 9 0.080575444
742 197 6 9 0.080706455
948 78 5 6 0.08071109
279 532 13 21 0.0809138
790 296 7 10 0.081140436
227 165 6 8 0.08144043
679 138 6 9 0.08172503
546 345 8 12 0.08234335
809 472 20 21 0.08239714
648 298 7 10 0.08250769
533 315 6 8 0.08257612
248 313 8 13 0.0827796
673 299 8 13 0.082894966
535 302 6 7 0.082971886
404 158 5 10 0.08318215
146 318 7 10 0.08396248
500 404 13 19 0.08444491
968 247 6 10 0.08472529
226 159 5 9 0.084762596
948 151 6 8 0.084901914
360 159 6 8 0.08512036
504 301 6 8 0.08552439
769 313 8 11 0.08553356
830 290 9 15 0.08563746
935 269 8 10 0.08573699
868 454 13 19 0.08581404
584 152 5 8 0.08588413
77 395 12 18 0.08600372
196 438 12 19 0.086263545
473 102 7 10 0.08658546
375 220 6 10 0.08677531
950 169 7 9 0.0871898
120 77 5 8 0.08738557
902 141 6 8 0.08745372
597 271 6 8 0.0876292
720 264 7 9 0.08778215
255 280 7 13 0.08824097
800 325 9 15 0.088336974
133 543 13 22 0.08852684
853 236 6 10 0.08853059
917 87 4 7 0.08886938
705 168 6 10 0.0889921
469 234 6 10 0.08919807
90 181 6 10 0.08934538
309 500 13 20 0.089529745
836 215 6 9 0.08959034
336 347 9 12 0.08966727
461 393 12 18 0.09000156
102 74 5 8 0.09012327
437 286 7 12 0.09025574
161 481 14 20 0.090307824
431 267 7 11 0.090617694
385 235 8 11 0.09065421
451 311 7 13 0.09082281
92 505 12 21 0.09090982
680 221 6 8 0.09152117
844 325 12 17 0.09167123
21 418 11 19 0.09173824
40 120 5 8 0.09180748
723 316 7 10 0.0919367
835 152 5 11 0.09247006
354 184 6 8 0.09254292
702 481 13 20 0.09262108
787 92 6 10 0.093824424
937 254 6 10 0.09409672
89 217 7 10 0.09425913
864 262 8 14 0.09446269
888 109 6 8 0.09450251
792 315 8 12 0.09494917
645 518 13 19 0.09539754
678 185 7 10 0.095472395
802 300 7 11 0.09553768
467 299 7 12 0.09574584
161 262 7 12 0.095778935
931 292 9 14 0.09578094
96 180 7 9 0.096085735
756 510 14 20 0.09644002
817 355 9 14 0.096705735
398 448 13 17 0.0972897
628 284 7 9 0.09729696
659 220 7 9 0.09734059
919 262 8 11 0.09735006
884 435 13 18 0.09750141
945 292 9 14 0.0975389
759 211 7 11 0.097598076
35 488 13 20 0.09831856
306 298 6 10 0.09870752
178 405 8 14 0.09899953
530 357 10 14 0.09916947
690 282 7 10 0.099691905
808 153 6 11 0.09969424
408 125 5 9 0.10089619
878 373 12 17 0.100932874
408 364 9 14 0.10101756
360 357 9 13 0.101188
966 77 5 8 0.10139228
581 250 6 10 0.10147991
756 253 6 8 0.10208132
340 294 7 10 0.102618776
641 189 6 9 0.10334519
149 159 6 9 0.10377137
112 150 6 8 0.10393335
950 88 4 7 0.10419552
756 202 6 10 0.104219824
35 182 7 8 0.105039805
482 294 8 12 0.10512598
422 269 6 10 0.10523297
1010 298 7 12 0.10540642
85 451 12 18 0.10573966
647 204 6 10 0.10595127
208 345 8 13 0.10626625
897 264 7 12 0.10653452
661 171 7 9 0.10676705
723 103 6 8 0.10697314
197 166 5 9 0.10803761
305 315 7 11 0.108584076
9 261 7 11 0.10859982
153 357 9 15 0.10882203
565 155 6 9 0.10925012
374 284 6 9 0.10927165
744 109 5 8 0.10933149
230 497 12 19 0.109628856
900 168 7 9 0.109804526
887 155 5 9 0.10985786
503 342 10 13 0.11065837
773 111 5 9 0.11074503
405 281 7 11 0.111834794
583 173 7 9 0.111860156
775 135 6 11 0.11245334
501 316 7 10 0.11259059
473 264 7 12 0.11296153
37 111 6 9 0.11341136
611 313 8 11 0.1140428
327 332 7 11 0.115101695
120 61 5 8 0.1151185
371 266 6 9 0.11645397
502 156 6 9 0.11676404
341 205 6 8 0.117504545
593 294 8 10 0.11804235
243 155 6 10 0.11871972
704 311 9 12 0.11909963
754 325 8 12 0.119126216
49 324 8 13 0.11916969
66 291 7 12 0.11971082
55 182 6 9 0.11971472
695 221 6 9 0.119886935
947 250 7 9 0.12040494
950 270 8 10 0.12082186
184 79 5 9 0.12128341
868 179 7 10 0.121593796
101 292 8 13 0.12184814
579 312 7 12 0.12211378
506 184 7 12 0.12214094
920 182 7 10 0.12258931
455 217 6 11 0.12289232
306 139 6 10 0.1230752
548 315 6 9 0.123344354
452 275 8 13 0.12529868
386 357 10 14 0.12530656
659 151 6 8 0.12543467
595 166 7 9 0.12616192
579 227 7 11 0.12663773
55 248 6 11 0.12735315
517 149 5 9 0.12760474
212 166 5 9 0.12784882
929 236 6 10 0.12806311
710 231 6 8 0.12848194
745 191 6 10 0.12979369
992 408 9 15 0.13000475
152 73 5 9 0.13021672
689 125 6 10 0.13089822
642 156 6 9 0.13132241
31 325 9 15 0.13138445
407 309 7 12 0.13274355
530 229 7 10 0.13313873
275 324 8 15 0.13373491
1010 196 5 11 0.13377981
790 173 5 9 0.13426936
823 220 5 10 0.13471277
170 104 6 9 0.1357414
453 170 7 11 0.13583495
791 187 6 11 0.13622688
160 184 7 10 0.1365674
837 172 5 11 0.13694216
727 204 6 9 0.13710864
757 269 6 9 0.1382332
212 134 5 8 0.13882396
707 282 7 10 0.13968967
422 299 7 12 0.1403427
145 186 7 9 0.1407551
355 311 6 11 0.14079054
6 333 8 12 0.14081965
835 250 7 11 0.1417119
784 264 7 10 0.14251228
194 137 5 8 0.14260803
769 158 6 10 0.14271185
593 212 7 12 0.14440684
967 143 6 10 0.14485413
723 219 6 10 0.14515646
58 56 5 8 0.147366
337 311 7 11 0.147605
725 282 8 10 0.14765377
184 165 6 9 0.14770438
56 79 6 10 0.14838326
115 168 7 10 0.15016462
277 173 5 9 0.15033664
422 481 13 19 0.15076037
101 58 5 9 0.15178587
774 268 6 10 0.15274411
741 340 9 13 0.15279448
743 268 7 10 0.1532116
759 155 6 9 0.15437877
119 119 6 8 0.15509175
278 285 7 13 0.15596052
405 184 7 11 0.15705812
81 325 8 14 0.15740839
562 310 7 11 0.15951516
113 310 8 12 0.16506019
118 339 10 14 0.1665364
187 504 14 20 0.16888222
100 360 9 14 0.17152523
148 274 8 12 0.1736041
101 119 5 7 0.17428178
691 152 7 10 0.17430812
692 249 6 9 0.17667736
601 184 8 12 0.1778289
738 297 9 11 0.17827584
129 234 8 13 0.17850932
134 92 6 9 0.179139
53 119 6 8 0.18199639
950 201 6 11 0.18822978
150 205 7 11 0.20840771
230 278 7 12 0.20842998
727 253 6 9 0.20895019
162 233 7 12 0.22281404
1011 119 5 10 0.23182467

