2_Demonstration_Protesters_2_91
86
807 258 10 10 0.0103651285
594 167 6 6 0.010718742
626 182 6 6 0.0109340325
595 179 6 6 0.011072103
615 291 7 12 0.011211966
306 199 7 5 0.011248819
255 179 7 9 0.011275315
899 243 13 19 0.011358308
900 250 12 21 0.011740882
708 179 6 7 0.011779241
598 243 8 11 0.0119278785
621 283 12 20 0.012160166
175 287 7 10 0.012285653
293 180 7 6 0.012380047
914 241 13 21 0.012464811
585 255 12 18 0.012482738
735 245 9 11 0.013635687
595 194 6 6 0.01442812
737 259 18 30 0.014956462
478 283 10 24 0.015779125
735 266 13 21 0.016165137
780 240 27 35 0.016190274
621 271 13 18 0.016286595
307 180 7 5 0.016337248
767 240 8 9 0.016591482
532 265 18 22 0.016638735
766 236 13 18 0.017021349
338 248 20 21 0.017766463
164 263 6 9 0.01786267
624 274 9 12 0.018195417
242 191 6 8 0.018523633
343 249 21 22 0.018679718
723 256 12 20 0.019565016
391 242 14 21 0.019944068
926 254 22 28 0.020056985
732 242 13 19 0.020681346
197 308 7 9 0.02070935
537 264 18 21 0.02113469
165 285 11 20 0.021467565
671 272 8 14 0.023123503
294 198 8 7 0.023993315
472 283 10 25 0.024055999
811 245 23 18 0.025057675
336 241 20 22 0.02622188
724 260 8 12 0.026360638
604 254 12 17 0.02672152
389 248 20 20 0.029524557
180 323 7 11 0.03068345
668 270 12 19 0.031873193
737 258 9 13 0.03202924
612 195 6 5 0.032402102
535 241 19 22 0.03539075
801 253 22 17 0.036505755
247 181 6 7 0.038635705
780 248 25 18 0.03869201
533 242 9 15 0.042738885
309 309 25 18 0.050971005
632 250 17 23 0.053222734
828 257 20 28 0.05548759
660 276 9 13 0.05651164
920 224 22 19 0.061685
182 275 6 8 0.06480527
657 280 13 19 0.071314186
607 256 8 12 0.08204767
637 253 9 15 0.084547624
166 275 5 8 0.1071912
532 247 15 32 0.11933347
910 250 19 22 0.13285054
824 253 22 20 0.14036344
394 246 17 29 0.15126674
536 256 19 23 0.15257356
734 254 13 21 0.17422768
167 288 6 11 0.18391532
587 313 18 34 0.22818013
595 259 9 13 0.291235
813 252 23 19 0.29463282
657 273 13 20 0.31507176
392 243 21 21 0.3826484
531 241 14 21 0.38417807
340 236 17 35 0.43872643
782 238 19 30 0.47445568
783 243 24 20 0.48246038
346 237 17 34 0.5114715
631 251 13 19 0.6307083
592 256 14 19 0.8262726
963 209 31 39 0.97175163

