2_Demonstration_Political_Rally_2_264
365
97 240 5 8 0.010009081
287 327 9 12 0.010092692
213 329 8 13 0.01010243
816 436 7 17 0.010128815
619 419 13 18 0.010130546
838 411 12 20 0.01013222
355 346 6 10 0.010155493
211 371 12 20 0.010222554
142 483 13 19 0.010245764
497 406 8 13 0.010329971
808 414 18 32 0.010338446
483 300 5 10 0.01033872
884 345 7 11 0.010346338
99 411 12 19 0.010357125
16 347 9 11 0.010382693
914 356 13 19 0.010493304
455 326 7 13 0.010531601
788 330 6 10 0.010549329
193 365 9 13 0.010562881
531 315 6 10 0.010591095
741 414 7 11 0.010649883
101 501 14 20 0.010659538
97 499 19 30 0.010718045
789 363 11 19 0.010797068
221 372 11 20 0.010805893
838 500 11 26 0.010835291
534 363 8 13 0.010854483
386 267 6 11 0.010873971
343 346 8 10 0.010897023
734 602 21 20 0.010901042
513 492 9 15 0.01098197
353 381 8 13 0.011011467
127 322 8 9 0.011062886
787 407 9 14 0.011163973
643 568 12 21 0.011198574
833 384 12 20 0.01120208
206 294 12 19 0.011264518
484 396 8 13 0.011282072
309 484 12 19 0.011311663
561 323 7 15 0.011360371
447 437 12 21 0.011431527
306 326 13 18 0.011507396
482 392 11 21 0.011508919
806 363 7 11 0.011516072
125 325 12 18 0.011538413
416 328 11 19 0.0115639195
213 374 9 13 0.011652802
98 416 12 20 0.011707555
251 293 13 19 0.011893394
600 373 7 10 0.011907777
814 533 13 22 0.011944244
753 422 7 12 0.011946309
984 518 12 20 0.011954558
270 562 19 33 0.012038203
833 437 11 24 0.012057369
882 315 6 9 0.012150695
445 503 17 31 0.01220946
471 482 11 23 0.012267253
407 328 7 11 0.012298846
725 316 5 8 0.012318045
330 407 20 28 0.012370436
248 281 8 12 0.012397614
834 379 13 19 0.012520225
837 381 8 13 0.012560217
687 459 13 19 0.012621193
359 520 12 20 0.012636998
926 384 18 31 0.012671074
321 387 12 18 0.012756622
3 315 7 10 0.012804375
35 348 13 17 0.012808704
179 516 13 20 0.012894702
596 343 7 11 0.012905539
662 316 6 9 0.012907641
852 375 12 19 0.013061438
127 340 12 18 0.013088179
311 487 9 13 0.013091117
533 345 6 9 0.013200783
677 586 14 23 0.013288653
274 458 7 14 0.013393757
68 468 13 19 0.013405942
322 344 8 11 0.013506813
2 373 9 17 0.013546721
84 389 13 18 0.013595789
680 588 19 21 0.013659213
713 440 7 10 0.013778274
704 573 18 32 0.013819025
27 448 20 29 0.013930097
23 315 8 10 0.014080371
417 400 12 21 0.014139572
469 346 7 13 0.014214841
854 378 8 12 0.014399163
718 466 12 21 0.014626785
852 500 11 27 0.014639788
753 466 17 32 0.014686595
323 533 17 34 0.01470237
420 394 8 16 0.014753455
815 424 8 14 0.014808876
104 295 6 9 0.01484439
924 390 13 21 0.014882562
151 359 12 19 0.014903128
754 347 6 10 0.015026071
102 317 6 9 0.0150818555
31 301 7 8 0.015123843
89 239 6 10 0.015130401
232 546 20 20 0.015141781
304 510 17 30 0.015261043
456 456 8 16 0.01526307
85 392 10 12 0.01529397
110 343 13 18 0.0153157795
996 391 13 21 0.015360784
327 332 8 11 0.015362636
879 385 12 21 0.015395873
308 507 13 20 0.015500722
66 206 7 8 0.015542072
82 221 6 8 0.01554721
695 427 8 11 0.015590231
773 394 12 20 0.015669031
317 513 13 21 0.015700879
692 394 6 10 0.015981423
338 413 10 12 0.016006015
958 387 12 18 0.016031658
1013 171 7 32 0.016192818
769 493 17 33 0.016196184
655 570 12 20 0.016566169
598 363 11 17 0.016613344
210 324 13 21 0.01679407
862 377 12 20 0.01680809
532 359 12 20 0.016893376
685 465 19 20 0.016922114
757 379 7 10 0.01700965
271 455 12 22 0.01705083
817 365 8 12 0.017117627
850 361 7 11 0.017205236
654 578 12 21 0.017228933
760 329 5 9 0.0172336
152 362 8 12 0.017236
398 419 12 21 0.017295191
196 376 9 13 0.01736869
531 331 6 11 0.017424654
474 479 17 31 0.017435156
517 329 7 11 0.017486816
775 396 8 14 0.017502692
157 359 13 19 0.017576454
372 348 6 9 0.017688727
679 395 7 10 0.017708931
336 395 10 13 0.017806482
916 360 9 11 0.017817628
209 298 8 12 0.017921582
993 382 16 33 0.017928366
813 408 12 21 0.018046452
842 499 17 32 0.01821113
785 404 12 20 0.018525172
565 404 12 20 0.01857845
496 327 11 20 0.01858115
84 361 9 11 0.018665034
673 407 9 12 0.018673092
964 453 13 21 0.018678127
866 346 7 10 0.018795129
200 299 7 11 0.01879676
73 471 21 19 0.018955225
387 344 6 10 0.0189863
234 578 21 22 0.019034198
2 363 8 13 0.01903878
767 477 16 34 0.019136993
582 465 10 17 0.019157823
277 344 13 18 0.019470535
612 373 6 9 0.019504499
915 313 7 10 0.019569974
101 334 7 8 0.019581186
450 424 12 20 0.01959009
551 331 6 11 0.019723225
514 450 12 19 0.019759841
459 452 12 21 0.019773537
391 318 6 9 0.01978786
593 486 12 21 0.019795926
728 360 6 10 0.019838162
788 456 8 16 0.01998152
84 378 10 12 0.020137852
151 332 12 16 0.020146834
614 423 9 14 0.020291865
646 578 12 22 0.020406133
224 374 7 14 0.02056783
838 362 7 11 0.020600209
452 427 8 13 0.020625377
947 470 13 24 0.02080727
248 300 9 12 0.021052888
32 317 7 9 0.021077674
662 364 6 9 0.021164646
67 359 8 11 0.021473242
879 377 11 21 0.021589598
214 264 6 9 0.021640832
130 342 9 12 0.021681052
739 362 6 9 0.02183462
334 393 13 18 0.021911195
900 315 7 10 0.021936
155 331 13 17 0.021979742
317 507 12 21 0.022100775
190 363 13 19 0.022181777
102 381 9 11 0.022231158
100 284 5 10 0.022455102
791 373 8 14 0.022735374
604 515 12 22 0.022780413
309 314 8 10 0.022924004
278 325 10 13 0.022964314
692 332 5 7 0.023034856
352 331 7 11 0.023100011
913 386 18 32 0.02313059
82 375 13 18 0.023293568
789 370 12 20 0.023337489
37 330 7 9 0.023584459
534 284 6 12 0.023671187
620 567 17 31 0.02372597
767 488 12 23 0.024113696
108 502 13 20 0.024497608
586 597 21 21 0.024573786
343 330 7 10 0.024705507
813 422 11 22 0.024862522
723 333 6 8 0.02511438
483 515 12 22 0.025183411
726 396 6 11 0.025288492
557 315 12 20 0.025294194
499 512 12 21 0.02561084
44 361 14 17 0.025936477
501 507 11 21 0.025951892
466 299 6 12 0.026100643
679 331 5 8 0.026174009
82 332 7 9 0.02627934
1007 391 11 23 0.026340568
246 266 7 9 0.026525654
694 366 6 8 0.027142424
276 317 10 12 0.027155824
772 377 7 11 0.027359258
913 402 12 22 0.027928304
512 489 12 20 0.028058855
753 470 8 15 0.028130941
813 432 10 23 0.028252395
862 502 10 27 0.028352257
152 344 8 11 0.028533066
322 390 9 12 0.028945494
613 420 11 19 0.028980307
768 502 8 14 0.029189512
808 434 11 22 0.029308377
647 374 6 10 0.029466068
741 334 6 8 0.029560804
839 418 11 20 0.029624827
907 400 17 33 0.029695163
308 330 9 11 0.030503074
224 546 14 20 0.030884486
674 376 6 11 0.031307686
284 558 17 35 0.031451136
194 372 13 19 0.03148125
726 347 5 8 0.031571258
85 346 7 9 0.031619594
902 405 12 23 0.03168831
113 360 13 18 0.03172416
918 392 12 22 0.03195363
416 386 17 31 0.032039277
709 333 5 7 0.032756776
725 437 11 18 0.032792177
530 511 13 22 0.03284224
708 364 6 9 0.03312716
457 301 7 12 0.034358382
99 344 13 18 0.034395102
716 501 12 21 0.034461997
222 539 14 20 0.03450356
232 572 19 34 0.03464734
706 377 6 10 0.035095096
309 513 13 22 0.03512793
742 346 6 10 0.03530015
247 296 12 20 0.035551265
707 347 5 10 0.035707824
567 407 8 12 0.03633199
82 316 6 7 0.036340185
673 364 6 9 0.036887426
49 378 11 12 0.037044898
665 377 6 10 0.037417248
158 341 12 18 0.037426293
389 329 6 10 0.03749855
271 315 20 30 0.03770677
733 437 11 19 0.037796002
600 517 12 22 0.038014937
766 499 12 21 0.038356338
406 318 6 10 0.038385637
0 360 11 22 0.038622033
694 348 5 9 0.03968142
678 346 6 9 0.039702456
840 420 8 14 0.040466614
695 410 6 10 0.041206237
279 348 9 11 0.04129793
439 498 13 24 0.04262286
802 408 8 14 0.04265757
640 352 6 10 0.044013645
224 543 17 30 0.04419194
477 482 12 22 0.044697583
120 331 7 9 0.044986494
706 392 7 12 0.046010308
116 364 9 11 0.047054492
729 380 6 10 0.047095086
47 375 14 17 0.047101744
277 321 13 19 0.047235675
988 521 13 20 0.048166867
113 347 8 10 0.048405465
498 330 7 13 0.050062917
676 591 19 21 0.05039978
405 301 6 10 0.050628975
56 289 8 10 0.050994765
65 346 8 10 0.051131446
37 350 9 10 0.052076545
23 456 23 19 0.052128315
336 411 13 19 0.052831374
39 360 9 12 0.052992743
158 333 8 12 0.05415629
799 405 12 20 0.05575308
47 364 10 11 0.05580207
791 366 7 12 0.05607853
734 604 19 20 0.05673372
161 343 8 13 0.05728809
742 422 7 11 0.05763755
336 313 7 11 0.059210807
329 313 8 12 0.059990425
1 367 15 34 0.060279325
274 315 14 19 0.060748257
449 347 8 15 0.060852736
751 467 11 21 0.060999732
22 299 9 9 0.06318859
38 357 13 18 0.06343924
53 343 13 16 0.06445958
615 367 7 10 0.06663129
336 417 14 18 0.06791855
341 358 12 18 0.06860554
447 344 11 20 0.06913919
419 332 7 11 0.07048472
740 379 6 11 0.07129287
532 504 13 23 0.072793834
755 360 6 10 0.07461319
454 452 12 22 0.074913435
863 400 16 31 0.0760002
101 346 9 11 0.083867975
342 360 9 14 0.0849071
646 363 6 9 0.088936314
55 294 7 9 0.09275658
94 356 13 18 0.09473755
444 499 13 23 0.0964847
786 453 12 21 0.097250275
128 327 8 10 0.09839599
152 334 9 11 0.10688367
513 409 12 19 0.117234625
735 439 8 13 0.12285249
386 546 19 31 0.124210134
694 374 7 11 0.12518725
629 366 6 10 0.12550797
725 424 7 11 0.12818494
97 358 9 13 0.12829204
332 453 21 20 0.12943186
417 392 12 22 0.13447918
727 439 7 13 0.14168732
626 565 13 23 0.15832174
645 467 12 19 0.16768391
600 366 8 12 0.18622719
55 345 9 11 0.1945197
709 501 13 23 0.20007373
0 368 12 24 0.24134429
581 459 13 21 0.2605467
612 468 13 19 0.29245397
652 467 13 18 0.3308806

