2_Demonstration_Protesters_2_577
39
423 530 7 9 0.01002118
485 568 8 8 0.01022739
887 572 33 39 0.010408929
78 461 22 18 0.011069733
642 551 9 7 0.011382413
871 573 31 39 0.011975173
2 431 36 63 0.012210548
788 574 9 9 0.012432276
1 409 13 42 0.012714003
866 566 41 55 0.012928503
560 482 7 11 0.013551481
1 409 10 26 0.013841371
103 452 23 18 0.0144263385
455 450 8 12 0.015171127
641 559 12 9 0.015776666
212 449 11 10 0.016111897
453 447 12 19 0.016435776
904 540 31 38 0.01667309
424 416 7 11 0.01682109
94 449 22 19 0.017876226
177 449 12 9 0.018592183
384 479 7 11 0.01876431
155 446 24 16 0.018959953
162 448 11 9 0.02085244
167 468 18 28 0.022183629
636 555 21 18 0.022555346
169 448 25 15 0.023001017
207 447 22 18 0.023243409
377 481 7 10 0.02440372
460 71 70 74 0.031984676
880 565 46 53 0.0347121
96 455 20 29 0.041888345
354 536 8 10 0.042647123
200 459 23 19 0.04866518
164 466 26 19 0.052830316
160 467 23 20 0.28735545
476 448 20 21 0.6803541
607 559 20 20 0.8010735
812 547 21 33 0.8975299

