2_Demonstration_Demonstration_Or_Protest_2_367
93
339 163 10 12 0.0100644
184 306 24 20 0.010122506
46 246 22 17 0.01025481
97 270 13 10 0.010299581
357 306 8 10 0.010645579
741 380 31 39 0.010699248
0 234 10 26 0.010826775
319 302 14 24 0.011273576
147 241 8 7 0.011778453
112 228 9 8 0.011898495
103 228 8 8 0.011917027
0 262 9 29 0.012226242
260 265 18 32 0.012563417
296 275 9 10 0.013565397
243 285 9 15 0.013771983
503 220 48 58 0.0138313575
294 272 13 19 0.013970311
380 240 44 64 0.014478595
863 238 39 67 0.014916492
78 255 18 28 0.015656542
351 311 19 30 0.015745208
85 260 10 11 0.01574919
22 255 8 12 0.016040973
339 310 9 10 0.016384732
303 287 10 10 0.016584955
266 271 21 20 0.016618494
597 234 61 79 0.016709138
295 289 10 12 0.016729401
737 373 40 56 0.01746588
349 288 20 29 0.01773031
2 222 14 38 0.018346213
43 273 24 19 0.018449213
20 252 12 20 0.01859227
299 284 15 18 0.019281622
172 288 22 17 0.019670445
101 240 14 17 0.019878997
96 262 11 10 0.019966539
110 240 10 9 0.019979656
295 275 22 18 0.020092357
235 268 18 31 0.020501057
359 261 20 30 0.020582711
103 237 22 17 0.023682546
350 286 14 19 0.024223814
248 286 20 22 0.024500353
371 268 13 24 0.024502467
102 242 10 10 0.025357036
353 291 8 11 0.02598754
343 277 7 9 0.026027832
33 255 10 10 0.027016927
240 275 9 14 0.027232694
339 285 13 18 0.027377341
4 259 7 13 0.028666401
4 255 16 33 0.030191083
303 306 22 21 0.031869255
61 255 12 12 0.032638527
960 309 47 124 0.035594076
28 252 21 19 0.036174923
82 256 21 19 0.037183516
322 288 14 17 0.037783466
939 279 83 181 0.039295834
197 271 15 21 0.039409656
198 278 19 31 0.045071695
52 256 14 11 0.045925062
1 255 12 23 0.046326544
341 289 8 10 0.05208634
333 312 20 20 0.053688943
323 306 19 31 0.060922712
995 377 27 93 0.06328401
237 279 18 32 0.06346929
59 252 14 17 0.067192875
91 265 24 17 0.07530782
95 253 17 30 0.07745296
624 233 41 64 0.078395136
331 307 21 20 0.07943922
290 285 20 20 0.0863477
241 281 13 22 0.09763717
238 273 12 21 0.10598434
325 290 9 9 0.11907147
963 343 53 107 0.12619218
46 257 16 32 0.16669145
510 221 55 84 0.17277166
314 300 20 31 0.31026408
181 301 34 60 0.32090452
200 272 21 22 0.3669763
503 238 48 60 0.40913433
90 258 21 19 0.48618168
49 252 22 19 0.49332646
42 277 20 33 0.51498866
305 295 18 35 0.53234076
261 275 26 42 0.5609789
124 260 23 29 0.64769506
783 342 41 62 0.8924009
389 240 68 85 0.95145106

