2_Demonstration_Protesters_2_884
133
903 210 59 90 0.0101364385
650 11 17 31 0.0101400465
785 337 52 92 0.010156553
1003 118 21 79 0.01023872
736 165 29 39 0.010246146
656 43 18 33 0.010350338
536 153 24 19 0.010406527
772 269 32 35 0.010544752
557 63 13 17 0.0107144965
21 136 43 53 0.011222363
8 130 27 44 0.011515475
229 107 8 9 0.011533568
134 277 60 90 0.011586948
625 131 9 12 0.011611812
855 163 62 79 0.011731215
819 225 45 53 0.011888067
537 68 7 11 0.011956771
883 238 47 45 0.012010581
21 160 33 35 0.012213925
652 136 22 19 0.012383662
893 261 26 17 0.012503645
622 129 13 18 0.013007266
271 105 25 18 0.013141923
330 192 23 18 0.01319522
306 120 21 19 0.0137141645
225 84 8 8 0.013815386
150 79 8 10 0.01387818
155 103 21 20 0.013890911
191 137 12 20 0.01398206
272 95 23 17 0.014137751
674 104 20 34 0.0142109115
4 122 38 59 0.014252654
863 148 32 36 0.0143731525
291 90 18 30 0.014759093
559 74 9 12 0.014975329
423 203 27 16 0.015109149
888 247 37 31 0.015425066
728 7 23 19 0.015727844
30 79 27 36 0.015834553
672 262 18 42 0.016071582
169 86 19 21 0.016575819
551 79 20 29 0.016768547
148 77 12 20 0.016817234
663 228 33 70 0.01703301
404 194 12 10 0.017180018
574 104 23 18 0.017836522
303 110 10 12 0.01799125
11 165 20 30 0.018021727
205 101 18 32 0.01804881
1017 139 7 43 0.018158037
194 140 7 12 0.018230405
537 148 20 34 0.018462082
9 111 18 34 0.018556498
293 105 12 11 0.018722666
214 83 8 10 0.019065939
735 38 13 22 0.019084364
163 72 13 20 0.01958401
669 266 32 73 0.01979515
119 227 51 92 0.0199319
173 79 12 20 0.020422162
165 75 8 10 0.020853864
230 110 20 31 0.020865416
223 85 19 29 0.021798104
954 417 64 117 0.021885334
130 228 43 61 0.022669036
113 131 10 12 0.02274389
318 116 19 29 0.02295887
702 109 19 33 0.023255158
717 6 22 19 0.023836717
626 133 12 21 0.024119638
547 65 13 17 0.025519947
577 93 22 19 0.025876354
148 229 38 62 0.02651766
733 18 18 34 0.02661557
268 102 21 29 0.026840907
869 165 38 33 0.028083572
654 238 47 85 0.028156841
579 93 28 35 0.028169585
183 533 116 122 0.028777977
716 8 19 32 0.029456308
824 132 42 52 0.029589312
886 166 55 83 0.03107484
700 46 21 21 0.031295896
111 133 13 18 0.033809222
552 71 20 20 0.036612842
0 71 11 27 0.037144143
234 92 21 18 0.038812477
537 161 20 32 0.03953063
240 96 9 10 0.040087268
560 65 8 10 0.04088393
299 135 21 29 0.041839037
523 149 21 35 0.042987082
1 72 17 32 0.043264154
209 93 10 10 0.044844653
535 71 12 20 0.046866406
734 34 18 34 0.04909514
716 192 29 41 0.050714202
699 52 21 21 0.051453568
720 188 39 55 0.051935233
663 94 38 57 0.05256236
161 89 18 22 0.055657398
549 67 8 12 0.05674602
415 354 29 39 0.06332029
646 139 30 39 0.06479588
292 99 11 11 0.064973146
516 223 31 36 0.0724013
584 101 23 19 0.072712004
224 91 14 18 0.08034859
866 158 47 50 0.08509415
227 95 9 10 0.091878675
537 74 7 12 0.10828087
652 246 33 67 0.11013599
292 101 14 18 0.11324087
199 91 13 19 0.11535539
312 121 22 20 0.12009521
35 78 20 20 0.1239173
1012 132 12 49 0.12421178
548 74 8 12 0.12442804
546 71 12 19 0.12492057
296 107 21 19 0.13825242
34 84 20 21 0.13898507
286 97 21 18 0.15025254
200 95 9 12 0.1530707
365 88 22 22 0.16917369
203 89 20 20 0.18956919
290 101 19 30 0.29269126
664 248 30 69 0.45421815
703 45 19 33 0.46043894
584 88 20 31 0.49667144
883 170 40 55 0.55619895
942 440 82 120 0.7775377
367 82 17 34 0.848724
523 155 31 39 0.85247904

