2_Demonstration_Demonstration_Or_Protest_2_476
681
770 156 13 11 0.010002789
913 79 11 9 0.010026668
855 77 11 12 0.010028004
282 565 22 21 0.010091554
703 147 13 15 0.01013452
67 91 10 11 0.010143556
286 77 12 9 0.010143733
26 278 27 15 0.010181045
82 152 10 11 0.010182289
872 440 24 18 0.010207007
371 31 10 10 0.010211334
270 310 23 17 0.0102172
93 191 13 11 0.010267895
23 270 27 15 0.010276097
568 213 24 17 0.010314963
863 112 11 12 0.010319728
107 153 22 16 0.010324615
95 126 11 11 0.01035974
250 162 21 18 0.010375935
254 329 24 17 0.010395695
590 125 23 16 0.010459576
190 439 23 18 0.010473286
110 127 14 16 0.010505327
737 416 24 26 0.010549514
8 278 26 15 0.0105528785
511 217 14 14 0.0105766
260 74 13 11 0.0105862
287 280 14 18 0.010588112
103 435 29 15 0.010620532
337 60 15 15 0.010628481
598 77 14 18 0.010631876
883 74 10 9 0.010660746
511 122 15 16 0.010681274
470 47 9 10 0.01071486
478 455 22 18 0.010715214
18 71 13 17 0.010735943
177 70 10 12 0.010814056
160 297 15 18 0.010818306
887 90 11 10 0.010837954
422 57 11 11 0.010857504
264 265 20 18 0.010918645
750 182 21 17 0.010919438
215 639 28 38 0.010938066
97 95 11 11 0.010964318
235 157 22 17 0.010978733
833 149 22 17 0.011006759
1008 218 11 13 0.011014651
51 256 17 11 0.011034605
610 138 15 16 0.011049122
523 364 25 16 0.011124971
38 413 27 16 0.011128313
71 135 11 12 0.011150011
309 244 13 18 0.011171529
181 219 14 15 0.011192197
300 187 14 15 0.011211116
396 436 23 18 0.011220728
773 57 14 16 0.011227619
767 119 14 16 0.011231813
83 58 12 10 0.011255163
3 476 15 39 0.011275239
317 168 14 16 0.011318545
255 160 15 14 0.011330889
112 177 13 10 0.011335788
973 308 20 21 0.011404799
812 153 22 17 0.0114060575
241 141 12 12 0.011504407
390 63 8 10 0.011527807
67 201 13 11 0.011533787
313 342 26 16 0.011538533
991 153 16 11 0.011556881
86 189 23 16 0.011602271
178 43 10 9 0.011651847
212 232 14 17 0.0116523355
449 173 14 17 0.011654516
955 440 20 30 0.011675191
292 156 12 11 0.011720251
867 392 29 16 0.011726759
932 219 14 17 0.011739798
518 310 27 16 0.011748729
624 140 12 11 0.011753785
242 15 13 10 0.011758882
634 205 24 16 0.011812448
290 211 14 17 0.011845355
30 411 22 18 0.011877469
254 109 12 11 0.01190237
75 386 21 19 0.01191006
936 230 21 20 0.011946
591 132 22 16 0.01197691
843 121 20 18 0.012002775
693 204 13 19 0.0120298285
556 148 21 18 0.012064885
104 300 23 17 0.012165127
83 199 14 11 0.012280664
126 249 23 16 0.012299929
945 153 12 12 0.012300213
677 119 12 12 0.012329143
675 57 13 17 0.012347754
844 148 14 17 0.01239389
551 254 24 17 0.012395419
335 181 15 13 0.0124129895
291 189 15 11 0.012426395
516 65 10 11 0.012437097
493 138 13 17 0.012437787
451 262 20 19 0.012439581
509 283 26 15 0.01245085
79 219 15 16 0.012470066
449 74 10 12 0.012473003
89 219 23 16 0.012481727
644 14 14 10 0.012500085
181 94 10 12 0.012521605
129 236 24 15 0.012531885
49 71 10 11 0.01257015
367 215 15 17 0.012580044
801 654 34 34 0.012606518
232 267 24 16 0.012630466
868 138 14 17 0.012754131
859 230 24 16 0.012755596
558 548 22 28 0.012791416
814 137 14 17 0.012808124
538 254 25 16 0.012858874
799 413 23 19 0.012867362
154 185 23 16 0.012869617
167 103 11 13 0.012893366
380 357 23 18 0.012912211
100 305 15 18 0.01291223
386 74 10 10 0.01293834
685 87 14 16 0.012946497
13 269 26 14 0.012954812
493 355 24 17 0.013010579
634 449 22 28 0.013056534
689 57 14 17 0.013070183
600 169 23 17 0.013070545
429 297 22 20 0.013115104
625 199 14 12 0.013145269
321 95 11 9 0.013157373
662 94 10 11 0.01318264
32 92 9 11 0.013233646
941 392 28 17 0.013248025
752 43 12 12 0.013271996
286 187 24 15 0.0134088565
775 222 27 15 0.01342115
390 342 24 17 0.01345647
648 498 23 20 0.0135556115
167 267 23 17 0.01356777
880 59 12 10 0.013592433
174 186 14 11 0.013649527
913 262 24 17 0.013660118
17 104 13 17 0.013672657
809 268 25 16 0.013718918
465 327 21 19 0.013746334
953 506 24 18 0.013812307
901 308 25 23 0.013840388
961 227 21 19 0.013856785
97 234 14 17 0.013888815
871 268 25 16 0.013897784
272 112 12 9 0.013976533
337 92 10 11 0.013982764
150 164 15 16 0.0141127305
265 434 22 18 0.014149967
705 185 14 17 0.014192126
844 141 14 16 0.014203444
593 55 10 12 0.014270546
551 102 23 16 0.014283216
673 141 12 12 0.014288152
261 327 29 15 0.014309194
38 72 9 10 0.014468039
674 436 22 30 0.01447218
398 222 23 17 0.01448372
74 287 24 16 0.014486074
528 163 14 16 0.014487626
572 165 23 17 0.014504909
849 181 22 17 0.014540799
660 199 15 16 0.014550498
321 125 14 15 0.014592031
520 469 20 27 0.014594944
105 396 21 19 0.014614145
191 62 10 11 0.014669712
602 200 24 16 0.014731223
114 183 13 11 0.01475372
670 151 23 17 0.014778324
481 61 10 10 0.01480948
77 414 23 18 0.014823541
325 75 12 10 0.014851722
651 282 23 18 0.014882499
938 150 22 18 0.014889365
96 171 11 11 0.01489175
622 121 22 16 0.014968593
851 171 15 17 0.014984187
334 276 21 18 0.015001848
975 172 13 11 0.015073471
648 42 11 13 0.01523848
733 420 22 20 0.015263874
398 110 11 13 0.0152960885
585 293 24 17 0.015373134
973 225 14 19 0.015456201
95 71 13 12 0.015459968
535 117 22 18 0.015480665
778 183 22 17 0.015511029
782 312 20 19 0.015535063
597 155 15 16 0.015549582
150 421 25 17 0.015567108
30 184 15 17 0.015572949
406 460 26 17 0.015604122
488 32 9 10 0.015617633
768 219 23 16 0.015635692
279 555 24 19 0.015655622
782 46 12 12 0.015667494
436 47 9 11 0.015687406
837 45 12 11 0.015704017
431 289 17 32 0.015771128
966 219 14 18 0.015773341
70 125 10 12 0.015806422
575 56 11 13 0.015835503
388 606 26 18 0.01592903
967 204 22 17 0.016051514
406 62 10 11 0.016058724
832 265 24 16 0.01609937
767 250 24 17 0.016106969
85 192 13 11 0.016113061
8 182 21 18 0.016123557
957 102 11 12 0.01615175
756 185 11 11 0.016213935
191 28 12 9 0.016239336
716 125 15 16 0.016274193
880 178 21 18 0.016274408
520 297 26 16 0.016274774
675 155 13 11 0.016307969
153 311 23 17 0.016329639
218 345 23 17 0.016373463
306 127 11 9 0.016392581
227 47 10 10 0.016401378
277 45 9 10 0.016564365
468 58 10 10 0.016658751
335 394 23 17 0.01669479
520 234 24 17 0.016747003
368 127 11 12 0.016814096
181 64 10 11 0.016831905
207 44 9 10 0.016854733
259 433 20 20 0.016934875
42 319 25 16 0.016938701
455 264 22 20 0.016983144
208 76 10 12 0.016988853
472 408 25 16 0.017039485
352 244 14 17 0.01712265
54 89 10 12 0.017153943
139 436 27 15 0.017159924
889 223 25 16 0.01718667
424 492 26 18 0.017273841
370 561 21 20 0.017304335
339 63 12 10 0.017352704
17 95 9 11 0.017385405
65 109 11 11 0.017411081
81 25 11 11 0.017435344
744 115 22 18 0.01747002
537 183 23 17 0.017506316
199 44 10 10 0.017506883
305 90 12 10 0.017516432
939 195 21 18 0.017525986
138 212 27 14 0.01760961
486 41 10 11 0.01767229
169 183 22 17 0.017683791
533 184 14 17 0.017729122
207 159 13 11 0.01774682
192 92 10 13 0.0177545
555 221 25 17 0.017841626
882 142 12 11 0.017928785
569 505 24 19 0.017988803
736 451 21 20 0.01798967
259 43 10 11 0.018094951
336 175 14 16 0.018117424
481 77 11 12 0.018141823
701 67 13 17 0.018143123
579 122 14 16 0.018181795
930 228 21 19 0.018275449
399 466 23 19 0.018404683
285 205 24 16 0.018448696
238 91 11 12 0.01851973
432 56 10 10 0.018666776
395 250 22 18 0.018676816
519 373 26 16 0.018699087
857 173 21 18 0.018760135
136 462 27 16 0.018877828
656 312 22 19 0.018878773
575 258 23 18 0.018966278
652 39 13 17 0.01898209
904 235 23 17 0.019040957
532 61 11 10 0.019113082
275 92 12 10 0.019126698
491 479 21 28 0.019159624
274 121 11 10 0.019322565
208 60 9 11 0.019332122
437 106 12 12 0.019350031
909 285 23 18 0.019375883
887 359 24 19 0.01943023
658 157 12 11 0.019472001
664 199 21 19 0.019538207
554 312 24 19 0.019575749
802 158 15 18 0.01960418
797 132 14 16 0.019643705
190 71 13 17 0.01970986
220 260 22 16 0.019712945
897 293 23 19 0.019745737
470 330 25 16 0.019817358
502 172 13 18 0.01987861
219 220 14 16 0.019895185
385 189 14 12 0.02009301
985 418 23 20 0.020140924
874 280 24 18 0.02015319
47 234 15 12 0.02018585
780 444 24 18 0.020187888
240 165 15 13 0.020220393
925 94 12 11 0.020285472
434 73 10 11 0.02030421
774 60 11 11 0.020307204
194 185 15 15 0.0203247
856 179 22 17 0.020398175
12 218 24 16 0.020434005
212 141 12 10 0.020467794
400 121 11 12 0.020541754
501 41 10 12 0.020560814
80 190 23 16 0.020576444
81 128 12 11 0.020640552
193 125 11 11 0.020788547
181 30 11 9 0.020867977
900 78 11 9 0.020869201
334 110 11 11 0.020979734
363 364 23 17 0.02100361
384 307 21 18 0.021021904
604 84 14 17 0.021094153
511 42 11 12 0.021164704
127 183 22 16 0.021367872
145 104 11 12 0.021400906
191 140 12 10 0.021516437
62 216 14 15 0.021528905
639 429 22 18 0.021798307
888 109 10 12 0.021825869
832 202 22 16 0.021964494
255 189 12 12 0.02200434
874 408 21 30 0.022061031
418 77 10 10 0.022158626
7 328 14 19 0.022163933
676 59 10 12 0.022233818
289 125 10 10 0.022336306
181 404 14 18 0.022357067
864 76 11 11 0.02236795
732 509 25 26 0.022511864
925 159 23 16 0.02252846
217 281 26 15 0.022558374
175 156 23 15 0.02256232
763 153 23 16 0.022565262
228 61 10 10 0.022578534
590 381 20 29 0.022612754
160 188 13 11 0.022670485
605 155 15 15 0.022690175
624 48 14 15 0.022717493
484 648 31 40 0.022775473
390 602 19 30 0.022782542
446 90 11 12 0.02283173
998 512 19 34 0.022838097
941 190 22 16 0.022964668
799 203 24 16 0.022974608
13 162 21 19 0.022999592
545 260 23 17 0.023065249
466 545 22 19 0.02310451
810 170 23 17 0.023124224
133 154 14 16 0.023251101
955 381 23 28 0.023312848
79 105 11 12 0.023439476
206 283 24 16 0.023525923
80 47 12 11 0.02355862
79 195 22 17 0.02357891
4 481 10 31 0.023592776
920 279 23 20 0.023692152
688 168 13 17 0.02369422
641 167 13 12 0.023751918
516 198 14 17 0.023764055
789 100 14 16 0.023833076
830 76 11 12 0.023839219
807 202 24 17 0.02388713
1005 437 17 35 0.02395054
160 27 12 9 0.02396219
990 416 20 30 0.023991864
598 84 13 17 0.02399384
943 137 21 17 0.02415664
710 91 14 17 0.02418063
242 235 13 13 0.024281
622 90 14 16 0.024336372
503 178 13 18 0.024481533
738 41 14 17 0.024586571
883 174 15 17 0.024593674
144 208 16 11 0.024678165
576 440 25 17 0.02494342
756 151 14 16 0.025348216
623 175 14 11 0.025435215
623 24 12 12 0.025508927
674 464 23 28 0.025542937
305 111 11 8 0.02559407
921 254 24 18 0.02567221
255 165 14 13 0.025673833
950 104 13 12 0.025908317
22 117 10 13 0.025914792
570 200 23 17 0.0259364
529 120 22 18 0.02599954
112 133 12 12 0.02601597
440 201 21 19 0.026057815
735 104 14 17 0.026117109
157 269 24 16 0.026251033
862 117 12 12 0.026266323
894 108 11 11 0.026308358
702 142 14 17 0.026311822
311 234 13 18 0.02635142
874 212 23 17 0.026467629
44 259 26 15 0.026486361
322 127 11 11 0.026553754
544 296 24 18 0.026587874
673 183 12 11 0.026641699
770 89 14 17 0.026652241
359 169 13 17 0.02668268
451 180 14 17 0.026803322
220 404 20 21 0.02699884
329 614 20 31 0.027142763
691 211 14 19 0.027165437
657 189 11 11 0.02719657
983 322 24 21 0.02724618
331 178 21 18 0.027544063
727 507 28 18 0.027669096
642 324 22 20 0.027717194
116 15 10 9 0.02773364
488 472 25 19 0.02776666
943 445 22 29 0.027802091
193 233 15 17 0.027925132
336 267 21 18 0.02798712
218 254 23 16 0.027995814
466 125 13 17 0.028009195
246 108 11 11 0.028068263
252 487 21 24 0.02832696
418 339 22 18 0.028449869
701 61 13 17 0.028489342
179 159 14 11 0.02874282
518 283 25 17 0.028772859
905 218 22 19 0.02881134
620 197 23 17 0.028900309
810 285 24 18 0.029081518
683 329 23 19 0.029199682
420 148 13 17 0.0292976
650 215 25 17 0.029376432
102 404 25 17 0.02944104
715 92 14 17 0.029538717
606 72 14 17 0.029788885
845 323 23 20 0.029965876
360 248 23 17 0.030424662
263 428 22 20 0.030426716
796 317 22 19 0.03046696
927 405 24 19 0.030507412
876 139 22 17 0.030847957
54 109 11 12 0.0310077
399 227 23 18 0.031224405
34 419 22 20 0.031349253
461 428 23 19 0.03149826
228 70 10 12 0.031505793
131 185 14 11 0.031506035
368 202 15 16 0.03192143
172 118 14 17 0.03223502
494 348 23 18 0.0322368
360 440 25 19 0.032328412
843 233 24 16 0.032452364
425 484 21 30 0.03246863
17 158 15 17 0.03248951
623 451 21 30 0.032542303
1003 264 20 20 0.03274416
826 234 25 16 0.032751862
97 404 21 19 0.032844603
750 259 20 28 0.032846604
416 89 10 12 0.03313181
432 210 21 19 0.033210576
801 62 14 16 0.033248052
368 375 24 17 0.033265263
661 361 25 19 0.03328959
638 213 23 17 0.03341605
514 609 22 21 0.03355527
683 339 25 19 0.033591952
745 40 22 18 0.03366182
627 124 13 11 0.033731107
576 253 23 18 0.03375156
848 124 12 12 0.03379686
904 389 24 21 0.034076545
970 169 21 18 0.034254316
367 133 12 13 0.034440607
917 93 10 10 0.034453265
826 587 21 32 0.034655366
352 126 11 12 0.034772545
986 376 25 20 0.03481462
273 498 20 28 0.034906067
611 61 14 16 0.035322282
941 359 24 19 0.035422295
429 344 23 18 0.03549534
236 163 21 17 0.035867352
567 54 11 12 0.035993345
192 73 10 12 0.036059327
242 45 11 11 0.03625802
84 135 12 11 0.036407158
550 297 25 18 0.036481094
229 198 14 16 0.036577843
644 70 14 17 0.036769863
496 499 25 18 0.036922865
669 274 22 19 0.037178017
113 155 13 12 0.037917674
586 621 27 39 0.038022917
749 263 26 17 0.03820898
893 227 22 18 0.038239274
897 199 15 17 0.03852971
624 233 24 17 0.03854387
877 205 22 17 0.038700614
586 250 25 17 0.039021105
564 72 14 16 0.03906396
617 173 23 16 0.03915787
335 357 22 18 0.03921671
267 467 24 20 0.03923883
947 139 13 12 0.03932787
879 422 22 20 0.03948827
330 494 23 18 0.039908912
689 370 21 26 0.03991984
39 423 23 20 0.03996438
858 266 25 16 0.04000042
943 246 21 19 0.04003277
697 244 21 19 0.040117886
620 301 23 19 0.04020194
527 43 10 12 0.04062538
949 388 27 18 0.041225825
215 220 14 16 0.04124856
200 445 23 19 0.04141884
862 250 24 16 0.041536797
826 435 24 20 0.041574173
511 403 26 17 0.042220883
746 468 24 28 0.042908683
83 261 21 17 0.04299291
140 206 24 15 0.043243356
778 230 24 18 0.04341029
429 122 14 17 0.043921877
207 105 11 12 0.044080768
604 370 22 19 0.044277016
942 290 22 20 0.04432373
190 555 24 20 0.04443556
260 202 14 16 0.044456452
840 264 24 17 0.044614606
23 219 24 16 0.04474613
48 61 10 12 0.044818286
254 245 14 16 0.0450204
89 482 21 19 0.04540143
498 236 22 18 0.045523252
184 426 21 20 0.04608104
63 61 14 16 0.04631018
313 372 23 18 0.046467286
822 180 24 17 0.046470538
967 221 22 19 0.0469364
506 216 21 18 0.046946686
993 246 20 19 0.047069877
19 107 9 10 0.04753753
637 372 23 20 0.047876265
44 323 24 17 0.048521817
203 301 26 16 0.048943006
623 51 13 16 0.049110033
214 481 23 19 0.04943251
170 306 23 18 0.04955887
304 345 22 17 0.049966943
619 556 28 36 0.050517555
988 317 20 30 0.050753538
775 251 26 17 0.05098918
742 376 26 20 0.051165525
28 359 21 18 0.051191043
525 249 24 18 0.051206652
516 104 14 17 0.051294584
304 610 21 21 0.051331084
379 221 23 17 0.051535133
780 500 25 26 0.05188535
906 322 26 19 0.052181076
320 332 24 17 0.052384008
425 369 22 18 0.052525967
555 228 23 18 0.052767288
319 199 14 16 0.05298718
144 427 23 18 0.053372435
224 425 21 20 0.053539783
88 68 23 17 0.053568907
921 618 26 38 0.054425646
758 570 28 40 0.05612047
993 109 14 17 0.056506045
921 259 23 19 0.05676106
903 291 24 19 0.05718104
448 149 13 18 0.057873778
381 187 21 17 0.058037233
800 415 20 28 0.058479533
363 171 15 16 0.0587464
259 264 15 16 0.059588116
269 228 13 17 0.05977076
927 163 15 15 0.0598711
321 293 22 18 0.059888296
971 264 21 20 0.06072576
504 331 24 18 0.06166543
481 100 14 17 0.061717927
135 469 25 17 0.06205592
125 291 15 17 0.062197767
863 296 23 20 0.062322497
191 260 23 17 0.06254912
240 385 21 20 0.06259545
75 292 23 17 0.0627324
539 205 24 16 0.06311242
438 345 24 19 0.06315089
383 345 23 18 0.06456401
135 233 24 16 0.06487458
442 461 21 20 0.06510487
572 363 24 18 0.065383986
878 470 20 29 0.06556245
992 369 19 31 0.066109605
333 218 15 18 0.06658564
47 254 24 15 0.06865707
271 295 23 18 0.06870932
694 597 28 39 0.06889999
769 403 22 21 0.06892979
631 233 23 19 0.06907416
364 324 22 18 0.069629095
554 471 24 20 0.07022681
522 565 23 29 0.07120202
78 419 22 18 0.07130699
602 332 21 21 0.07161418
809 290 22 20 0.07210158
908 186 14 17 0.0722602
373 376 25 18 0.07305426
734 233 23 17 0.073269844
76 380 22 18 0.073618576
797 162 22 18 0.07362038
412 265 23 18 0.07384657
862 391 24 19 0.07527189
160 348 23 17 0.076560564
1002 215 20 20 0.0774453
535 364 28 17 0.07757012
204 375 21 19 0.07867615
95 302 23 18 0.07877219
472 281 22 21 0.07909782
573 328 24 19 0.08001885
171 301 23 18 0.08008609
860 219 24 17 0.080927595
41 232 24 16 0.08365538
292 245 14 17 0.08452311
619 265 24 17 0.085906334
730 203 22 18 0.08659125
186 283 24 16 0.08727363
800 218 24 17 0.08755557
279 360 23 18 0.087824285
417 404 23 19 0.08887391
730 281 24 18 0.09085098
301 278 14 18 0.09150745
280 407 23 19 0.09166546
877 535 21 31 0.0924605
522 466 23 20 0.09333279
362 406 25 19 0.09459726
234 282 24 18 0.09498944
657 244 23 18 0.09705905
383 277 21 18 0.09750481
232 311 26 18 0.099337794
806 248 24 17 0.10216733
368 293 21 20 0.1026514
189 326 22 18 0.10474423
136 381 22 19 0.10617497
491 294 24 19 0.109374665
401 169 14 17 0.11115755
250 343 23 19 0.11244672
321 250 14 18 0.11282228
993 591 20 33 0.112917155
21 73 9 11 0.113788925
40 280 26 16 0.11876928
61 441 23 19 0.12717882
126 406 22 18 0.1342333
6 331 23 18 0.13615458
120 360 23 18 0.15076299
106 427 24 19 0.15643057
41 378 22 19 0.1611018
986 150 23 17 0.16687919
193 502 22 20 0.17629836
7 249 25 16 0.18364723
79 342 22 19 0.2340142
135 498 24 18 0.24613062

