2_Demonstration_Demonstration_Or_Protest_2_54
159
332 169 23 18 0.010062153
370 105 9 11 0.010079947
612 103 9 13 0.010243786
137 163 23 19 0.010307061
715 149 23 17 0.010475209
541 85 11 23 0.010518808
438 25 9 14 0.01054488
227 118 10 11 0.010707316
592 135 21 19 0.010822205
629 91 10 12 0.010940186
602 154 24 17 0.010953201
419 152 13 18 0.010954317
284 182 21 19 0.011015035
173 108 14 20 0.0111963665
633 161 24 18 0.011236589
353 120 8 11 0.011348411
382 92 9 13 0.011435554
452 126 29 40 0.011534623
993 171 31 59 0.011748575
280 56 6 8 0.011944869
477 107 13 20 0.012073653
200 228 34 62 0.012128839
391 103 10 11 0.012303869
1015 47 8 28 0.012409121
546 132 20 26 0.012449173
402 36 12 20 0.01248302
962 192 6 8 0.012574122
191 161 18 31 0.01272892
335 7 8 12 0.012733559
494 108 13 19 0.012735641
407 167 22 19 0.012811526
595 92 9 13 0.013069701
330 38 7 11 0.013177611
367 117 9 11 0.013258089
349 169 21 19 0.0134794125
648 149 22 20 0.014206277
382 167 11 13 0.014461887
111 96 21 19 0.015123177
0 2 8 30 0.015236283
511 116 13 20 0.016084451
276 195 13 26 0.016531006
478 114 12 19 0.016617253
148 136 14 18 0.016715987
379 90 12 17 0.016860748
436 23 12 21 0.017513668
229 120 20 28 0.017801054
972 58 12 20 0.017910667
387 154 11 11 0.017911572
1005 186 19 21 0.018125502
363 163 19 29 0.018194292
121 93 20 19 0.018274797
586 194 20 30 0.018301671
582 104 12 22 0.01835083
391 69 8 12 0.018376054
905 155 24 18 0.018657504
162 150 22 18 0.01871325
399 107 9 10 0.01932715
392 150 22 17 0.019386524
467 114 19 21 0.019595865
0 89 15 37 0.01967761
400 117 13 16 0.019953195
193 135 22 17 0.020020392
627 88 13 19 0.020116344
333 36 12 19 0.020243708
386 152 14 17 0.02046562
426 148 20 21 0.020593585
610 91 13 19 0.020933986
496 148 23 18 0.021064635
610 121 20 21 0.021101924
399 152 12 10 0.021438116
492 127 20 28 0.021596
329 63 6 10 0.021911021
533 84 11 24 0.02195864
254 166 22 20 0.022032902
525 129 23 20 0.02208969
621 118 14 22 0.023500687
666 147 21 22 0.023874613
266 142 23 17 0.024159325
312 13 9 13 0.024179772
558 69 12 24 0.025213696
556 67 18 30 0.025874719
666 136 22 22 0.026332628
1006 194 18 22 0.026752528
610 99 13 20 0.028591188
490 148 20 28 0.02932302
593 89 13 19 0.029492958
258 150 22 20 0.02949772
987 213 32 56 0.029920533
689 165 22 20 0.030666545
397 176 24 18 0.031528383
576 115 20 21 0.031958163
533 151 25 19 0.03412608
495 113 14 19 0.03500921
320 11 9 12 0.035826918
4 114 26 43 0.036193833
368 170 21 19 0.036989816
531 123 14 19 0.038011894
163 114 20 20 0.038260058
580 118 18 29 0.03982435
560 152 23 21 0.040709507
100 89 21 20 0.043020662
369 150 14 16 0.04406571
701 150 18 33 0.04620827
371 153 11 11 0.047956567
1006 74 15 39 0.05046534
508 133 19 28 0.05187496
136 147 20 29 0.052877795
130 150 20 20 0.053927395
402 119 10 11 0.05597782
1004 61 16 38 0.05814682
1002 183 18 35 0.059900597
506 146 23 20 0.06050212
336 38 7 13 0.0637953
994 224 19 36 0.065444045
1011 70 10 28 0.06548323
906 147 19 32 0.06664532
566 154 24 21 0.072199516
319 157 20 27 0.0731471
393 165 20 27 0.0743534
555 146 19 30 0.0769643
603 132 22 20 0.08472988
200 135 21 18 0.10202653
123 97 20 20 0.10522619
377 165 20 20 0.11658071
610 164 23 20 0.12211766
185 173 19 32 0.12789056
642 146 19 31 0.12857452
309 40 7 10 0.13351189
615 158 20 30 0.13851102
578 204 26 42 0.14099817
638 153 22 20 0.15409644
243 117 14 17 0.16709425
271 189 20 33 0.17122132
167 149 24 20 0.21278511
170 152 18 32 0.21294217
177 174 20 31 0.21536694
105 90 21 21 0.22606711
526 151 25 20 0.23383349
617 119 19 29 0.24808356
238 148 26 42 0.25783563
518 144 18 30 0.2754103
358 179 23 20 0.28128675
254 149 21 32 0.29519516
573 149 19 30 0.2983116
323 200 37 60 0.29873887
398 171 22 19 0.3533305
168 113 23 21 0.3592268
490 60 16 34 0.3721247
445 137 33 39 0.38949037
670 136 25 40 0.4293429
265 145 23 21 0.46794873
373 90 13 18 0.4786884
108 158 21 31 0.5083885
316 154 21 20 0.52713054
987 230 26 40 0.5763275
730 165 28 40 0.58713025
195 57 19 23 0.6782921
776 137 30 39 0.9145729
862 130 38 50 0.9356439

