2_Demonstration_Demonstrators_2_170
75
234 130 27 15 0.010270187
583 70 40 59 0.011143052
42 136 19 33 0.011145312
446 149 36 73 0.011288095
156 84 45 48 0.011356702
818 65 37 67 0.011411371
262 83 51 84 0.011581544
214 100 29 14 0.011660037
301 133 12 17 0.01166013
509 133 38 60 0.011986545
778 69 52 81 0.012592061
232 96 21 29 0.013012931
502 162 39 65 0.013502157
804 83 29 45 0.013549785
246 114 25 17 0.013663954
896 143 102 109 0.014445279
796 88 38 64 0.014677137
74 120 21 20 0.0148322685
96 120 13 18 0.01520639
162 91 33 35 0.016317312
99 122 8 11 0.017523376
265 130 23 18 0.017715378
297 149 6 8 0.018067263
165 108 38 32 0.018402385
230 108 30 37 0.019509608
517 141 49 87 0.019897943
700 125 46 54 0.019978495
40 117 21 23 0.02073454
88 130 9 13 0.020751886
735 150 44 72 0.020953678
64 115 20 22 0.021319943
852 164 51 81 0.021485047
275 134 9 8 0.02196993
249 128 43 57 0.02273629
184 88 54 73 0.022857388
3 62 9 28 0.022956895
36 125 18 22 0.02347857
158 102 52 45 0.023943596
245 110 40 55 0.024204599
236 104 26 16 0.024638252
7 125 20 22 0.02495183
254 131 24 17 0.02622483
37 107 30 60 0.026677597
197 116 29 16 0.029869236
35 116 13 24 0.034429587
255 119 21 30 0.03454338
216 195 53 92 0.035595153
250 117 29 39 0.0356733
104 203 20 31 0.035897657
40 127 21 22 0.036998075
710 115 42 51 0.050828334
238 113 25 16 0.05135215
96 131 9 13 0.05336628
443 131 36 73 0.07083818
92 124 19 29 0.07173646
2 113 11 26 0.07337499
801 73 37 64 0.0748003
72 117 17 32 0.07912933
726 124 43 67 0.091502
86 126 13 20 0.09252374
190 117 26 18 0.10274047
454 129 49 92 0.10672928
296 135 6 10 0.14463165
726 118 34 36 0.21246621
93 128 13 19 0.21450582
304 136 7 10 0.28756624
868 186 48 67 0.3953998
6 115 16 34 0.4182001
190 114 34 36 0.46113193
906 184 80 69 0.50264204
44 117 19 35 0.5349472
589 99 46 69 0.60338235
746 135 51 90 0.6429969
322 116 57 88 0.7162963
932 168 73 96 0.85384417

