2_Demonstration_Demonstrators_2_268
262
1001 238 23 18 0.010104075
64 267 14 17 0.010154712
401 278 5 8 0.010343976
720 271 14 17 0.010419685
691 249 9 6 0.010492334
614 276 14 17 0.010768825
70 245 13 18 0.010812796
131 248 6 8 0.010876868
919 275 8 10 0.010975844
84 267 14 17 0.010994594
614 284 21 26 0.011099055
44 268 14 17 0.01143343
597 291 8 8 0.011539783
662 289 28 14 0.011604634
292 266 13 19 0.011918369
578 254 14 17 0.011931325
354 292 6 7 0.011943928
661 305 31 14 0.012020481
979 262 11 8 0.012045917
4 284 17 31 0.012357795
649 305 27 16 0.012428519
701 271 24 15 0.012561181
884 246 7 7 0.012566735
372 258 6 6 0.013106097
140 267 21 25 0.013372942
597 247 6 6 0.0133895865
562 253 13 17 0.01344527
506 265 17 22 0.0134590035
301 253 20 27 0.013556288
308 256 13 17 0.013609046
983 272 31 38 0.014379484
97 285 22 19 0.0144218905
353 276 6 8 0.014455799
736 248 6 7 0.0145256305
869 274 7 9 0.014622409
71 248 9 11 0.014913143
175 291 12 10 0.015141241
563 273 7 9 0.015471941
209 290 8 9 0.01570472
196 289 9 8 0.015767474
542 247 9 14 0.01585628
110 273 13 16 0.015954675
180 276 9 8 0.016377319
845 275 22 20 0.017372008
407 242 11 17 0.017417643
161 271 12 10 0.017433481
658 293 10 7 0.017606039
389 245 5 6 0.017980946
192 272 14 16 0.01807071
113 245 6 9 0.018481467
16 275 9 12 0.01861464
53 260 13 16 0.01864155
444 302 13 17 0.018645594
344 248 5 7 0.018932229
565 247 7 8 0.019115483
671 254 15 15 0.019208793
485 270 12 17 0.019510636
330 312 6 8 0.019579189
307 293 7 7 0.019855002
48 271 9 11 0.020033048
932 275 8 10 0.02006485
852 252 12 19 0.020102564
867 252 13 19 0.020644134
162 264 11 9 0.020840451
224 271 8 11 0.021292122
596 276 8 8 0.02138266
15 273 13 17 0.021660607
638 289 15 15 0.022203611
673 276 9 6 0.022403196
292 258 13 18 0.022405347
72 256 21 26 0.022933906
660 248 7 5 0.023075264
421 259 6 9 0.023292365
100 261 13 16 0.023696166
822 249 5 7 0.02391385
774 292 6 9 0.024087073
572 284 23 20 0.024200853
468 291 12 11 0.024486402
969 286 26 17 0.024946958
862 242 12 19 0.025061613
3 306 7 11 0.025119636
789 251 5 6 0.025651744
672 249 7 6 0.025694959
447 306 9 10 0.025735546
951 260 21 17 0.025998006
3 285 8 14 0.02601111
165 288 15 17 0.026811881
340 286 8 9 0.027123243
902 244 12 18 0.027279275
973 259 27 15 0.027449094
353 247 6 7 0.02859336
758 251 5 6 0.02895137
434 301 14 18 0.029835036
463 287 21 19 0.03022725
251 258 14 17 0.03027474
646 275 7 6 0.031354103
294 248 5 7 0.031505387
150 262 8 9 0.031964462
325 275 7 7 0.034171246
615 276 22 18 0.03426514
688 256 13 8 0.03426926
370 247 6 7 0.034848347
806 249 5 6 0.0354536
900 252 13 17 0.03582795
659 275 8 6 0.035986457
423 289 13 17 0.036019083
838 248 5 6 0.036713462
833 254 12 19 0.037114326
729 362 19 31 0.037316095
407 254 5 9 0.037337083
438 273 13 17 0.037411984
429 289 13 17 0.03781124
257 274 8 9 0.0399914
444 270 13 16 0.041109793
465 259 8 10 0.041610114
406 308 6 8 0.042042546
339 275 13 17 0.042500444
957 270 11 11 0.043369643
55 261 9 11 0.0435379
803 272 6 8 0.043962963
439 258 7 8 0.044681065
67 270 9 10 0.044872954
109 287 14 17 0.04509965
142 272 14 16 0.04523614
295 271 7 8 0.047890253
958 262 9 8 0.048699684
624 279 9 8 0.048747346
87 270 10 8 0.049927607
597 256 14 16 0.050000567
195 275 9 9 0.05076252
613 245 5 7 0.05243853
513 259 12 17 0.0526828
436 306 9 10 0.053850893
617 279 7 9 0.053857222
709 275 10 7 0.055765364
615 283 22 18 0.057180632
833 276 6 8 0.057218768
681 246 25 17 0.059552506
983 255 31 16 0.06003706
391 290 5 8 0.06021606
209 271 13 17 0.060390044
392 277 6 8 0.061847113
626 248 6 7 0.062241606
613 287 15 16 0.0625158
241 265 13 16 0.064513646
928 253 13 17 0.06550903
536 246 11 18 0.06780616
882 258 11 10 0.06943073
502 261 12 17 0.06981807
402 291 6 8 0.07061341
310 277 7 8 0.07115429
935 248 7 9 0.072756045
487 272 9 11 0.07298716
414 244 7 10 0.073654056
0 273 10 21 0.07612687
623 288 10 9 0.076164015
856 247 5 8 0.07675738
423 306 7 9 0.07716209
0 280 12 22 0.07836532
911 250 13 17 0.07953178
904 247 7 10 0.07960383
114 259 7 9 0.07983993
101 267 14 16 0.08081635
951 266 21 19 0.082954675
1 276 8 13 0.08425309
144 275 10 10 0.08530302
129 258 8 8 0.0865249
432 292 8 10 0.089020796
823 275 6 8 0.090123735
869 257 7 9 0.09089399
482 262 8 10 0.09381578
581 257 8 8 0.0950813
113 290 9 10 0.09578352
159 268 21 27 0.09916685
865 246 7 10 0.10391544
68 254 13 16 0.10426012
614 291 11 10 0.10612776
739 259 6 6 0.10638664
903 255 8 11 0.11021407
710 248 6 6 0.11059562
216 252 12 19 0.1111398
446 273 10 11 0.11137713
760 275 6 9 0.11154739
243 267 10 12 0.11496679
254 261 8 9 0.1152284
915 247 8 11 0.11657676
772 275 6 9 0.11781809
113 276 8 8 0.118738025
211 274 9 11 0.12399645
503 263 9 12 0.12554272
391 261 6 8 0.12571973
503 266 12 18 0.12876639
646 258 6 7 0.12988813
217 255 8 13 0.13051438
511 268 9 14 0.13627817
515 260 8 12 0.13687412
163 281 23 27 0.13918428
969 265 38 33 0.14672032
855 255 6 10 0.14795378
723 275 8 8 0.15513015
504 269 9 13 0.16563939
342 279 8 9 0.16616173
641 293 10 8 0.16661853
103 265 8 9 0.16716525
85 286 32 36 0.17120329
79 255 14 17 0.17741564
914 253 9 11 0.1804272
728 248 6 8 0.18054327
323 261 7 7 0.1855587
296 262 7 7 0.19127199
911 244 14 18 0.1917299
353 258 6 7 0.19438188
787 273 7 9 0.19814959
440 276 8 11 0.19946015
709 259 7 6 0.2053743
628 257 6 7 0.20936435
948 262 10 12 0.21271782
425 292 7 10 0.2217949
738 276 7 9 0.23811564
69 256 9 11 0.23856506
155 267 23 18 0.2537736
155 261 23 17 0.25833392
658 261 8 7 0.26834732
166 287 24 19 0.27056155
947 261 14 17 0.2769712
673 258 8 7 0.28313422
75 286 31 37 0.2949578
131 270 14 16 0.305602
610 259 7 8 0.30595022
577 281 22 29 0.30715165
565 255 7 10 0.3092729
539 250 13 16 0.31003672
341 258 7 8 0.31494504
535 250 9 16 0.31805223
805 258 6 7 0.33125147
720 360 19 31 0.3412217
836 258 6 10 0.3422342
238 261 14 16 0.3438184
133 273 11 11 0.3467409
931 255 8 11 0.35439715
451 260 10 13 0.3566372
681 251 24 17 0.36410806
949 265 14 17 0.38210306
221 252 12 18 0.38611132
645 247 6 8 0.3941002
83 258 9 11 0.39962354
821 257 5 9 0.41592515
728 256 7 8 0.4213761
311 261 7 8 0.43285522
103 269 10 10 0.4436598
842 275 18 29 0.4719155
786 256 5 7 0.4969588
448 258 14 17 0.49786457
876 254 22 19 0.5025943
772 257 6 8 0.50854
600 259 8 9 0.5658503
269 256 22 30 0.5698414
364 265 22 29 0.57548225
409 246 7 11 0.5914761
756 256 6 8 0.60575753
32 265 15 18 0.66649693
974 256 43 49 0.73696804

