2_Demonstration_Demonstrators_2_378
186
310 171 15 21 0.010107462
125 416 46 94 0.010226917
962 140 18 31 0.010254931
941 346 27 16 0.010319003
335 193 24 19 0.010578192
218 133 19 27 0.010785259
1010 540 13 36 0.010829323
917 99 13 17 0.010866885
410 196 27 18 0.011003131
742 306 31 41 0.011139191
679 4 28 15 0.011154833
1006 537 17 39 0.011197639
907 155 20 20 0.0113197295
136 196 22 20 0.011528715
945 115 11 11 0.011668266
991 112 13 21 0.012100358
98 145 30 36 0.012343835
911 177 23 18 0.012488794
701 1 24 16 0.012745002
923 392 41 68 0.01301742
46 189 21 21 0.013200864
510 475 50 89 0.013211956
942 341 24 16 0.013904824
262 189 20 31 0.014198112
827 398 48 85 0.014308811
831 281 22 27 0.014384796
911 397 64 77 0.014697528
919 111 8 10 0.0147828655
643 492 46 62 0.014950084
879 316 26 15 0.014957551
1003 219 20 21 0.015154872
988 207 23 18 0.015170386
248 232 38 56 0.015236589
870 339 23 33 0.015503255
516 353 47 79 0.01567577
240 492 40 76 0.015711125
566 468 37 58 0.016261823
585 334 51 75 0.016572494
925 211 25 19 0.016841646
1013 90 9 28 0.016959725
106 200 20 35 0.017585868
920 369 26 45 0.017673224
208 174 24 17 0.017974878
168 373 34 59 0.01843413
285 202 24 19 0.01893944
1014 281 8 33 0.018974815
924 98 13 17 0.019257782
636 301 33 63 0.019497152
9 145 26 44 0.019513158
560 366 36 67 0.019536512
59 187 20 32 0.019581644
996 194 17 34 0.019761693
138 157 20 29 0.01988188
624 249 24 18 0.019974854
696 457 50 84 0.02057544
227 167 21 28 0.020578077
849 389 38 64 0.020751968
1004 190 20 19 0.020987252
830 281 13 20 0.021184264
333 192 20 32 0.021236775
289 218 21 33 0.021565733
915 133 10 12 0.022850094
695 501 43 62 0.023247983
738 286 22 21 0.023251638
513 229 23 29 0.023413336
939 111 21 19 0.023789484
265 221 24 20 0.024210788
1009 280 14 39 0.024920283
665 317 37 65 0.025051653
808 487 41 73 0.025055638
397 233 25 31 0.025936209
842 282 20 20 0.025968691
504 401 53 67 0.025991075
741 370 41 57 0.02629097
916 362 34 64 0.026896605
738 298 40 56 0.027152557
0 195 8 38 0.028419565
404 228 30 33 0.031364433
910 149 19 34 0.03139236
923 349 28 41 0.031487413
928 191 20 31 0.031622782
615 230 25 26 0.032075323
423 301 34 61 0.032449458
823 282 13 21 0.032496903
276 429 39 57 0.033854056
897 397 39 61 0.0354555
441 460 41 71 0.036474817
919 103 8 10 0.039833855
92 240 36 55 0.041014347
231 187 19 33 0.041236155
11 130 17 36 0.041236795
214 500 50 76 0.042151876
901 362 36 61 0.04254911
294 194 24 20 0.042880043
927 101 9 10 0.044062015
913 130 14 19 0.044457212
476 203 30 36 0.045837946
375 289 32 40 0.04610943
23 279 27 44 0.04815738
200 390 38 75 0.048236072
664 493 39 70 0.04845848
281 213 26 42 0.04861498
725 452 39 64 0.04898603
758 352 54 72 0.050357226
154 207 29 40 0.052017435
7 275 36 58 0.05260879
134 302 26 43 0.0528682
908 139 21 20 0.053409863
896 203 20 29 0.05370961
379 306 31 74 0.054252103
932 216 28 40 0.05610903
256 428 38 58 0.056326013
756 330 40 66 0.056461386
1002 219 16 37 0.059332766
293 196 22 30 0.059559975
902 354 29 41 0.05990905
604 259 28 40 0.061729614
220 175 23 19 0.06273121
139 194 21 32 0.06336484
0 195 18 35 0.06509095
262 347 41 64 0.066247515
598 267 38 56 0.06641853
652 466 54 78 0.07155812
941 396 51 65 0.081971824
498 419 34 74 0.08222287
1011 129 12 25 0.09114694
922 175 26 19 0.09303113
1002 122 17 35 0.093690835
905 134 19 32 0.09905045
544 372 35 65 0.10049262
892 208 21 20 0.10092066
951 223 26 42 0.10104953
305 166 21 27 0.10164353
206 397 43 75 0.10188463
757 409 38 62 0.10383203
20 207 29 40 0.10712216
280 286 29 43 0.10742792
494 512 66 64 0.10776186
925 165 19 31 0.10798049
835 390 37 62 0.11764703
98 207 30 41 0.119779326
220 484 56 92 0.12044355
223 237 33 57 0.12400427
156 193 26 42 0.1288811
752 364 41 59 0.13199697
640 265 38 58 0.13617446
312 275 29 45 0.13761005
270 352 43 68 0.13854335
159 168 23 28 0.14121811
184 366 34 62 0.14955807
346 193 22 31 0.15101941
312 168 21 28 0.15221472
35 188 27 42 0.15753363
266 222 28 42 0.1577659
108 452 57 86 0.16957362
646 438 39 62 0.17464186
394 240 33 36 0.18302076
607 321 41 68 0.19017914
327 457 40 67 0.19973722
535 252 36 53 0.20103961
94 292 38 58 0.20583636
509 358 42 60 0.21322042
158 255 31 60 0.21419434
866 326 31 40 0.21939912
360 222 25 45 0.22791588
948 389 54 89 0.23580256
817 479 53 85 0.2374389
326 214 27 40 0.23776856
188 184 26 43 0.23952743
959 148 18 32 0.24131359
645 259 31 40 0.24141939
434 303 35 61 0.24683888
571 235 30 37 0.2507147
757 315 41 54 0.25186166
11 209 27 43 0.25687268
386 323 32 69 0.27287543
505 295 41 55 0.2798149
208 136 19 31 0.30361632
734 286 29 39 0.31263322
106 137 21 31 0.32250628
414 191 32 33 0.33598664
706 405 37 52 0.352133
0 304 30 67 0.36751017
481 208 31 37 0.376518
598 407 39 70 0.3912008
673 327 39 61 0.56758606

