2_Demonstration_Political_Rally_2_319
398
97 392 14 16 0.010010602
708 392 13 17 0.010060852
983 525 24 20 0.010084468
349 452 21 19 0.0101204235
1012 425 10 24 0.010241011
52 334 6 6 0.010332696
588 407 23 18 0.010333584
38 439 13 23 0.010375146
519 335 5 6 0.010446101
124 588 37 70 0.010513747
80 391 13 16 0.01052414
39 462 20 34 0.010576624
312 422 20 20 0.010666325
770 416 20 27 0.010712424
30 458 13 23 0.01075694
391 400 9 12 0.010844326
19 365 13 16 0.010878361
68 320 5 6 0.010920921
186 518 36 63 0.01095002
608 615 42 62 0.01099396
118 454 37 58 0.011009417
587 407 21 29 0.011023719
396 412 14 18 0.01107309
358 442 21 28 0.011123907
533 350 5 6 0.011227883
794 354 4 7 0.0113020735
857 338 4 7 0.011439463
229 338 5 5 0.011512174
534 335 5 6 0.0115291765
369 401 10 11 0.011549376
691 370 6 8 0.011550416
899 408 13 17 0.011622915
519 419 20 31 0.011640644
854 429 9 14 0.01167381
777 446 19 31 0.011748121
336 336 6 7 0.011908124
113 332 6 7 0.0119102225
310 377 14 16 0.011991075
950 414 9 10 0.012045894
681 401 8 10 0.012121249
548 364 7 8 0.012281805
34 351 7 6 0.012286364
22 322 6 6 0.012322061
433 409 14 18 0.012383114
849 411 9 12 0.012421925
515 421 13 21 0.012436651
387 413 10 12 0.012449343
342 379 8 10 0.0124654155
256 411 10 11 0.012470988
1014 431 7 13 0.012537905
798 393 13 18 0.012576389
550 350 6 6 0.012651433
913 350 6 7 0.012688566
176 380 14 16 0.012741079
7 444 17 34 0.012747138
494 378 13 18 0.012764583
178 396 10 9 0.012873439
531 390 14 17 0.012908061
258 400 9 9 0.012936805
753 351 6 9 0.0130094895
164 409 13 17 0.013156922
819 408 13 17 0.013190756
456 371 8 9 0.013201678
72 397 9 11 0.013283009
813 453 14 23 0.013289904
260 335 6 6 0.01340991
1003 483 18 24 0.013452667
77 382 14 16 0.013459794
372 334 6 8 0.013499223
4 321 6 9 0.013525651
40 410 21 29 0.0136033315
517 351 6 6 0.013680743
35 334 6 6 0.013690746
219 555 38 65 0.01369202
882 414 9 11 0.0138731105
191 416 22 27 0.013906779
214 444 23 19 0.013951906
63 376 13 18 0.014028317
50 353 8 7 0.014069579
355 414 13 19 0.014082588
242 412 10 12 0.014100496
802 412 8 11 0.014334552
446 490 25 45 0.014409161
960 409 10 11 0.01445512
341 361 12 17 0.014617951
896 395 14 16 0.014757947
194 397 9 9 0.014852831
239 393 14 17 0.0148731265
912 416 10 10 0.015134552
657 417 8 10 0.015255504
869 392 13 17 0.015381084
577 446 9 12 0.015513738
974 394 14 16 0.015644178
348 446 21 19 0.015646676
832 464 20 32 0.015766371
357 421 13 18 0.015904585
378 422 21 20 0.01596892
1009 481 10 27 0.015989201
964 351 4 6 0.016079132
802 453 21 21 0.016255043
917 372 6 6 0.016287245
374 410 9 13 0.016290262
949 395 14 17 0.0166674
868 413 8 10 0.016903222
315 518 23 48 0.016923161
793 364 5 7 0.017122192
444 480 26 40 0.017202407
767 520 36 60 0.01731346
856 428 19 23 0.0173918
83 334 6 6 0.017511452
3 378 8 11 0.01778841
436 412 9 11 0.017878857
211 337 5 5 0.017902909
839 394 12 18 0.017907513
958 397 14 16 0.01821194
269 443 22 19 0.018313916
66 410 10 12 0.01843505
783 420 13 18 0.018459026
387 335 6 8 0.018496264
530 368 8 8 0.018520122
1015 393 7 11 0.018569615
862 422 19 30 0.018575968
39 558 30 68 0.018584969
965 520 39 53 0.018694539
387 352 6 7 0.018704299
990 507 19 33 0.018767562
515 498 29 67 0.018826501
953 406 22 19 0.018838426
369 423 14 19 0.018901084
35 383 13 17 0.018910125
101 336 6 5 0.0189571
246 338 5 5 0.01906474
124 462 27 42 0.019204076
768 423 9 13 0.019206075
35 582 35 69 0.019353705
829 436 12 19 0.0194013
707 411 14 17 0.01954823
736 426 13 17 0.019811139
236 408 21 19 0.019983714
691 336 7 8 0.020065458
404 381 9 10 0.020377114
998 353 5 6 0.020389922
3 437 10 25 0.020468563
742 399 7 9 0.020574408
67 463 19 33 0.02069142
249 407 21 19 0.02089041
170 418 21 26 0.020935575
178 424 12 12 0.021029724
752 402 8 11 0.021089999
765 420 13 19 0.021202048
680 412 9 10 0.02135598
785 423 9 13 0.02185273
275 338 7 5 0.022201188
130 656 33 71 0.022317642
166 412 9 11 0.022488443
291 352 7 6 0.0225065
821 440 13 20 0.022520225
53 377 13 17 0.022620872
160 379 13 17 0.022684453
708 426 9 8 0.022845522
681 348 7 9 0.023000754
759 427 9 13 0.023340093
575 444 13 19 0.023379164
275 363 9 7 0.023553148
211 399 10 8 0.02356042
497 382 8 11 0.02357959
128 407 21 19 0.023960853
982 355 6 6 0.024439296
185 422 23 18 0.024449337
335 412 13 18 0.024576232
895 441 13 23 0.024735179
337 415 9 12 0.02474926
321 393 14 17 0.024895215
707 387 7 7 0.025031298
643 587 34 69 0.025056215
464 365 8 9 0.025298256
161 395 9 10 0.025398504
99 395 10 10 0.025659503
372 408 12 19 0.025732983
20 375 9 12 0.025754547
513 366 7 9 0.026382174
183 335 5 6 0.02642234
299 416 21 29 0.026719647
324 338 6 6 0.027010417
291 370 8 6 0.02725059
894 440 19 31 0.027293472
1013 473 10 27 0.027350156
352 367 8 8 0.027376514
133 382 9 9 0.027418796
836 431 9 13 0.027452365
505 365 7 11 0.027744636
60 447 25 43 0.027803047
385 411 13 19 0.027858678
211 351 5 5 0.028706314
765 411 13 18 0.028744848
539 452 22 23 0.02899797
104 381 7 9 0.029078914
970 514 30 37 0.029295668
509 468 20 32 0.029558351
64 407 12 18 0.029820474
720 396 14 17 0.029954227
33 320 6 7 0.029974414
295 335 6 6 0.030355982
828 462 21 20 0.030818876
532 392 11 11 0.031573128
808 445 20 31 0.03175539
452 440 20 21 0.03185062
55 321 6 6 0.03202276
901 412 9 10 0.03211749
30 448 37 59 0.0321894
914 397 7 8 0.03219211
681 406 21 29 0.03227456
821 410 9 12 0.032365277
721 413 9 8 0.033058677
952 369 6 6 0.033148058
284 442 27 41 0.033149894
838 352 4 5 0.033573348
793 397 7 11 0.033723056
37 412 9 13 0.033933904
855 434 13 22 0.034039147
455 376 8 10 0.034050696
35 409 13 18 0.034666806
68 451 18 34 0.03526108
177 416 11 12 0.035803813
757 424 13 19 0.036483414
822 351 4 5 0.03659712
354 378 8 11 0.036758963
933 372 6 6 0.03698697
995 397 7 8 0.037044533
878 391 13 16 0.037153352
903 353 5 6 0.037693202
611 444 29 43 0.03776353
227 398 9 9 0.03792507
386 364 7 9 0.037972126
113 391 13 17 0.038100854
580 448 20 31 0.038235433
262 354 7 5 0.03847795
245 351 6 5 0.038830295
102 352 6 6 0.038970158
197 335 4 6 0.039197613
7 350 6 9 0.04001068
750 408 13 17 0.040550645
147 379 8 9 0.040765423
857 435 18 24 0.040807344
465 392 21 19 0.040902957
534 449 36 59 0.041375022
842 435 19 33 0.04186223
853 353 4 5 0.042329364
34 389 13 18 0.04251968
995 477 19 30 0.042595737
274 383 8 7 0.04267652
693 379 7 9 0.042922005
324 396 9 11 0.04325724
871 352 4 5 0.04344231
259 367 7 5 0.043773178
66 379 8 11 0.04388648
805 353 4 6 0.044449132
67 366 7 8 0.04480143
863 433 19 31 0.045316055
689 401 8 8 0.04631992
739 428 8 10 0.04652619
276 354 8 6 0.046659775
87 366 7 8 0.047012474
951 399 9 10 0.047121275
852 427 13 21 0.047425196
311 510 26 43 0.049619284
322 368 7 8 0.049941674
195 414 12 11 0.049976394
175 415 14 16 0.04998843
34 367 8 8 0.050313577
114 382 8 8 0.050595548
742 380 6 9 0.050813556
137 682 25 46 0.050942622
112 447 21 30 0.050996173
845 420 19 31 0.051092517
768 413 8 12 0.051140197
783 414 12 18 0.05209137
834 428 13 20 0.05390887
994 489 19 22 0.054352216
85 353 7 7 0.054422673
518 430 26 42 0.054567978
212 380 7 7 0.054606713
36 391 9 13 0.05507539
229 354 5 5 0.055884812
950 382 6 7 0.05594449
376 360 6 9 0.056622334
143 409 14 17 0.05673689
17 350 7 8 0.057333853
37 385 9 11 0.05762416
311 354 6 7 0.0579959
845 396 13 16 0.058227774
882 353 5 6 0.05868352
996 368 5 6 0.059708767
4 332 6 8 0.060010996
336 350 7 7 0.060024593
309 365 7 7 0.06049748
146 412 10 11 0.060542326
806 367 5 6 0.062255945
182 354 6 6 0.06260063
198 351 6 6 0.06332711
174 420 20 20 0.063541636
422 364 8 9 0.06356136
82 393 9 11 0.06384792
242 396 8 10 0.0639416
854 368 4 5 0.06490746
743 413 8 9 0.065769784
73 354 6 8 0.06635827
54 380 10 11 0.06654499
201 439 21 30 0.0668758
178 366 7 7 0.06859912
99 369 7 7 0.07044515
319 380 9 9 0.07045947
806 382 5 7 0.07196951
961 400 9 9 0.07215454
324 349 6 7 0.07222705
246 383 8 8 0.07306188
687 408 14 17 0.073361404
901 382 6 6 0.07364243
920 379 7 8 0.074299574
801 396 8 10 0.075121224
21 368 9 10 0.0756239
166 367 8 8 0.07592985
80 385 9 10 0.07619586
1011 367 6 8 0.076262444
309 422 13 18 0.076277964
312 380 10 9 0.07752731
540 444 26 44 0.07753014
721 526 35 64 0.07779906
836 368 5 5 0.07789465
52 365 8 8 0.07918828
978 397 8 9 0.07972124
179 384 9 8 0.08013318
195 384 8 8 0.08293385
900 367 5 6 0.083229065
20 335 6 7 0.08345073
162 382 9 10 0.08404953
710 415 8 9 0.084478356
260 382 8 8 0.084591165
983 366 6 6 0.086917326
899 398 9 9 0.087583385
834 384 6 6 0.08828108
357 472 27 41 0.0882816
196 365 6 6 0.089595415
227 380 6 7 0.089824565
208 442 22 20 0.09020995
995 382 7 7 0.09064068
710 395 8 9 0.0907261
212 370 6 5 0.09101807
785 416 8 12 0.09384641
840 397 9 11 0.09539136
981 382 7 7 0.09540836
229 366 6 6 0.09617755
402 363 7 8 0.09639372
840 560 34 71 0.09731284
965 367 5 6 0.09777835
821 384 6 8 0.09909738
822 368 5 6 0.09933493
266 447 24 44 0.100039095
856 380 6 7 0.10022074
5 368 7 10 0.1008825
374 354 6 9 0.10221847
929 378 7 9 0.104955584
882 385 7 7 0.10635004
966 381 7 7 0.11128626
145 367 9 9 0.111750364
283 459 27 42 0.11321558
115 393 9 11 0.114519045
871 394 8 10 0.11488548
753 410 8 11 0.1157688
818 395 7 9 0.11726892
885 368 5 6 0.11865134
155 481 27 40 0.11950747
690 411 9 10 0.12414902
244 367 7 6 0.12547126
869 369 5 5 0.12952779
135 368 8 9 0.12990579
1012 385 7 8 0.13193332
854 558 35 73 0.13424794
270 456 25 43 0.1343923
290 378 9 8 0.13488722
190 411 21 18 0.13615233
124 448 23 30 0.13680589
457 433 20 29 0.14509176
161 489 26 46 0.14767982
723 400 9 9 0.14854117
343 364 8 11 0.14958575
112 369 8 8 0.15606505
868 382 7 7 0.16166143
881 393 9 10 0.17573667
0 393 11 19 0.18738586
848 398 9 11 0.19615859
667 440 26 41 0.23363137
582 514 33 68 0.253821
37 444 26 45 0.2654193
734 469 28 42 0.26754695
713 520 33 66 0.29355216
394 460 27 40 0.30251938
615 456 31 43 0.39589632

