2_Demonstration_Demonstrators_2_567
46
94 104 20 35 0.010671927
249 112 25 47 0.011414583
96 38 29 39 0.012055336
32 127 31 76 0.012075262
23 96 34 65 0.012306192
194 78 28 43 0.012324586
44 163 22 53 0.012357952
285 132 25 47 0.012726579
8 46 16 40 0.013150126
198 125 35 65 0.013574799
406 329 38 12 0.013659295
63 149 32 74 0.014200575
46 78 18 35 0.01429204
208 119 19 34 0.014815521
279 105 33 64 0.016167603
7 40 23 50 0.01670917
229 154 13 24 0.017139092
241 82 46 94 0.017697403
425 109 41 58 0.01842171
561 63 38 75 0.02010798
282 123 34 65 0.021344448
206 114 26 45 0.021475516
190 69 39 60 0.022422131
39 67 33 63 0.023533124
244 102 34 66 0.025054943
90 97 27 18 0.025994359
201 104 35 63 0.030021247
69 127 34 73 0.046441726
67 79 36 62 0.046715688
244 126 32 67 0.049934417
248 134 24 49 0.051727455
64 105 46 109 0.059845164
232 135 24 48 0.06834936
223 111 27 44 0.079183795
218 78 51 88 0.0828781
224 69 36 63 0.09783918
900 39 37 79 0.09786088
63 82 47 95 0.10057507
90 91 28 41 0.12163817
219 101 36 62 0.13959323
71 93 36 63 0.16712944
82 91 35 62 0.22068861
696 56 58 80 0.6775443
902 41 55 94 0.68168354
538 42 59 94 0.8107658
434 121 41 58 0.9204742

