2_Demonstration_Demonstration_Or_Protest_2_799
284
462 169 8 10 0.010003649
745 345 8 10 0.010022068
594 279 7 8 0.010178787
556 195 11 16 0.010256813
776 266 8 7 0.010281196
389 279 12 19 0.0103094
129 275 9 11 0.010327826
207 258 13 18 0.01037567
640 169 5 7 0.010457646
723 252 6 8 0.010546642
815 295 9 9 0.010562532
784 229 22 17 0.010643188
193 218 19 17 0.010726051
145 300 8 11 0.0107456
665 265 7 11 0.010920056
860 240 13 16 0.010928969
480 217 9 10 0.010934259
662 321 13 16 0.010988445
869 306 13 17 0.011058009
712 202 7 7 0.011117656
74 331 6 10 0.011128129
932 331 6 8 0.011232649
694 284 6 8 0.011335841
420 245 7 9 0.011409171
616 310 7 10 0.0114552295
306 263 8 9 0.011460804
127 249 8 10 0.011488686
311 187 7 8 0.01154166
851 234 8 10 0.011639794
979 238 6 5 0.011683067
630 275 9 10 0.011780912
850 297 8 11 0.011819658
55 250 14 16 0.012135789
146 305 7 11 0.012317454
703 123 8 13 0.012337605
808 262 7 7 0.012366878
376 186 6 7 0.012453634
928 278 7 9 0.012492047
909 231 13 15 0.01258975
49 203 7 8 0.012593798
713 248 6 9 0.012706677
901 242 8 9 0.01280112
209 275 8 11 0.012923703
1000 373 5 9 0.01300453
502 246 10 9 0.013012986
977 296 7 8 0.013065262
125 261 13 17 0.013220526
882 296 7 9 0.01329507
724 309 7 7 0.0133201275
968 299 7 8 0.013349243
113 269 20 20 0.013367847
934 231 7 6 0.0135966465
999 233 6 6 0.013682333
865 293 13 18 0.01370013
368 307 11 12 0.013847582
884 355 8 11 0.013917972
684 196 12 16 0.014046394
115 313 7 10 0.014082312
754 200 7 7 0.014095524
339 203 7 8 0.01413789
55 300 7 9 0.014442164
206 227 9 12 0.014662608
337 248 8 8 0.014670008
120 325 7 12 0.014811082
919 278 7 8 0.014901064
979 277 7 7 0.015303343
246 215 13 18 0.01545414
465 344 7 9 0.015482416
271 247 7 10 0.01550643
362 297 16 31 0.015525825
161 224 19 25 0.015623651
773 244 9 8 0.0156561
607 260 7 9 0.015954928
456 245 10 11 0.015986567
358 212 7 7 0.016026206
99 214 7 8 0.016043097
25 343 7 8 0.016313922
468 234 14 15 0.016373724
384 196 7 7 0.016390143
290 218 7 7 0.016504167
224 296 8 12 0.016518451
805 307 13 18 0.016597271
807 310 9 12 0.01670732
336 264 8 10 0.016898476
721 204 8 7 0.016912574
743 235 7 7 0.016920535
995 264 6 8 0.01712472
135 203 7 9 0.017446864
420 234 7 9 0.017814282
184 299 9 12 0.018032363
674 357 7 9 0.018207235
935 251 8 8 0.018342203
225 243 19 27 0.018559875
359 301 13 20 0.018704755
323 181 13 18 0.018733663
963 248 7 7 0.01875645
457 170 7 10 0.018881066
317 277 14 16 0.018887829
385 286 12 19 0.018985678
393 123 8 12 0.019104194
353 293 9 14 0.019212538
150 214 9 9 0.019272696
278 267 8 10 0.01931458
863 329 8 11 0.019454159
116 264 14 17 0.019629385
707 310 7 7 0.020108478
311 280 12 17 0.02010871
642 185 6 7 0.020304894
833 260 7 9 0.02059942
289 280 9 11 0.020758439
947 251 7 7 0.0208953
754 232 8 8 0.021053052
915 311 8 11 0.021445734
645 248 7 8 0.021567753
612 282 7 9 0.021672994
726 301 6 7 0.021724207
620 237 13 16 0.022106491
702 126 12 18 0.022111624
691 310 6 8 0.023019258
511 249 7 8 0.023144415
739 292 6 8 0.023345761
995 247 6 6 0.023735454
86 203 7 7 0.023738343
657 214 6 7 0.023806775
722 212 7 8 0.023933886
1014 243 6 10 0.024144461
274 291 9 14 0.024262056
903 345 7 10 0.024538549
419 264 7 11 0.02466196
246 225 12 18 0.025135303
677 317 7 8 0.025184834
817 251 8 9 0.02530426
853 264 12 18 0.02578199
913 241 8 10 0.025910452
397 118 12 18 0.026037036
349 278 13 19 0.026168477
258 196 8 9 0.02628442
820 260 7 9 0.02651732
905 234 9 9 0.026757048
567 211 6 9 0.02705491
312 310 8 12 0.027364157
802 244 8 10 0.027364302
210 261 8 11 0.027435916
644 355 7 10 0.0278206
646 310 8 10 0.028157879
388 289 8 12 0.0285497
255 232 8 10 0.02929039
59 249 19 27 0.029938374
817 311 10 12 0.03051461
360 203 7 7 0.031621054
352 290 17 29 0.03179648
272 290 12 20 0.03190451
248 218 8 12 0.032032013
982 248 6 6 0.032117814
596 313 7 10 0.032728978
618 236 9 11 0.033708144
853 243 13 17 0.03373276
448 215 8 10 0.03398729
648 203 5 7 0.034254503
476 231 15 15 0.03443488
722 326 8 9 0.034994684
61 259 12 14 0.035090413
309 233 9 9 0.035382766
148 258 19 18 0.035598528
769 217 10 9 0.037311554
760 212 23 17 0.037418492
600 265 7 8 0.037492912
741 201 6 7 0.037724234
183 308 7 11 0.03801152
569 244 5 8 0.038827118
805 296 9 10 0.039264344
480 241 10 11 0.039355535
871 309 9 11 0.03953698
407 264 7 9 0.040567037
451 228 8 9 0.04061953
363 295 21 21 0.04067369
323 258 14 18 0.042304456
863 243 9 11 0.043730017
399 121 8 13 0.04386286
352 280 8 12 0.04440239
978 265 6 7 0.0444168
469 267 12 13 0.044475164
711 299 5 7 0.04453486
753 212 21 18 0.045234267
854 270 12 18 0.045490667
132 213 7 8 0.0455573
119 267 8 10 0.04621505
774 236 8 8 0.046817318
868 296 8 11 0.04687483
163 217 9 9 0.047822602
814 308 13 18 0.048434
128 264 9 10 0.04905298
682 347 7 9 0.05009416
855 267 8 12 0.051324375
785 266 7 8 0.051574968
392 283 7 11 0.05203038
944 260 7 8 0.052135963
664 248 7 8 0.05264326
758 217 10 10 0.05353182
24 207 13 18 0.05479037
878 306 13 17 0.05507516
596 209 6 10 0.05564384
230 245 10 13 0.057038378
647 292 7 10 0.057178088
320 280 9 10 0.057956524
230 231 9 9 0.058296714
705 128 8 14 0.058516152
643 347 7 8 0.05926029
391 228 6 9 0.060352962
248 228 8 12 0.060802482
313 283 8 11 0.062093433
901 279 7 9 0.0626265
695 214 8 9 0.06282696
672 249 8 8 0.06323453
499 231 8 8 0.06431552
158 260 11 12 0.06620816
449 181 12 18 0.06634824
876 231 10 13 0.067050725
790 233 9 8 0.06847525
1012 235 7 9 0.06858769
170 275 14 17 0.0686629
212 308 13 19 0.069309495
292 262 8 10 0.07172043
577 238 7 9 0.07351646
151 262 11 11 0.074579254
325 262 9 11 0.075208835
693 298 6 8 0.07584735
797 232 14 15 0.07659034
325 184 8 11 0.077399164
656 232 7 9 0.079442486
56 259 11 13 0.081907295
880 308 10 12 0.082356624
614 195 6 8 0.08282048
214 310 9 12 0.086383104
451 184 9 13 0.08704905
947 231 7 7 0.08729082
577 241 7 9 0.088071845
663 323 10 10 0.08971799
739 282 7 8 0.08988809
480 193 14 17 0.09042891
615 246 8 10 0.09597087
469 236 10 10 0.097145796
671 322 8 10 0.099234045
432 226 12 17 0.09928444
115 217 6 8 0.099481106
691 332 7 8 0.10051336
931 264 8 8 0.1013215
614 190 6 8 0.10648929
350 291 13 21 0.10742957
59 249 15 16 0.10908326
689 341 8 9 0.11070709
269 281 9 14 0.11084239
32 330 7 9 0.1130009
646 230 7 9 0.11825435
229 243 13 19 0.12706217
705 215 8 8 0.13239454
855 245 9 12 0.1330759
166 275 14 17 0.13416107
660 200 6 8 0.13440923
483 196 10 11 0.13502355
370 201 7 7 0.15171547
644 213 6 9 0.15420161
856 272 8 13 0.1659891
677 198 7 9 0.17826298
479 234 11 10 0.17921555
265 279 12 18 0.18092993
405 233 7 9 0.1832239
687 199 8 10 0.20260541
465 241 11 11 0.20580725
361 302 21 20 0.21437481
800 234 10 11 0.21736826
555 197 7 12 0.23118934
198 220 11 13 0.27589962
56 256 19 20 0.2901409
597 204 6 8 0.30288005
434 228 9 12 0.33089593
622 236 10 12 0.34288535
468 269 14 17 0.3770588
27 207 15 17 0.37975022
276 302 14 18 0.3915339
912 234 8 10 0.44898444
163 226 14 17 0.4731349
558 196 8 12 0.4763197
872 232 9 14 0.5186615

