2_Demonstration_Demonstration_Or_Protest_2_114
35
738 281 31 64 0.010076974
581 275 44 66 0.01010398
956 128 18 34 0.010251789
770 326 42 97 0.0109210545
769 379 31 47 0.01095473
995 98 28 79 0.011321246
741 325 34 70 0.012170933
509 334 26 53 0.014143728
899 112 32 56 0.014509196
904 128 22 22 0.015514496
951 121 25 47 0.01641279
816 120 18 34 0.016473535
827 227 17 35 0.017239707
995 74 29 78 0.01756127
942 143 22 20 0.018855797
935 121 30 59 0.020997705
826 126 23 22 0.02262047
530 353 37 71 0.023747412
515 344 45 100 0.029486012
782 364 40 69 0.030272722
952 100 50 104 0.038449176
744 291 18 37 0.05928693
519 353 36 70 0.06084821
816 225 17 36 0.066198066
740 298 33 69 0.09754594
493 308 32 73 0.103110604
503 323 35 73 0.2809542
941 131 19 35 0.28173628
586 262 51 104 0.37153366
907 121 19 35 0.41203654
829 118 19 36 0.76383275
767 364 38 74 0.82001567
591 278 63 97 0.85761344
117 297 81 132 0.9367302
372 113 59 185 0.9838874

