2_Demonstration_Protesters_2_213
116
111 439 42 49 0.010193215
539 507 20 21 0.010244994
978 376 6 7 0.010252811
905 642 26 39 0.010377589
159 466 23 17 0.010398903
63 425 23 16 0.010497959
96 394 8 7 0.010594844
589 505 48 49 0.011127988
769 570 47 86 0.01122185
980 386 7 7 0.011273959
116 413 35 33 0.01146578
62 467 24 18 0.011794216
92 414 23 17 0.011925608
978 589 35 74 0.011980702
97 413 25 25 0.012000124
19 416 15 16 0.012176111
839 386 6 8 0.01236527
927 375 7 8 0.012678534
211 397 43 62 0.012783904
582 514 32 37 0.013387274
111 451 25 17 0.013539508
64 473 23 19 0.013630507
707 38 23 27 0.013678279
65 456 31 36 0.013908486
61 389 21 15 0.014012603
776 610 32 41 0.014589022
577 507 42 53 0.01470246
19 385 14 15 0.01472382
689 383 7 8 0.014757698
40 322 4 9 0.014952521
0 396 12 18 0.015459843
651 212 18 36 0.015870605
29 416 15 16 0.016933216
99 419 10 8 0.017113714
997 386 7 7 0.01730697
850 386 6 8 0.017792195
583 549 41 68 0.017891712
739 503 24 45 0.017932126
951 385 7 7 0.01854511
75 417 15 16 0.018809522
789 398 8 9 0.01923162
521 462 17 32 0.019984284
582 86 33 39 0.020032052
886 383 7 9 0.020567007
663 66 22 21 0.020602915
964 375 6 7 0.02216393
573 59 57 84 0.022226024
111 404 8 8 0.02247619
782 353 8 15 0.023652785
917 386 7 7 0.023772104
776 350 10 21 0.02432272
3 469 16 38 0.024543056
79 420 11 10 0.025274247
643 60 20 31 0.02530506
65 395 15 14 0.025367701
952 376 6 7 0.025837673
118 448 27 17 0.025840776
819 388 6 9 0.026293943
2 392 8 10 0.027113454
21 420 11 9 0.027510269
966 385 6 7 0.027654795
580 537 28 43 0.029293282
679 553 39 60 0.029742558
51 392 10 8 0.030023888
780 350 11 22 0.030425284
680 382 7 8 0.032012288
33 404 10 9 0.03268837
844 690 51 78 0.033326454
634 47 21 21 0.034231264
3 420 20 29 0.034598015
777 353 7 15 0.036507558
0 428 11 24 0.03684658
69 414 24 25 0.040670846
97 400 15 16 0.04131537
47 308 6 9 0.042580977
897 372 7 8 0.043077156
43 308 5 10 0.047319483
30 388 10 9 0.047650296
250 288 50 78 0.050088547
68 422 14 10 0.05139513
919 376 7 8 0.05476241
681 376 7 9 0.054989316
889 376 6 9 0.05533521
85 401 10 9 0.05562265
577 530 38 62 0.055796493
117 461 25 20 0.05826065
809 386 7 11 0.058912754
32 419 10 9 0.06367795
15 401 22 16 0.07311093
44 399 21 17 0.073276676
576 77 44 55 0.07467635
112 455 24 28 0.082103
0 417 12 19 0.084740475
2 420 8 12 0.08751354
21 387 10 10 0.09214443
864 697 39 63 0.09268512
2 399 8 11 0.0945021
496 472 16 32 0.13513131
116 450 30 34 0.13884708
711 375 7 9 0.14179467
496 474 12 25 0.1590154
67 397 11 10 0.16208333
20 404 12 10 0.18939856
764 615 48 58 0.20366693
909 650 19 22 0.20970692
49 401 12 11 0.24151638
99 403 10 8 0.24353726
691 553 40 67 0.24487983
64 419 23 17 0.28093275
66 392 11 11 0.32122314
274 295 37 63 0.33952606
590 542 56 84 0.40603992
526 468 18 32 0.6385556
964 594 38 70 0.7239157
754 535 33 63 0.7825238
370 312 56 94 0.8881632

