2_Demonstration_Political_Rally_2_90
155
39 340 8 12 0.010031317
7 323 18 33 0.010127452
371 382 8 11 0.010386663
326 330 5 6 0.01053664
760 349 10 26 0.010621694
34 348 12 19 0.011068622
326 401 8 10 0.011104898
131 352 9 14 0.0111905495
997 385 7 11 0.011265442
891 436 22 19 0.011386846
799 464 31 40 0.011468013
782 395 21 20 0.011532666
949 379 12 19 0.011545398
134 339 8 11 0.011557676
960 374 7 12 0.011771357
954 338 6 8 0.011803339
953 354 6 9 0.011840538
836 397 13 18 0.011899393
227 377 18 30 0.011925361
934 401 13 18 0.012039705
845 413 14 22 0.012181756
215 384 13 19 0.012193311
744 478 18 34 0.012612146
307 383 8 11 0.012721116
29 311 9 12 0.012829122
71 304 10 11 0.013025504
770 309 6 10 0.013051895
837 400 9 10 0.013314719
952 373 8 13 0.013936268
339 380 13 17 0.014036552
939 431 20 21 0.014189205
178 384 8 14 0.014441547
325 383 8 10 0.014622341
29 316 12 17 0.014769302
200 352 18 21 0.014904081
257 368 9 10 0.014966995
175 353 11 20 0.0149820475
764 352 15 37 0.015281271
36 369 9 14 0.015348772
957 369 12 21 0.015392677
408 421 7 11 0.015570975
937 404 8 13 0.015656365
1012 349 10 24 0.01593173
177 365 12 19 0.016281707
843 387 20 19 0.01641985
193 368 8 12 0.017013956
36 351 9 12 0.017065853
877 373 12 17 0.01720776
131 319 7 10 0.017471593
850 391 9 10 0.017717311
336 357 8 8 0.018313132
59 319 19 18 0.019004572
1014 396 8 14 0.019284684
258 352 12 18 0.019451585
115 362 9 15 0.020326247
870 396 14 20 0.020929208
99 381 12 23 0.02122743
961 329 6 7 0.021482442
296 358 13 17 0.02300209
356 383 9 10 0.023159074
129 349 11 20 0.023879414
963 336 6 8 0.024064872
161 363 7 15 0.024224015
236 372 14 17 0.024277397
5 324 11 19 0.024993395
279 399 7 11 0.025679277
153 363 8 15 0.026297666
230 354 14 16 0.02706111
926 375 9 15 0.027306763
179 356 7 13 0.02740434
175 382 12 21 0.027455337
240 373 9 11 0.028150756
919 374 13 17 0.028770754
836 393 18 31 0.029107086
4 333 8 15 0.029458638
260 386 8 11 0.029552216
879 376 9 12 0.030069906
957 420 28 41 0.030501744
228 384 9 12 0.030642642
24 309 12 18 0.03069014
263 342 7 8 0.030911315
918 376 17 21 0.032097448
877 396 13 20 0.032394305
897 440 20 32 0.032997463
941 402 13 19 0.033136003
950 383 8 11 0.03418775
231 372 9 12 0.034758486
960 382 8 14 0.034952648
336 373 8 10 0.035261624
327 359 8 9 0.035828657
49 319 13 17 0.036100447
7 327 7 12 0.03663004
944 405 8 12 0.03685346
31 318 9 12 0.0371734
754 345 16 36 0.037256528
873 385 9 12 0.038130756
957 379 12 20 0.039571967
1014 354 7 12 0.039690044
153 357 8 15 0.041427303
35 365 12 22 0.041464016
230 370 13 18 0.041655414
300 358 12 16 0.042909764
239 382 11 12 0.043212038
871 383 13 19 0.04707209
370 369 12 18 0.048036784
342 383 9 11 0.048844792
180 367 7 13 0.049908873
793 442 36 61 0.051395178
289 387 8 11 0.051887557
1012 388 8 13 0.05404719
160 357 8 15 0.054135285
236 352 13 16 0.05486131
326 336 6 7 0.05603748
1012 390 11 24 0.05743468
840 407 18 31 0.06103587
842 398 21 20 0.064094
226 381 14 18 0.06492243
300 362 13 17 0.067174934
51 321 9 11 0.06726875
298 360 8 12 0.06796739
296 362 12 18 0.0733637
3 329 10 23 0.07563815
302 360 9 12 0.07951597
275 390 7 10 0.079804614
894 442 22 20 0.08092983
152 355 11 20 0.084522486
22 314 12 18 0.08555169
233 378 20 19 0.098121345
873 385 19 31 0.10628671
232 356 9 11 0.108689405
372 372 8 12 0.10928656
878 383 10 12 0.110544436
876 381 13 18 0.11094563
197 332 11 19 0.12563507
206 355 9 14 0.12933888
157 355 12 20 0.13131274
23 316 9 14 0.13557379
1006 381 16 35 0.13660504
239 354 9 11 0.14243926
260 355 8 10 0.16300164
1010 385 12 21 0.17022826
64 322 10 12 0.17902003
324 368 13 17 0.18120416
874 429 22 20 0.18501244
201 353 8 15 0.19433285
920 379 11 15 0.20370695
297 364 9 13 0.20720342
303 364 9 13 0.21195702
113 356 13 19 0.23595989
325 370 9 12 0.2634332
788 381 17 32 0.28105056
923 377 13 17 0.30474186
199 334 7 14 0.30683002
794 380 18 30 0.32540756
544 276 43 69 0.7428035

