2_Demonstration_Demonstrators_2_654
89
351 158 24 18 0.010040191
238 107 18 35 0.010378618
131 132 29 42 0.010379039
602 125 22 20 0.010390598
167 130 19 36 0.010430551
360 244 32 71 0.010682333
992 139 29 72 0.010852937
970 125 26 44 0.010929717
266 71 23 18 0.012106966
129 122 38 58 0.01222513
307 71 9 12 0.0123285325
453 128 36 60 0.0126071535
242 126 20 22 0.012628071
128 88 39 54 0.013086758
943 191 27 45 0.01313469
998 148 20 56 0.013217708
341 146 42 49 0.013494454
241 64 21 18 0.014176478
18 222 46 112 0.014335016
131 152 29 42 0.014409202
1002 148 21 21 0.014469058
970 96 22 19 0.014714844
397 255 47 101 0.014987072
150 94 37 56 0.015049405
1002 155 14 43 0.015900534
122 109 22 18 0.016368264
35 214 36 72 0.016892837
128 146 37 60 0.017214714
113 101 23 18 0.01748046
1002 106 17 35 0.017522415
1001 115 20 21 0.017845137
102 66 21 29 0.01803704
305 69 13 19 0.018099237
75 98 24 18 0.018911993
596 115 14 25 0.018932106
125 82 22 18 0.01902333
257 22 21 19 0.019099427
938 184 35 62 0.019598732
590 167 21 37 0.01964062
97 62 20 20 0.019704478
157 147 30 43 0.020245146
893 110 34 61 0.020310193
964 164 24 45 0.020856017
259 71 19 29 0.021060899
598 118 23 21 0.021780705
449 96 25 45 0.023189578
994 115 21 18 0.023849811
67 97 27 44 0.024766078
300 76 19 30 0.025787128
997 120 22 51 0.026318036
925 93 25 44 0.02685375
1 120 13 48 0.02698723
808 94 21 29 0.02751174
269 113 22 20 0.027646039
1001 124 16 40 0.031684257
136 157 20 23 0.031764157
724 185 29 39 0.033184484
124 103 24 18 0.033266596
307 151 31 37 0.035699967
352 142 22 29 0.0370786
710 169 30 35 0.038636003
830 131 23 20 0.039640907
252 70 23 17 0.0429691
156 102 24 18 0.045636136
134 94 29 38 0.04774825
597 159 28 46 0.05691865
590 117 28 39 0.058529526
160 99 20 31 0.06331672
137 100 22 20 0.065773085
603 110 20 32 0.066623904
905 98 24 46 0.07244365
346 153 32 34 0.07484423
598 117 28 38 0.07604211
483 122 19 34 0.07607266
875 98 25 46 0.084945865
875 117 26 44 0.08847074
257 106 26 43 0.099873684
712 135 26 20 0.13165626
240 117 24 43 0.13373105
955 185 24 49 0.16995063
716 183 28 39 0.20803468
591 109 20 33 0.27614123
155 122 37 63 0.380207
247 115 28 41 0.499022
829 121 27 39 0.7009281
712 130 20 32 0.7832481
586 157 32 57 0.86380935
296 147 33 39 0.9111863
454 144 32 57 0.96033204

