2_Demonstration_Protesters_2_912
226
866 331 6 8 0.010114826
884 281 5 7 0.010169897
645 547 13 19 0.01021197
528 315 10 14 0.010561795
326 289 6 5 0.010579554
317 372 13 21 0.01066136
227 353 13 19 0.010701025
940 338 21 18 0.0107807275
287 403 17 34 0.010799971
963 303 8 10 0.010838062
914 303 7 9 0.010897094
861 338 20 21 0.011117043
302 399 11 24 0.011207172
184 344 9 13 0.011300672
944 328 14 18 0.011412173
287 405 12 23 0.011431577
336 341 18 30 0.011450598
323 329 13 17 0.011474825
926 343 10 11 0.01162107
128 364 13 19 0.011736479
589 322 22 21 0.011795365
243 343 9 12 0.011904164
625 323 10 14 0.0120691825
294 346 13 17 0.012158957
760 358 23 17 0.0122075295
290 323 13 16 0.012466508
786 344 11 9 0.012495289
331 403 12 24 0.012716935
664 358 21 19 0.012964185
308 288 5 5 0.013208134
769 327 15 15 0.013276786
893 402 18 35 0.013468776
931 337 19 29 0.013481422
901 347 8 9 0.013571582
268 386 12 25 0.013752121
183 343 13 19 0.0140816355
305 356 9 14 0.014237456
46 351 13 18 0.014301859
255 341 18 28 0.014382497
901 299 6 8 0.014426677
62 353 13 17 0.014466612
916 281 6 7 0.014603011
802 321 9 8 0.0150191495
513 312 8 13 0.01514228
339 347 8 10 0.015408376
452 287 7 8 0.015927574
717 365 12 12 0.016099822
946 342 10 10 0.016412243
971 339 22 19 0.016436532
475 314 22 20 0.016806278
429 340 20 20 0.017109822
707 293 14 18 0.01767026
500 309 13 21 0.01771273
574 322 21 20 0.017714787
590 312 21 20 0.01776762
58 346 19 19 0.018187113
459 325 21 20 0.018248655
469 304 39 53 0.018257452
903 284 5 7 0.01837202
176 363 10 14 0.018605504
936 284 7 9 0.018617993
418 309 13 18 0.018637978
453 310 19 31 0.018639168
807 325 21 28 0.018888729
337 343 13 19 0.018917067
295 348 9 11 0.019808665
564 296 9 9 0.019948926
322 395 30 66 0.02018693
680 308 21 19 0.020233901
303 390 12 23 0.020933893
438 289 7 8 0.020944241
229 347 13 18 0.021198578
386 329 7 9 0.021220235
642 324 10 14 0.021307722
626 318 10 12 0.021404762
328 420 24 49 0.021534897
900 324 12 21 0.022113696
350 351 14 21 0.022294464
174 355 17 29 0.02265103
303 353 12 19 0.02291969
874 323 18 33 0.02339494
709 297 9 9 0.023459977
869 296 12 19 0.023663266
903 328 7 10 0.023798373
901 312 12 20 0.023803132
47 349 10 13 0.02446247
916 334 8 10 0.026889361
674 313 10 11 0.026958315
192 359 9 14 0.027908599
231 349 9 12 0.030407881
412 324 13 19 0.031431314
975 310 10 13 0.03299328
194 339 18 30 0.034194376
907 311 17 33 0.03515185
799 335 21 29 0.03612704
607 314 22 21 0.036364485
651 340 14 19 0.037302624
673 310 13 17 0.037483424
269 331 12 16 0.03817224
405 325 13 20 0.03891199
815 326 15 15 0.039179362
522 318 21 21 0.039776515
870 313 6 9 0.040303245
117 371 13 20 0.040459465
188 356 13 19 0.04319294
263 387 12 28 0.043360263
416 327 8 11 0.04488264
335 327 13 17 0.0450321
404 303 5 6 0.04562249
642 322 18 29 0.045639437
407 329 9 11 0.045947745
511 308 13 20 0.046351474
131 373 10 15 0.046446647
308 331 7 8 0.04646688
65 356 9 12 0.046477616
294 304 4 5 0.04685048
323 340 13 19 0.047917757
325 343 9 11 0.048013594
447 313 8 11 0.048770815
797 326 23 16 0.050070375
451 298 7 8 0.051412195
142 403 19 20 0.053491067
756 356 14 17 0.05414167
259 333 14 16 0.056228414
271 339 10 12 0.057054296
443 309 14 18 0.059634972
956 310 21 27 0.059904136
640 322 13 19 0.060045775
264 393 17 35 0.06021523
358 329 8 8 0.060799796
934 263 6 8 0.06222303
623 316 14 19 0.062362883
325 302 5 5 0.06296313
340 301 5 6 0.06362502
972 307 13 19 0.066727854
787 333 11 10 0.067233704
903 317 7 9 0.06810169
660 314 10 12 0.069008574
196 341 9 15 0.0690632
437 296 8 9 0.06939913
711 364 22 17 0.06986793
792 340 24 18 0.071150675
327 402 12 26 0.07140883
230 329 7 11 0.07176074
309 301 5 6 0.07302462
260 334 10 11 0.074540064
892 342 21 20 0.076403424
911 308 12 19 0.07655625
960 310 9 13 0.07722915
521 310 17 30 0.07723534
265 319 7 9 0.07771912
421 304 6 7 0.07893204
375 304 5 6 0.08018845
658 313 14 17 0.08151387
357 302 5 6 0.08179271
152 429 20 29 0.082055755
781 339 23 18 0.08611815
239 329 13 16 0.08673928
388 302 6 7 0.08959795
617 319 20 21 0.09001872
951 310 10 14 0.0908207
782 332 22 16 0.09544638
946 312 17 30 0.095808856
306 348 8 12 0.09585836
771 329 10 9 0.096982144
325 316 6 6 0.09977999
644 342 19 20 0.100963295
437 310 13 18 0.10476914
610 320 20 22 0.10519482
405 314 7 8 0.10770046
275 317 6 9 0.1088606
914 312 8 11 0.10926096
195 333 9 13 0.10993192
804 327 11 8 0.1135451
326 331 7 9 0.11375462
373 315 6 7 0.11587461
872 301 6 9 0.11772522
906 337 17 32 0.11865795
329 405 16 38 0.120799065
272 333 9 11 0.121193714
637 316 13 17 0.12205432
653 326 14 18 0.12475108
917 343 10 11 0.12698402
957 307 13 18 0.12896535
649 334 18 31 0.13099885
309 314 6 7 0.13566129
551 313 22 21 0.14085999
390 315 6 8 0.14473978
421 312 7 9 0.1464179
303 345 13 19 0.15079452
193 331 12 19 0.15228449
357 315 6 7 0.15349117
594 316 20 32 0.15419842
439 313 8 11 0.15980354
915 340 14 18 0.17096873
513 334 18 31 0.17246476
293 317 6 8 0.18495041
370 329 9 12 0.1886649
779 336 21 31 0.19420452
817 327 10 9 0.2014608
340 314 6 7 0.20221971
338 329 8 10 0.20947982
480 314 21 30 0.20990615
262 385 18 35 0.21365409
368 326 13 18 0.222174
166 361 14 19 0.22678764
347 346 21 21 0.23446736
64 349 10 13 0.23987809
723 283 30 39 0.2436387
40 345 14 20 0.25611213
241 331 9 11 0.25768343
605 319 19 28 0.26856583
129 370 13 20 0.2689526
544 313 21 20 0.27535728
292 325 8 10 0.29548618
256 338 14 16 0.29687354
193 338 13 20 0.3063835
950 307 13 19 0.31090045
525 313 14 21 0.31959206
172 361 14 20 0.38765252
1000 348 20 32 0.4270887
43 347 15 19 0.63906735
835 324 28 35 0.6835497
716 278 30 39 0.7104709
144 431 22 31 0.71424943
878 330 19 34 0.74858165

