2_Demonstration_Demonstration_Or_Protest_2_813
100
678 380 9 8 0.010069836
659 451 12 12 0.010086939
1009 397 13 39 0.010100676
354 399 18 32 0.010128356
340 83 6 8 0.010168568
13 0 17 29 0.010450509
354 364 12 24 0.010483075
819 374 13 18 0.010651887
529 366 19 22 0.010709236
614 418 13 20 0.010740259
847 436 24 16 0.01125023
687 462 20 19 0.011324347
539 357 25 37 0.0113254255
580 349 6 8 0.011542939
471 372 9 14 0.011639531
471 359 7 10 0.011656097
469 356 12 22 0.011758074
450 328 6 7 0.011889019
675 323 7 9 0.011898961
666 434 29 39 0.011950143
1016 393 6 11 0.012123208
718 458 10 10 0.012762474
356 393 7 10 0.0129473
803 298 18 31 0.013229008
428 404 17 34 0.0134921055
854 349 8 8 0.013498638
853 435 28 16 0.013596896
722 472 10 10 0.013648417
671 439 20 31 0.013977933
486 342 6 9 0.0139926225
1013 483 9 66 0.0144299455
469 349 6 7 0.014556132
682 464 20 30 0.014694367
858 384 22 19 0.01521374
877 398 21 29 0.015564675
531 357 19 22 0.015670687
300 404 26 44 0.015915038
328 345 22 19 0.016541397
660 391 10 10 0.016815444
19 4 14 19 0.016964415
820 377 9 10 0.017246624
625 349 7 9 0.017407151
478 357 12 22 0.01748304
90 347 7 12 0.018610915
701 453 14 16 0.018737797
463 386 13 21 0.018779093
889 384 19 23 0.018853875
482 360 6 11 0.019038796
354 360 8 13 0.019979695
675 454 10 11 0.020212483
338 350 13 24 0.020801803
896 422 40 55 0.021774137
323 342 13 20 0.021945987
655 386 21 19 0.021990897
216 422 37 61 0.022413773
598 349 6 8 0.02242422
494 369 12 26 0.022871178
1013 406 7 15 0.024375968
353 361 16 33 0.02463108
706 470 8 9 0.026414873
651 445 21 29 0.026742797
556 351 21 21 0.02678305
837 380 14 21 0.029096043
901 430 30 40 0.029881645
530 352 16 32 0.0311161
668 451 21 19 0.03241606
902 396 20 30 0.03244003
333 361 19 33 0.03302608
616 423 22 19 0.033785846
705 392 9 9 0.033886798
708 380 9 7 0.035128348
325 82 6 8 0.03519281
704 456 10 10 0.03811319
927 372 12 26 0.038750786
349 350 16 35 0.039468307
926 377 17 32 0.04109947
326 77 6 7 0.04130184
1011 402 10 25 0.041350577
525 363 18 31 0.04519293
477 366 11 25 0.047941525
342 75 5 8 0.049080513
465 369 16 33 0.04992764
697 388 23 17 0.050219186
692 457 9 11 0.055370357
879 385 20 20 0.057722248
895 378 17 32 0.060862903
351 357 12 22 0.061020833
689 455 14 17 0.06495735
651 440 22 18 0.06510514
242 25 50 90 0.08613215
537 364 21 23 0.09653332
488 365 17 33 0.0977752
654 447 22 20 0.12886082
470 367 12 23 0.14926672
800 288 22 20 0.16487455
834 374 20 22 0.20808531
543 354 18 30 0.22102882
333 348 17 35 0.24614702
840 372 19 30 0.40948424
254 331 20 35 0.7043429

