2_Demonstration_Political_Rally_2_842
61
418 228 13 22 0.010223664
398 176 12 19 0.010299717
400 174 8 12 0.010404479
716 198 11 21 0.010782939
365 590 22 16 0.010875277
324 633 10 8 0.011093378
112 317 9 13 0.01125519
329 631 24 17 0.011334997
295 410 6 11 0.011346984
284 647 22 17 0.011501414
101 650 9 7 0.011989924
300 630 12 11 0.012439562
118 631 26 15 0.012698318
112 322 10 15 0.01270754
130 40 189 124 0.013471931
36 17 137 116 0.014000486
336 597 9 10 0.01400054
104 319 12 20 0.014015831
106 318 18 21 0.014635159
712 197 11 23 0.015380297
297 373 7 12 0.015504274
320 648 25 16 0.015609805
116 645 11 8 0.016353132
419 213 13 19 0.017085517
30 0 277 164 0.017093208
0 602 8 34 0.017294664
263 372 13 17 0.017780922
336 649 12 9 0.01869375
243 25 104 74 0.019723393
431 218 8 10 0.022487603
289 621 20 18 0.0244938
418 216 18 33 0.025501538
2 601 7 16 0.027063739
101 631 8 8 0.027952489
369 598 13 12 0.030228743
270 367 10 12 0.03037913
127 634 12 7 0.031660836
334 592 9 9 0.035887495
303 361 7 13 0.03716351
295 628 18 29 0.039698493
115 635 15 14 0.04074673
61 12 326 189 0.04156324
110 315 12 19 0.041921772
270 371 10 12 0.0428466
336 620 12 10 0.04374355
419 202 8 11 0.050347432
264 374 9 12 0.05222931
293 626 23 19 0.05355503
86 16 169 115 0.055356786
422 216 8 11 0.06457508
0 598 10 24 0.0675822
141 15 169 113 0.07078873
330 616 22 17 0.07174469
329 646 24 17 0.08308078
261 629 7 15 0.121871464
117 638 11 9 0.1433267
259 626 11 21 0.14857568
364 594 21 19 0.5471225
293 625 14 18 0.555266
226 16 143 115 0.5941244
507 285 37 59 0.9738979

