2_Demonstration_Demonstration_Or_Protest_2_441
66
38 169 20 33 0.0103170555
152 129 23 18 0.010338871
568 98 12 25 0.010919422
64 175 21 20 0.011218121
961 141 20 21 0.011472301
700 106 17 34 0.011765036
253 161 21 32 0.012123401
157 143 22 18 0.013040979
489 108 19 31 0.013567554
498 569 44 56 0.013674511
413 167 22 37 0.013833614
799 181 28 44 0.014293653
702 113 13 21 0.014458775
745 60 17 33 0.0152372625
462 175 20 22 0.015254952
685 91 18 33 0.015327773
924 133 23 18 0.0154834995
776 144 35 64 0.01625249
65 192 19 31 0.021954395
0 152 17 34 0.022458874
149 136 29 36 0.022641331
535 83 11 24 0.02271225
560 93 18 31 0.023317961
516 118 21 30 0.023611153
702 121 16 37 0.026492398
517 107 12 26 0.027833462
44 187 19 33 0.028261451
841 336 33 64 0.030008525
534 89 11 25 0.03134153
855 347 25 46 0.031354133
991 68 16 32 0.032001592
634 310 7 12 0.032963794
573 98 12 25 0.04059601
329 184 20 36 0.048683703
141 177 23 21 0.04881151
993 77 13 23 0.04919835
973 133 21 31 0.05099936
521 100 19 33 0.055547927
793 167 38 61 0.056231167
458 168 18 33 0.06173893
315 174 24 21 0.064666234
747 126 23 50 0.07211916
807 217 18 36 0.07744516
301 116 45 49 0.08499282
149 159 30 37 0.10672369
728 157 25 46 0.11663764
570 98 19 29 0.1195493
399 167 30 41 0.12526901
141 165 29 37 0.14338784
242 157 32 40 0.1787872
325 188 28 40 0.3018972
107 191 34 39 0.42155436
721 164 18 36 0.5232793
320 174 22 31 0.54119164
4 184 26 42 0.68994015
573 176 29 45 0.8286443
111 184 40 54 0.8549806
790 153 38 61 0.9105926
503 160 32 56 0.9179098
331 207 30 45 0.9215544
612 171 34 51 0.92298526
289 184 29 41 0.92991287
403 162 35 50 0.9340698
858 171 30 42 0.9542406
936 151 27 47 0.96896523
234 148 34 53 0.9840388

