2_Demonstration_Demonstration_Or_Protest_2_895
371
938 326 24 17 0.010006776
921 356 39 69 0.010226758
711 310 23 18 0.010235623
471 253 8 9 0.010413822
442 370 47 86 0.010422381
42 259 20 26 0.010449478
317 281 15 16 0.010478714
263 288 21 27 0.010518584
676 290 23 28 0.010529155
610 316 30 37 0.010541444
896 310 13 18 0.010608238
867 296 8 9 0.010635644
707 317 11 10 0.010655265
454 284 9 11 0.010704635
936 307 20 30 0.010808034
642 246 9 10 0.010894864
200 342 25 45 0.010905995
755 307 11 11 0.01099099
370 276 14 16 0.010996621
470 292 23 18 0.011047658
295 293 12 11 0.011070662
915 314 10 10 0.01116211
729 275 21 19 0.01117567
151 254 10 10 0.011183202
161 294 11 11 0.011326674
139 320 23 20 0.011327224
821 297 12 7 0.011351564
467 279 13 17 0.011363
970 288 19 29 0.011376855
900 295 9 10 0.011396008
883 295 8 10 0.011444523
220 278 14 16 0.011497771
56 437 58 99 0.011545714
314 308 25 17 0.011565774
91 264 13 17 0.011569923
405 264 13 16 0.011674911
445 340 22 21 0.011702254
997 316 11 11 0.011708107
471 298 27 43 0.011872796
668 306 24 17 0.0119269015
254 277 14 17 0.01192893
775 344 22 29 0.01196107
964 300 10 8 0.012084693
267 282 23 17 0.012349231
468 282 10 11 0.012394414
362 277 19 28 0.012515544
444 327 27 44 0.012538672
442 320 36 61 0.012543585
958 361 39 67 0.0125651555
126 296 11 11 0.012568097
0 284 11 25 0.0126582915
475 328 36 72 0.012904914
1014 310 9 13 0.012911573
119 259 13 17 0.01293923
320 264 9 9 0.012952397
823 365 28 42 0.0130048245
806 255 7 8 0.013016992
911 262 13 17 0.013025841
959 294 37 55 0.013177957
881 276 13 19 0.013284278
481 263 9 10 0.013479171
918 291 14 16 0.013580009
576 279 11 10 0.013608643
472 308 24 17 0.013648083
691 300 12 11 0.013741073
433 251 7 8 0.0138538405
839 282 8 7 0.013870404
688 259 14 18 0.013897941
868 327 11 13 0.013949635
842 307 21 28 0.014022021
848 282 14 16 0.014029334
242 260 13 17 0.014079331
469 259 13 18 0.014093067
430 259 14 17 0.014108916
561 251 8 7 0.014108977
705 438 50 91 0.014375112
370 296 11 11 0.014395488
158 250 8 9 0.014429342
528 295 9 13 0.014553683
736 279 10 11 0.014720894
384 268 14 16 0.014931346
594 281 10 11 0.0150476815
1000 324 21 20 0.01529845
421 317 13 25 0.015354914
705 281 14 17 0.015408688
977 298 9 9 0.01554877
577 347 22 29 0.01560522
453 297 11 14 0.015690146
551 287 21 29 0.01570295
592 277 14 17 0.015916307
788 253 6 6 0.01592655
772 253 8 8 0.015943727
996 264 6 7 0.015950475
640 277 12 10 0.01599976
417 253 7 8 0.016133167
86 262 14 17 0.016232992
540 278 14 17 0.016328895
790 282 8 7 0.016335461
697 289 22 19 0.016544586
689 280 8 9 0.016548155
274 263 9 7 0.01659791
46 305 22 18 0.01696909
857 337 22 19 0.017304951
642 268 9 10 0.017368484
756 251 8 8 0.017388184
306 264 9 9 0.01780947
986 319 34 63 0.018006671
926 292 14 16 0.018009929
211 297 11 12 0.018092977
45 295 20 19 0.01833114
833 254 7 8 0.018524619
28 393 31 75 0.018548608
971 306 14 17 0.01887861
258 281 8 9 0.01887941
160 280 9 12 0.018959265
672 299 10 10 0.018960819
680 307 28 38 0.019072333
722 252 8 8 0.019134039
730 334 26 41 0.019148462
227 317 14 23 0.01919169
612 252 9 9 0.019334076
744 307 20 29 0.0193499
725 276 14 18 0.01954463
455 249 8 9 0.01960473
569 275 21 19 0.019663926
928 281 13 16 0.0197952
682 305 21 31 0.019859843
448 187 9 12 0.020008365
990 313 23 17 0.020027315
347 279 14 16 0.02003027
52 267 11 12 0.020122023
807 341 24 18 0.020146515
342 264 8 9 0.020199466
548 301 20 29 0.02022686
330 306 19 31 0.020304667
0 255 10 26 0.020400014
543 280 10 11 0.020563869
997 333 18 36 0.020940257
550 266 9 9 0.021036312
819 355 37 60 0.021150874
157 345 25 45 0.021264832
997 329 12 11 0.02135142
620 296 23 17 0.021378115
1013 305 11 22 0.021633841
780 294 24 17 0.0216531
123 308 23 19 0.02171604
12 281 18 28 0.022246478
289 278 14 16 0.022301564
818 281 8 7 0.02237193
704 316 22 28 0.022379471
496 263 8 11 0.022520429
853 294 9 8 0.022620095
344 251 7 9 0.022641351
993 326 24 48 0.022708325
754 266 7 7 0.022986524
599 490 31 68 0.023308657
406 280 13 17 0.023410965
898 283 7 9 0.023532035
866 253 7 8 0.02368863
133 278 10 12 0.023873925
136 312 20 31 0.023878625
662 264 10 10 0.023896547
120 261 9 12 0.024135139
898 313 9 10 0.024246482
557 290 22 19 0.024405112
132 355 35 65 0.024559129
723 265 8 8 0.024765633
273 292 12 9 0.025107877
678 252 8 8 0.02516886
813 296 25 16 0.025267439
149 347 32 64 0.02544912
366 310 24 43 0.02561031
316 294 23 17 0.025654694
196 380 34 69 0.025700664
767 300 10 10 0.025753146
630 249 8 10 0.025872659
336 295 12 9 0.026007708
254 264 13 16 0.02600893
562 279 15 17 0.026134996
674 265 8 9 0.026137462
433 263 9 11 0.02687
706 265 8 9 0.02714043
372 278 9 11 0.027218623
979 279 8 8 0.027413078
708 252 7 8 0.027419966
407 282 9 12 0.027843572
366 265 13 17 0.02785344
837 337 22 30 0.027919255
0 282 9 15 0.02792563
322 297 11 10 0.028128406
900 263 8 10 0.028266244
869 283 7 9 0.028302945
1013 292 11 21 0.028429903
666 295 22 17 0.028480474
831 339 22 19 0.02856763
866 332 20 30 0.02884223
786 298 10 9 0.028898636
540 295 21 20 0.029013228
818 254 8 8 0.029049492
416 265 8 10 0.029145237
28 282 20 20 0.0291789
147 264 14 18 0.029332425
155 262 13 17 0.029384688
116 284 10 12 0.02982583
223 280 10 10 0.030046029
68 286 14 18 0.030160785
564 282 10 10 0.030528178
884 281 7 10 0.030535532
471 263 9 10 0.030545613
300 279 22 17 0.030660834
834 264 7 7 0.030712746
129 266 9 11 0.03072802
274 286 10 9 0.030970268
868 264 7 8 0.0311193
796 344 23 19 0.031365808
941 295 15 16 0.031481814
844 340 23 19 0.03153906
303 295 12 10 0.031633247
363 291 22 19 0.031889874
136 313 24 18 0.0328473
741 267 8 8 0.032966636
786 266 7 7 0.03300239
256 291 14 17 0.033081137
295 288 19 27 0.033101983
749 303 21 19 0.033645257
775 265 7 7 0.033668824
699 314 24 17 0.03455167
883 267 7 9 0.034837484
149 265 10 10 0.034938246
575 264 14 16 0.03504328
285 309 23 21 0.035268478
853 264 7 7 0.03540112
963 267 7 7 0.035408158
386 270 10 10 0.035905696
828 295 23 17 0.036075916
215 367 25 49 0.036799166
320 283 10 10 0.036936622
962 280 8 8 0.037828133
459 288 19 32 0.037878316
590 263 14 17 0.03799995
293 269 8 9 0.038340043
267 290 23 17 0.03853226
836 298 10 9 0.038623173
675 276 14 17 0.039089214
811 365 26 41 0.039369114
918 283 8 9 0.039378606
609 282 12 12 0.039441366
936 268 8 8 0.039956424
919 294 11 10 0.040034402
127 265 13 18 0.04012602
350 281 10 11 0.040617254
176 281 14 17 0.04085471
690 249 8 8 0.041372027
57 401 57 88 0.04137462
691 263 8 10 0.04147411
945 277 8 9 0.042340163
205 295 21 18 0.042374987
200 277 21 18 0.04250502
204 308 19 32 0.042574815
737 418 41 62 0.04263057
752 298 15 17 0.042968884
519 246 7 9 0.043535415
727 280 9 10 0.04362363
158 263 9 13 0.044050053
143 276 12 12 0.044491988
58 310 21 19 0.04454131
549 251 8 8 0.044634335
562 266 10 9 0.044868313
819 264 7 7 0.046072867
407 266 9 10 0.04615105
995 312 19 33 0.04619512
708 284 9 9 0.04620914
277 254 7 7 0.04697767
295 310 24 20 0.047591936
46 272 21 20 0.04845771
424 310 13 23 0.048486006
516 290 20 20 0.048511278
119 292 21 18 0.04951345
593 265 10 11 0.049616728
755 301 10 10 0.049740665
1014 296 8 12 0.049839873
596 247 9 9 0.05023703
258 294 10 11 0.05065126
800 347 22 30 0.051521406
964 299 28 39 0.051595908
376 323 19 24 0.05174617
195 255 8 9 0.052222677
291 281 10 9 0.052242592
804 264 7 6 0.052688524
48 264 20 19 0.053044252
461 295 22 19 0.053087812
371 246 8 11 0.05403843
115 283 14 17 0.054897383
290 291 22 18 0.055289652
382 315 19 32 0.05537203
174 291 14 17 0.055682376
329 290 23 17 0.056059632
929 295 10 10 0.056482144
307 281 10 10 0.056826692
699 320 22 18 0.056826986
330 309 24 17 0.056828823
71 281 21 19 0.057538304
613 261 14 17 0.059365485
532 251 7 9 0.061338507
851 285 9 9 0.061725378
964 311 14 10 0.062337182
768 280 8 9 0.06305818
304 254 8 9 0.06397171
619 261 13 17 0.06490531
178 283 10 11 0.06566423
677 279 10 10 0.06721816
448 302 19 21 0.06811218
992 326 23 17 0.06944537
876 273 20 29 0.06980874
541 305 22 19 0.07062095
577 266 11 10 0.07157244
207 279 11 12 0.073018424
227 313 20 29 0.073171124
686 298 23 17 0.07429169
530 277 14 17 0.07608872
219 313 22 18 0.07672977
684 305 25 17 0.07695901
31 284 18 27 0.08012946
863 324 20 20 0.08098418
460 306 22 19 0.08245124
914 265 8 10 0.08432963
244 262 9 10 0.08792413
196 267 10 13 0.08814855
802 280 8 8 0.088694185
417 280 10 13 0.0894434
618 330 29 39 0.09019374
944 297 10 10 0.09193031
520 291 21 21 0.09266128
926 309 15 16 0.09331028
495 348 39 69 0.09600525
422 313 18 32 0.10325786
428 311 13 22 0.10564649
369 324 20 22 0.10569758
368 267 9 11 0.107790284
452 296 14 20 0.11003492
931 283 8 10 0.11203611
207 306 22 20 0.11344424
257 266 8 10 0.11744747
929 310 11 12 0.11836149
241 254 7 9 0.11864812
132 275 14 18 0.12132704
0 279 10 22 0.123198055
117 288 14 18 0.12364274
979 269 6 8 0.12498066
195 266 13 17 0.12744223
207 362 23 50 0.13079032
295 292 24 18 0.1428707
339 279 15 16 0.14331214
945 268 7 9 0.1438092
340 281 12 11 0.14659576
290 306 21 29 0.14952655
198 272 13 16 0.16012515
476 351 54 78 0.17519712
603 279 22 18 0.17964616
383 274 14 16 0.18539771
458 298 25 45 0.18678103
271 304 22 30 0.18933508
65 282 20 19 0.20170064
960 308 23 17 0.21969074
23 287 21 21 0.22826515
799 307 25 20 0.23205148
414 279 14 17 0.24279404
136 273 21 19 0.25488257
805 305 21 30 0.31778637
631 338 29 41 0.37025306
677 330 28 39 0.5307459

