2_Demonstration_Demonstration_Or_Protest_2_795
189
458 132 17 28 0.010031919
42 180 19 30 0.010044087
734 150 13 16 0.010401171
514 158 8 9 0.010474033
40 160 8 9 0.010492424
57 180 23 17 0.010517542
495 130 10 10 0.01085836
502 208 39 54 0.010867622
453 192 19 33 0.010931207
707 136 12 18 0.01122138
273 131 8 9 0.0112824505
2 93 6 11 0.011396635
47 154 13 17 0.011442613
883 129 8 11 0.011517608
417 133 17 29 0.011533019
302 126 14 16 0.011813187
405 129 9 11 0.011922361
413 125 13 17 0.011975094
530 157 9 10 0.012151285
527 153 14 19 0.012505077
614 148 13 17 0.012610359
333 129 18 29 0.012791543
672 184 7 11 0.012811736
690 129 8 9 0.012822825
701 149 12 19 0.0129035665
325 139 13 18 0.013194505
96 164 22 28 0.013346951
534 130 10 9 0.0136924265
295 127 8 9 0.013716918
412 147 13 19 0.014013829
643 135 12 18 0.014446508
473 179 21 20 0.014925288
50 188 11 10 0.0149403615
50 173 9 9 0.015136719
519 139 10 9 0.015213334
317 155 14 17 0.015299815
116 172 9 9 0.01566059
327 142 9 11 0.016178824
513 183 20 19 0.01643025
630 127 8 9 0.01645559
479 112 8 11 0.016604152
257 128 14 16 0.01679814
83 168 14 17 0.017136635
357 128 8 11 0.017552905
495 137 10 9 0.017569194
658 149 13 16 0.017687876
643 155 9 10 0.017777683
371 126 7 12 0.018080879
98 172 11 10 0.018953398
351 150 9 14 0.019064667
35 174 8 9 0.019105759
320 159 9 11 0.019940224
179 123 9 8 0.020022731
567 129 8 9 0.020170074
398 145 18 31 0.020365061
674 148 13 17 0.020374415
132 139 13 16 0.020520004
66 155 8 8 0.020522976
384 129 8 12 0.020647714
415 127 9 11 0.02086445
61 174 23 16 0.020995034
86 159 8 8 0.021029644
161 150 13 16 0.021328922
183 138 14 16 0.021353042
449 152 10 13 0.02183403
396 134 17 29 0.022338748
758 127 9 8 0.02263654
225 131 9 11 0.022675121
437 136 13 17 0.022761913
305 129 10 9 0.023431677
507 214 30 39 0.024120437
272 137 8 10 0.024462227
616 151 9 12 0.0252221
506 220 22 19 0.025251016
771 126 8 8 0.025367554
722 130 7 8 0.025976848
711 131 7 9 0.026173798
821 136 7 10 0.026700297
754 152 10 10 0.02679369
387 151 10 13 0.0269506
704 152 8 12 0.027353816
767 139 14 17 0.02766623
738 140 13 17 0.027741535
147 160 9 10 0.02774735
132 160 8 8 0.02790221
348 148 12 18 0.030454533
185 137 19 19 0.030536178
68 177 10 9 0.030812899
689 139 13 17 0.03206078
296 140 9 12 0.032099195
621 148 13 16 0.03218039
156 140 13 15 0.03274408
305 140 9 12 0.033080023
664 187 7 10 0.033231694
84 172 10 10 0.034472987
438 139 9 11 0.03456083
654 126 12 17 0.034728616
415 141 9 13 0.035282724
149 137 14 16 0.036380485
721 138 12 18 0.03648918
385 148 13 18 0.037207916
260 131 9 10 0.037794035
657 137 12 18 0.03886665
482 123 9 10 0.038937334
44 185 22 18 0.04153913
576 129 8 10 0.041898686
728 154 8 11 0.04238323
529 137 14 17 0.043388534
736 152 9 11 0.043771334
446 148 14 18 0.044012647
295 137 13 19 0.04946925
100 154 8 7 0.049483895
114 156 8 8 0.049632102
337 129 9 13 0.049956802
562 137 13 18 0.051172376
184 140 11 11 0.051281456
237 137 13 18 0.051700577
612 130 8 10 0.052857667
352 137 12 19 0.053822674
355 140 8 12 0.05600983
646 138 8 11 0.05775153
547 134 13 17 0.06077729
481 140 15 16 0.061286967
770 142 9 10 0.064387225
541 128 14 15 0.06786592
342 148 13 18 0.070690654
740 143 8 10 0.074580915
340 136 9 13 0.07639699
642 125 7 10 0.076948166
709 139 7 10 0.07776381
678 130 8 10 0.07967225
693 150 12 18 0.08725764
405 147 13 19 0.08732902
483 143 11 10 0.089079194
412 140 13 18 0.09217862
386 139 9 12 0.092548884
407 141 9 14 0.09412601
334 127 13 18 0.09431367
240 139 9 11 0.095422894
163 152 10 11 0.096884094
676 151 9 11 0.09862887
544 130 10 11 0.10150409
297 136 21 19 0.102869295
564 139 8 11 0.10429105
260 133 13 18 0.10438247
87 143 8 7 0.110143416
659 141 8 11 0.11175729
660 151 9 11 0.11524784
723 141 8 11 0.115913436
694 152 9 13 0.11609818
91 168 23 18 0.11611097
158 142 10 11 0.11890027
51 158 7 9 0.11897266
675 139 13 18 0.12056902
112 142 7 8 0.12287466
578 138 9 12 0.12467812
549 136 9 11 0.12930411
692 141 8 10 0.12951984
337 133 13 19 0.13029844
384 137 12 19 0.13336474
754 141 10 12 0.13401479
621 141 13 17 0.138222
576 135 13 18 0.13921219
464 131 14 17 0.13982496
448 141 10 12 0.14405379
532 140 9 10 0.14613102
225 134 13 17 0.14613566
624 143 9 13 0.1463974
624 150 9 12 0.14734294
591 136 13 18 0.1475586
191 140 10 11 0.15506104
751 139 14 17 0.16471495
446 139 13 18 0.17041859
262 136 9 11 0.17306742
593 138 9 13 0.17858733
151 140 10 10 0.18159501
367 137 12 18 0.20113848
677 141 8 12 0.20121302
369 139 9 13 0.20912921
656 129 9 11 0.2097796
612 140 9 13 0.21728079
71 141 6 8 0.22231671
463 127 14 17 0.2463356
406 140 13 19 0.24662529
610 138 13 18 0.24775767
100 144 7 8 0.27504987
134 143 9 9 0.2952711
227 136 9 12 0.35636982
464 437 109 169 0.9903617

