2_Demonstration_Demonstration_Or_Protest_2_306
41
587 226 53 77 0.010444761
975 215 41 111 0.010659801
383 160 39 60 0.01077009
382 296 50 95 0.010877647
249 251 38 62 0.011001886
735 272 39 68 0.011826392
473 157 35 35 0.012514531
263 176 60 74 0.013663852
689 212 41 72 0.014380159
343 327 53 106 0.0147887
640 202 21 32 0.016048675
464 210 43 53 0.01624883
40 135 30 82 0.018329047
14 210 44 132 0.019489711
466 151 45 49 0.020074055
249 207 52 103 0.020183688
478 282 38 62 0.02150119
4 180 74 191 0.021627154
666 209 48 70 0.023308981
641 216 28 43 0.025333337
989 250 23 18 0.02803634
456 203 34 37 0.028588625
200 166 65 92 0.029006856
467 206 35 36 0.029101964
446 210 46 54 0.030073643
182 154 101 134 0.031087551
10 244 46 131 0.034495413
637 207 37 63 0.050072838
587 235 35 39 0.05076496
632 193 37 58 0.05411699
451 196 43 53 0.07856186
204 201 65 106 0.07911161
580 238 46 58 0.10305263
617 201 31 36 0.2837161
367 164 55 82 0.32160673
593 224 39 58 0.32633826
195 180 86 158 0.4395478
342 173 64 79 0.57272375
315 192 39 65 0.60131115
661 204 68 91 0.92685246
829 207 82 140 0.99623907

