2_Demonstration_Political_Rally_2_406
89
364 573 21 30 0.0100869015
562 613 18 40 0.010156447
214 618 38 53 0.01041676
406 629 27 42 0.010494077
343 545 23 20 0.010581291
386 579 13 8 0.010905743
807 585 217 183 0.01159792
771 680 72 88 0.01161802
266 582 20 28 0.011668915
74 553 15 20 0.011669547
59 572 25 16 0.011804268
704 147 8 5 0.011917201
322 552 19 21 0.012137899
568 102 8 6 0.012155229
697 664 68 104 0.012293518
252 626 31 41 0.012467706
629 632 90 87 0.012939509
407 627 23 18 0.012964424
160 604 21 20 0.013117759
804 398 7 10 0.013320534
813 354 8 13 0.014489879
3 583 12 27 0.014558999
811 351 12 19 0.014750246
803 383 12 20 0.014796776
71 549 25 18 0.014975266
702 639 68 88 0.015047462
679 145 7 6 0.015049067
599 153 9 7 0.015250075
216 632 23 20 0.015829694
764 639 65 93 0.016175842
0 576 18 22 0.018125637
269 594 22 20 0.018507477
497 161 9 5 0.018637974
299 617 67 77 0.018913493
607 152 10 7 0.02063999
581 112 8 7 0.021570222
385 607 36 57 0.022140067
505 710 59 57 0.023069274
808 367 8 11 0.023234831
681 166 6 6 0.023559283
806 333 12 20 0.023801934
821 311 6 10 0.025092846
817 221 6 10 0.025657883
763 654 104 114 0.026495935
805 387 8 11 0.02651802
347 543 20 30 0.028965993
808 337 8 13 0.029632945
207 632 22 21 0.031656444
202 629 19 32 0.034410078
409 156 23 17 0.03520589
579 102 7 6 0.03675741
204 620 20 31 0.039968062
137 569 25 20 0.04147825
416 159 12 10 0.041745584
3 580 17 34 0.042931505
323 544 19 22 0.04867478
248 616 41 62 0.049222335
222 617 20 32 0.049893226
217 625 29 37 0.050532907
380 578 20 30 0.050726485
167 642 24 47 0.05340615
744 337 12 13 0.055610675
552 613 35 61 0.063652925
488 162 6 5 0.06762335
693 149 7 5 0.07817165
691 159 8 7 0.091173254
161 655 24 49 0.09627454
379 577 25 17 0.097035654
808 356 9 14 0.12162598
807 353 12 19 0.13062045
769 612 217 156 0.1380179
666 645 107 123 0.14529237
10 644 45 101 0.15208943
33 671 35 78 0.15928002
252 605 30 39 0.20562524
851 625 140 143 0.25510862
66 556 23 19 0.32762527
329 542 19 31 0.3461551
394 626 29 44 0.5598016
136 554 22 26 0.68360174
507 679 51 89 0.71770304
128 584 20 32 0.7838016
255 616 95 78 0.7904211
253 544 20 30 0.7927911
562 608 31 55 0.81003606
746 336 15 17 0.81662405
492 580 20 35 0.85045934
812 634 127 134 0.86357164
634 636 98 132 0.9969068

