2_Demonstration_Demonstration_Or_Protest_2_159
96
710 79 35 61 0.010075622
477 381 12 24 0.010493854
530 423 19 22 0.010601829
244 418 10 11 0.010698183
281 390 33 42 0.010943695
132 423 17 38 0.010987876
723 96 41 54 0.011218301
451 355 11 27 0.011603365
671 92 7 11 0.011889921
986 317 32 73 0.012044249
243 410 10 11 0.012104
565 385 35 57 0.012662225
181 168 35 40 0.01266718
223 404 19 20 0.012713978
452 365 22 46 0.013062619
247 406 24 19 0.013077707
528 376 7 14 0.013111352
538 421 21 21 0.013230613
131 403 12 28 0.013302541
177 148 48 90 0.013476045
515 382 12 26 0.013478734
291 193 20 28 0.013695588
541 392 33 58 0.013800549
391 335 24 19 0.014215862
202 406 20 21 0.0146208415
585 365 29 43 0.015235088
516 370 12 26 0.0153545085
194 403 14 22 0.015481175
325 384 19 34 0.015740212
104 422 25 49 0.016470337
233 385 23 19 0.016569875
0 365 12 52 0.017035222
933 347 38 60 0.017543698
0 350 22 85 0.018081494
113 402 16 39 0.018804815
425 362 24 46 0.018810295
396 335 18 34 0.019120459
339 402 12 25 0.019533033
223 387 20 19 0.020321453
743 85 29 41 0.021687541
203 384 20 21 0.022122944
562 398 21 21 0.022795029
322 387 33 57 0.02369378
256 388 49 50 0.024166526
525 371 11 23 0.025320865
0 357 16 69 0.026011085
551 383 17 33 0.02674112
225 382 20 32 0.02694753
194 437 20 32 0.02717479
403 379 12 25 0.027690386
174 396 18 23 0.027741838
954 339 27 46 0.029062621
944 342 38 67 0.029267572
568 398 23 22 0.030136565
177 389 13 24 0.03225901
533 428 14 24 0.032326113
537 425 20 31 0.033986446
290 204 19 21 0.036320228
970 312 41 121 0.03673071
770 352 43 59 0.036991786
100 413 34 68 0.037884355
483 368 15 35 0.04304295
429 366 16 35 0.043378044
238 414 22 18 0.04337957
106 392 31 69 0.04971269
119 407 33 67 0.05067823
359 399 18 34 0.061339453
170 400 18 34 0.07186386
398 371 17 35 0.08622327
773 326 39 60 0.089255325
482 368 12 26 0.091395624
206 407 19 29 0.09164887
511 371 16 36 0.09317023
510 76 18 31 0.09453581
213 418 15 20 0.0987439
430 186 42 60 0.10439889
238 407 21 19 0.110634185
291 199 14 20 0.116425365
522 407 17 37 0.11880952
551 397 18 34 0.123748414
529 424 18 33 0.1291474
125 402 24 49 0.1426712
573 399 20 32 0.16647506
226 402 19 30 0.17158039
581 350 39 66 0.19448514
456 370 15 36 0.218475
713 102 28 44 0.2417222
467 380 12 25 0.25840846
424 179 39 58 0.27228495
214 418 22 21 0.32892084
590 342 54 77 0.37079322
174 158 46 57 0.3920494
331 397 19 34 0.45656806
272 378 47 60 0.4851996
669 380 31 42 0.91087604
825 336 92 115 0.98771834

