2_Demonstration_Demonstration_Or_Protest_2_419
39
711 506 35 70 0.011640666
995 576 19 64 0.011649694
5 370 22 52 0.012593598
142 408 18 25 0.012895569
961 229 31 77 0.013054868
0 428 21 127 0.013435268
988 243 26 98 0.015120031
7 376 15 41 0.015542151
643 489 21 63 0.016197491
78 430 53 89 0.016370276
3 382 28 78 0.016621158
642 466 48 105 0.017409418
418 561 38 54 0.018012278
2 390 19 59 0.020034524
821 179 51 97 0.021566695
146 397 37 64 0.023024926
303 236 43 70 0.023589814
1 396 14 45 0.02452871
989 565 27 83 0.027074056
966 246 31 83 0.02750545
989 565 23 50 0.028182188
144 412 13 24 0.029712487
147 414 37 73 0.03602706
130 413 38 65 0.03791805
977 238 42 128 0.047135975
149 444 36 74 0.05318013
131 417 55 84 0.0611562
598 161 47 62 0.06986696
453 280 43 70 0.076004386
602 145 50 99 0.10912302
138 407 27 42 0.11429977
640 479 28 86 0.17618619
70 408 54 86 0.21716505
83 424 44 63 0.35069993
307 599 38 79 0.51871735
24 395 55 90 0.5413448
459 271 54 91 0.5501088
285 223 52 94 0.6047899
790 171 59 95 0.6842542

