2_Demonstration_Political_Rally_2_114
437
907 307 22 19 0.010101977
212 169 7 6 0.010114315
995 247 13 17 0.010191031
603 274 22 28 0.010198975
516 204 6 7 0.010206375
971 290 23 18 0.0102169495
791 284 13 23 0.010220441
501 257 31 65 0.010237628
226 233 8 10 0.01026791
430 193 13 18 0.010268913
138 268 20 29 0.010325711
161 229 7 8 0.010385064
967 252 20 30 0.01040038
163 169 6 6 0.010402128
567 204 6 6 0.010435027
897 248 8 8 0.010559458
446 262 13 18 0.010623704
821 248 8 10 0.010675375
484 228 13 19 0.010712404
165 199 7 6 0.010718444
305 248 8 10 0.010735563
630 185 4 6 0.010753165
452 173 6 7 0.010759797
741 185 5 6 0.010763807
275 234 9 10 0.010821879
512 347 32 69 0.010881676
138 251 21 28 0.010894309
640 272 23 26 0.010914109
678 185 6 7 0.010952436
205 280 19 32 0.010974012
19 149 7 9 0.010992265
787 156 6 7 0.0110767465
365 275 20 21 0.011146399
93 269 13 17 0.011269059
245 233 7 10 0.01130784
448 265 9 12 0.011344967
210 241 13 20 0.011372801
102 246 9 9 0.011384871
486 294 27 43 0.011421235
1012 182 5 8 0.011424477
954 172 5 7 0.01142941
901 203 7 8 0.011495816
436 246 8 11 0.011529824
529 229 7 10 0.011574852
805 184 6 8 0.011601795
229 182 6 7 0.01162908
274 165 13 17 0.011764104
232 155 6 7 0.011782566
245 109 5 6 0.011818226
324 215 7 9 0.011888223
62 259 13 19 0.012024469
695 155 5 7 0.012050758
978 280 9 9 0.012196195
563 245 12 22 0.012205108
409 379 36 64 0.012211151
694 218 6 7 0.012220427
783 278 20 30 0.012231022
786 106 5 7 0.01232992
3 215 6 10 0.012402911
599 184 5 6 0.012518568
496 248 18 32 0.012559246
361 272 19 33 0.012598288
614 201 4 6 0.012612859
233 281 19 32 0.012635772
326 291 35 62 0.012713607
515 183 6 6 0.012818402
215 180 7 7 0.012863724
629 278 12 10 0.012888688
495 275 17 34 0.012902702
673 244 13 18 0.012906706
577 252 13 23 0.0129186
289 161 13 17 0.012926015
308 116 6 7 0.0129345525
451 153 6 6 0.012972523
879 241 13 17 0.012972816
504 269 20 23 0.013165716
466 230 7 9 0.013247638
57 246 7 9 0.013418586
247 183 6 7 0.013464234
693 356 34 69 0.013483933
820 260 13 18 0.013587434
869 247 7 9 0.013609872
258 155 6 8 0.014011107
579 216 6 7 0.01413948
882 200 7 7 0.01424737
532 204 6 7 0.014314246
416 228 12 18 0.014392417
245 156 6 7 0.014413205
50 187 6 8 0.014476106
49 169 6 8 0.014491113
674 279 8 10 0.014493271
35 230 8 8 0.01452288
457 313 19 33 0.014573263
497 242 12 19 0.014647665
757 200 5 7 0.014713287
147 204 6 6 0.014745036
374 136 5 7 0.014897803
34 183 5 8 0.014908353
895 184 7 8 0.014925203
531 123 6 6 0.015191617
968 232 6 8 0.015226183
417 244 8 11 0.015279441
426 200 6 8 0.0153147075
403 183 5 7 0.015384514
18 212 13 17 0.015403826
387 94 5 6 0.015462537
931 203 5 6 0.015493055
948 249 7 9 0.015516775
642 262 8 7 0.015605696
931 229 6 9 0.015644435
11 342 14 44 0.015693916
723 139 5 7 0.015709039
630 263 8 9 0.015727209
426 268 19 30 0.015728338
502 260 13 22 0.015745245
726 237 12 19 0.015765741
660 265 9 8 0.015799502
899 229 7 8 0.015850494
607 259 13 18 0.015860641
640 278 10 10 0.015955424
309 224 12 19 0.015970029
311 228 8 12 0.016118573
151 234 6 7 0.016343141
1012 229 6 9 0.016504074
307 150 6 8 0.016529076
578 115 6 8 0.016658502
265 103 5 6 0.01693497
805 245 8 11 0.017189287
867 186 7 8 0.017213479
133 199 5 6 0.017225439
144 261 20 20 0.017356193
256 215 7 9 0.017393276
595 285 20 20 0.017396396
800 278 14 21 0.017405977
878 303 21 19 0.017463418
413 326 36 64 0.017526725
786 276 13 22 0.017597843
676 171 5 6 0.017627032
399 242 13 18 0.017627396
903 216 6 8 0.017645579
456 217 6 7 0.01768916
759 185 5 6 0.017760556
449 241 13 19 0.017779557
408 148 5 9 0.01779386
916 246 7 9 0.017955048
337 238 13 21 0.018025462
88 267 9 10 0.018099204
805 201 5 8 0.018102374
511 250 18 32 0.018123252
482 170 5 7 0.01816697
118 263 9 9 0.018191753
733 238 12 19 0.018405223
967 247 7 9 0.018544808
821 262 9 11 0.018583907
295 217 8 9 0.01878524
1013 202 5 7 0.018908605
775 201 6 7 0.019229282
783 354 51 49 0.019349478
95 272 10 11 0.01937911
795 285 19 24 0.019595206
550 230 6 8 0.019844742
133 248 8 9 0.019887911
550 202 6 7 0.01989363
792 185 5 6 0.019965919
726 229 12 19 0.020083928
732 232 12 17 0.020093929
801 166 6 8 0.020139225
580 242 12 22 0.020169567
308 218 7 9 0.020251222
499 245 8 12 0.020255078
599 202 4 6 0.020372162
99 205 5 7 0.020627514
596 245 7 9 0.020863257
597 216 5 7 0.020888342
568 116 6 8 0.020953834
957 351 24 48 0.021011457
789 233 7 9 0.021061877
725 153 5 6 0.021291992
23 171 6 9 0.021572407
386 118 5 7 0.021751266
624 274 22 18 0.021834362
773 153 5 5 0.021873716
790 201 5 7 0.022185871
977 243 8 9 0.022336472
835 170 5 7 0.022395898
128 332 26 45 0.022481142
569 108 7 9 0.022514211
937 278 20 28 0.022514561
327 182 6 8 0.022766894
770 184 6 7 0.022772878
466 244 12 18 0.022985587
824 172 5 7 0.023399092
837 182 5 7 0.023442531
818 230 6 8 0.02345992
708 154 5 6 0.02355369
590 275 20 32 0.023568178
260 179 7 8 0.02372041
250 218 7 9 0.0237331
682 263 22 18 0.023809105
632 203 4 5 0.023952937
408 104 5 7 0.024016602
632 275 22 18 0.02413082
744 167 5 7 0.024153676
770 220 6 8 0.024232922
6 183 6 10 0.024244953
329 231 26 43 0.02424861
831 277 20 30 0.024297848
583 235 6 8 0.024322387
402 119 5 7 0.024334813
431 272 21 20 0.024632774
505 261 24 47 0.025258305
479 241 12 18 0.025670843
503 290 32 70 0.025861101
612 246 8 7 0.026216203
566 1 9 10 0.02633022
131 233 7 7 0.026330581
710 186 5 6 0.026435986
505 261 20 22 0.02648062
996 258 9 10 0.026574032
498 228 7 10 0.02664287
406 233 7 10 0.02683636
657 203 5 5 0.026973104
389 262 13 20 0.02700967
774 136 5 7 0.02702966
3 166 6 9 0.02711682
66 279 7 9 0.027151195
546 243 11 20 0.027206687
697 326 34 64 0.027232314
710 135 4 6 0.027355554
23 200 6 8 0.027512474
144 270 20 20 0.027542248
705 228 7 9 0.027768608
789 217 5 7 0.02800576
866 228 7 8 0.028433667
378 119 5 8 0.028713094
774 244 7 11 0.02891258
342 291 36 65 0.028944058
740 150 5 7 0.028968394
965 262 9 12 0.028986549
879 168 7 8 0.029343067
776 117 5 7 0.029346306
566 231 6 9 0.029354244
954 183 5 6 0.029360188
278 157 7 8 0.029380532
869 202 7 7 0.029737543
66 264 7 9 0.02980535
889 272 22 20 0.02996557
436 231 7 10 0.030046886
643 168 5 7 0.030075137
452 245 8 11 0.030218117
147 246 8 9 0.030395735
818 273 20 21 0.030682862
582 245 8 10 0.030876538
916 230 7 8 0.030935666
402 245 9 11 0.031071419
690 378 35 63 0.03125458
548 218 7 8 0.031529564
563 216 6 8 0.031534266
358 185 6 10 0.031584613
758 218 6 8 0.03205913
91 266 15 15 0.032179195
512 325 23 50 0.032251142
659 245 7 8 0.032271694
412 351 36 69 0.03247256
451 232 8 10 0.032642245
941 288 20 21 0.032707617
1013 217 6 8 0.033532236
689 266 10 10 0.033717502
840 202 5 6 0.033975363
830 244 13 17 0.03399182
487 231 7 11 0.03401411
228 120 5 7 0.03401631
645 203 5 6 0.034460727
728 241 8 12 0.0345407
609 262 9 11 0.03493728
997 250 9 10 0.034992155
883 229 7 8 0.036269628
997 203 5 5 0.03673869
294 153 6 8 0.03715912
482 216 7 8 0.037735503
884 220 6 7 0.0379675
964 258 12 19 0.038480677
259 263 25 42 0.038534697
821 200 5 7 0.038583525
741 140 5 7 0.038609356
888 183 6 8 0.03894654
21 181 6 8 0.039015893
8 152 6 10 0.03946998
741 216 6 7 0.040451888
1000 232 7 8 0.04056818
548 247 7 12 0.040620234
871 168 7 8 0.040949892
759 154 5 6 0.04182131
851 244 8 10 0.041918095
469 246 8 12 0.042048134
94 268 10 11 0.042706307
952 204 5 7 0.042879157
502 201 5 8 0.043413717
598 115 6 8 0.044127766
55 232 6 8 0.044344813
799 294 28 40 0.044505123
33 169 6 9 0.044795163
422 218 6 8 0.04495896
470 155 6 7 0.04560571
1 199 6 11 0.045661103
519 228 7 10 0.045861922
693 168 5 6 0.045994323
918 214 6 8 0.046147596
502 183 5 6 0.046651006
736 241 8 12 0.04673012
735 235 8 11 0.047167942
114 244 8 9 0.048010327
802 279 20 32 0.048037395
645 248 8 7 0.048280824
786 240 12 19 0.04829129
674 260 8 10 0.048296217
54 217 6 7 0.04841479
484 200 6 7 0.048913594
82 244 8 9 0.04904319
35 199 6 8 0.049087245
434 197 8 9 0.049180314
576 107 7 9 0.049828585
327 99 6 7 0.050127175
117 234 7 7 0.050289728
851 202 5 6 0.050553244
807 232 6 8 0.05185562
712 166 5 7 0.05236719
99 231 7 7 0.052374147
693 244 8 9 0.052874032
770 229 6 9 0.05326004
788 243 8 12 0.053471986
656 217 6 6 0.053580415
917 203 6 8 0.05367202
996 216 5 6 0.05480965
232 168 7 8 0.054944944
761 227 7 10 0.055025965
470 172 6 7 0.05524271
999 184 5 6 0.055430595
469 201 6 7 0.0554577
978 234 7 8 0.056123063
965 184 4 6 0.05666103
481 244 9 12 0.05735129
563 138 6 8 0.057723355
419 232 7 10 0.057949826
820 217 5 7 0.058276244
34 216 8 9 0.059186682
532 212 7 9 0.059187155
20 217 9 9 0.059710372
454 198 7 8 0.05988906
807 216 5 8 0.060636137
612 216 5 6 0.060864355
791 165 6 7 0.061086383
242 166 6 8 0.06156711
721 166 6 6 0.062168356
611 234 6 8 0.06268828
628 248 7 7 0.06274099
85 235 6 7 0.06318852
70 247 7 9 0.06328835
70 234 6 7 0.0651708
998 169 4 6 0.06519258
366 166 7 11 0.06608729
500 217 6 9 0.06619793
853 232 6 8 0.06643362
340 62 6 8 0.067108795
756 167 5 7 0.067184046
983 185 4 5 0.067338064
328 89 5 8 0.06794897
723 220 6 8 0.06831456
147 214 6 7 0.069561556
852 216 6 7 0.07012123
310 98 5 7 0.07082124
629 233 6 6 0.071871586
676 249 8 8 0.07201375
839 232 6 7 0.072121345
1014 169 5 7 0.07397258
707 219 6 8 0.073992185
132 215 6 6 0.07414216
825 182 5 8 0.07591174
426 180 7 8 0.077207595
982 156 4 6 0.07927559
982 202 5 6 0.08071489
515 213 6 9 0.08096172
837 218 6 7 0.08256279
867 217 6 7 0.08382121
359 93 5 7 0.08401013
932 216 6 8 0.08459835
982 169 5 5 0.0862197
277 100 6 7 0.08720986
825 275 21 20 0.0880976
163 217 8 7 0.08823859
982 215 5 7 0.089087315
648 218 5 6 0.09255241
833 247 8 10 0.09279426
647 234 6 7 0.09443258
596 232 7 9 0.09478524
657 235 7 8 0.095023036
339 101 5 7 0.09699081
50 198 6 9 0.10003294
470 214 8 10 0.10021618
293 99 6 7 0.100348175
275 178 9 9 0.10149539
727 232 8 11 0.10365682
288 91 6 7 0.10373275
362 169 7 10 0.10374779
7 355 20 57 0.105775736
774 167 5 7 0.10692088
340 67 5 8 0.10905114
102 214 5 7 0.10907197
694 233 7 8 0.10914013
965 198 5 7 0.11002051
480 182 6 7 0.11375477
964 172 5 6 0.11909687
378 101 5 7 0.11935004
292 164 7 11 0.12120761
118 216 5 6 0.122205414
963 216 5 8 0.12247302
93 325 26 43 0.12423218
422 100 6 9 0.12674807
277 169 7 10 0.13419743
678 235 8 8 0.13785025
627 216 5 6 0.13964823
882 243 8 11 0.14096077
575 244 20 30 0.14195845
81 215 6 8 0.14480658
949 211 6 9 0.15416744
280 92 6 7 0.1577135
258 170 8 9 0.1718109
385 100 5 7 0.1780772
359 98 5 7 0.18374307
342 90 5 8 0.18454939
473 180 6 8 0.20075156
453 181 6 7 0.24595764
68 213 7 8 0.25038585
433 181 6 7 0.2755208
953 340 24 48 0.28292263
309 93 6 8 0.29698926
649 313 26 43 0.37223727

