2_Demonstration_Protesters_2_268
81
1003 210 18 33 0.010341404
400 193 11 20 0.010384722
322 241 18 32 0.010423605
641 234 18 33 0.0104776155
372 252 12 25 0.010930614
558 153 8 10 0.011158478
199 268 23 50 0.011363851
1001 269 16 38 0.01170098
993 257 14 22 0.012082586
557 240 22 18 0.012152642
616 273 12 20 0.0122465
542 246 22 18 0.012518833
257 194 12 19 0.012984159
801 218 18 32 0.013339674
466 232 9 12 0.013389435
929 153 7 11 0.014151024
684 180 18 34 0.014178251
961 348 37 73 0.015703406
476 224 19 32 0.015726175
729 284 34 77 0.015935738
846 217 23 33 0.016050091
530 187 6 9 0.016178476
648 222 18 35 0.016407503
804 239 19 30 0.01821906
285 246 25 19 0.018534383
800 185 19 31 0.018543076
167 209 38 55 0.018557573
1001 352 18 63 0.018729782
517 268 7 8 0.01893355
1006 121 14 40 0.018951874
693 220 32 66 0.019424975
259 196 9 13 0.019599443
1013 144 9 23 0.020116955
772 212 17 33 0.020144463
1014 132 6 15 0.020663576
972 242 28 39 0.02156319
616 248 19 33 0.022032388
686 234 17 35 0.022066833
529 261 21 21 0.02348945
620 276 13 18 0.023507593
411 240 19 31 0.024076633
477 228 21 19 0.024480041
298 248 23 19 0.0246413
815 151 7 11 0.025694784
963 320 37 75 0.025798121
555 209 20 30 0.028279133
752 210 10 31 0.02948789
886 109 6 9 0.029689254
705 211 16 40 0.030823547
696 241 12 23 0.031227965
1012 125 8 30 0.03168816
553 154 8 11 0.03256752
750 220 12 30 0.035537653
402 196 8 12 0.03609186
698 207 23 53 0.03955566
698 229 23 49 0.041279268
481 239 18 35 0.045996036
457 238 20 22 0.04609819
685 211 24 48 0.05112838
463 225 19 31 0.055362597
464 230 13 21 0.05864648
1015 148 6 13 0.07337364
955 329 48 102 0.08438128
868 137 8 13 0.08805203
866 134 12 19 0.101861335
462 239 19 34 0.12429363
168 227 37 58 0.1560617
279 318 45 59 0.16921206
587 209 28 40 0.18253773
753 214 15 38 0.18806142
367 243 19 33 0.19397789
186 227 25 46 0.21865867
531 254 18 34 0.22064085
990 249 19 33 0.29910395
598 209 31 39 0.6154106
188 217 26 46 0.69823223
539 256 20 33 0.7131062
842 209 36 50 0.80908483
394 236 28 37 0.87505645
283 242 28 39 0.8847984
74 202 37 57 0.9795359

