2_Demonstration_Protesters_2_65
45
935 267 26 48 0.0101092085
28 299 39 57 0.010262459
2 279 16 37 0.010290297
353 299 27 43 0.010674379
376 302 29 40 0.010823772
183 297 30 39 0.011948307
148 271 49 78 0.012018862
891 319 35 69 0.012186261
950 313 44 96 0.013259175
420 328 31 38 0.013884381
63 309 22 20 0.014024044
280 323 29 43 0.014929972
178 289 41 55 0.015868913
0 302 24 47 0.015869264
870 347 35 63 0.017081235
899 298 33 67 0.017283104
220 240 39 55 0.017501561
419 306 38 55 0.018061558
885 348 37 69 0.018091897
92 291 21 20 0.020212729
416 320 40 56 0.020533584
437 326 30 41 0.02122749
930 260 35 66 0.021392668
161 296 29 40 0.028707543
2 307 16 38 0.029414797
433 306 39 53 0.034076795
94 279 21 30 0.03593005
991 281 33 64 0.039188355
230 263 27 42 0.041977
186 280 29 41 0.048800576
95 326 28 41 0.04952856
921 313 52 86 0.06357605
61 304 28 41 0.06944458
272 275 35 55 0.075009994
92 314 27 40 0.08065095
165 273 35 56 0.08729897
266 285 36 60 0.15256643
993 278 26 46 0.21917483
276 298 33 62 0.3934764
269 278 28 43 0.55672824
323 293 29 43 0.7296333
128 297 29 42 0.7669233
935 310 36 73 0.86064935
560 252 62 78 0.9107403
728 221 72 90 0.9707783

