2_Demonstration_Demonstration_Or_Protest_2_173
236
20 210 8 12 0.010111413
673 146 8 9 0.010139621
511 185 29 38 0.010453561
202 248 23 18 0.010509313
709 140 12 19 0.01060137
230 227 20 27 0.010633497
517 153 9 11 0.010672345
577 190 14 14 0.0107154865
25 249 30 41 0.010739979
578 186 20 28 0.0107900165
450 147 7 8 0.010798026
54 222 8 11 0.010832705
850 196 7 11 0.010835603
493 171 13 18 0.010848208
252 258 24 19 0.010899659
133 222 11 9 0.010929026
639 163 20 21 0.011017477
866 179 8 10 0.011229213
634 247 29 38 0.01142794
868 159 13 18 0.011543896
691 140 12 19 0.011641331
478 192 10 14 0.011901439
81 195 8 8 0.012148611
887 113 5 7 0.012294288
694 136 7 9 0.012440089
194 207 14 16 0.01247943
146 223 11 9 0.012486501
257 227 19 29 0.01257967
581 161 8 11 0.012584919
964 116 13 18 0.0128951995
446 176 9 12 0.013196442
668 192 26 42 0.013295063
485 161 12 18 0.013408813
114 196 13 17 0.013602755
63 207 13 18 0.01360438
421 317 19 34 0.013778053
417 192 9 12 0.013884413
368 194 9 12 0.0140065625
996 174 12 18 0.014053284
439 193 10 15 0.014206336
1012 165 6 11 0.014234311
676 195 20 32 0.014342523
205 195 19 27 0.014444383
175 190 13 16 0.0146852145
255 226 14 11 0.015010637
513 155 19 19 0.015035354
694 142 8 11 0.015170922
647 173 21 20 0.01565998
458 193 19 30 0.015681207
10 252 19 32 0.015818229
385 201 13 20 0.015874313
335 177 12 17 0.016172655
307 175 13 17 0.016187586
238 208 13 17 0.016243473
384 167 7 10 0.016677313
34 217 13 17 0.01675071
998 133 6 9 0.01698859
85 224 9 10 0.016998643
48 208 13 18 0.017101277
669 191 24 19 0.017398272
180 186 6 8 0.017708715
3 242 13 20 0.017793486
870 163 8 10 0.0180031
126 194 13 17 0.01832743
39 198 8 10 0.018328309
998 162 6 8 0.018471807
466 160 8 9 0.01852947
64 222 10 11 0.018757682
1000 149 6 10 0.01893956
244 188 12 17 0.019023797
159 219 22 17 0.019332724
592 208 22 18 0.019478384
1013 139 10 24 0.019715106
747 162 14 21 0.019866554
164 210 14 17 0.019950198
704 181 9 13 0.019962648
415 189 13 20 0.020078173
602 219 25 19 0.020156024
480 176 12 19 0.020569762
662 143 12 20 0.020613521
324 186 13 19 0.021188501
431 188 17 31 0.021493461
226 199 19 28 0.021596463
5 215 9 14 0.021645773
436 174 13 18 0.021724522
169 206 23 17 0.021919295
565 149 8 11 0.022013644
482 178 8 12 0.022100596
323 178 12 18 0.022417586
114 207 15 16 0.022500692
151 191 13 17 0.022553591
231 184 6 7 0.02340041
51 198 6 7 0.02351647
1016 130 6 12 0.024307093
335 187 13 18 0.02432594
184 273 24 19 0.024478676
213 203 13 18 0.024661828
711 143 8 11 0.02478908
398 187 12 19 0.02481989
70 197 8 8 0.024918018
359 194 10 13 0.024929842
656 201 34 57 0.024957301
918 111 6 8 0.025318047
162 222 10 10 0.02532592
112 222 13 11 0.02557009
1 212 18 21 0.025753727
384 176 8 11 0.02663606
833 163 13 21 0.026910177
256 190 8 11 0.026953487
966 119 9 10 0.027094668
434 163 6 10 0.027266447
899 183 20 30 0.028181547
719 148 12 18 0.029080812
11 227 19 29 0.029224874
401 190 9 12 0.029243506
338 190 9 11 0.029284716
902 178 22 19 0.02954465
721 150 9 13 0.029957956
82 213 8 8 0.030129537
880 143 13 18 0.030214958
965 121 13 18 0.03035265
309 177 9 12 0.030523902
424 162 7 10 0.031095712
966 124 10 12 0.031100817
98 224 13 11 0.031413253
416 177 12 19 0.031852443
193 181 6 8 0.032027725
139 209 15 16 0.032191116
156 191 13 16 0.03266816
451 164 7 9 0.032834988
100 215 20 31 0.033091594
1012 176 6 10 0.033166207
33 212 13 17 0.033558384
407 163 6 8 0.033677
242 211 8 10 0.035092525
1015 145 6 12 0.03584079
271 276 25 46 0.03591913
599 211 27 17 0.036544703
896 185 21 19 0.036628522
439 192 20 22 0.036898
326 189 10 10 0.03728315
945 194 23 18 0.037724234
100 198 7 9 0.03870849
373 175 13 17 0.03898987
708 124 13 20 0.0400986
0 286 27 60 0.040273324
210 195 14 17 0.040442225
245 182 6 8 0.04184354
520 189 20 22 0.04223496
419 179 7 12 0.04260177
663 146 8 12 0.04517116
66 211 8 9 0.04539088
742 160 14 22 0.048265588
36 220 10 11 0.04891486
214 207 9 10 0.049859885
100 211 9 8 0.05022344
475 189 14 19 0.054972395
710 128 8 12 0.055238105
390 196 9 13 0.055880975
337 179 8 11 0.05650208
226 210 10 10 0.05661383
562 161 9 13 0.05679129
51 212 7 10 0.05913914
132 210 15 15 0.05926838
116 199 8 11 0.06197059
701 178 13 19 0.06252699
325 181 8 11 0.06344925
486 164 8 11 0.06585071
439 175 8 12 0.070543915
35 215 9 11 0.07102854
559 158 12 19 0.071100004
467 190 20 21 0.07132167
719 154 13 18 0.07152462
897 179 21 19 0.07199156
178 208 9 9 0.07272029
260 181 7 10 0.074014045
167 213 8 10 0.07482548
721 156 9 13 0.07591317
513 189 21 20 0.07603976
143 213 9 9 0.07823522
375 176 9 11 0.08541674
198 210 8 8 0.086347625
387 194 13 19 0.08905809
438 149 6 9 0.08958138
104 219 24 18 0.09038725
402 178 13 18 0.091665074
116 209 10 9 0.09225592
194 193 8 9 0.1014077
998 177 8 11 0.10802882
129 197 9 10 0.11215018
355 224 23 44 0.11273298
404 180 9 12 0.118533306
496 163 10 13 0.12018421
230 195 7 7 0.12145166
134 213 11 10 0.121567644
153 192 9 12 0.13669953
360 190 20 22 0.14700954
358 191 14 19 0.14735772
250 223 22 18 0.15783547
246 191 8 10 0.15935841
493 162 13 17 0.16292329
220 206 20 19 0.16913235
652 209 30 41 0.17881317
16 239 14 20 0.19349912
213 198 8 10 0.19417372
253 249 25 44 0.19701141
94 220 22 19 0.19798125
362 294 31 55 0.2012921
883 145 8 11 0.21388339
438 190 13 21 0.21637505
207 240 21 21 0.21638112
178 192 8 10 0.22315522
277 273 28 47 0.2360249
574 186 19 21 0.24108864
106 244 36 60 0.24504916
743 159 17 31 0.25158373
454 219 30 61 0.2586822
159 192 9 11 0.26154014
548 165 13 18 0.2772193
318 207 20 21 0.27740702
518 158 10 12 0.28908953
504 212 36 61 0.2994934
5 216 13 20 0.30156392
831 163 20 30 0.30664727
673 154 18 23 0.3296333
287 195 14 18 0.33425635
674 274 37 70 0.33479545
640 169 20 21 0.3405176
583 230 33 60 0.34368858
777 186 26 46 0.36917195
850 285 42 76 0.3931869
173 226 23 20 0.3959971
0 301 20 49 0.41638297
55 344 35 69 0.43049666
170 309 37 64 0.51398414
868 205 35 61 0.6604772

