2_Demonstration_Demonstration_Or_Protest_2_176
94
934 321 9 12 0.010446866
930 328 22 19 0.011098526
988 331 21 20 0.011189215
313 336 8 10 0.011219464
639 309 12 11 0.011366192
456 334 9 12 0.011555132
610 299 13 20 0.01201781
258 328 12 20 0.0130921835
6 313 15 38 0.013132187
294 272 6 8 0.013319582
968 321 9 11 0.013526885
399 315 12 22 0.013826136
387 295 18 32 0.014031894
193 318 16 33 0.014110707
261 318 17 36 0.014255442
461 318 19 31 0.014411118
997 321 9 10 0.014700374
486 321 23 19 0.014952696
629 308 10 11 0.015277217
287 379 36 58 0.015552524
877 328 13 21 0.015883643
269 320 12 19 0.016029974
914 317 9 12 0.016074454
753 273 35 53 0.016622007
143 318 11 14 0.016623668
584 307 19 30 0.01692064
995 307 9 10 0.017013263
346 298 38 50 0.01712805
388 312 18 31 0.01763906
965 319 13 19 0.017809518
980 307 13 18 0.018138384
908 307 21 19 0.018193217
982 311 9 10 0.0182036
942 327 13 21 0.018463938
584 304 22 20 0.018593606
880 324 10 11 0.019157706
1011 322 9 11 0.019686231
138 308 21 18 0.01980208
272 324 7 11 0.020248635
455 331 12 20 0.021142574
260 332 8 12 0.0214297
50 331 13 24 0.022076085
351 311 20 23 0.022850508
975 318 19 29 0.024618892
818 323 13 10 0.02554475
803 320 21 18 0.02574564
622 309 20 29 0.027418623
458 332 21 20 0.027528752
324 318 20 31 0.02783535
869 323 9 10 0.028609524
912 314 13 18 0.034679577
991 318 21 20 0.035478257
998 320 17 32 0.035917826
981 321 9 11 0.03655979
135 324 14 19 0.042614322
46 328 18 32 0.043724645
1004 319 20 20 0.044068597
157 294 17 31 0.044377368
864 322 21 18 0.051000282
866 329 21 20 0.05200448
637 299 19 29 0.056389727
152 287 23 19 0.056671616
322 334 9 12 0.06674577
979 318 13 19 0.06855882
619 295 18 31 0.0767425
257 321 12 19 0.077072255
319 331 13 19 0.077329256
941 321 14 21 0.077441074
631 308 29 35 0.07768275
873 322 21 19 0.0877515
871 328 20 28 0.09002731
627 312 21 19 0.090071574
194 334 12 18 0.09444141
573 300 21 22 0.11622424
196 335 9 13 0.12037452
810 315 18 30 0.12965079
138 315 19 21 0.13198724
930 319 20 20 0.15318869
259 325 8 12 0.17424288
626 305 20 20 0.20623231
762 283 20 33 0.23309658
936 323 19 28 0.24470423
632 312 24 20 0.25523314
355 295 26 41 0.26049492
479 320 21 21 0.2866883
136 319 18 33 0.2871059
632 307 22 19 0.30157447
132 329 14 19 0.35324922
813 319 23 19 0.45878753
578 293 19 35 0.63083875
482 315 20 33 0.6633614
68 294 25 47 0.86398506
752 277 25 43 0.8932473
543 289 28 40 0.9006263

