2_Demonstration_Political_Rally_2_609
322
742 395 9 13 0.010058274
1015 473 7 14 0.01008523
550 125 5 6 0.010087111
480 422 11 11 0.010139319
497 361 13 17 0.01018115
414 355 13 16 0.010246489
787 410 10 12 0.010340501
261 169 6 8 0.0103471745
882 388 12 19 0.01040603
610 368 11 12 0.01040913
556 323 13 18 0.010485697
821 433 13 18 0.010490319
451 422 11 10 0.010496235
580 432 20 30 0.010523365
690 495 11 24 0.010541528
767 572 22 20 0.010571481
712 476 11 22 0.010606537
477 322 13 17 0.010634264
719 322 13 18 0.010635071
735 306 12 18 0.010707155
613 344 11 11 0.010738577
756 305 9 12 0.010839216
383 439 14 17 0.01085261
481 339 13 17 0.010858078
5 181 7 12 0.010871196
126 292 51 113 0.010889537
1015 448 9 24 0.011027151
736 550 26 44 0.011048403
642 433 14 13 0.011088729
595 340 13 16 0.011192482
495 366 20 19 0.011201827
372 294 8 9 0.011270856
671 450 12 20 0.011345319
419 403 11 12 0.01138545
670 296 10 13 0.011388011
817 296 10 11 0.011455927
610 453 20 20 0.011550307
69 264 54 103 0.01159722
424 294 7 10 0.011643141
303 367 13 17 0.011677382
805 424 9 13 0.011840394
845 508 19 29 0.011851333
719 297 10 13 0.011888991
132 261 41 67 0.011914046
293 378 9 11 0.012186525
695 357 9 13 0.0122333495
415 374 14 15 0.012254237
1014 340 8 13 0.012283539
903 478 21 20 0.012320493
703 282 9 13 0.01233441
927 496 15 12 0.012362132
744 510 21 19 0.012375016
785 311 12 18 0.012397614
613 419 13 19 0.012404453
856 479 20 20 0.012433946
369 361 8 11 0.012471058
214 165 6 11 0.012915646
743 291 9 13 0.012939071
772 498 14 12 0.013023235
744 537 24 17 0.013032163
607 359 14 16 0.013115493
402 360 10 11 0.013132613
336 294 8 9 0.013220986
973 476 18 30 0.013257234
818 355 10 13 0.013298855
823 435 9 13 0.013312327
220 386 39 62 0.013323549
9 178 17 35 0.013373614
772 500 21 28 0.013375767
710 420 12 19 0.013435938
800 295 12 17 0.013485716
779 532 19 32 0.013539223
743 465 19 29 0.013567382
747 473 14 17 0.0135882525
533 341 13 18 0.013589192
740 427 8 10 0.013644559
390 293 8 11 0.013669508
328 333 8 9 0.013723262
730 542 36 62 0.013838501
800 403 9 13 0.013920196
577 373 10 12 0.013957213
711 424 8 13 0.013992247
724 313 9 12 0.014065405
374 373 8 12 0.01407906
715 504 19 32 0.014115404
603 324 20 17 0.014128809
907 473 14 17 0.014188365
115 287 44 66 0.014353266
788 323 9 13 0.014422318
784 468 14 11 0.0144265145
765 320 12 19 0.014477084
901 353 11 20 0.014550436
713 464 18 30 0.01461133
499 363 9 12 0.014644011
551 358 12 18 0.014688886
452 451 13 12 0.01481756
1009 414 11 22 0.014895473
436 426 11 10 0.014953194
770 587 24 48 0.015114443
398 331 8 10 0.015239695
772 416 9 13 0.01541878
737 308 9 13 0.015622633
806 279 10 13 0.016068492
851 393 10 14 0.016194133
957 478 13 18 0.016231628
774 568 25 17 0.01629459
575 371 14 18 0.01632833
723 432 11 13 0.016363727
620 430 13 18 0.016426051
839 385 11 20 0.01643889
885 459 19 21 0.016473984
559 327 10 11 0.016480422
337 341 8 10 0.016583703
673 348 9 13 0.016586978
743 531 18 33 0.016607268
1005 350 11 22 0.016616793
433 404 20 17 0.016638275
750 443 18 29 0.016656322
723 514 20 20 0.016759053
354 426 9 13 0.016925247
533 356 11 12 0.017005457
804 357 9 13 0.01702218
731 548 25 17 0.01709344
968 344 19 20 0.017269593
721 325 9 12 0.017371578
593 418 14 19 0.017552871
662 311 13 18 0.017664824
737 432 13 16 0.017665451
495 340 12 16 0.017724805
786 313 10 12 0.017733524
762 449 14 17 0.017791336
559 345 8 11 0.017870503
966 414 14 19 0.017872225
851 484 14 19 0.017982252
552 361 9 12 0.018060213
485 389 13 13 0.018143713
532 353 13 18 0.018344762
497 305 9 13 0.018432783
959 445 19 27 0.018482246
677 501 23 48 0.018644726
717 456 13 18 0.018822273
580 360 10 11 0.018875713
671 371 13 17 0.018944938
494 390 12 13 0.019000087
755 416 12 17 0.019146044
430 393 12 11 0.019289251
910 504 22 17 0.01941399
717 428 20 19 0.019467266
389 370 10 12 0.019497449
710 327 9 12 0.019507466
746 543 23 18 0.02001825
767 323 9 13 0.020071287
991 474 19 30 0.020105703
914 333 13 19 0.020242942
982 486 14 20 0.020286694
700 509 12 24 0.020307554
356 383 13 17 0.020331837
751 504 14 17 0.020461472
816 455 10 13 0.020573907
385 395 10 12 0.020814557
3 209 14 42 0.020946963
439 332 9 10 0.020958848
365 420 12 18 0.021409936
808 450 12 19 0.02142686
121 255 78 138 0.021720605
437 342 9 9 0.022143563
306 370 9 12 0.022304645
846 434 13 21 0.022311967
637 426 21 17 0.022314236
1013 469 10 24 0.022367211
621 340 14 16 0.022383431
596 342 10 12 0.02273179
144 266 42 66 0.02311331
741 475 18 21 0.023335768
339 356 13 17 0.023469903
849 559 21 20 0.023748236
338 390 13 17 0.02379476
290 355 10 12 0.023831917
551 345 8 11 0.024172701
966 621 12 20 0.024601366
979 434 13 20 0.024659641
734 503 19 29 0.024737796
479 410 12 10 0.024872364
324 358 8 10 0.02508668
800 344 9 12 0.025293618
631 389 14 18 0.025412973
392 338 9 11 0.025764411
580 386 14 18 0.025791124
398 338 9 11 0.025966799
767 526 23 18 0.026197625
667 318 12 18 0.026342258
1015 481 9 14 0.02641025
597 316 10 11 0.0264784
925 490 15 16 0.026661674
716 475 12 22 0.026713448
836 479 13 18 0.026781613
616 449 20 22 0.027116513
687 409 13 19 0.027529538
750 276 13 19 0.027892796
801 298 10 12 0.028024279
435 435 13 10 0.028310874
588 435 14 19 0.029459497
887 454 14 21 0.029514901
352 359 8 11 0.029616728
854 519 23 19 0.029779142
779 529 25 17 0.030877637
352 424 13 18 0.030993761
261 366 12 18 0.031160092
903 477 14 18 0.031624522
891 549 19 21 0.031927478
430 432 22 17 0.032585282
252 335 22 18 0.032885406
739 604 34 60 0.03299163
561 368 10 13 0.03312504
353 429 12 19 0.03332864
772 295 10 14 0.03334309
328 339 8 10 0.033846844
206 147 17 33 0.034052853
890 461 20 21 0.034502216
368 310 8 11 0.035060234
985 485 20 21 0.03536566
446 408 12 11 0.035416022
922 493 22 18 0.03576266
850 391 12 19 0.036470048
214 153 6 11 0.036657684
357 379 8 11 0.036658805
972 349 13 18 0.037205826
500 369 12 12 0.03797249
723 426 10 13 0.0380582
598 321 10 12 0.038290557
739 434 9 12 0.03841323
907 510 22 19 0.03877421
355 342 8 10 0.038877882
436 408 12 11 0.039059073
535 343 9 11 0.03907593
641 350 14 16 0.039684236
702 286 12 19 0.0410699
814 452 13 19 0.041636232
309 439 12 19 0.041945037
620 423 13 18 0.04212215
485 342 8 12 0.043086827
496 342 9 12 0.04343382
791 387 10 13 0.04402119
473 405 22 17 0.044181406
408 418 12 13 0.04430738
913 327 13 19 0.044539075
391 330 9 11 0.04478058
435 355 10 11 0.04483549
463 364 11 12 0.04512841
820 403 13 18 0.0454762
814 322 13 17 0.045513593
765 567 23 19 0.046004113
672 352 10 13 0.04646103
340 392 9 12 0.04713618
648 327 10 13 0.047381572
448 448 21 17 0.04770482
710 387 9 14 0.05081491
440 405 21 17 0.051100697
715 406 12 17 0.051556043
413 437 14 17 0.053253587
468 341 13 17 0.053493798
638 431 21 19 0.05362904
451 387 14 16 0.054265495
669 514 23 47 0.05533141
643 345 14 16 0.0561218
532 400 13 17 0.05674227
770 563 20 32 0.056844678
971 408 13 18 0.056900125
411 418 14 15 0.057321206
416 358 10 10 0.057362158
757 419 9 11 0.058205813
891 457 14 18 0.058688916
557 360 13 17 0.059381735
356 327 7 10 0.059382007
997 376 14 18 0.060653154
480 324 8 12 0.0611058
662 320 13 16 0.06371727
417 377 10 10 0.0651732
470 343 10 12 0.06689523
967 348 13 18 0.066980675
743 472 14 20 0.06718569
358 385 9 12 0.06810045
775 498 23 18 0.06957518
482 386 21 19 0.071086295
1013 476 11 23 0.07172441
717 467 13 21 0.07276362
510 337 13 18 0.07522897
789 436 13 18 0.080934264
419 394 11 12 0.081224844
769 495 22 18 0.08589744
609 326 10 12 0.09252252
461 366 14 16 0.098739974
759 321 12 17 0.09905979
940 465 14 18 0.10038402
712 403 12 18 0.10079109
729 515 24 19 0.10155975
997 351 14 17 0.1018811
848 518 21 19 0.101958826
779 465 22 18 0.109046556
585 385 20 20 0.10971816
772 410 11 13 0.109957494
692 412 13 20 0.11357707
341 358 9 12 0.11489891
721 424 13 19 0.11720097
383 399 13 16 0.117677204
390 361 10 13 0.118851066
305 361 10 13 0.11932165
809 544 20 31 0.13084619
756 450 14 17 0.13922387
677 402 13 19 0.14397132
321 371 13 17 0.15177146
449 343 10 12 0.15979047
909 431 14 18 0.16263679
993 467 14 19 0.16365224
739 399 13 17 0.17368399
488 387 20 19 0.181245
965 449 14 19 0.21196097
133 264 53 108 0.2284845
750 370 13 17 0.2891267
632 391 21 18 0.29666743
941 372 14 19 0.3030702
158 141 25 42 0.8233768

