2_Demonstration_Demonstration_Or_Protest_2_200
254
433 27 8 13 0.010090154
963 0 12 15 0.01011358
349 194 21 29 0.010345264
1 215 23 51 0.010365344
647 30 12 21 0.010420423
851 72 12 22 0.010511401
977 4 8 11 0.010519161
321 1 10 7 0.010522025
413 152 19 31 0.010594819
342 1 11 8 0.010596964
5 16 6 11 0.010632428
322 45 12 17 0.010636913
864 34 7 11 0.010670719
691 6 13 20 0.0107874675
357 87 13 19 0.010807381
311 59 12 18 0.010810741
929 66 19 30 0.010930902
33 63 9 12 0.010932681
49 62 8 12 0.010988301
295 340 36 62 0.010993898
68 46 8 11 0.011101275
389 150 33 55 0.011132065
434 4 8 8 0.011179997
30 62 12 19 0.011199587
494 43 9 12 0.01123809
785 9 14 17 0.011280444
713 31 8 12 0.011347213
47 118 13 22 0.011447943
118 256 30 37 0.01145994
548 354 12 28 0.01149452
29 73 10 14 0.011511383
469 59 13 18 0.011581849
412 128 19 30 0.011749533
714 24 19 30 0.0117974505
705 40 13 21 0.011837186
4 93 10 13 0.011993822
318 165 21 28 0.012013642
659 34 9 12 0.012086372
719 29 8 13 0.012171157
481 31 18 32 0.012435334
210 183 13 24 0.012442878
411 138 14 20 0.012549942
801 318 30 40 0.01259757
471 62 9 12 0.012609771
318 91 19 29 0.012649962
365 116 14 19 0.0127447145
895 179 19 31 0.012768892
292 88 9 15 0.012888592
73 86 19 31 0.012903292
31 63 18 29 0.012924421
772 10 10 9 0.012999299
100 257 27 39 0.013012937
531 80 8 14 0.013080051
65 61 18 30 0.013147057
658 35 13 22 0.01317252
763 366 42 53 0.013288541
883 48 9 13 0.013322245
906 110 21 20 0.013437013
260 73 12 20 0.013442627
861 42 12 20 0.013448574
313 62 8 12 0.01349947
1 78 12 20 0.013542102
64 56 12 20 0.013543153
526 0 12 17 0.013549116
528 28 8 11 0.01363865
864 44 7 13 0.01364626
283 73 18 28 0.013674903
310 77 8 13 0.013694062
559 24 14 17 0.014057863
512 12 8 12 0.014064598
143 0 8 10 0.014167809
711 28 12 21 0.014177604
394 126 20 28 0.014370458
2 81 9 12 0.014391592
854 40 11 20 0.01451468
790 86 12 23 0.015178525
66 0 8 11 0.015267522
366 26 8 14 0.015306965
296 355 40 64 0.015516092
529 78 11 21 0.015622515
22 64 9 13 0.016185172
308 75 12 18 0.016202118
719 17 8 10 0.016381958
866 55 12 22 0.016556406
320 76 8 14 0.016628245
21 19 6 8 0.016713016
261 76 8 13 0.017259406
893 152 23 19 0.017349737
787 13 10 10 0.017771857
388 78 7 16 0.018278455
0 134 8 31 0.01834615
975 24 13 19 0.01839691
676 396 28 50 0.018514026
386 122 14 18 0.01869869
952 187 26 19 0.01876363
18 125 13 23 0.018842962
38 19 6 7 0.018874632
766 336 42 52 0.018890731
7 92 22 19 0.019255012
761 75 6 14 0.019419126
48 28 7 11 0.019588195
337 92 8 13 0.019595008
42 94 19 33 0.01976488
455 11 12 18 0.01976507
881 11 11 12 0.019885026
1010 83 10 31 0.020347718
473 32 9 12 0.020409465
359 143 22 19 0.020538107
262 22 11 21 0.020792238
501 1 12 17 0.020994367
334 90 12 19 0.021517538
444 78 21 19 0.02166945
317 57 12 19 0.02176686
284 171 22 21 0.021838577
299 84 18 29 0.021852527
997 13 8 10 0.021983517
562 27 10 10 0.02210449
965 0 8 11 0.022353638
311 96 10 15 0.022465602
456 14 9 12 0.022636658
351 0 13 14 0.022968963
656 32 14 19 0.02306348
277 70 9 16 0.023346344
272 70 17 29 0.02365403
716 26 12 22 0.02374345
384 83 12 21 0.0239304
430 24 12 20 0.023988597
887 169 23 21 0.02418946
371 76 12 23 0.024225945
43 118 19 33 0.024421737
454 0 9 9 0.024625625
22 42 13 18 0.025115116
851 61 8 12 0.025400002
943 10 11 19 0.025409035
881 45 12 21 0.025554767
857 36 8 11 0.025666771
528 1 9 12 0.025827918
759 72 11 23 0.026306385
312 170 22 19 0.026385803
292 79 9 15 0.026621642
917 389 38 54 0.026801735
502 3 10 12 0.026878035
849 62 18 32 0.027384605
400 51 12 22 0.028083729
320 59 8 13 0.028100843
354 157 21 21 0.028173544
898 292 28 40 0.028280275
910 118 15 22 0.028282037
29 41 12 19 0.028851146
760 0 9 9 0.029567165
397 70 11 21 0.029677792
392 28 8 13 0.029732239
21 63 13 20 0.030229779
674 28 20 31 0.03083841
905 152 24 19 0.03108774
672 40 14 20 0.03143686
2 32 6 11 0.032117534
51 16 6 8 0.032285932
1010 28 9 12 0.03245416
307 98 18 22 0.032464657
901 116 19 21 0.032963444
931 78 10 14 0.03354168
479 29 13 17 0.03400218
354 109 14 20 0.034099128
856 43 7 11 0.03453025
87 28 8 15 0.034912188
983 176 24 18 0.034937322
277 65 8 16 0.03525678
403 47 9 17 0.0354853
0 42 9 21 0.03552871
800 338 29 40 0.035966735
21 29 7 10 0.037897266
12 122 16 35 0.038138356
879 8 13 20 0.039470416
843 183 25 45 0.040430617
528 84 11 24 0.042100903
681 39 22 20 0.042114496
356 120 20 30 0.042328883
463 0 9 8 0.04309151
324 48 8 10 0.043122657
317 74 12 20 0.043627977
8 360 37 60 0.043713458
59 250 35 57 0.044278923
978 27 8 12 0.04560271
401 139 21 20 0.045730554
485 39 13 17 0.045808077
516 97 33 65 0.04599272
768 0 10 7 0.046248607
312 92 19 22 0.047438607
204 179 19 32 0.04803085
806 0 11 8 0.04842258
849 58 12 20 0.04851032
16 62 16 32 0.04958024
843 136 21 21 0.050216794
879 158 25 43 0.050333414
547 344 17 38 0.050364897
7 87 16 34 0.05054107
24 44 8 12 0.051252414
678 54 25 46 0.05229812
351 121 21 18 0.053798232
979 9 12 19 0.055836815
37 32 7 9 0.05947536
1008 24 12 21 0.062075134
1006 80 16 36 0.0638064
291 85 12 21 0.064255
946 13 7 12 0.06526253
982 12 8 12 0.06787956
32 44 8 12 0.06802349
487 41 9 13 0.068779245
843 118 25 44 0.073259
524 89 23 51 0.074881986
386 76 11 23 0.08267047
481 32 9 10 0.08800244
502 6 12 18 0.09719482
903 0 13 16 0.10328298
289 77 13 21 0.10733036
908 0 13 17 0.10767365
1 89 19 21 0.10785579
362 112 20 20 0.109336324
1 45 7 13 0.10965902
667 375 36 63 0.1158009
86 25 12 21 0.11783486
289 168 22 30 0.12045739
929 76 13 19 0.12054
292 175 22 31 0.13359924
396 160 21 32 0.13957073
815 0 9 6 0.14152315
359 151 20 30 0.14332518
23 71 14 18 0.16310912
892 299 27 43 0.16316225
174 220 26 44 0.17800112
907 114 19 31 0.18227717
91 28 12 21 0.18331604
952 178 30 36 0.1880967
181 224 27 42 0.19198607
891 162 20 32 0.19263208
354 0 9 11 0.2211907
310 94 13 21 0.2640613
309 360 41 67 0.27126428
276 67 13 22 0.28810945
461 10 14 17 0.29569486
671 385 37 69 0.29851815
22 357 34 60 0.3008522
853 321 33 58 0.32949066
227 188 27 40 0.33467585
87 131 29 38 0.35590458
73 268 31 43 0.37269047
391 223 17 36 0.37810734
356 23 14 18 0.4287484
948 305 40 53 0.4608641
281 218 29 46 0.48044157
401 45 12 22 0.5649092
814 489 45 65 0.59269065
797 376 34 63 0.7616032

