2_Demonstration_Demonstration_Or_Protest_2_402
28
85 205 34 61 0.011527167
1002 164 22 19 0.013414477
838 49 28 44 0.015375054
398 121 44 62 0.016707547
146 203 18 35 0.01693051
243 205 13 19 0.018434854
255 244 12 22 0.018472366
910 6 24 47 0.018801875
148 48 46 117 0.019443762
150 209 23 20 0.020173993
773 7 17 34 0.021099146
154 93 38 67 0.021693088
831 2 36 60 0.0224678
278 289 12 21 0.02751106
155 204 18 34 0.02901116
147 15 49 109 0.030992083
637 163 37 67 0.031973198
833 40 37 62 0.038743503
669 151 39 70 0.039581455
647 126 48 83 0.04858729
181 132 46 96 0.0859987
191 149 42 70 0.10860004
321 150 41 71 0.14635314
670 136 41 64 0.20721442
801 122 44 64 0.34875813
611 107 44 65 0.45663756
389 106 44 66 0.48111525
476 121 45 56 0.86112654

