2_Demonstration_Protesters_2_179
69
2 37 13 44 0.010015518
522 190 21 35 0.010173647
78 336 13 19 0.010179844
1005 208 19 21 0.010499134
100 313 12 19 0.010631966
653 174 23 20 0.010644895
31 311 12 17 0.011233809
833 198 40 61 0.011469753
7 278 8 11 0.011652506
544 177 20 32 0.011756112
1 311 18 20 0.011756267
548 207 21 29 0.012685119
980 196 12 12 0.013175676
3 251 8 12 0.013350637
975 186 21 17 0.013527489
740 162 33 61 0.014157065
4 257 9 14 0.01423401
61 320 12 17 0.014303593
39 325 7 9 0.014375565
18 322 8 11 0.014634608
102 315 8 12 0.014901085
60 311 13 17 0.015257646
1 248 12 20 0.01614954
931 239 26 46 0.016153622
816 224 55 50 0.017053124
828 149 55 82 0.017590977
793 223 46 52 0.017945122
983 193 20 20 0.01864729
64 352 9 14 0.018850893
800 212 29 41 0.019884631
3 304 15 36 0.020686572
647 154 20 38 0.022749476
82 340 7 11 0.023850543
96 310 16 31 0.024278663
797 205 38 57 0.02432189
745 169 25 45 0.025171071
850 133 35 65 0.031049812
63 314 8 11 0.03254541
846 162 25 47 0.03359785
65 343 13 18 0.034891065
758 162 35 62 0.035793617
821 182 59 93 0.037607547
19 305 13 18 0.04038637
2 253 12 21 0.042659476
34 314 8 11 0.043976
64 322 8 12 0.04487153
708 146 18 35 0.04696435
842 153 33 67 0.052475363
68 345 8 12 0.058194023
6 315 8 13 0.06105094
961 194 21 19 0.06204577
22 308 8 12 0.068509996
54 317 12 17 0.071760625
971 186 19 29 0.07899625
101 322 9 15 0.08220085
645 168 23 31 0.10671776
82 325 12 18 0.110473216
52 314 13 16 0.11343997
84 327 8 13 0.13464919
845 145 24 50 0.21146704
46 368 13 20 0.21722132
55 320 9 12 0.22170784
4 317 12 19 0.22429717
100 319 12 20 0.23024462
54 316 9 12 0.26778352
976 191 20 21 0.40568018
643 145 33 55 0.7831455
157 194 33 40 0.9037823
517 195 32 39 0.94494003

