2_Demonstration_Political_Rally_2_763
30
4 38 39 63 0.011928165
16 36 45 60 0.012571156
1 67 30 80 0.013726825
1 86 27 87 0.013896522
267 82 87 122 0.014437244
489 215 27 48 0.0150818555
690 194 42 60 0.015215019
5 28 75 169 0.016427184
500 222 37 70 0.022917619
739 232 39 36 0.024710545
708 193 49 83 0.027010867
817 227 54 84 0.030362526
777 220 53 79 0.035495654
125 150 50 97 0.04272131
15 42 47 122 0.061445553
555 167 53 113 0.066246144
749 222 48 54 0.0817657
460 201 67 75 0.17238505
516 174 77 100 0.20078973
251 151 44 69 0.2747024
266 122 68 95 0.31242993
556 153 64 97 0.32577163
662 173 56 76 0.34601322
486 216 37 74 0.45909703
640 226 30 36 0.57613194
446 192 38 68 0.8522865
742 216 42 55 0.8645933
803 248 70 85 0.9215514
528 150 81 112 0.9361241
295 96 77 136 0.9446739

