2_Demonstration_Demonstration_Or_Protest_2_79
151
596 629 7 9 0.010202046
598 596 8 11 0.010371685
950 501 7 8 0.010509264
701 542 12 17 0.010529196
760 583 8 11 0.01068387
740 611 14 18 0.010838214
918 506 6 8 0.011085545
917 517 6 7 0.0112505695
946 550 6 10 0.011263689
690 509 12 16 0.011309558
781 628 25 16 0.011341561
738 628 8 10 0.0114963455
597 618 8 10 0.011513151
839 565 8 10 0.011544989
675 537 6 8 0.011667353
737 558 13 18 0.011673078
836 598 7 9 0.0118352445
640 620 9 12 0.01198571
672 563 11 19 0.012061999
940 599 21 31 0.0121350065
720 627 8 11 0.012174253
852 555 8 10 0.012369552
754 551 8 10 0.012471311
727 567 7 9 0.012653685
848 561 13 18 0.012750733
955 592 29 41 0.012777449
845 593 13 19 0.01281208
569 582 17 20 0.01282166
878 581 9 12 0.012890436
727 586 8 9 0.012969227
549 586 12 17 0.01298485
919 556 6 8 0.013214294
629 578 13 18 0.013374294
849 597 8 10 0.013449428
660 574 12 18 0.01365516
660 611 8 12 0.013954135
615 521 6 9 0.014278759
849 482 7 11 0.014499272
808 516 7 11 0.014506341
641 548 7 12 0.014652773
707 582 6 9 0.015059708
840 586 7 9 0.015399806
551 630 7 8 0.015404693
837 552 7 10 0.015460743
737 583 8 8 0.015981948
849 585 8 10 0.016154949
593 580 12 17 0.016668338
717 612 13 17 0.017261954
889 519 6 8 0.017295646
917 566 6 8 0.017380217
753 490 7 9 0.018134944
714 615 8 12 0.018350074
736 521 7 10 0.018923577
862 473 8 10 0.018945664
727 549 13 18 0.01924692
842 484 7 11 0.019399341
971 644 28 36 0.019870194
949 586 40 58 0.019898338
742 615 9 10 0.020595152
582 617 8 9 0.021141393
726 597 8 10 0.021797597
963 548 7 11 0.0220306
624 595 8 11 0.022228116
736 536 9 11 0.023665503
610 611 9 13 0.02405156
901 518 5 7 0.024099894
602 564 19 19 0.024423657
963 586 47 94 0.025773391
638 570 12 17 0.026275551
607 608 14 18 0.026297638
648 534 6 10 0.026355106
749 609 13 17 0.026659578
631 626 12 18 0.027040685
991 655 18 25 0.027113177
703 503 8 11 0.027132945
965 636 37 44 0.027146246
756 568 7 9 0.027441863
602 568 8 11 0.027802227
851 565 8 10 0.027879067
565 633 8 9 0.028447095
631 571 8 10 0.028477443
752 612 10 12 0.02905595
986 660 25 18 0.029265106
739 563 9 10 0.029890634
648 516 10 18 0.03093216
688 581 12 19 0.03110563
670 597 11 19 0.031297933
662 596 12 19 0.032153245
675 580 7 10 0.0323232
768 565 8 11 0.032514594
610 596 14 17 0.032934833
533 594 11 18 0.033496898
552 614 7 9 0.03384915
638 625 10 13 0.035189565
752 496 11 18 0.036052678
572 589 12 18 0.03676431
969 629 24 19 0.03716979
757 519 7 11 0.038241964
641 572 8 12 0.042122185
560 591 12 17 0.04218538
697 539 8 11 0.04400964
567 583 12 18 0.04527927
663 599 9 12 0.046610434
673 600 7 12 0.046664875
636 623 13 18 0.048423212
871 578 9 12 0.049056206
869 574 13 18 0.04939085
661 568 12 17 0.050334107
633 628 8 12 0.05169126
704 545 8 11 0.05830148
961 625 29 40 0.060631067
695 550 7 10 0.06413194
729 552 8 11 0.06538535
609 582 9 10 0.06833119
560 615 8 9 0.06994174
631 581 8 11 0.07109927
720 615 8 11 0.07143894
739 552 9 12 0.073093005
654 519 7 11 0.07700522
691 584 8 12 0.08216893
856 473 7 11 0.08309951
956 618 39 56 0.08533974
675 567 7 10 0.08716114
662 577 7 11 0.08856927
551 589 8 11 0.08916354
613 597 9 11 0.08958431
549 592 12 17 0.09100279
575 591 8 13 0.091741785
595 583 8 11 0.0962097
675 553 7 10 0.10437451
706 566 7 10 0.10571982
867 569 10 12 0.10693049
736 549 13 19 0.107950635
692 511 8 12 0.11085348
691 566 7 10 0.116182566
574 585 9 12 0.14096016
568 585 8 12 0.14319007
640 575 12 18 0.14837883
865 567 14 18 0.15227568
704 538 9 12 0.16124319
562 594 8 11 0.17631999
754 498 8 12 0.19852741
663 571 8 12 0.22123228
642 578 9 12 0.31262618
608 566 9 13 0.32285136
901 620 28 39 0.34708044
535 596 8 12 0.38171035
550 594 8 12 0.38233462
649 519 7 12 0.38742486
690 506 9 13 0.42069826
819 521 9 13 0.43874392

