2_Demonstration_Political_Rally_2_18
145
186 282 20 19 0.010263583
172 263 14 21 0.010424766
31 298 16 29 0.010464948
32 448 21 20 0.010515985
414 558 36 66 0.010586125
232 381 21 20 0.0106617715
416 275 8 14 0.010699879
359 345 19 26 0.01098516
418 354 14 20 0.011031405
363 430 19 25 0.011043605
101 289 14 18 0.011063841
625 461 16 13 0.011263854
222 364 20 20 0.011344945
181 224 13 21 0.011383765
0 467 9 31 0.011399661
440 562 36 61 0.012077976
160 414 17 30 0.012341516
388 398 12 20 0.012349633
642 485 21 30 0.012553908
186 275 22 18 0.012993892
16 302 13 21 0.013147663
44 335 13 19 0.014240267
239 314 18 29 0.014476097
300 440 19 21 0.014522436
188 231 14 20 0.014985278
398 386 13 20 0.015129847
2 209 7 15 0.015412761
145 322 21 19 0.01549672
322 430 18 28 0.015786229
133 292 14 21 0.016820293
124 244 13 19 0.01690616
298 320 20 21 0.018046841
390 414 13 19 0.018197665
354 457 13 19 0.018474685
165 297 18 25 0.018778095
386 429 19 28 0.018826928
458 477 17 30 0.019210113
261 203 18 23 0.019348152
29 308 14 21 0.019550903
164 221 12 20 0.020175159
372 375 12 21 0.02017628
316 260 14 21 0.020398993
1 259 8 15 0.02065001
1 328 9 27 0.020744529
511 497 20 20 0.02074616
71 326 16 31 0.020801391
150 385 24 19 0.02096199
125 251 11 20 0.021157494
438 316 13 18 0.021479733
617 453 18 26 0.02263189
55 257 14 19 0.023091782
848 488 7 9 0.023817506
397 394 13 20 0.025808092
444 369 13 19 0.025892034
444 315 13 18 0.026898174
254 346 13 21 0.027028097
35 338 14 18 0.027038105
303 432 13 21 0.027976377
167 257 14 23 0.029559137
322 351 12 20 0.029564492
101 441 15 32 0.029628035
507 445 18 28 0.029687345
384 435 15 21 0.030805795
343 277 10 13 0.031339068
0 463 11 26 0.032063637
624 453 15 19 0.03207008
373 371 13 21 0.03230421
464 387 13 20 0.03275929
463 393 13 19 0.033523165
76 297 22 19 0.033913363
107 287 13 19 0.036693823
333 203 13 21 0.037314475
909 439 20 19 0.03848678
0 263 8 28 0.038534176
422 362 12 20 0.038582843
17 461 22 20 0.04046767
401 473 12 23 0.041556202
224 265 17 29 0.04409325
38 239 14 19 0.044890717
439 413 20 20 0.046443563
59 258 13 18 0.04849531
97 307 14 18 0.050641846
342 274 12 19 0.051056705
177 305 21 20 0.051252916
11 456 16 33 0.051321056
136 297 21 20 0.05144054
430 364 13 20 0.05280026
0 257 11 22 0.05432131
369 345 14 21 0.056402747
438 414 14 21 0.058769565
169 327 17 29 0.062244184
0 204 10 25 0.062925056
546 433 13 19 0.06418846
303 239 13 20 0.06788362
43 444 16 31 0.06934871
39 239 21 21 0.074386716
42 426 23 18 0.07509641
72 321 21 19 0.075116485
239 421 19 27 0.076333486
264 206 19 23 0.07826863
313 264 20 21 0.07972826
272 392 19 29 0.084718324
299 333 20 22 0.085779175
145 385 18 29 0.086669505
371 302 13 22 0.08890909
104 240 19 22 0.092046134
356 344 17 23 0.09230229
465 489 13 21 0.09404361
166 334 24 20 0.09567558
223 250 22 19 0.09839148
78 291 21 19 0.09919327
155 304 21 20 0.10014304
102 238 14 22 0.11214569
96 446 19 24 0.11636785
221 276 23 20 0.11878711
378 439 22 20 0.119842984
420 426 19 21 0.1287022
38 450 24 20 0.12910834
453 297 14 17 0.13033825
443 456 18 31 0.13272275
186 226 19 22 0.13637589
364 429 14 20 0.1367555
87 266 21 20 0.13934581
173 450 19 23 0.14013544
242 422 21 22 0.14118676
131 296 20 20 0.14211112
169 258 19 23 0.14380656
13 350 18 29 0.14831668
316 438 21 21 0.14863789
131 429 13 22 0.15067026
23 258 20 20 0.1548281
25 312 21 21 0.15709566
144 384 22 20 0.1585234
236 311 20 20 0.18325631
158 408 20 22 0.19380713
484 361 19 21 0.19920866
65 338 20 21 0.22147593
479 402 21 20 0.2457821
184 307 21 20 0.24791656
528 397 20 21 0.25958842
499 448 20 21 0.29700816
622 456 21 20 0.543252
913 432 18 23 0.7395001
766 419 20 21 0.82468474
861 448 23 20 0.84700304

