2_Demonstration_Protesters_2_131
524
439 551 8 11 0.01007861
509 636 17 34 0.010168529
291 562 9 13 0.010222637
40 576 24 17 0.010268592
62 531 14 16 0.01032351
303 593 20 19 0.010353874
464 613 14 24 0.010376478
149 492 6 6 0.010398025
364 560 12 19 0.010417719
511 566 11 20 0.010455955
551 473 5 5 0.010470909
1008 560 11 22 0.010495379
261 554 9 12 0.01055482
376 609 11 26 0.01058594
620 526 17 29 0.010706382
548 509 5 7 0.010736231
886 535 13 17 0.010849033
748 570 20 29 0.010852343
391 567 9 13 0.010953278
68 549 10 11 0.010958394
112 545 13 17 0.010958818
227 472 5 7 0.010963315
626 605 20 20 0.011075064
18 551 9 10 0.011184754
728 475 5 6 0.01122736
591 590 12 22 0.01141022
739 475 5 6 0.01142341
758 476 5 5 0.011458536
41 569 18 28 0.011463317
840 471 6 7 0.01155554
550 458 4 5 0.011643937
322 566 12 19 0.0117514655
694 88 106 180 0.011757902
815 629 13 20 0.011858618
671 582 10 14 0.011950357
631 599 21 21 0.011960501
917 474 6 6 0.0119824745
384 604 19 31 0.012035305
558 577 11 21 0.012103167
32 536 14 15 0.012103817
972 592 22 19 0.012119564
303 552 19 18 0.012144819
893 534 13 17 0.012153976
257 533 8 10 0.0122216875
263 582 12 15 0.012227952
806 442 5 6 0.012292037
980 578 11 13 0.012373898
805 459 5 5 0.012441262
273 547 12 18 0.012469502
845 538 13 16 0.012528521
533 491 5 8 0.012530664
324 568 9 13 0.012625432
256 565 10 12 0.012727866
707 545 13 17 0.012753003
658 568 9 14 0.0127840005
561 534 7 11 0.012837011
947 532 9 11 0.012853247
113 458 8 8 0.012891405
513 641 11 27 0.012929549
500 562 8 15 0.013038837
724 567 9 12 0.013084336
485 458 5 5 0.013147204
696 581 9 14 0.013150193
361 656 26 27 0.0131583335
356 475 5 6 0.013188937
995 532 14 16 0.013257783
375 474 5 6 0.013372658
530 547 12 20 0.013472946
532 550 8 13 0.01368158
719 620 25 47 0.013730208
646 520 6 8 0.013754158
46 550 15 15 0.0138062285
134 560 12 17 0.013823055
888 491 6 7 0.0138234245
670 533 12 18 0.013845055
838 546 12 17 0.013894113
164 566 9 11 0.01389583
751 553 10 11 0.013995793
565 458 5 5 0.014030296
630 461 5 6 0.014084918
744 549 21 19 0.014127912
121 186 51 115 0.014208707
363 553 13 17 0.014242422
212 568 10 12 0.014346063
881 549 10 12 0.01440059
552 577 11 21 0.014479676
972 566 18 28 0.014510063
437 459 5 5 0.014518847
978 474 5 6 0.014596261
756 63 67 93 0.014637181
230 538 8 10 0.014689444
503 553 8 13 0.014747281
866 512 13 16 0.014856299
714 568 18 31 0.01486376
324 581 13 21 0.014935077
462 615 16 34 0.015033829
716 549 14 17 0.015036273
827 513 13 17 0.015051944
617 533 7 13 0.015079348
135 552 13 18 0.015096815
165 547 13 17 0.015159206
577 538 7 11 0.015270039
664 538 7 10 0.015428182
277 537 7 8 0.015546683
615 528 11 22 0.015562469
671 565 13 20 0.015581462
502 474 5 6 0.015597925
935 531 10 11 0.015724197
113 471 7 7 0.015790962
98 534 9 9 0.01585492
601 520 6 8 0.015865332
1011 565 7 12 0.015996074
51 490 7 6 0.016031254
513 549 8 12 0.016048962
35 476 6 7 0.016072698
896 553 14 16 0.016227907
950 562 13 18 0.016234254
462 577 13 21 0.016240502
368 580 12 21 0.016260702
839 548 10 12 0.016283464
960 529 13 16 0.016299114
498 559 11 20 0.01650741
696 54 116 150 0.016529588
695 475 4 6 0.016639218
390 473 5 6 0.016700646
736 442 7 10 0.01674611
1014 548 8 11 0.016784955
484 475 5 6 0.016793385
888 538 10 11 0.016969467
270 661 21 21 0.017100122
565 475 4 5 0.017141405
847 539 10 12 0.017176613
833 506 8 9 0.017402975
318 536 13 16 0.017437385
730 621 24 47 0.017564612
483 533 7 12 0.017662905
34 571 11 11 0.017970685
853 503 7 9 0.018037062
401 569 9 13 0.01816835
391 553 8 11 0.018376406
212 473 5 6 0.018418126
176 547 9 12 0.018442694
469 461 5 5 0.018447192
380 608 12 26 0.018466434
623 595 18 30 0.018654063
898 555 11 11 0.018657822
486 489 5 7 0.018698152
596 459 5 5 0.018709574
340 474 5 6 0.018789876
675 550 8 11 0.019173501
606 549 12 20 0.019332565
580 520 6 7 0.019443547
142 560 9 15 0.019467609
902 515 13 17 0.0195583
1013 539 7 11 0.019575406
217 548 19 19 0.019636562
291 540 7 9 0.019636787
1013 506 7 8 0.019703042
583 460 5 5 0.020025589
336 581 9 15 0.02003939
83 491 6 6 0.020068262
405 475 4 6 0.020359308
110 599 13 18 0.020520154
921 610 21 20 0.020534635
600 580 8 16 0.020554008
27 577 22 18 0.020559346
446 531 12 17 0.020640919
995 585 10 11 0.020987531
453 458 5 5 0.021086708
195 534 8 11 0.021095518
244 568 10 12 0.021096906
468 473 5 5 0.021123433
612 459 4 5 0.021172654
934 520 13 17 0.021179212
847 546 10 13 0.021310372
438 474 4 5 0.021396898
130 475 6 7 0.021402454
933 476 6 6 0.02141674
662 575 13 21 0.021528084
451 521 7 9 0.021872599
48 571 13 10 0.0220667
359 491 4 5 0.022319963
753 533 9 9 0.022525983
895 538 9 11 0.022783604
515 533 11 19 0.0228686
399 567 12 18 0.022895515
773 538 9 8 0.022931358
645 475 4 6 0.023076985
132 534 8 9 0.02322256
577 590 11 23 0.023302443
104 472 7 8 0.023458894
135 562 9 12 0.023581201
977 534 10 9 0.023597129
677 476 4 5 0.023818104
173 535 12 17 0.023838723
35 549 9 10 0.023849657
247 490 5 7 0.023960618
796 532 14 17 0.02410797
407 547 9 11 0.024161387
1014 518 8 10 0.024167903
310 538 8 9 0.024208635
624 531 8 14 0.024233913
909 545 14 17 0.024287185
721 564 12 20 0.024385374
342 537 7 8 0.024539461
886 614 22 20 0.024546426
187 589 14 18 0.024758875
643 505 5 7 0.024954963
710 571 8 13 0.025044888
373 490 4 6 0.025059795
358 580 12 21 0.025182594
164 534 13 17 0.02572752
114 547 10 12 0.025751974
170 476 5 7 0.025811259
987 580 22 18 0.025982795
807 475 6 6 0.02604744
29 568 21 17 0.026129555
707 534 13 18 0.026394008
720 536 8 10 0.026565263
464 531 12 17 0.026632931
997 493 7 6 0.026688043
199 473 5 6 0.026732715
294 492 4 6 0.026870072
407 537 13 16 0.026943123
422 475 5 5 0.02706519
752 579 20 21 0.027272845
20 537 9 9 0.027414376
140 552 12 17 0.027895583
79 547 14 16 0.027976183
514 576 12 21 0.027977407
341 490 4 6 0.028088491
184 589 13 19 0.028144952
226 491 5 7 0.028361723
965 475 6 6 0.028458457
289 546 12 17 0.02881762
411 537 14 15 0.02894632
879 608 20 29 0.029250927
694 578 13 19 0.029254414
55 522 8 8 0.029935533
455 474 4 5 0.030645551
599 475 4 5 0.030661896
239 547 9 12 0.03074595
466 491 5 7 0.031015184
710 494 5 6 0.031405035
19 489 7 8 0.031427495
499 528 12 19 0.03152425
731 48 113 151 0.031670544
609 553 7 13 0.031843763
661 476 4 5 0.031857796
799 534 10 11 0.031976733
657 548 13 18 0.032603566
708 569 13 19 0.032746796
84 520 6 8 0.032750905
655 565 13 20 0.03278497
998 520 9 8 0.032805473
293 593 13 18 0.03297245
419 552 8 12 0.03339015
740 537 8 9 0.03345289
277 491 4 6 0.033542056
23 506 7 8 0.034035496
216 616 22 19 0.034097943
310 491 5 5 0.034127332
529 533 7 12 0.03413424
82 539 9 9 0.034308944
137 555 9 12 0.03450206
319 588 18 30 0.03452071
33 518 8 8 0.034796566
613 476 5 6 0.034903448
951 551 14 18 0.035284575
582 474 5 5 0.03537533
206 608 17 32 0.035402637
360 505 5 7 0.03542901
68 476 5 7 0.035460938
192 557 11 12 0.036172155
790 475 5 6 0.03624022
551 519 6 9 0.036604654
204 618 19 30 0.036657188
71 492 6 6 0.036719095
291 628 20 20 0.036727354
742 491 4 5 0.037022486
21 519 8 9 0.037052903
3 522 7 10 0.037215665
884 607 18 22 0.037825625
741 546 13 17 0.038086046
581 491 4 5 0.038086332
917 492 6 6 0.038493354
485 520 7 9 0.03853875
326 491 4 5 0.038708784
723 520 6 7 0.03874298
759 491 5 5 0.039237212
819 490 6 7 0.039280247
483 506 6 8 0.03928707
892 559 21 19 0.039313193
356 553 13 17 0.03944254
469 520 7 9 0.039735932
247 505 6 7 0.040045105
366 555 9 11 0.04060591
322 549 8 10 0.040690728
629 474 4 6 0.04083733
948 474 5 6 0.040924408
198 521 6 8 0.041302487
613 490 5 5 0.04133343
841 491 6 8 0.04135779
817 473 6 7 0.041611847
309 506 5 6 0.041650847
4 507 6 8 0.04197916
596 504 5 7 0.042270683
170 492 5 7 0.042497147
580 566 9 14 0.042754114
720 551 8 11 0.04317921
260 491 5 6 0.043188725
54 534 9 9 0.04377725
275 550 8 12 0.044037335
668 579 13 19 0.044409107
391 491 4 7 0.044469167
179 475 5 6 0.0445414
631 505 5 7 0.044973653
449 546 13 18 0.04498434
579 564 11 20 0.045063853
962 531 10 11 0.045774292
708 520 6 7 0.045935467
243 535 8 10 0.046071075
787 532 14 16 0.0470132
550 533 7 11 0.04731817
5 535 8 11 0.047567304
166 550 9 11 0.047808126
406 491 5 7 0.048718717
37 493 7 8 0.048751358
441 534 8 11 0.048771054
830 563 13 21 0.048785813
178 492 5 6 0.048842438
978 520 8 7 0.049154386
405 504 5 6 0.049178615
628 599 14 21 0.049275126
341 561 12 19 0.049313307
691 537 7 9 0.04979791
343 555 8 11 0.04993689
582 505 5 7 0.050282303
421 491 5 6 0.05095142
343 563 9 12 0.05181191
646 489 5 6 0.05232569
210 531 8 11 0.052407917
565 507 4 7 0.052437786
149 523 8 8 0.0524673
552 551 9 15 0.052917343
360 522 5 7 0.05293115
830 515 9 12 0.053079255
959 558 13 18 0.053336877
694 491 4 5 0.053514525
435 507 6 7 0.053730328
597 492 4 5 0.053778335
342 520 5 7 0.053794596
851 490 6 8 0.053836115
662 507 5 6 0.05441071
28 642 13 23 0.05464026
467 507 6 8 0.054793112
453 506 6 7 0.055078715
130 488 7 8 0.055234794
101 506 6 7 0.055351216
725 491 4 6 0.05557546
900 503 7 7 0.055625416
197 491 5 6 0.05570609
294 505 5 6 0.055845875
533 504 6 9 0.056006238
148 503 6 9 0.05612902
452 491 5 6 0.056391794
226 509 6 8 0.056878224
81 549 11 11 0.05694042
997 535 10 10 0.057507027
34 504 7 8 0.057529427
146 533 13 17 0.058417324
976 570 14 18 0.0585765
416 562 13 18 0.05870848
216 552 11 13 0.05883611
142 555 9 12 0.05888549
215 490 5 7 0.059233416
358 561 9 13 0.060216125
710 548 8 11 0.060577195
659 551 9 12 0.06143035
278 504 5 7 0.061794795
598 578 11 22 0.062194712
166 507 6 8 0.06244825
996 505 8 7 0.06251073
334 579 12 20 0.06260137
965 490 6 5 0.06281869
866 494 7 8 0.06295475
117 538 9 10 0.063075624
803 491 6 6 0.0636285
935 491 6 7 0.063783154
661 490 4 6 0.064182855
803 505 7 7 0.064766124
628 491 5 6 0.065431446
357 558 12 19 0.06576671
742 523 6 8 0.06578644
707 575 12 19 0.06611923
528 520 7 10 0.06617145
566 521 6 9 0.06663682
452 548 9 14 0.06686097
260 506 6 7 0.06769928
49 552 10 10 0.067937896
389 504 5 7 0.06848564
758 505 6 6 0.06881195
70 506 6 7 0.06881554
933 502 7 8 0.06885138
787 490 6 6 0.06951722
414 580 13 19 0.069815315
83 506 6 7 0.07012748
326 504 5 7 0.07020983
433 516 7 9 0.070976354
611 520 5 9 0.07121593
805 518 9 8 0.07240695
114 507 7 7 0.072485484
384 532 8 10 0.073742196
97 491 6 7 0.07379519
822 508 8 10 0.073820144
516 510 6 9 0.07415013
556 549 11 20 0.074337676
438 491 5 6 0.07509509
296 626 21 21 0.07528976
677 491 5 6 0.07547758
902 493 6 6 0.07596202
212 507 6 8 0.07601507
501 530 8 13 0.077087976
883 517 8 10 0.07746143
710 505 6 7 0.07815002
175 538 9 12 0.07862345
914 508 7 8 0.08179232
695 519 6 8 0.08198843
54 508 7 7 0.08203033
677 506 5 6 0.08208559
613 507 5 7 0.08276546
676 519 6 7 0.08325842
963 524 8 9 0.08331657
978 493 6 7 0.08389704
134 522 7 8 0.08429099
621 527 12 21 0.08447096
341 508 5 6 0.084816076
978 503 7 7 0.0858824
742 548 9 11 0.086221576
947 505 7 7 0.08699179
166 536 9 11 0.08760349
502 523 6 10 0.08851965
460 607 17 34 0.09135408
945 491 7 7 0.09140837
692 506 5 6 0.09146881
867 503 7 9 0.091903605
956 555 14 16 0.09209725
663 517 6 8 0.092872106
409 112 52 104 0.09303905
887 506 8 9 0.09320736
692 548 12 18 0.09343061
41 568 23 17 0.09366375
947 519 8 9 0.09477709
67 519 7 8 0.095531166
222 551 11 13 0.095733434
280 520 7 9 0.09651592
101 519 7 8 0.09801087
165 518 7 9 0.099905685
291 548 9 12 0.10004621
35 539 9 9 0.10037772
775 494 6 6 0.10109542
317 591 14 21 0.10213041
911 515 9 11 0.103106484
259 520 7 9 0.10374414
424 506 5 8 0.10410972
130 504 7 9 0.10652015
787 520 8 7 0.10694351
65 533 9 11 0.10742637
119 523 7 8 0.10805478
245 522 7 9 0.109922245
370 508 6 8 0.11134272
265 658 26 25 0.11240347
224 514 7 10 0.113998525
772 504 6 6 0.115034014
448 533 9 11 0.11533873
551 549 12 20 0.11567789
776 517 7 7 0.11573429
936 523 9 11 0.11606957
725 507 6 7 0.116774745
373 521 6 7 0.11681986
626 520 6 9 0.11871649
788 506 7 8 0.11932964
183 586 20 20 0.12120484
742 506 6 8 0.12154347
216 517 7 9 0.12247244
354 538 7 9 0.122851714
131 582 13 19 0.12314859
306 518 6 9 0.124818556
517 536 7 12 0.12523459
674 536 7 11 0.12636144
209 615 20 22 0.12992275
183 507 5 7 0.13013984
754 523 7 8 0.132217
965 503 7 7 0.13239083
709 536 8 11 0.13294493
904 517 9 11 0.13605967
183 521 7 9 0.13738166
290 519 7 10 0.1387265
975 574 20 20 0.14098303
199 505 5 8 0.14131896
519 514 6 11 0.14139721
358 555 9 11 0.14507018
389 519 7 9 0.14644311
823 513 10 13 0.14707664
424 515 8 10 0.1473863
408 539 9 12 0.14776841
190 560 14 15 0.15086931
694 550 9 12 0.16200837
414 539 10 11 0.16207199
789 534 10 11 0.16242038
868 514 10 11 0.1625011
467 532 8 12 0.16358465
324 522 6 8 0.16426802
148 535 9 12 0.16497989
308 555 10 12 0.1650149
864 567 20 21 0.16936763
376 531 8 11 0.17245878
87 583 23 18 0.17725176
125 615 20 22 0.19518487
321 538 9 11 0.19901294
263 581 21 20 0.20054692
34 596 20 20 0.20179844
480 558 12 19 0.22636454
407 519 7 10 0.25115797

