2_Demonstration_Political_Rally_2_451
41
503 313 123 159 0.010333476
502 267 121 153 0.010751344
63 290 115 159 0.011008607
0 429 30 166 0.011269431
375 421 58 90 0.01146075
1008 0 11 20 0.0117414845
569 351 70 98 0.013065736
808 18 33 42 0.013160154
0 404 17 149 0.013282096
713 105 64 100 0.013346856
1003 0 19 19 0.01335658
104 222 71 86 0.014051902
835 93 69 103 0.014209456
90 224 91 145 0.014873162
679 178 42 69 0.014998101
226 98 73 109 0.015194519
822 0 57 72 0.01662918
857 8 43 50 0.016710335
822 15 34 38 0.01692643
41 206 143 230 0.017035142
536 269 113 171 0.017422507
0 376 47 199 0.017723178
777 26 38 56 0.01858422
706 100 91 137 0.020247014
863 13 33 34 0.023330238
188 466 215 209 0.030717153
870 16 29 16 0.03737829
786 29 62 77 0.04478548
544 320 109 160 0.05501762
0 398 32 152 0.061498262
733 118 84 170 0.06596469
831 80 99 155 0.07258234
814 9 44 55 0.07433523
827 32 59 82 0.14601861
792 22 47 57 0.17423588
804 11 41 62 0.27500018
720 126 70 152 0.94635737
237 454 112 184 0.96256495
205 112 94 136 0.97514194
863 112 94 171 0.99659604
81 230 81 202 0.999332

