2_Demonstration_Demonstration_Or_Protest_2_58
248
461 50 10 22 0.010060258
858 99 22 19 0.010098397
173 37 12 19 0.010160187
846 95 14 19 0.010179089
344 185 21 35 0.010204656
567 176 46 47 0.010297652
697 72 17 23 0.010306077
548 87 11 21 0.010307936
124 302 37 68 0.010344806
578 86 11 20 0.010422995
337 41 12 17 0.0105151655
173 94 23 20 0.010522839
442 271 30 74 0.010636969
324 62 12 20 0.01074036
292 61 12 20 0.010813536
525 166 20 21 0.010827745
231 26 7 10 0.010843538
326 57 8 13 0.010876309
363 143 18 32 0.010890621
835 38 8 13 0.0109193195
978 0 7 4 0.011024868
152 86 23 19 0.011056503
240 70 16 30 0.011166137
450 93 11 22 0.011210745
240 2 12 17 0.011297332
824 143 20 24 0.011310272
969 83 8 13 0.011377847
717 8 11 18 0.011464771
792 22 8 14 0.011538891
705 47 12 19 0.01154346
342 3 9 11 0.011545332
557 133 20 30 0.011640601
1013 81 10 25 0.011700484
92 64 23 18 0.011712163
1011 3 7 12 0.011720251
565 89 8 15 0.011809798
374 159 13 23 0.011871991
809 103 23 26 0.011930274
500 124 13 23 0.012097331
153 117 24 21 0.012246062
279 374 42 75 0.012246356
630 63 11 21 0.012540384
417 20 7 14 0.012628261
832 65 13 20 0.012830596
109 55 12 12 0.012894956
751 17 8 15 0.0130345365
694 44 7 11 0.013045411
471 118 7 17 0.013100923
464 54 6 15 0.013304857
840 80 21 26 0.013406983
520 175 20 22 0.013460611
4 36 20 28 0.013625173
469 43 6 12 0.013659809
931 111 13 20 0.01378841
163 39 9 13 0.013925473
772 25 9 14 0.014001066
968 80 12 20 0.014012886
324 0 13 11 0.014080185
511 74 12 19 0.0140999975
542 96 19 28 0.01420697
480 123 18 29 0.0142258555
508 117 12 21 0.014296877
280 36 8 15 0.014369755
293 56 12 20 0.014396679
974 130 20 32 0.0148419775
807 78 11 23 0.014961049
886 149 26 42 0.015136003
478 109 18 32 0.015192679
187 224 23 51 0.01520849
676 0 6 7 0.015268196
967 108 21 28 0.015297553
278 32 12 20 0.015765224
782 146 19 24 0.015948454
708 50 8 14 0.016000489
138 70 18 29 0.016084775
972 116 22 20 0.016324423
725 47 11 20 0.016356261
744 50 8 15 0.016421322
770 25 13 19 0.016449712
689 130 13 22 0.016549094
849 56 8 12 0.016808059
8 54 22 18 0.016904473
575 126 23 28 0.016969362
727 50 8 14 0.016998483
42 38 20 25 0.017012209
244 35 12 18 0.017208712
76 72 22 17 0.017347664
501 43 6 11 0.017498963
497 12 6 11 0.018061172
324 54 11 20 0.01839103
281 23 8 13 0.019175049
644 73 8 16 0.019246478
309 305 49 80 0.019312972
581 90 7 13 0.01963681
1001 228 21 21 0.019835372
272 128 13 23 0.020699263
787 0 8 9 0.02090584
1016 87 6 13 0.020966869
816 114 12 22 0.021041987
997 220 18 35 0.021319117
469 123 11 25 0.022373056
749 49 11 21 0.022517664
563 86 11 21 0.022639379
383 131 19 30 0.02266817
1000 0 7 5 0.022771213
572 555 44 95 0.023330133
179 85 20 22 0.024094611
690 67 16 32 0.024394667
152 270 49 82 0.024519717
479 123 12 25 0.024585897
968 0 6 4 0.024658294
255 39 8 14 0.024843201
340 52 8 14 0.025426207
744 17 8 13 0.02568358
258 83 13 22 0.025805486
101 55 11 12 0.027307156
189 89 18 32 0.027501218
699 77 13 21 0.027730668
768 208 39 57 0.027741238
338 43 8 12 0.028291244
18 508 76 93 0.028495315
144 72 14 20 0.028519534
851 87 9 13 0.028996488
502 118 11 22 0.030527873
1 55 10 14 0.030647054
519 161 19 32 0.031008625
254 75 17 30 0.031262044
974 83 9 14 0.031346284
750 10 8 14 0.031677008
339 49 11 21 0.03232285
161 38 13 20 0.032709006
175 71 17 28 0.033001237
838 94 13 20 0.033382036
187 427 32 71 0.03413692
721 40 8 14 0.034625515
743 47 11 21 0.034848433
449 250 25 47 0.035345394
642 77 11 21 0.035347257
710 37 11 20 0.035375305
842 96 22 26 0.035777118
788 1 8 11 0.036003906
265 129 20 32 0.037033886
819 3 12 18 0.03734018
718 38 12 20 0.03759294
208 0 9 8 0.037976813
356 156 25 41 0.038453232
355 0 10 7 0.0386611
142 77 21 19 0.038981162
184 86 21 23 0.04040961
972 81 12 19 0.042311788
354 2 13 16 0.043884344
596 167 28 43 0.04514436
906 314 28 73 0.045882273
7 75 19 31 0.046401642
642 71 11 21 0.0470074
386 132 14 21 0.047845464
676 2 6 11 0.048532013
477 118 12 23 0.04954443
704 0 8 8 0.050809946
860 116 22 22 0.05145143
690 24 7 11 0.051757775
722 19 7 11 0.052555237
427 226 24 48 0.054200098
458 0 8 15 0.055198096
720 10 7 12 0.05757637
227 2 9 11 0.057973854
462 0 8 14 0.058651127
0 81 20 20 0.05961959
820 4 10 13 0.059775945
209 1 9 11 0.059845652
901 332 31 68 0.060638376
712 39 7 13 0.060869727
295 0 8 10 0.061059833
681 179 35 59 0.06258483
849 85 13 19 0.06269799
470 116 11 24 0.06442007
0 52 12 20 0.06556193
695 76 13 22 0.06920937
777 144 21 32 0.069346935
765 152 30 37 0.06936334
276 4 7 11 0.070188805
8 81 24 18 0.0718244
47 44 20 20 0.072805546
708 2 7 11 0.07539734
264 2 8 12 0.07616793
708 23 7 11 0.07626045
110 76 18 30 0.07967317
248 70 13 20 0.07972948
97 53 21 18 0.08140533
585 562 28 88 0.08485869
350 55 12 22 0.08711433
333 181 29 41 0.091103
156 102 24 43 0.09332186
616 252 31 66 0.09776853
822 133 31 35 0.101867005
476 172 18 33 0.1031696
200 76 16 31 0.10449566
352 36 12 18 0.11543524
637 98 16 33 0.11725638
744 10 9 15 0.12773767
326 0 9 12 0.13275872
455 53 10 23 0.13333179
944 189 36 56 0.13736081
352 61 12 20 0.1380104
293 0 8 12 0.1463196
775 194 29 42 0.15319163
692 175 35 62 0.15597732
356 3 9 13 0.159875
454 305 39 79 0.16325554
251 68 14 20 0.16667767
586 163 34 54 0.17137861
987 141 21 31 0.17224418
655 306 42 79 0.17286508
125 48 20 20 0.17293654
693 1 7 11 0.17682543
545 95 12 21 0.17985795
282 387 53 85 0.18043143
104 53 21 19 0.18063253
318 216 36 54 0.18414445
626 259 32 76 0.18425147
864 113 23 30 0.18440649
75 82 22 20 0.18977635
692 47 13 21 0.19133058
50 234 41 74 0.19670983
209 67 19 23 0.19876812
511 79 13 20 0.20851138
161 47 14 20 0.21327735
304 291 41 76 0.22247703
91 147 31 42 0.22405255
47 40 15 19 0.22840568
318 124 21 33 0.22962573
242 4 9 11 0.23374905
162 292 44 78 0.24178147
769 31 13 19 0.251236
108 84 24 19 0.25337353
838 164 28 43 0.25751734
519 219 32 77 0.27609655
378 286 34 62 0.2899696
0 165 24 47 0.31129277
151 152 28 41 0.3266422
700 241 34 57 0.33246887
29 509 91 121 0.35424495
160 222 34 69 0.35682857
869 235 34 57 0.36126792
767 264 40 63 0.43096986
788 434 61 86 0.4395234
968 274 37 67 0.45399523
251 235 35 65 0.4998022

