2_Demonstration_Protesters_2_519
30
3 173 14 42 0.010164265
415 215 22 29 0.010356544
2 172 8 36 0.010619925
369 199 7 10 0.012418994
361 218 6 9 0.013070151
353 239 6 9 0.013094777
83 171 7 9 0.014540907
711 285 6 8 0.014999691
708 256 5 6 0.015578468
325 263 7 8 0.016790362
61 178 23 19 0.017015973
902 183 23 34 0.020002913
352 249 8 10 0.020005636
322 175 5 8 0.020106703
695 265 5 7 0.020257572
709 265 5 6 0.020786926
292 168 8 11 0.02171869
542 107 44 67 0.023927484
99 171 8 9 0.024908055
320 257 8 8 0.025956688
343 257 8 9 0.030160004
148 154 7 7 0.030990768
917 177 33 38 0.032444626
362 244 27 42 0.033546485
341 260 13 16 0.033726778
342 262 9 10 0.15556124
794 100 46 66 0.6427018
152 126 73 77 0.74061614
896 174 38 52 0.8347091
553 109 54 87 0.92136157

