2_Demonstration_Political_Rally_2_329
293
846 162 24 18 0.010008457
353 286 34 66 0.010015495
942 191 25 17 0.010167046
841 78 23 17 0.010189467
561 106 6 7 0.010190679
546 119 14 16 0.010298999
964 161 13 18 0.010331477
819 127 13 17 0.01041045
77 131 14 15 0.010422813
531 116 13 17 0.010462538
738 159 12 21 0.0105603
993 221 14 25 0.010585301
841 129 20 26 0.010785804
897 112 14 17 0.010790511
1013 181 8 13 0.010807922
514 134 14 16 0.010816092
45 173 20 31 0.01087711
936 150 21 26 0.010926717
511 115 12 17 0.010928216
736 147 12 20 0.011226185
752 164 9 13 0.011254118
968 134 9 13 0.011293599
912 74 8 12 0.011404896
611 153 9 12 0.01155992
955 179 22 18 0.011651308
911 136 9 10 0.011724903
49 146 11 10 0.01175537
93 177 23 18 0.011758395
31 115 13 16 0.0118676005
892 170 21 29 0.012078836
806 169 21 29 0.0122103235
453 183 7 14 0.01222869
910 121 9 12 0.012285941
0 239 14 42 0.0123141585
899 116 10 12 0.01232177
596 118 13 17 0.012322072
995 176 19 30 0.0123722665
557 130 14 16 0.012430626
814 149 14 17 0.012492717
450 180 12 22 0.012502167
375 279 26 43 0.012552967
865 166 10 10 0.012598514
928 163 13 18 0.012609872
313 295 44 69 0.0128394775
4 105 6 9 0.012900669
66 107 7 7 0.013036861
612 156 12 20 0.013145101
360 269 33 62 0.013272782
654 182 26 41 0.013395785
521 161 24 16 0.013691319
604 128 13 18 0.013714629
874 163 24 19 0.013730718
114 163 9 10 0.013733384
967 120 9 11 0.013803819
477 139 22 19 0.014061531
331 191 24 18 0.014280242
91 160 23 17 0.014288474
783 135 13 18 0.014463762
607 132 9 11 0.01446555
740 163 7 12 0.01459642
128 147 22 18 0.014761101
133 151 11 9 0.014821201
692 122 8 11 0.0148745105
995 117 13 17 0.01530805
826 182 26 20 0.015574403
8 132 7 11 0.01564771
330 185 27 15 0.01580381
552 107 5 7 0.015928127
749 124 12 20 0.015976625
405 183 10 14 0.016032208
593 129 13 17 0.016090171
33 133 14 17 0.016116094
10 115 18 28 0.016161937
928 149 9 11 0.016356682
130 101 13 18 0.016470963
1014 164 8 14 0.01685949
15 131 13 17 0.01708896
1011 134 7 11 0.017272474
1010 176 11 23 0.017671311
1011 160 11 22 0.017799878
534 109 6 6 0.018482743
528 129 15 15 0.018939316
130 134 8 9 0.018944697
7 187 18 38 0.019020287
800 146 14 17 0.019027596
116 125 7 7 0.01905516
1007 113 12 19 0.019217692
490 127 22 18 0.019652909
512 148 10 12 0.019678976
483 136 10 13 0.019735223
519 106 5 7 0.019846322
653 191 21 20 0.019900639
776 118 12 18 0.020373626
888 79 13 19 0.020433346
740 151 21 30 0.020446206
26 107 6 9 0.02056081
1013 105 7 11 0.02058359
546 153 12 10 0.020586008
548 128 15 15 0.020710217
764 355 53 88 0.020716717
22 149 10 12 0.020951845
843 147 21 26 0.02122232
467 145 8 13 0.02132957
953 183 28 35 0.021536866
464 141 12 19 0.021726817
872 147 23 17 0.022498827
16 147 18 31 0.02279433
997 168 13 19 0.023013413
98 152 9 9 0.023049137
942 137 13 17 0.023129378
111 130 12 17 0.023398949
431 193 12 26 0.023429533
133 116 8 9 0.023577934
660 230 28 46 0.02436952
609 149 13 20 0.024453403
575 149 10 10 0.024500916
823 160 25 18 0.025105972
881 325 40 78 0.02560006
538 158 25 17 0.025850585
784 144 13 18 0.026463864
494 142 18 29 0.02650796
880 148 11 8 0.02656556
902 141 10 10 0.026676646
360 179 19 30 0.026711414
485 117 13 18 0.02674057
816 150 9 10 0.027119512
978 117 9 11 0.027207445
73 158 23 19 0.02729541
527 148 15 17 0.029359054
460 231 35 56 0.030333051
21 116 13 18 0.030437987
100 104 6 6 0.031070989
750 161 12 20 0.03163733
581 131 13 17 0.031788975
359 182 10 13 0.032559585
927 180 24 18 0.032596722
814 120 12 17 0.032689776
21 146 14 18 0.03314628
941 175 21 28 0.03353287
102 132 9 9 0.034284763
83 152 10 11 0.034370534
939 285 49 64 0.035068113
796 164 22 19 0.03591591
499 130 10 9 0.036730953
566 144 23 18 0.036759775
31 147 18 30 0.037873082
420 194 26 39 0.037974894
972 144 12 18 0.039016977
913 147 14 16 0.03958946
787 138 8 11 0.04021029
865 145 14 16 0.040294938
777 119 9 13 0.04031808
518 135 8 10 0.041198157
892 157 21 28 0.042349707
97 122 9 8 0.04302343
566 149 12 10 0.043608584
989 215 19 34 0.04443546
974 131 13 17 0.04445867
606 117 13 17 0.044493973
744 119 11 19 0.044607885
807 158 22 29 0.044881064
51 105 7 7 0.045201994
969 226 27 40 0.045310237
665 195 24 19 0.045316633
530 151 10 10 0.04638061
997 120 9 11 0.046410862
305 188 21 21 0.047433197
936 179 23 19 0.047456216
924 281 49 67 0.050051633
546 147 22 25 0.050155334
404 181 13 20 0.05049081
357 180 14 18 0.050849468
83 109 6 6 0.052182656
859 162 23 18 0.052350096
833 130 14 17 0.05261029
803 149 9 11 0.052764274
1010 117 8 11 0.05310456
67 121 8 7 0.0551995
503 145 22 19 0.056210514
89 148 22 19 0.05697125
63 167 15 20 0.059492417
787 147 8 11 0.060536683
109 151 14 16 0.060998775
68 150 15 16 0.061428953
70 153 11 11 0.061632838
822 131 8 10 0.061743338
898 143 20 18 0.06183896
844 210 25 45 0.06234258
852 324 51 77 0.062720485
80 133 9 9 0.06698954
98 151 20 28 0.067218214
132 105 9 9 0.0672982
496 120 14 16 0.06953929
50 121 8 8 0.07005013
609 120 8 10 0.0704863
816 122 9 12 0.07137694
935 135 9 13 0.07144473
995 134 13 17 0.07192227
32 149 12 11 0.07235111
916 149 9 11 0.07269843
595 132 8 10 0.07577387
893 78 13 19 0.07689125
85 119 7 8 0.07915489
77 149 22 19 0.07975088
35 105 6 8 0.080477946
834 134 10 10 0.08164854
862 136 14 15 0.0824483
801 133 13 17 0.083066724
64 171 19 32 0.08392158
867 148 10 9 0.087362625
977 132 9 12 0.09098311
36 135 8 9 0.09335469
756 416 68 95 0.0943081
749 402 89 136 0.09470483
856 222 20 34 0.09527636
18 134 8 9 0.09570863
811 164 22 20 0.095945366
114 133 8 10 0.10318218
487 118 8 11 0.10950311
748 120 11 18 0.11105334
858 334 52 95 0.11267769
598 122 8 9 0.11271198
742 126 11 20 0.11303771
966 146 13 18 0.11542828
849 132 11 11 0.116066486
561 132 8 8 0.11708882
1010 148 12 19 0.120015815
1012 150 9 14 0.12040748
954 194 25 19 0.1209433
997 136 9 12 0.12095424
997 174 13 20 0.12188419
48 134 15 15 0.12437458
73 157 19 30 0.12569888
499 122 9 11 0.12844327
583 133 9 10 0.1311288
463 134 12 17 0.13167062
969 212 25 44 0.13397247
580 119 7 8 0.1351377
34 118 7 9 0.13572666
464 135 9 13 0.14097157
559 145 22 18 0.1422935
6 115 12 20 0.14466998
24 120 7 10 0.1503346
112 154 10 10 0.15251389
514 118 7 9 0.1528496
945 287 57 80 0.1532718
948 142 13 18 0.15389057
549 123 7 8 0.15482806
364 180 14 17 0.15535831
550 130 9 9 0.15646891
878 166 22 30 0.15688314
60 171 19 21 0.16205198
663 183 29 38 0.16669635
8 119 8 12 0.16844498
563 122 8 9 0.17419316
531 131 9 9 0.17632668
67 131 15 15 0.17735526
51 135 10 11 0.18536915
1002 237 22 47 0.18710357
846 129 14 17 0.18886471
541 150 23 18 0.18967737
781 115 10 15 0.19030298
865 138 10 11 0.19218771
298 184 28 39 0.19703601
902 145 12 11 0.20041081
63 201 25 47 0.20457222
767 129 12 18 0.20465462
804 135 8 11 0.21024877
274 197 33 40 0.21362513
5 192 26 46 0.22809029
533 119 8 9 0.25323328
69 133 11 11 0.255174
423 190 20 32 0.2632323
803 204 34 52 0.26513603
909 303 57 87 0.26552254
835 180 22 30 0.2689603
26 146 21 18 0.2889697
773 173 22 33 0.2998769
927 210 28 42 0.31494856
496 144 22 19 0.3239923
265 193 37 50 0.34218946
650 227 33 56 0.35505292
480 135 15 19 0.36176506
312 309 60 77 0.36920896
615 203 29 39 0.39131963
490 316 57 89 0.39246854
324 175 30 38 0.402447
469 239 31 42 0.40374297
696 320 37 62 0.43411073
199 194 31 42 0.44551244
127 219 38 71 0.4483442
138 336 62 77 0.46545208
131 175 28 39 0.5078037

