2_Demonstration_Protesters_2_525
507
629 338 13 19 0.010025429
446 382 13 20 0.01004331
760 519 34 57 0.010131909
587 345 19 27 0.010168947
359 306 21 17 0.010206949
622 321 12 17 0.010220852
779 233 13 17 0.010339852
957 336 23 17 0.010342996
890 427 20 20 0.010422863
944 355 19 26 0.010427196
300 350 13 20 0.01042724
871 377 13 19 0.010439169
634 345 20 20 0.010453463
79 348 21 18 0.010478095
497 195 9 10 0.010510775
580 256 8 12 0.010529016
356 273 12 16 0.010539892
902 212 9 13 0.01055758
292 308 13 17 0.010572653
512 317 10 13 0.010707145
401 396 13 23 0.010772447
450 322 13 17 0.010803559
289 289 13 17 0.010829282
126 334 13 16 0.01083736
4 277 6 11 0.010849308
372 227 13 17 0.010858594
429 208 11 18 0.010902024
159 320 10 14 0.010911067
862 235 13 19 0.010983078
896 321 9 14 0.011006317
998 231 19 29 0.01103331
450 331 13 17 0.011033325
893 223 13 18 0.011105347
209 322 10 12 0.011159868
262 286 13 17 0.011162436
527 237 9 13 0.01133069
561 332 9 13 0.011343244
582 272 12 17 0.011354224
429 305 14 15 0.011383807
162 473 27 43 0.011400074
41 372 21 18 0.0114162825
960 386 23 16 0.011416466
888 240 10 14 0.011439107
797 351 21 18 0.011501658
303 333 13 19 0.011552491
734 208 12 17 0.011660675
418 245 7 10 0.011673166
953 399 24 17 0.011896443
214 291 13 17 0.011909302
711 223 9 12 0.01193128
50 292 13 16 0.011999813
108 400 22 19 0.012004732
110 361 22 18 0.012078323
464 241 9 12 0.012107547
828 176 10 14 0.012114803
109 412 20 20 0.012211899
104 260 9 10 0.012237338
293 244 6 7 0.012367583
7 361 17 33 0.012464688
942 236 13 18 0.012520201
327 261 7 8 0.012686505
454 199 7 10 0.012717277
371 290 13 16 0.012735963
749 378 21 19 0.012756918
909 332 12 19 0.012860805
517 239 12 17 0.012971852
464 379 14 18 0.013016594
940 429 22 27 0.013039574
564 283 13 16 0.013055048
592 308 10 12 0.0130720455
469 200 7 9 0.013339801
549 337 9 13 0.01338735
366 381 20 19 0.013470657
94 455 21 31 0.01354407
281 201 5 7 0.01358328
3 287 8 11 0.013637945
971 250 13 17 0.013762421
223 336 14 16 0.01376365
933 225 10 13 0.013793594
356 262 7 9 0.013804949
422 206 11 18 0.013882906
988 397 25 17 0.014020432
80 307 13 16 0.014043608
226 227 6 8 0.014134616
433 273 10 12 0.014175484
830 399 21 19 0.0142008085
305 242 7 8 0.014207425
313 177 6 7 0.014238285
269 286 12 17 0.014321985
518 309 10 13 0.01432783
433 367 12 21 0.014418435
347 399 21 20 0.014467019
24 413 22 19 0.014487115
403 257 8 9 0.0145246005
461 267 9 15 0.014587664
784 319 15 14 0.0146066565
132 286 13 16 0.014726731
640 294 11 15 0.014749879
946 223 13 18 0.014781567
906 474 29 35 0.014798423
289 337 10 14 0.014820163
858 424 22 27 0.014906105
520 275 10 14 0.014937533
1009 242 12 12 0.0149439
178 260 6 8 0.015115665
547 334 13 18 0.015146753
760 370 22 18 0.015174982
79 261 8 9 0.015294443
660 208 9 12 0.0153548205
270 361 21 19 0.0153685445
216 352 23 17 0.0154942395
385 275 13 16 0.0155452965
193 288 9 10 0.015546962
971 243 14 18 0.015651222
944 441 25 18 0.015696995
543 396 20 21 0.015814064
629 256 8 12 0.015921148
215 227 6 8 0.015930615
839 383 20 27 0.015992006
640 213 19 18 0.01599609
866 412 21 20 0.015999813
957 426 24 26 0.01610131
801 434 21 19 0.016140087
513 384 12 19 0.016220622
909 323 12 19 0.016238177
782 348 15 14 0.016255068
143 320 11 13 0.016373202
338 318 11 13 0.016374378
212 274 8 10 0.016659923
964 223 13 18 0.01671166
338 197 7 7 0.016798157
892 237 13 19 0.01684481
320 290 12 17 0.016849779
150 305 9 12 0.01689339
668 421 22 29 0.01691459
43 421 20 32 0.017099801
657 315 12 18 0.01714986
66 304 10 11 0.017297696
887 237 12 19 0.017318977
406 204 11 18 0.0173549
965 412 26 16 0.01755895
26 400 22 19 0.017643116
134 280 8 9 0.017698549
544 258 8 12 0.01781042
577 222 9 12 0.017954031
325 302 9 12 0.018013692
485 198 8 10 0.01807269
274 312 9 11 0.018079685
358 197 7 9 0.01811371
780 228 14 16 0.018174056
389 208 12 17 0.018375628
399 303 13 16 0.0184622
368 198 8 10 0.018489609
300 308 13 17 0.018539263
295 262 7 8 0.018589377
114 293 9 10 0.018626884
719 334 14 14 0.018730026
32 306 10 11 0.019108787
403 244 8 10 0.019207036
446 292 10 13 0.019239265
957 413 24 17 0.019393679
49 338 13 17 0.019400435
95 352 20 18 0.019415718
719 259 13 17 0.019466544
221 285 12 17 0.019513411
799 208 11 13 0.01952199
886 222 9 14 0.019790953
563 302 12 17 0.019806737
894 181 9 12 0.019929055
996 541 22 35 0.019981856
844 252 13 20 0.020005727
914 241 13 20 0.020042336
886 326 13 17 0.020096311
312 197 5 7 0.020399857
1 368 18 22 0.020414617
343 229 7 7 0.020739244
195 309 10 11 0.02075555
335 316 13 18 0.020992337
891 180 14 16 0.0210963
577 298 13 18 0.021329246
274 246 6 7 0.021428134
671 207 9 14 0.021474289
322 197 5 7 0.021492975
498 241 8 11 0.02158705
861 326 13 17 0.021665948
81 287 9 10 0.021732336
456 263 10 13 0.021782499
941 330 14 18 0.02179372
404 292 9 10 0.021942614
403 317 11 13 0.021973243
2 343 9 13 0.022076534
341 292 8 10 0.022652593
59 435 20 33 0.022685735
33 288 9 10 0.022916673
55 412 26 17 0.022994066
934 338 13 19 0.023005756
0 415 8 28 0.023070224
292 201 5 7 0.023223447
590 272 9 14 0.02327995
114 356 12 12 0.023293534
50 275 8 8 0.023318777
309 227 5 8 0.023397429
251 309 14 15 0.023413211
462 307 10 13 0.0234273
547 272 9 12 0.023484452
578 292 13 16 0.023490233
934 236 13 19 0.023595428
400 275 8 9 0.023739917
160 307 9 12 0.023829445
464 417 13 21 0.023975281
518 227 9 11 0.024021449
229 212 5 7 0.024035677
408 199 8 13 0.024222286
930 212 10 13 0.024703799
294 310 9 11 0.024705667
161 365 13 19 0.024792654
891 439 23 28 0.024796788
322 228 6 7 0.024800777
111 262 9 9 0.024898404
417 337 13 17 0.024934093
193 261 7 9 0.02515271
932 223 12 19 0.025215982
780 342 17 17 0.02548702
259 274 7 9 0.025787098
391 304 10 12 0.025909482
303 310 9 12 0.026245764
388 430 20 28 0.026262665
530 317 11 12 0.026341902
354 290 9 10 0.026485402
275 332 13 18 0.026630126
70 289 9 10 0.026672047
830 218 13 17 0.026814127
249 207 4 7 0.0268575
145 365 14 20 0.026947316
184 275 6 8 0.027381461
660 306 13 18 0.027464215
966 250 14 18 0.02764208
444 352 13 18 0.027648546
82 308 10 11 0.027757738
148 260 7 8 0.027850311
583 275 9 11 0.027869908
253 347 20 20 0.028067086
786 198 11 11 0.028254136
622 267 13 19 0.029156977
20 293 14 16 0.029206619
0 340 12 19 0.029715842
764 513 26 47 0.029936254
467 325 14 17 0.02994942
447 208 11 18 0.029988892
644 214 11 14 0.030100387
966 210 13 18 0.030203117
786 207 13 17 0.030485326
181 308 9 11 0.031007348
483 225 8 12 0.031227987
887 180 13 17 0.031259403
116 339 11 12 0.031262953
415 365 12 21 0.03153659
239 369 23 19 0.031720426
385 242 7 10 0.031759817
111 320 14 16 0.031832796
260 208 5 7 0.031844776
468 207 12 17 0.03190661
371 263 7 9 0.032141395
432 306 10 12 0.03215153
292 274 7 9 0.032190356
945 350 22 19 0.032258123
748 366 21 19 0.032666504
4 307 8 11 0.032808863
353 239 7 10 0.03300841
743 237 10 11 0.03306459
576 322 10 13 0.03344463
888 181 10 13 0.033598676
766 214 14 16 0.033608936
437 319 13 17 0.034030978
287 336 13 19 0.03426429
291 348 13 19 0.034337196
755 210 9 12 0.034460496
832 362 14 19 0.03450968
967 537 31 39 0.035060223
872 206 11 14 0.035154063
742 225 8 11 0.035667773
706 204 12 18 0.036197014
309 287 8 10 0.036327925
193 275 7 10 0.03671374
78 278 9 11 0.036939394
945 435 23 19 0.037250817
145 288 8 10 0.03734752
518 242 9 12 0.037577644
222 308 14 17 0.038306933
342 213 7 8 0.038364206
737 210 8 11 0.038579483
632 225 10 13 0.038744133
619 208 13 17 0.038959794
503 364 12 18 0.03938339
883 220 13 19 0.03951557
356 227 6 8 0.039587412
279 208 5 7 0.040087964
212 262 7 10 0.040121842
301 316 12 19 0.040398248
725 207 12 17 0.04063226
326 212 6 7 0.0410213
357 212 7 9 0.041131843
900 352 12 19 0.041357677
9 446 18 35 0.04160141
892 187 13 18 0.04162104
277 229 5 6 0.041890327
638 339 13 18 0.042470835
72 278 9 11 0.042713348
175 289 9 10 0.042815942
243 275 7 10 0.04301232
592 318 13 18 0.043017186
426 220 7 12 0.04314308
225 309 10 13 0.043193746
187 335 14 17 0.04330737
438 355 12 18 0.043624178
946 210 13 18 0.044486612
342 242 8 9 0.04455776
215 292 9 12 0.045187503
594 340 15 20 0.045997985
534 552 27 24 0.046044018
165 287 13 16 0.046093613
434 198 7 11 0.046093732
972 218 13 17 0.0465803
102 280 8 10 0.0468943
103 321 11 12 0.04764852
262 259 7 9 0.047724962
418 311 11 12 0.047981285
306 262 8 9 0.048249546
230 255 8 10 0.04832994
0 346 12 19 0.048800692
941 324 13 18 0.048982907
366 309 11 11 0.049263343
273 261 7 9 0.049433954
98 303 9 11 0.049758263
401 304 10 12 0.049844705
375 238 7 10 0.0501547
500 279 10 13 0.050423328
314 388 21 27 0.050475877
275 321 11 12 0.05052833
224 279 9 11 0.050769556
385 286 9 11 0.05082546
290 208 5 7 0.0512736
575 207 12 17 0.051561724
370 321 14 17 0.05175055
309 213 5 7 0.051948313
877 210 13 17 0.05234933
40 379 23 18 0.05251221
373 211 7 9 0.052559983
887 187 12 19 0.053031176
271 354 20 20 0.053344812
232 479 26 40 0.053373445
192 320 14 17 0.053435612
309 277 7 8 0.05378975
830 214 13 15 0.05383071
253 364 20 28 0.054844525
390 437 20 27 0.05515029
2 378 19 21 0.05541092
35 278 8 10 0.056048293
99 288 9 9 0.056766644
776 235 11 14 0.056814045
837 253 13 20 0.056888983
806 225 14 17 0.057246413
294 315 13 17 0.057388358
525 396 19 22 0.057731643
473 292 10 14 0.057901543
207 351 21 19 0.058032434
484 237 9 13 0.058397274
265 288 8 12 0.058483746
579 294 9 11 0.059382994
113 322 10 12 0.059782367
225 314 13 17 0.059913084
566 285 9 11 0.0601704
254 311 10 11 0.060912687
579 300 9 13 0.06131059
168 260 7 8 0.06156063
301 382 22 21 0.062260896
116 274 9 10 0.063190565
54 423 26 41 0.063306995
972 213 13 17 0.063504964
52 294 9 10 0.063677944
455 308 12 14 0.06428986
547 207 8 13 0.06441673
795 365 22 19 0.064592406
22 295 10 11 0.06481397
20 299 11 13 0.064942494
708 199 8 12 0.06536213
119 303 10 12 0.066152155
214 301 9 13 0.066246994
374 230 8 11 0.06630146
430 377 13 20 0.06649823
466 371 14 18 0.06660569
372 270 8 9 0.066719405
520 207 9 13 0.066837095
223 286 9 13 0.06722027
578 404 24 29 0.06737999
477 292 10 15 0.06738755
432 209 7 13 0.06770827
19 336 14 16 0.06797237
708 205 9 13 0.06852477
129 321 10 14 0.06865417
438 293 11 13 0.068918794
161 277 8 9 0.06973951
248 311 10 11 0.070102036
149 274 7 9 0.07026493
500 214 10 13 0.070692785
417 289 9 11 0.07114008
325 276 8 9 0.071732454
416 315 11 13 0.072138436
501 284 11 14 0.07213908
478 211 9 13 0.073841594
337 305 10 12 0.07426009
917 475 30 38 0.07437611
769 221 13 17 0.07469048
431 220 8 12 0.07524045
533 310 11 13 0.07571416
359 307 11 12 0.07657935
564 279 10 13 0.07663825
847 422 21 31 0.07666952
561 325 9 13 0.07713099
564 304 10 11 0.07743425
882 518 32 41 0.0775287
863 329 13 17 0.07898848
419 275 8 12 0.0791857
885 330 11 15 0.08017882
765 399 21 28 0.080381505
615 210 11 14 0.080541395
341 264 8 9 0.08060399
960 237 14 18 0.08069248
652 420 27 38 0.08118094
109 353 21 19 0.0822136
277 273 8 10 0.082720466
343 270 8 9 0.08282557
183 337 13 17 0.083759435
311 385 22 21 0.08621203
272 288 8 12 0.087541685
53 302 11 12 0.08821789
874 511 35 53 0.089335546
726 209 9 11 0.0893482
291 291 9 11 0.08977559
469 330 13 16 0.08994831
639 297 12 17 0.09269612
336 348 20 21 0.09343871
501 318 13 16 0.09381995
424 208 7 13 0.09447081
500 220 10 12 0.09459659
483 433 27 38 0.09539983
715 332 20 19 0.09645375
527 334 14 18 0.09725911
841 397 21 21 0.100847654
329 412 22 28 0.101982065
294 481 29 40 0.102291524
61 340 15 19 0.104227945
127 303 10 12 0.1047384
811 227 15 17 0.104947634
779 345 21 19 0.10542603
243 290 9 12 0.10756434
469 209 9 12 0.10897352
386 347 13 19 0.10930719
322 293 8 11 0.10935817
918 379 23 20 0.10939984
133 288 10 10 0.110236876
987 381 22 18 0.11057423
373 291 10 10 0.1135668
577 208 8 13 0.113617435
408 205 7 14 0.11606659
1000 393 19 30 0.11733453
759 452 27 39 0.120640114
358 276 8 10 0.120972544
248 370 22 21 0.121770956
391 210 9 13 0.12274349
81 315 14 16 0.12613328
999 457 23 32 0.12801924
643 218 13 16 0.12946032
847 366 19 21 0.13185772
413 513 28 41 0.13306336
866 227 13 18 0.13512965
203 378 20 30 0.1352552
552 483 29 42 0.13751431
527 207 9 14 0.14008504
387 278 9 11 0.14486755
455 267 10 15 0.1460192
994 224 14 18 0.14620896
824 177 9 14 0.14731896
593 343 19 21 0.14823458
167 289 9 12 0.14833085
711 306 22 18 0.15005499
544 288 10 13 0.15050243
714 362 23 21 0.15220836
780 316 21 19 0.15289518
723 223 13 17 0.15381804
595 210 13 17 0.15543173
320 324 14 19 0.15900671
58 344 22 18 0.16195735
527 275 10 14 0.16517916
833 339 14 18 0.16705218
951 351 24 20 0.1676504
144 340 14 16 0.17020793
662 482 29 41 0.17123373
449 210 8 13 0.17538482
686 219 14 18 0.17543224
77 382 23 20 0.18999667
32 321 14 16 0.19110106
478 398 20 21 0.19829234
671 321 15 19 0.21412441
765 302 14 18 0.22762099
561 206 9 14 0.24240577
1003 238 21 20 0.29214346

