2_Demonstration_Demonstration_Or_Protest_2_604
130
151 151 21 19 0.01052552
65 124 11 10 0.010556171
495 119 22 17 0.011315391
319 74 45 63 0.011411855
310 93 47 60 0.011443945
197 251 98 135 0.011491671
519 96 21 18 0.011583481
3 152 20 19 0.011663422
252 76 33 37 0.011725594
36 181 19 32 0.011785055
470 102 14 18 0.011825016
72 144 19 30 0.011918234
208 266 63 98 0.01215034
76 146 23 18 0.012192353
471 162 22 18 0.012457835
765 74 37 63 0.012559897
504 112 41 52 0.013000528
472 129 23 18 0.013062514
512 94 20 27 0.013081542
458 132 23 17 0.013167575
581 85 9 12 0.013631276
64 184 19 31 0.013829309
675 101 37 69 0.014500281
3 159 11 24 0.014626792
95 110 10 9 0.01463254
579 81 13 19 0.014717326
56 195 25 17 0.015088465
711 84 23 52 0.015411818
220 143 12 23 0.015954698
5 131 13 18 0.016012874
2 209 34 60 0.016379215
248 68 44 52 0.016901875
466 123 10 10 0.017003488
478 95 20 30 0.017085645
709 98 24 51 0.01719558
109 132 11 12 0.017224865
472 186 24 18 0.01739762
46 195 23 19 0.017460447
462 127 18 32 0.017666917
172 165 21 21 0.018021077
525 99 11 11 0.018229397
136 155 20 30 0.018748844
35 153 19 30 0.019053752
156 168 21 20 0.019237956
77 127 20 27 0.019296125
49 125 10 12 0.019857403
824 466 89 82 0.02036376
90 146 24 17 0.020418718
554 131 23 19 0.02059296
477 181 20 31 0.02079075
518 93 12 13 0.020938424
169 176 21 22 0.021156719
12 166 22 19 0.021562032
23 165 25 19 0.02164299
215 147 12 23 0.021835083
94 117 15 16 0.02188268
776 16 52 103 0.022098351
455 137 31 62 0.022419928
47 161 23 17 0.022693157
3 165 35 54 0.023238927
461 118 22 18 0.023304945
46 124 14 16 0.024471741
243 267 57 100 0.025072526
8 151 18 32 0.026451943
478 115 20 30 0.027333189
123 163 22 19 0.027913447
200 152 20 31 0.028063014
6 134 10 11 0.029052917
56 164 22 18 0.029087136
262 15 99 120 0.031359833
504 119 23 18 0.03159359
514 91 20 18 0.032471653
30 116 14 17 0.033491384
149 150 9 13 0.034155853
7 148 22 18 0.0348857
469 151 23 19 0.035350338
33 210 21 21 0.03574739
14 177 21 22 0.036711346
773 3 38 60 0.03675791
38 133 13 12 0.037008446
158 175 21 22 0.037786078
702 90 33 70 0.042094965
806 378 133 161 0.0424933
94 147 39 61 0.042732693
103 129 20 19 0.0428031
284 33 91 133 0.04338981
79 138 11 10 0.044409916
272 54 76 84 0.04556712
82 119 19 18 0.04683348
563 97 14 18 0.048480615
33 118 10 11 0.0494669
73 181 23 19 0.050761536
316 170 25 16 0.051030844
536 134 29 34 0.05145839
508 145 23 17 0.05254866
481 102 11 12 0.052649565
556 116 21 20 0.0538128
563 93 10 12 0.055231
5 217 25 43 0.0564375
561 90 13 17 0.058392975
97 120 10 10 0.059137806
473 119 23 17 0.06050272
46 130 12 12 0.06946731
515 122 21 29 0.07080833
565 100 10 11 0.075800136
73 134 21 18 0.082620166
147 146 13 20 0.09126065
158 155 29 40 0.09763234
101 134 13 12 0.098464034
12 134 14 17 0.111332275
38 203 21 32 0.11371024
475 99 21 18 0.12439666
35 129 20 19 0.12619108
70 134 14 16 0.12813078
517 96 15 16 0.12890027
537 138 25 20 0.13593592
40 127 20 19 0.17961052
97 132 21 17 0.19280362
463 149 22 21 0.19406438
4 228 24 52 0.19430506
464 147 19 34 0.19433932
85 121 11 11 0.21693464
298 52 61 98 0.24135657
162 167 29 38 0.4024546
412 135 45 72 0.4064254
11 175 20 33 0.44835162
543 129 22 31 0.47656724
813 427 115 140 0.64151335
100 160 37 59 0.7860353
653 126 62 93 0.9270298

