2_Demonstration_Demonstration_Or_Protest_2_665
53
522 1140 26 15 0.010425232
799 491 22 17 0.010458826
1009 829 11 56 0.010601868
696 578 35 62 0.010656195
806 493 10 10 0.010926233
834 484 9 11 0.011015425
795 506 27 44 0.011727235
735 473 9 14 0.01194953
382 588 36 72 0.012031081
447 594 33 67 0.012545582
716 684 51 110 0.013729537
173 399 23 58 0.013734077
791 501 36 63 0.013950593
797 560 44 73 0.014912548
760 590 34 73 0.016418887
182 403 33 69 0.016631559
799 496 18 32 0.016776184
405 559 41 74 0.017587928
842 467 48 91 0.02056969
779 471 13 18 0.02105534
980 811 38 127 0.023183148
795 535 82 136 0.0235608
6 883 192 359 0.023931302
796 501 23 19 0.024686322
766 461 19 20 0.028102582
960 888 44 113 0.029822342
257 411 34 62 0.03166377
159 372 41 105 0.03188387
714 589 63 68 0.034198985
178 381 33 67 0.03679658
832 601 42 61 0.039506037
253 47 16 36 0.042300306
626 1176 39 66 0.046547346
956 924 48 116 0.048677787
319 578 52 98 0.05040688
948 927 38 70 0.05336722
733 469 12 20 0.053752538
716 606 29 44 0.057685357
1002 830 20 115 0.08882579
340 617 32 77 0.10237777
502 456 115 229 0.106953725
839 495 41 65 0.13957773
178 430 31 75 0.14541015
919 941 57 106 0.19296421
840 491 56 86 0.29306158
721 597 34 66 0.35059294
323 575 36 64 0.37752077
173 441 29 70 0.50330603
768 465 14 19 0.5416276
390 560 79 141 0.6168467
170 375 30 77 0.8463131
785 570 76 89 0.93785286
503 468 168 272 0.9548027

