2_Demonstration_Political_Rally_2_107
128
507 514 42 66 0.01017357
93 624 43 57 0.010318614
106 546 25 50 0.0103385
981 574 14 19 0.0103401
734 498 14 18 0.010465026
957 534 23 17 0.010578112
857 493 34 55 0.01064374
790 476 7 7 0.010933248
441 625 43 55 0.011021343
807 477 7 7 0.011500861
73 581 46 102 0.011707428
812 507 19 31 0.011738746
174 498 24 17 0.011908209
263 482 19 31 0.011912597
867 607 41 60 0.012311016
896 535 22 18 0.01250649
125 544 31 72 0.012683691
408 521 30 39 0.012890891
168 519 18 37 0.013042918
928 496 13 20 0.01308044
289 487 13 23 0.013186672
883 483 13 20 0.013381702
762 504 21 18 0.0134311225
769 508 9 10 0.013646055
838 594 57 83 0.014138323
898 596 53 87 0.014371856
394 529 19 33 0.014416361
921 516 21 19 0.014456159
815 485 14 17 0.014746283
362 528 17 35 0.014780227
76 514 46 100 0.014932966
333 594 51 89 0.015006245
788 499 13 18 0.015016405
381 591 50 92 0.01502195
839 475 9 8 0.015799318
508 546 83 137 0.016530363
863 503 13 23 0.016706645
402 514 42 54 0.016776694
244 561 30 47 0.016987141
811 546 24 19 0.017262965
139 584 29 44 0.01749129
737 501 9 10 0.01825024
837 502 14 18 0.018345745
319 609 38 69 0.01866292
794 551 28 39 0.019237174
135 518 16 43 0.019875403
935 488 9 13 0.02049212
915 504 14 20 0.021769434
772 487 8 9 0.022305785
726 491 7 9 0.022812748
752 487 10 11 0.02315367
878 514 20 21 0.023241416
814 528 22 20 0.023677023
741 491 8 9 0.023803486
708 505 26 44 0.024204468
789 489 8 8 0.024737502
805 487 8 8 0.025086809
819 472 7 7 0.025133183
95 640 47 43 0.026269445
820 610 43 61 0.026356705
350 506 18 33 0.026588295
215 529 38 56 0.026631564
977 569 22 18 0.026803965
837 490 9 10 0.02722238
797 553 23 18 0.027276669
828 529 22 20 0.027500834
936 486 20 22 0.028225094
934 497 20 30 0.028631816
914 513 14 19 0.02878798
790 502 9 10 0.028896205
201 481 25 17 0.029067641
974 558 20 31 0.030824402
664 511 46 61 0.03103724
712 533 55 82 0.03137737
795 558 24 19 0.03202117
745 483 21 19 0.032368444
828 514 22 20 0.032391764
391 503 19 32 0.03242237
702 513 37 56 0.032785006
910 534 22 20 0.032812234
836 526 20 32 0.03284818
845 500 13 21 0.033067938
818 488 9 10 0.036609832
844 508 19 32 0.037065867
815 517 21 20 0.037471995
518 552 40 69 0.03752701
882 607 42 62 0.03772755
102 536 34 69 0.039093256
909 532 18 32 0.04170122
6 449 44 108 0.04290657
769 530 20 32 0.043362968
630 513 46 63 0.045004085
334 502 21 19 0.045505993
958 590 29 41 0.046025105
287 483 20 30 0.047184117
288 494 13 25 0.048260715
709 518 28 40 0.04862947
972 543 22 19 0.05375192
190 507 19 33 0.055662762
894 501 13 22 0.05859149
813 530 19 34 0.059416648
187 520 29 41 0.060867153
169 502 23 50 0.061551746
159 507 33 62 0.062409434
332 502 19 33 0.06465943
970 541 19 30 0.06475561
135 575 38 62 0.06661159
764 534 22 19 0.06667718
934 486 13 20 0.0671891
971 537 22 17 0.07286274
382 589 36 63 0.08268041
861 508 20 23 0.08425287
892 501 18 29 0.0961221
159 576 55 87 0.09697592
531 555 39 70 0.105164215
639 500 59 87 0.12568264
151 580 41 67 0.13200068
129 505 30 69 0.16954988
519 533 51 107 0.18549731
270 495 18 33 0.1912118
924 533 19 30 0.22557624
287 494 20 33 0.2640921
134 501 22 52 0.3946665
865 503 20 33 0.43883425
738 558 31 39 0.51459694
177 571 51 89 0.5257598
233 547 36 67 0.606222
229 487 28 39 0.8365032

