2_Demonstration_Protesters_2_351
34
696 91 30 39 0.010024747
759 75 46 52 0.010196645
754 63 54 97 0.010648069
132 73 37 62 0.01116442
961 111 23 53 0.012104245
634 55 29 41 0.012959556
390 6 31 41 0.013696361
129 100 39 64 0.015620096
430 70 27 45 0.015738683
356 40 37 63 0.016211547
957 102 31 72 0.017112108
118 42 31 40 0.01806724
964 119 30 77 0.018313948
449 75 20 36 0.021886932
899 9 63 85 0.023118548
603 67 35 60 0.025433695
429 51 20 38 0.025927955
898 11 41 58 0.02929927
111 17 41 56 0.034162164
441 249 6 10 0.034479406
443 57 27 45 0.0372851
605 77 27 43 0.03808736
425 60 36 63 0.044117752
112 33 42 56 0.045960583
384 272 8 14 0.05868759
100 29 42 58 0.07513188
384 266 9 15 0.14680193
439 66 35 57 0.16043109
2 45 21 53 0.22063874
423 42 33 61 0.24525511
99 13 41 57 0.31563026
614 51 27 42 0.3416154
382 0 42 40 0.63592356
229 111 26 43 0.8729947

