2_Demonstration_Political_Rally_2_690
117
102 373 5 6 0.010075271
802 355 7 6 0.010194913
1002 388 6 9 0.01048033
103 355 6 6 0.010597808
689 364 13 18 0.010662607
788 403 47 55 0.010725444
630 356 6 10 0.010773809
733 425 13 18 0.010795215
182 367 6 7 0.011469797
81 342 6 6 0.011606712
736 424 7 9 0.012109783
64 350 12 18 0.01220972
0 352 8 24 0.012215707
78 352 13 17 0.013050489
7 442 12 19 0.013417614
934 415 27 42 0.013684161
705 385 7 8 0.013760823
56 341 6 7 0.014037482
705 403 7 9 0.014209456
147 352 5 7 0.014364832
759 423 51 54 0.014566676
77 365 14 18 0.014638873
936 380 8 13 0.014833879
227 338 6 7 0.015395281
167 367 6 6 0.01600636
726 366 6 8 0.01664511
216 366 6 7 0.01676211
807 322 5 6 0.01730749
84 388 5 6 0.018048838
821 319 6 6 0.018857513
537 441 63 80 0.018930847
196 366 6 6 0.019311648
658 356 5 8 0.019868314
213 338 6 8 0.019943533
835 320 6 6 0.020815143
70 403 5 6 0.021440703
52 384 6 7 0.021568054
1001 403 7 10 0.021790018
695 383 7 9 0.022220705
749 377 13 19 0.022507705
114 417 5 7 0.023324892
770 360 7 7 0.023719708
935 377 12 21 0.023745848
656 380 7 9 0.02471102
134 341 5 6 0.024869299
147 342 6 6 0.025588436
946 378 9 15 0.025871987
736 427 8 12 0.027425611
71 385 5 6 0.028654296
642 386 29 64 0.029215928
1 357 6 14 0.030923009
691 361 6 7 0.03156772
8 445 9 12 0.0328825
645 377 12 20 0.0328965
806 372 9 6 0.0336513
134 353 6 6 0.03429383
938 376 18 32 0.035787728
1000 411 13 17 0.037259743
86 438 5 5 0.03829175
100 437 5 6 0.03866927
1011 388 7 10 0.039131254
758 408 48 52 0.040624566
169 355 6 7 0.04100331
627 368 6 11 0.041218504
771 366 8 7 0.043242995
181 342 6 7 0.044261903
746 383 7 10 0.044607278
88 406 5 5 0.045914963
614 332 7 15 0.047466267
1010 399 7 10 0.048540737
645 395 11 28 0.048910066
738 359 6 8 0.04893923
68 341 6 7 0.04947681
36 360 5 8 0.053571448
753 381 7 11 0.058307994
816 367 9 8 0.061753504
1005 412 13 18 0.06371178
788 371 9 7 0.06429617
0 361 9 21 0.0664397
745 368 6 9 0.06743703
949 371 9 14 0.068256736
81 369 8 9 0.06907274
90 415 6 6 0.074660026
681 368 6 8 0.08299676
656 373 6 8 0.084916756
612 328 11 23 0.09277114
217 355 6 7 0.09791892
1008 415 9 12 0.10395563
55 356 5 8 0.111552075
704 368 6 7 0.114972614
198 356 6 7 0.116318405
224 355 6 7 0.11869705
102 392 6 7 0.1194661
944 374 12 21 0.12366123
1001 414 10 11 0.12620258
111 398 6 8 0.12662986
112 391 6 7 0.12850602
947 369 12 20 0.13832875
647 374 6 9 0.15716806
0 364 8 13 0.16497873
751 368 13 16 0.16912271
104 401 5 7 0.17176701
67 355 7 8 0.17274486
118 364 6 9 0.17563802
647 380 7 11 0.18424925
97 414 5 6 0.19737434
51 368 6 8 0.20940724
41 365 6 9 0.24482054
81 355 8 9 0.26082626
117 356 6 7 0.2711549
67 367 7 9 0.27797565
562 423 52 90 0.28118706
648 391 17 40 0.45679396
693 367 6 9 0.4634544
181 351 7 9 0.50829357
754 370 8 10 0.67507863
818 399 53 87 0.69888616

