58_Hockey_icehockey_puck_58_680
336
5 13 8 11 0.010097048
622 248 41 50 0.010110311
420 222 41 51 0.010145892
912 0 11 10 0.010167522
241 60 13 17 0.010220809
442 92 20 19 0.010256194
559 0 11 8 0.01025692
70 59 12 18 0.010293755
30 0 9 6 0.01030652
765 16 22 15 0.010325511
445 139 10 13 0.010333456
404 125 11 12 0.010342194
369 43 8 12 0.0104219075
369 60 8 12 0.010433284
925 7 13 18 0.010441435
235 12 13 17 0.010462459
398 136 11 12 0.010581297
45 89 14 19 0.010648486
134 247 40 55 0.010673135
642 85 12 19 0.010709983
961 0 9 10 0.010791534
429 165 13 16 0.010834923
621 165 13 18 0.0108965915
430 28 14 15 0.010902169
397 23 14 15 0.010906807
269 166 24 17 0.01091167
418 36 13 16 0.011057467
273 39 13 17 0.011136398
897 42 8 11 0.01129501
36 89 12 19 0.011304482
515 74 12 17 0.011342111
895 90 12 19 0.01137034
800 72 12 18 0.011476769
703 46 13 16 0.011517667
417 158 10 10 0.0115998825
545 10 13 16 0.011643881
999 8 13 19 0.011713338
689 124 13 17 0.0118524
644 87 9 13 0.01186684
401 103 10 12 0.011867644
762 186 21 20 0.011941419
903 122 11 21 0.01197902
32 68 14 17 0.012037868
255 186 24 17 0.012078779
455 77 9 11 0.012258313
449 156 13 17 0.012324202
247 134 20 18 0.01235289
71 61 9 13 0.012384998
392 0 11 11 0.012468939
800 24 11 12 0.012498366
327 43 8 11 0.012517182
318 166 12 17 0.0125201475
283 325 30 39 0.0127310185
148 227 39 58 0.012744905
686 134 12 18 0.012760762
875 152 13 18 0.012799903
959 26 12 17 0.012968397
917 105 8 13 0.013011786
169 57 8 12 0.013067279
500 13 10 11 0.013099961
320 196 25 25 0.01311371
802 14 12 9 0.013153139
416 15 14 8 0.0131795015
728 1 9 9 0.013348891
240 77 9 12 0.013476635
511 0 21 12 0.013488844
557 38 13 18 0.013510314
725 13 13 17 0.013541955
448 107 10 12 0.013572947
551 322 42 45 0.013655725
847 168 14 17 0.01366718
927 9 10 12 0.013709393
295 140 13 17 0.013791433
552 45 9 12 0.013810858
961 170 13 18 0.013907302
757 141 13 18 0.013922999
661 25 10 13 0.0139932465
467 75 10 10 0.014035436
446 104 14 17 0.014076169
547 0 11 9 0.014170681
140 255 56 80 0.014466033
854 0 12 10 0.014659941
342 40 9 12 0.014675372
949 97 9 11 0.014708802
419 169 10 11 0.0147891855
162 76 7 10 0.014847884
336 150 13 19 0.014894507
6 74 8 13 0.01516842
236 172 25 16 0.015312349
545 141 14 18 0.015580012
213 133 13 19 0.015750831
982 172 22 20 0.01605284
465 114 13 17 0.016206855
501 1 11 10 0.016331915
696 86 10 14 0.016371036
560 42 9 12 0.016578035
960 153 13 18 0.016755974
525 69 13 18 0.016952142
18 28 14 17 0.017058713
312 189 21 19 0.017059527
657 118 12 18 0.017227763
401 92 13 16 0.017230613
467 60 15 16 0.017235942
692 233 40 49 0.01727605
466 36 12 9 0.017668622
963 173 9 12 0.018002564
556 26 20 18 0.01801378
82 164 42 55 0.018331092
305 21 14 16 0.018827083
237 75 13 18 0.019033067
338 166 13 18 0.019406509
355 70 9 14 0.01970614
359 25 12 17 0.019718733
253 136 11 13 0.019796172
318 15 10 11 0.019933464
96 7 13 19 0.020052679
589 42 11 13 0.020054806
433 43 10 10 0.02005809
288 157 11 12 0.02012141
705 47 10 13 0.02015084
670 80 9 12 0.020466695
353 68 12 18 0.020797055
76 57 12 18 0.020874852
910 120 8 15 0.020976625
659 87 9 13 0.021071162
575 3 20 18 0.02120801
151 253 41 61 0.021282261
336 235 36 35 0.021352122
275 159 12 11 0.021624144
876 40 12 17 0.02225508
363 25 13 16 0.022454318
736 193 14 21 0.022514993
546 26 9 12 0.022533618
312 196 22 19 0.022970283
517 76 8 12 0.023058426
756 12 11 11 0.023097891
869 27 8 10 0.023119625
947 103 9 12 0.023178149
526 61 12 17 0.02388629
98 101 12 20 0.023971332
480 79 9 11 0.02445391
1009 10 9 14 0.024566237
229 12 13 17 0.025056614
525 44 12 17 0.02518449
52 68 13 17 0.0252741
50 32 14 17 0.025388991
83 181 41 59 0.02566707
20 30 10 11 0.025793454
540 111 14 16 0.02580699
664 81 9 13 0.025818454
512 93 9 13 0.02594375
433 12 12 9 0.02597228
547 13 10 11 0.026026992
870 153 13 18 0.026392521
528 88 10 13 0.026806552
296 78 13 17 0.026876736
688 42 13 17 0.027036713
502 60 9 11 0.027248058
446 14 22 16 0.027482783
255 157 15 16 0.027532715
196 126 10 13 0.02754665
852 46 9 11 0.027654393
578 127 13 18 0.027849672
47 61 14 17 0.027855573
258 160 11 11 0.028149432
341 30 13 16 0.028164236
917 19 12 18 0.02837841
744 206 29 42 0.029039286
431 167 11 11 0.029552482
962 155 10 12 0.029570568
687 56 13 17 0.030108023
729 372 43 53 0.030221356
403 95 10 12 0.030292703
878 42 9 12 0.030433422
528 71 9 13 0.030568197
275 41 10 11 0.030697765
422 109 13 17 0.03108849
981 174 11 12 0.031247921
676 105 12 19 0.032022957
528 64 9 12 0.032027487
835 27 14 17 0.032410577
290 33 10 10 0.03267385
735 17 10 10 0.033245977
916 56 13 18 0.0333881
243 63 10 11 0.033394955
934 217 41 53 0.03349016
541 118 13 18 0.033899892
867 71 13 18 0.034216523
735 22 10 12 0.03506633
485 88 9 12 0.03574259
231 15 9 12 0.035766844
429 108 14 16 0.03629455
403 11 11 9 0.0363932
937 167 9 13 0.037757576
35 71 9 11 0.03783543
1001 44 11 15 0.03840753
973 138 14 18 0.039342288
419 33 11 9 0.039948758
303 84 13 18 0.040026017
885 102 11 19 0.04063022
308 102 12 18 0.04075876
324 103 12 18 0.04097441
703 80 11 14 0.041988384
1007 7 11 20 0.04312408
321 27 9 10 0.04328851
623 0 13 14 0.044651743
435 134 14 17 0.0447023
398 2 13 10 0.044737894
723 24 9 11 0.04480521
50 64 9 11 0.045719497
226 31 9 10 0.045763277
735 190 13 19 0.04603967
579 5 13 13 0.046309564
952 124 12 18 0.047596302
618 252 30 37 0.04771973
711 58 10 13 0.049646303
262 185 25 19 0.05017519
770 18 13 11 0.05040729
419 39 11 10 0.050409902
176 49 10 13 0.05058381
942 167 10 13 0.05126437
895 57 12 18 0.051569767
310 17 10 12 0.051790375
980 171 14 19 0.052241374
588 56 13 18 0.05230596
195 124 13 19 0.052314065
224 0 10 9 0.052673332
579 1 14 15 0.052707497
2 42 8 11 0.052851103
469 63 11 10 0.053300545
597 0 11 9 0.054027773
451 159 9 12 0.055039056
269 156 23 18 0.05519742
376 131 13 17 0.05683248
53 71 10 11 0.056874376
965 8 13 19 0.058065798
690 43 10 13 0.059160028
837 28 10 12 0.059618667
252 340 39 49 0.05975648
310 105 9 13 0.060156193
392 23 9 11 0.06102503
432 31 11 9 0.061161473
756 216 28 40 0.06130833
744 211 37 51 0.061401803
319 0 11 8 0.062171303
516 0 12 11 0.062488843
21 0 9 7 0.06294995
271 130 11 13 0.06301404
672 4 11 14 0.06306213
726 15 9 11 0.063146025
891 133 12 19 0.06398107
897 59 9 13 0.064168684
734 0 11 9 0.06500293
527 46 9 12 0.066346794
690 58 9 13 0.0672723
399 24 10 11 0.06841332
669 0 13 16 0.070357785
342 33 10 11 0.07143479
955 124 14 18 0.07150311
285 155 14 18 0.072950244
722 58 10 13 0.073635355
949 60 9 13 0.07368387
218 125 14 17 0.07396569
366 26 9 12 0.07584625
104 43 12 19 0.076275006
34 63 10 12 0.07658514
790 52 11 14 0.07743812
32 61 13 17 0.07817862
447 95 11 13 0.07935652
733 63 10 13 0.07970174
580 132 12 17 0.079958685
701 83 13 17 0.079991
214 16 10 13 0.08188927
360 27 9 11 0.082539864
215 124 13 18 0.082561366
380 132 14 16 0.08604509
501 27 13 16 0.08675264
307 24 10 11 0.08798484
261 179 22 32 0.08837538
637 189 20 19 0.08859095
467 313 38 50 0.09224297
466 39 11 11 0.09278958
872 41 10 14 0.0929193
176 53 9 14 0.09767558
402 74 13 17 0.09945466
148 277 41 60 0.1004366
337 139 12 18 0.10477912
771 20 13 14 0.10519328
20 101 13 19 0.10812714
561 28 11 12 0.108201906
272 133 12 13 0.11452854
349 135 13 17 0.11604033
664 347 39 53 0.116367795
245 133 14 17 0.11996542
327 232 38 48 0.123184524
483 150 14 18 0.12370888
1004 42 13 18 0.12422644
887 133 13 20 0.12542742
831 38 14 17 0.12603006
890 357 40 52 0.13173786
685 188 20 19 0.1330438
945 219 41 56 0.13305917
790 48 13 16 0.13717367
450 16 14 11 0.13872378
438 223 29 43 0.14015628
369 101 14 19 0.14473818
626 55 12 17 0.14634639
549 189 29 42 0.14796135
466 109 14 19 0.15083683
981 24 13 19 0.16227326
702 151 14 18 0.16705106
107 44 13 20 0.16974938
301 136 13 18 0.17247431
927 77 13 19 0.17470321
50 38 13 17 0.17909041
840 206 30 44 0.18029156
674 58 13 17 0.18121725
702 118 14 17 0.18561874
564 330 33 39 0.18992801
772 338 35 53 0.19786687
705 25 10 13 0.19885577
834 125 15 17 0.20117062
514 110 12 19 0.21173379
224 197 32 40 0.21192911
543 148 14 17 0.2146321
739 118 14 17 0.21925277
578 90 13 19 0.21975322
803 151 14 18 0.22317798
565 241 31 39 0.22703516
372 317 30 42 0.23572108
788 124 15 19 0.24959902
300 79 14 16 0.25105527
644 142 14 17 0.2515527
623 137 13 18 0.27582628
229 80 13 17 0.29104918
114 77 13 17 0.30932668

