58_Hockey_icehockey_puck_58_895
24
319 820 23 19 0.010349107
91 754 47 65 0.011136828
431 762 14 21 0.011199513
684 319 111 223 0.012721349
377 824 23 20 0.012953117
383 775 33 34 0.014068223
427 758 23 26 0.014128331
328 781 26 16 0.015075956
292 810 32 38 0.015304945
393 783 28 15 0.015443182
359 777 26 16 0.016015058
10 765 51 95 0.019559018
329 776 22 28 0.020411795
34 776 25 54 0.022611046
287 802 43 54 0.024423618
309 802 42 52 0.046934985
376 814 31 36 0.05024808
700 313 324 479 0.051290702
314 809 33 36 0.06431753
387 874 33 36 0.074944176
636 253 205 472 0.16358924
191 800 42 65 0.26221552
31 776 33 75 0.36520517
73 744 77 91 0.7649667

