58_Hockey_icehockey_puck_58_655
20
723 120 47 54 0.010051747
495 32 43 60 0.012816079
298 22 31 72 0.016103614
479 28 39 63 0.016765324
927 19 27 42 0.020020708
986 10 25 17 0.023228658
713 60 62 80 0.026960079
729 91 43 62 0.027100496
20 23 40 61 0.030826204
494 55 43 57 0.031664863
482 56 43 61 0.035461187
494 31 49 98 0.045393404
318 162 51 92 0.06963362
476 25 55 100 0.085341044
339 115 44 60 0.23858696
303 199 62 92 0.32094368
116 163 53 86 0.33186173
696 84 72 79 0.43036062
657 85 72 77 0.6436907
851 74 77 84 0.972996

