58_Hockey_icehockey_puck_58_926
68
787 319 45 58 0.010079985
577 445 40 67 0.010368524
771 294 39 60 0.010391236
222 164 11 11 0.010634936
774 314 52 88 0.0106561
794 299 33 40 0.010904493
836 379 50 99 0.011197073
723 323 45 62 0.011238101
819 291 48 52 0.011311642
217 163 10 12 0.011909836
509 200 47 95 0.012101047
672 392 31 39 0.01213444
594 445 38 70 0.012162692
16 237 44 108 0.012620492
59 245 32 39 0.012626869
806 195 26 45 0.012939832
874 37 40 60 0.012994998
719 348 45 59 0.01321358
203 320 52 97 0.01322281
201 244 48 86 0.013402379
442 319 52 85 0.013577602
635 341 48 98 0.014124451
696 352 41 59 0.014213517
848 263 44 54 0.014577085
519 253 47 103 0.015520009
611 249 42 63 0.015597341
704 324 41 61 0.015605212
343 315 42 59 0.015635831
588 257 50 92 0.01619174
574 437 50 101 0.016323658
223 203 46 63 0.016687473
667 385 39 57 0.018538576
403 231 39 61 0.019326003
504 186 38 70 0.01958285
456 190 39 64 0.02055791
961 125 45 100 0.021042386
139 274 53 87 0.021639623
770 482 33 66 0.022660688
58 253 46 55 0.022665756
930 104 40 66 0.023424538
17 214 50 92 0.025480347
53 239 42 55 0.026126152
67 245 50 89 0.026321681
595 347 50 88 0.029673824
4 358 42 134 0.033569776
710 330 51 93 0.034522086
981 135 34 65 0.03586915
960 126 40 61 0.035960034
624 249 41 62 0.036959313
176 296 40 67 0.04131095
259 320 49 101 0.05215
787 291 44 57 0.0556595
121 256 40 63 0.06195787
888 47 51 82 0.06920924
624 382 42 60 0.0798665
85 261 47 55 0.08496747
468 191 42 69 0.11451712
622 371 54 90 0.14456339
447 405 53 91 0.15176244
607 379 48 59 0.19401059
933 276 46 68 0.23128462
604 377 57 91 0.27607912
356 12 44 69 0.40954795
938 261 55 81 0.42306674
883 42 44 71 0.5366199
220 219 62 80 0.6575854
393 306 62 85 0.69049907
573 87 51 90 0.7369345

