58_Hockey_icehockey_puck_58_835
65
181 189 6 8 0.010465999
21 200 6 8 0.01061687
903 575 87 142 0.01091168
85 197 6 6 0.011764092
683 194 23 19 0.012022514
667 181 14 18 0.012713271
180 195 7 9 0.012826195
167 189 5 7 0.013681136
886 212 6 6 0.016332641
70 198 5 6 0.016927438
53 200 5 5 0.017621072
38 200 5 6 0.018703043
163 198 6 7 0.01987932
204 179 33 35 0.020950573
148 199 6 6 0.022149578
6 186 6 9 0.022197396
902 215 6 6 0.022531116
916 587 56 112 0.0226579
1014 215 6 10 0.024051452
134 196 5 7 0.024063753
21 186 6 8 0.026332745
150 189 6 7 0.027466603
668 188 21 28 0.028963756
52 187 5 6 0.0297852
997 215 7 7 0.03282641
83 188 6 7 0.033533905
97 188 6 6 0.03395026
68 188 5 6 0.037286315
136 189 5 7 0.038101602
36 187 5 6 0.040251765
933 216 5 5 0.04081753
658 180 21 19 0.04255218
699 193 26 19 0.045140903
641 432 28 41 0.045650553
963 216 6 6 0.057024125
696 191 31 34 0.066049576
630 199 24 29 0.0702909
950 214 5 7 0.07827579
917 215 6 6 0.07865183
679 203 21 30 0.09129065
635 192 23 30 0.17540456
517 239 27 42 0.40709844
599 248 30 37 0.44970527
761 209 29 36 0.48614562
694 198 29 37 0.48920548
354 238 32 42 0.493754
620 197 29 32 0.4958901
444 236 30 43 0.5298248
677 248 29 40 0.53259706
439 405 35 56 0.57384896
551 183 29 37 0.61784685
451 175 27 38 0.6267691
772 256 26 42 0.62852895
562 400 33 54 0.64514434
701 403 37 48 0.7001184
147 245 33 39 0.7017173
246 245 33 38 0.7036214
357 176 28 40 0.70555335
309 409 33 47 0.7367262
876 306 30 40 0.7384422
213 183 33 35 0.75953
290 174 29 36 0.76406324
162 395 37 53 0.80542076
854 406 34 49 0.8682245
53 304 35 54 0.89873755

