58_Hockey_icehockey_puck_58_94
37
603 373 26 45 0.010412736
517 40 17 37 0.010464109
596 318 36 68 0.011305314
647 93 30 63 0.012256119
996 101 28 63 0.01240676
547 76 32 65 0.012508615
524 47 21 21 0.0129888775
1015 109 9 38 0.013419855
603 75 31 69 0.0141978245
281 191 54 55 0.014200728
672 91 16 37 0.015669752
612 89 16 38 0.01593315
548 92 35 64 0.017598098
607 85 24 49 0.017810086
321 92 20 39 0.017968608
190 331 62 109 0.0186433
308 168 44 57 0.019069618
288 173 45 57 0.02197125
0 49 19 22 0.022392014
2 19 15 38 0.024909845
3 47 16 35 0.02531054
436 124 44 51 0.031608447
657 93 16 37 0.032038275
176 316 95 153 0.042397033
299 90 26 42 0.051129863
655 104 17 37 0.06793005
611 105 24 49 0.14077258
976 108 24 48 0.247088
1003 110 16 41 0.63524765
573 143 37 62 0.723362
312 92 35 53 0.80052906
62 16 25 49 0.84512454
819 226 41 58 0.86060345
126 30 39 50 0.93953854
761 110 34 64 0.9542152
690 159 38 58 0.972322
440 111 33 56 0.9738652

