58_Hockey_icehockey_puck_58_212
262
843 23 22 17 0.010318837
347 69 20 20 0.010320357
870 1 25 15 0.01044798
996 87 18 32 0.010587524
874 81 21 19 0.010589392
407 6 24 18 0.010628397
869 59 14 18 0.010638027
4 0 17 24 0.010779984
266 87 24 17 0.010820189
968 97 23 18 0.010829298
998 105 19 32 0.010910131
578 45 19 30 0.011065797
2 36 7 13 0.011322371
577 49 13 21 0.011486104
826 20 21 17 0.011565893
192 0 13 12 0.011588412
749 3 23 17 0.011600407
434 119 20 18 0.011618556
716 54 21 28 0.011623852
716 75 21 19 0.011696873
909 180 13 22 0.011739875
777 89 22 28 0.011742979
935 49 20 27 0.011815135
639 0 21 17 0.0119498
117 22 14 18 0.011984993
118 0 12 16 0.011999247
970 58 14 19 0.012105585
800 53 12 12 0.0122861555
250 8 27 15 0.012307126
737 100 34 34 0.012343556
463 74 20 20 0.012499183
870 76 20 28 0.012511968
0 31 11 24 0.012526729
325 0 10 12 0.01255956
247 155 36 61 0.012635861
502 0 11 7 0.012744061
973 30 14 17 0.012809083
400 66 21 18 0.012952494
208 4 22 17 0.012959269
232 4 24 16 0.012985999
229 170 20 37 0.013119184
599 5 13 20 0.013142641
444 119 20 30 0.013206456
605 16 18 30 0.013259388
538 319 40 57 0.0132723
264 5 27 14 0.013295051
381 36 14 19 0.013540095
975 16 19 27 0.013648
190 33 23 19 0.0137062725
139 0 19 27 0.0137219
970 177 21 20 0.013723301
749 71 23 17 0.013793802
335 14 13 18 0.013954306
805 164 27 39 0.014024823
509 27 18 30 0.014101941
1002 17 20 21 0.014166145
349 45 13 19 0.014273036
729 60 22 18 0.014354932
332 108 20 21 0.014364637
340 3 10 12 0.014468555
227 151 20 31 0.014514619
68 178 25 19 0.014646935
871 59 22 19 0.01500848
863 20 11 11 0.015118702
283 17 22 18 0.01515248
734 50 20 28 0.0152711775
684 69 21 19 0.015276751
324 17 13 19 0.015381726
604 12 13 19 0.01546735
718 39 14 17 0.015478116
812 27 22 26 0.015521343
175 0 21 18 0.015724309
763 5 23 17 0.015766896
793 72 28 41 0.015866404
811 47 22 18 0.015978882
875 54 14 17 0.016242893
859 158 14 22 0.01650984
785 97 23 18 0.01654914
415 80 23 18 0.016647529
455 147 23 18 0.016721819
139 19 19 31 0.016903436
162 36 21 20 0.016997471
603 6 13 19 0.017241033
114 31 13 20 0.017336011
910 46 20 18 0.017417617
908 35 21 19 0.017423674
905 175 17 33 0.017539827
517 16 13 20 0.01780906
155 2 21 18 0.018091714
162 43 21 21 0.018160285
27 80 21 28 0.018565165
338 1 14 18 0.018567763
324 26 17 30 0.018614918
878 177 13 22 0.018689737
991 78 22 19 0.018705774
353 132 20 22 0.018986952
25 0 22 16 0.019031279
506 43 20 29 0.019119985
929 66 21 18 0.019463563
815 7 22 16 0.019722125
355 74 20 27 0.019722344
505 130 27 44 0.0197746
252 117 22 20 0.019805124
2 0 11 23 0.01988564
797 35 14 17 0.020170286
330 100 21 20 0.020295419
351 130 29 35 0.020493839
330 110 21 29 0.020737987
866 1 14 17 0.021072105
125 37 21 19 0.021081151
499 37 19 22 0.021323087
215 13 23 18 0.021489989
995 48 19 30 0.021500392
818 36 15 16 0.021861142
1000 46 20 21 0.022027548
13 78 22 28 0.022068746
130 50 20 29 0.022134561
532 3 10 13 0.022232391
505 37 21 21 0.022262374
858 81 21 19 0.022941345
800 37 10 11 0.022941506
826 82 23 19 0.023129482
40 34 24 19 0.023833076
991 100 22 18 0.023880992
10 35 21 21 0.023959804
862 17 14 16 0.024516135
259 19 18 27 0.025010912
945 50 13 20 0.025128867
938 62 20 19 0.02519651
202 40 20 29 0.025563871
593 14 18 31 0.025587616
800 54 21 26 0.025589887
816 12 21 18 0.02597149
968 54 19 20 0.02621896
379 57 18 30 0.026381368
266 49 23 17 0.02682274
334 58 12 21 0.026889622
820 39 11 10 0.026893178
266 150 21 32 0.02734451
747 98 23 19 0.027715754
836 33 13 12 0.028758889
792 96 23 18 0.029462509
209 15 23 17 0.029577244
953 87 23 19 0.0297775
683 76 22 18 0.029991513
363 131 21 21 0.030333959
827 50 22 19 0.030509567
636 36 22 18 0.030735377
429 119 21 28 0.030951634
721 48 11 13 0.031543627
218 63 24 19 0.03186315
993 17 19 29 0.03207029
439 124 22 20 0.032527983
168 36 22 20 0.03309434
168 43 20 29 0.033189546
718 68 21 19 0.033209536
464 68 20 20 0.034358434
338 52 12 21 0.03446791
831 56 21 28 0.034609184
930 24 21 28 0.034885768
363 78 22 19 0.035629548
352 33 13 20 0.03563333
495 29 17 32 0.03627531
979 18 14 19 0.03627588
809 175 22 20 0.03636176
378 47 15 19 0.03719638
141 5 23 18 0.037360277
267 93 24 18 0.037463434
767 14 22 18 0.037591293
861 156 19 29 0.037663642
916 119 17 23 0.037850104
127 43 21 20 0.037981655
383 72 18 29 0.038042057
403 7 15 19 0.041047264
434 6 15 19 0.04382836
846 33 13 12 0.04433043
435 123 20 20 0.045000467
750 77 22 18 0.045131
963 54 14 20 0.046314433
419 56 18 30 0.046565752
369 46 18 30 0.04689689
187 0 21 16 0.048006326
378 196 25 18 0.048039462
796 61 23 17 0.048053354
60 63 23 19 0.049285304
924 82 22 19 0.050097324
217 4 22 17 0.050123427
414 60 23 18 0.050333776
914 115 14 24 0.05166728
401 11 17 30 0.051784225
968 104 18 29 0.05188296
505 133 23 19 0.05254631
40 39 23 28 0.053457353
530 2 13 18 0.054441683
779 49 15 19 0.054734524
509 125 22 28 0.055090837
596 12 19 20 0.05534512
62 75 20 29 0.058185633
349 5 13 17 0.058455523
379 189 21 30 0.059355922
960 91 18 30 0.061415274
909 116 18 28 0.061678633
1 172 14 38 0.06260208
60 92 22 19 0.062812
929 83 19 30 0.06541495
825 63 22 19 0.06765946
944 155 21 22 0.07445122
833 31 21 18 0.07588891
350 76 21 20 0.077141225
642 47 22 19 0.07758059
357 127 21 30 0.08544458
993 151 18 32 0.08619862
942 151 18 33 0.08838414
518 82 23 20 0.0887929
422 50 23 20 0.09053634
848 155 18 31 0.09089155
720 45 13 18 0.093682624
503 41 21 22 0.095049106
743 84 29 39 0.1021717
831 74 20 31 0.109712385
794 51 21 19 0.11037268
223 157 34 61 0.11247954
184 153 21 32 0.116842106
939 14 13 19 0.118470475
994 47 21 19 0.12096583
865 54 22 18 0.12159351
426 78 19 29 0.12330848
502 0 10 11 0.123308904
935 14 14 19 0.12575698
730 51 21 19 0.12637676
852 159 19 21 0.12889484
252 15 24 18 0.13628669
324 33 13 20 0.13768846
220 71 21 29 0.1506718
418 52 21 20 0.15145318
497 39 18 29 0.1550583
963 57 20 21 0.15658712
968 112 24 20 0.1638128
202 34 24 20 0.16489105
954 92 23 19 0.16863954
840 30 21 19 0.17093672
372 47 19 22 0.17970598
513 80 22 28 0.1846461
986 18 22 20 0.20591728
139 74 23 27 0.20962119
590 71 55 79 0.21398965
38 30 22 31 0.2218897
179 153 20 35 0.22495997
255 112 22 30 0.22570723
67 168 17 33 0.23930383
204 28 19 31 0.24055912
378 76 22 21 0.24168167
430 9 21 20 0.2443175
400 9 21 21 0.26740813
430 83 21 20 0.2706036
287 35 21 21 0.27608204
0 171 9 30 0.29674917
771 48 21 20 0.31051537
236 32 25 19 0.33385548
142 158 20 34 0.41157806
648 49 23 20 0.5055128
875 19 22 19 0.5137599

