58_Hockey_icehockey_puck_58_262
445
368 266 9 12 0.010169634
320 237 17 20 0.0101888515
450 193 13 17 0.010225604
455 297 8 8 0.010264092
249 72 6 8 0.010283273
67 331 7 12 0.0103295855
128 633 9 10 0.010338774
1 650 8 32 0.010420423
784 235 14 15 0.010424604
612 0 7 7 0.010563972
191 343 14 16 0.010628757
456 252 8 10 0.010683034
305 362 8 12 0.010744129
328 23 7 10 0.010878551
324 344 14 17 0.010941744
740 91 6 6 0.010970427
579 228 13 16 0.01097233
243 634 13 16 0.011101223
775 496 11 15 0.011125181
1014 39 5 10 0.011127059
515 9 7 7 0.01115498
36 332 7 13 0.011183308
431 165 7 10 0.01118711
194 300 7 8 0.011260933
441 74 8 10 0.01127254
343 312 10 11 0.011287244
246 643 9 11 0.011349477
96 634 8 10 0.011360418
439 304 7 6 0.011418339
512 244 10 11 0.011422102
358 39 8 11 0.011451872
338 262 9 11 0.011457493
483 26 7 7 0.011573354
630 61 6 7 0.011619969
486 280 8 8 0.011662829
911 101 9 10 0.011673766
278 390 8 10 0.011755243
855 59 7 9 0.011771278
116 326 8 12 0.011820721
430 41 13 16 0.011836539
330 40 6 11 0.011940159
867 73 7 9 0.01197661
562 70 6 7 0.012049152
53 25 7 8 0.012067097
345 273 19 19 0.012240543
130 46 7 6 0.012257533
339 380 8 10 0.012275513
324 277 9 10 0.012320168
163 69 7 8 0.012329409
423 42 13 18 0.012597945
183 348 8 9 0.0126402285
913 75 7 9 0.012674911
757 0 7 7 0.012737624
449 9 9 8 0.012742344
883 27 6 6 0.013048598
153 31 6 6 0.013085439
486 39 7 8 0.013090427
338 0 10 10 0.013158754
326 347 9 11 0.013215718
205 323 19 28 0.013263449
351 310 10 9 0.013316731
919 30 7 7 0.0133319395
882 56 6 8 0.013341325
1017 55 5 10 0.0134537425
900 99 14 17 0.013458072
535 54 6 6 0.01349297
118 633 9 11 0.013547899
468 0 10 7 0.013635655
200 266 6 10 0.01367343
340 24 8 11 0.013766519
18 42 12 18 0.014002875
457 284 7 8 0.014052107
959 119 12 18 0.01418419
448 22 9 10 0.014207806
354 389 10 10 0.014312638
366 424 10 10 0.0144251855
203 234 8 13 0.014461499
326 647 8 11 0.014509019
503 245 9 11 0.0146462675
130 73 7 6 0.014687622
265 326 9 13 0.015065318
565 245 10 11 0.0151211675
423 48 12 18 0.015188208
337 343 9 11 0.015328326
997 22 7 6 0.015370262
433 210 8 13 0.015384196
350 408 14 15 0.0154329995
66 339 12 18 0.015560441
114 649 10 12 0.015908705
846 86 13 17 0.01611793
601 88 6 7 0.016182983
567 0 7 7 0.01621084
886 103 9 9 0.01621748
342 250 9 14 0.01634338
805 26 6 6 0.016363513
13 643 12 25 0.016365517
324 0 9 9 0.016474115
980 23 6 6 0.016587902
549 0 7 6 0.016603248
552 57 6 7 0.016680917
274 363 8 10 0.016791062
645 0 8 6 0.016931685
431 155 7 9 0.016939448
900 41 7 7 0.017050304
417 239 11 19 0.017068885
432 236 9 11 0.0171831
339 1 12 17 0.017230548
659 0 8 7 0.017631821
133 345 7 10 0.017650373
324 7 7 10 0.01765828
224 325 9 12 0.017680362
436 8 9 8 0.017682359
432 52 8 11 0.01774903
465 284 7 7 0.017759226
443 70 14 17 0.017855342
818 103 8 9 0.01792557
648 58 6 7 0.017934166
241 362 10 10 0.017962627
295 0 7 8 0.018055564
1013 75 6 11 0.018079665
741 40 6 8 0.018461823
897 10 7 7 0.018497225
310 40 6 8 0.018521743
196 42 6 7 0.01855885
275 9 7 7 0.018611057
837 85 8 9 0.018625269
818 0 6 5 0.018628417
111 311 7 11 0.018763578
1017 26 5 10 0.018776158
773 0 6 7 0.018826166
469 8 8 9 0.018854927
332 356 14 18 0.018909097
247 10 7 7 0.018958857
438 186 9 12 0.019030385
9 634 15 37 0.019054117
851 102 8 9 0.019055896
305 9 12 17 0.01919267
290 55 6 9 0.019365435
471 25 7 8 0.019467745
1012 0 6 6 0.020005303
335 360 10 12 0.020511627
3 641 10 30 0.020603565
788 244 9 8 0.020764453
17 305 6 14 0.02085371
673 331 7 7 0.02097952
88 71 7 8 0.021171948
819 87 7 7 0.021188356
612 57 5 7 0.021302184
129 620 9 9 0.021302205
231 40 6 7 0.021414561
465 254 18 19 0.021680593
674 90 6 7 0.021743948
579 56 6 6 0.021950306
962 0 7 4 0.021989698
821 8 5 6 0.022083437
558 232 10 12 0.022307059
500 232 12 17 0.022307942
289 41 6 9 0.022316862
708 89 6 7 0.02234757
792 532 9 11 0.022970906
831 72 13 16 0.02297172
691 302 10 7 0.023029609
919 54 6 9 0.023032827
807 7 6 7 0.023092689
705 41 7 8 0.023222221
710 73 5 7 0.023563124
448 43 7 10 0.023943517
312 266 8 11 0.024038568
35 26 6 8 0.024211029
551 27 6 7 0.024518168
369 293 9 8 0.024527824
7 53 6 9 0.024747254
322 268 8 11 0.024757793
949 121 7 11 0.0252186
883 42 5 7 0.025518168
947 6 6 8 0.025666622
759 91 7 6 0.025835719
643 76 6 7 0.025877353
726 26 6 6 0.025938345
5 26 6 10 0.02593938
565 57 5 7 0.026347365
896 0 7 5 0.026567802
530 262 9 10 0.026612489
690 0 8 5 0.026658656
359 421 10 11 0.026810016
674 0 8 7 0.026810016
706 27 7 7 0.02683311
160 327 8 10 0.027120944
598 11 6 6 0.027236026
425 45 8 11 0.027321186
112 646 13 18 0.027642412
883 90 9 10 0.02767149
515 27 5 8 0.027737707
207 242 9 12 0.027768664
99 647 9 13 0.02792553
100 59 7 6 0.028046774
825 76 7 8 0.02807771
723 104 8 7 0.028163845
599 57 5 6 0.028171865
425 51 8 12 0.028513948
509 236 10 12 0.028640036
446 73 10 11 0.028670166
626 0 7 6 0.028693043
100 73 7 7 0.029115327
660 90 6 6 0.029346766
321 416 12 15 0.029364655
773 57 6 7 0.029381327
966 8 6 6 0.029593337
961 123 9 11 0.029603006
902 72 8 9 0.030124625
438 91 6 7 0.030594092
71 57 8 8 0.030596713
887 6 7 7 0.030900344
116 72 7 6 0.03130625
300 326 12 17 0.031441156
581 230 10 12 0.03163516
578 8 6 7 0.03195005
343 278 10 12 0.032096412
290 361 9 11 0.03253288
788 0 7 5 0.032547098
628 10 6 7 0.032549463
784 28 7 7 0.032906864
776 493 20 20 0.033407133
851 71 7 9 0.033566512
262 43 5 7 0.033858784
308 21 7 9 0.033945497
934 0 6 6 0.034089047
856 40 6 7 0.03452137
723 59 6 8 0.034563616
535 10 7 7 0.03457064
195 7 9 7 0.034690328
336 425 9 11 0.035192084
870 6 6 6 0.03534322
421 236 8 12 0.03535667
335 387 10 12 0.035358828
627 26 6 7 0.035415284
997 9 6 6 0.035559684
786 89 6 8 0.035633355
383 277 10 10 0.03565418
182 23 7 7 0.035919886
879 71 12 16 0.035962395
433 44 8 10 0.036340635
548 9 6 7 0.036572605
490 56 7 8 0.037040602
193 346 9 10 0.037083097
226 305 13 16 0.037340194
295 6 7 9 0.037497267
97 644 13 19 0.037616428
887 0 8 7 0.03804221
705 0 8 5 0.038257454
1016 88 6 9 0.0388287
726 0 7 5 0.038830034
468 315 8 6 0.038838916
647 42 6 7 0.03887801
419 242 8 13 0.039047685
482 9 8 9 0.039122984
49 46 7 8 0.03916835
118 61 7 6 0.03920432
771 104 6 7 0.039229527
673 73 7 7 0.03929272
224 10 6 7 0.039464757
869 41 5 6 0.039569188
202 249 7 11 0.039723776
691 308 11 9 0.04026914
808 0 6 5 0.04034092
759 107 7 6 0.040567514
929 28 7 8 0.040824912
667 312 6 9 0.040850163
840 25 6 8 0.040974315
912 88 8 9 0.041431393
773 76 7 7 0.041887417
82 58 8 8 0.041936472
692 26 7 7 0.042066056
901 94 9 9 0.042373173
1016 9 6 9 0.04238652
853 8 6 7 0.042585663
739 59 6 8 0.043028485
262 26 6 7 0.0430304
452 195 10 11 0.043334622
659 43 6 7 0.04343797
598 43 6 7 0.04377207
416 262 8 10 0.043787055
246 28 6 6 0.043877512
449 189 10 12 0.043971747
101 307 11 19 0.044114012
707 10 7 6 0.044485163
195 26 6 7 0.04449156
68 342 8 11 0.044526987
275 55 6 7 0.045212522
933 6 7 7 0.04560878
602 74 5 7 0.046304617
727 74 6 7 0.046367813
643 10 8 7 0.04677955
514 52 6 8 0.04685983
740 25 6 7 0.04724832
160 42 7 6 0.047308672
304 342 9 13 0.047320697
902 101 9 10 0.047501747
979 0 7 7 0.047715478
500 47 6 8 0.047803134
208 336 14 16 0.048364714
290 221 7 9 0.04839357
38 41 7 9 0.048636448
130 58 7 6 0.04899909
316 413 19 20 0.049509034
182 48 7 8 0.050248306
999 0 8 6 0.050565474
295 26 6 8 0.050891474
738 0 7 6 0.050947323
532 282 7 10 0.051328983
214 39 6 7 0.05154018
216 10 7 7 0.05164263
726 9 6 6 0.051657066
659 59 6 7 0.051746324
724 89 6 7 0.05352907
371 281 9 10 0.05364395
645 88 5 6 0.053794283
274 26 7 7 0.053994805
739 10 7 7 0.05518975
150 58 7 7 0.055716325
916 43 6 8 0.055994704
513 46 6 7 0.056032423
456 262 7 9 0.056065775
629 40 6 8 0.056790676
867 27 6 6 0.05726761
758 43 7 8 0.05750475
564 27 6 7 0.05804964
613 8 6 7 0.05812413
598 26 5 7 0.05844057
610 43 6 7 0.058555555
2 626 12 19 0.05857848
660 6 7 8 0.06000568
671 314 7 7 0.060702715
800 58 7 9 0.06107484
337 42 7 10 0.061708063
676 44 8 8 0.06196618
426 202 9 14 0.06222082
3 40 7 11 0.062309638
579 29 6 7 0.06249009
567 8 7 7 0.06256992
16 301 7 12 0.06328158
502 24 5 7 0.063625224
448 213 11 12 0.06449168
210 339 11 11 0.0653242
245 636 9 11 0.065657325
693 44 8 8 0.065918885
693 10 7 7 0.06594109
323 240 10 15 0.066533834
117 618 8 10 0.066613615
530 29 7 7 0.067253515
532 41 7 8 0.067746095
674 26 8 8 0.06776316
662 27 7 8 0.067866854
742 74 7 8 0.067893796
313 244 7 12 0.06839108
770 42 7 9 0.06852699
981 5 7 6 0.06968613
278 43 6 8 0.07048827
849 88 8 11 0.071436614
208 332 11 12 0.07147142
163 58 7 7 0.071723096
614 86 5 7 0.07335756
340 3 9 12 0.07354767
366 35 13 18 0.07415198
552 42 6 6 0.07426487
674 5 7 8 0.07453461
803 85 8 8 0.07655416
627 90 5 7 0.07662194
538 248 15 16 0.0771757
757 9 6 6 0.07871203
307 12 8 11 0.07910187
785 10 7 7 0.08000076
183 13 7 8 0.080439664
534 248 14 17 0.0812321
425 167 7 10 0.08203055
644 24 7 8 0.082198925
350 276 11 12 0.08274788
863 88 14 17 0.085445985
855 0 7 6 0.08800185
801 77 8 9 0.08832178
572 214 11 12 0.08971851
244 44 6 7 0.090872265
20 45 8 12 0.09098366
580 40 6 7 0.0913902
773 8 5 7 0.091419704
786 238 10 10 0.091800645
51 330 9 15 0.09255649
152 44 6 6 0.09320926
754 73 6 8 0.09334141
249 54 5 7 0.09337915
211 27 6 7 0.094225384
613 25 6 8 0.09440644
232 26 6 7 0.09548215
949 0 7 5 0.09592384
757 58 6 7 0.09634567
867 0 7 7 0.09737272
353 411 10 9 0.09856198
259 11 7 8 0.09942465
774 26 7 8 0.100910194
694 52 8 9 0.10265309
468 257 10 13 0.10336422
856 29 6 8 0.105237536
779 491 14 17 0.105328925
322 328 14 18 0.10569138
498 52 6 8 0.1060224
611 76 6 7 0.10755079
674 58 7 8 0.10794712
502 234 9 12 0.10876594
789 53 7 9 0.1088835
757 23 7 8 0.111205615
787 70 7 9 0.113374546
52 53 7 8 0.11679623
466 252 14 16 0.12028353
205 330 15 17 0.12087345
789 46 7 9 0.122424096
323 353 13 17 0.12497742
632 74 6 8 0.12706167
723 42 8 10 0.12872206
662 70 7 8 0.13691114
4 628 8 12 0.14297606
776 489 13 19 0.14967239
866 91 10 11 0.1525164
838 7 6 7 0.15361077
22 50 8 11 0.15374583
562 44 5 7 0.15508832
368 37 10 12 0.16332357
262 55 6 7 0.17434101
382 239 12 17 0.17717455
881 73 9 11 0.18631722
774 88 7 7 0.19641961
183 51 8 9 0.21095061
470 186 10 14 0.21466787
834 74 8 11 0.23481452
227 307 10 11 0.2501465
348 247 13 16 0.25082308
323 235 13 17 0.2597831
102 309 8 12 0.27138802
968 93 7 9 0.29267463
549 227 14 15 0.31576106
568 213 11 12 0.32286125
429 203 10 13 0.36092013
319 409 13 19 0.37555513
268 320 13 17 0.47015905
206 234 11 13 0.54856104
49 329 13 19 0.7270451

