58_Hockey_icehockey_puck_58_221
63
130 95 20 38 0.010078192
116 74 47 88 0.010409248
125 111 27 45 0.011014434
17 152 47 109 0.011050436
591 383 46 100 0.011272321
314 222 49 103 0.012059937
121 340 37 62 0.012754167
275 327 37 67 0.013277842
315 259 39 66 0.013404618
78 579 55 79 0.013473586
827 496 42 59 0.01378298
77 66 50 91 0.013936904
14 689 43 71 0.014336869
376 287 31 78 0.015399068
828 471 29 45 0.016475081
24 41 51 85 0.01648979
578 393 45 53 0.017595954
376 261 49 102 0.01769742
440 524 46 64 0.017916951
57 157 47 101 0.018038772
835 152 20 39 0.018384717
229 394 39 62 0.019034056
586 349 48 99 0.020587686
333 263 52 98 0.025074
593 392 43 55 0.025659064
58 65 27 50 0.027579833
4 80 17 43 0.02795076
551 498 22 33 0.030292885
354 274 36 68 0.031098044
9 466 34 41 0.035004605
119 100 38 63 0.03605685
465 444 46 57 0.03934507
268 294 50 89 0.03995069
373 268 34 73 0.043852136
823 464 38 61 0.045888975
471 459 45 57 0.046139274
465 479 47 92 0.049382664
308 240 39 71 0.058059074
108 345 50 82 0.058162462
116 456 56 76 0.062534824
481 302 39 66 0.06673336
39 56 34 65 0.07897101
191 198 46 61 0.081175745
88 585 40 60 0.08407456
585 373 37 66 0.14261131
53 183 38 69 0.1455238
897 460 29 77 0.164838
549 487 29 42 0.2574194
209 465 42 76 0.25799122
53 68 36 62 0.28720367
122 85 33 61 0.4282436
0 184 31 68 0.43627653
1 69 31 63 0.44582874
5 669 50 109 0.4842493
654 458 47 63 0.5569327
111 452 42 67 0.58640957
254 326 42 65 0.59630644
99 361 47 59 0.6018328
6 454 43 60 0.7788374
457 514 65 92 0.81096995
828 141 33 56 0.831662
577 26 35 64 0.93013465
740 153 30 60 0.9353957

