58_Hockey_icehockey_puck_58_553
102
825 177 7 9 0.0100491475
420 114 6 7 0.010086887
581 193 13 21 0.010099745
562 190 15 35 0.010201386
438 102 5 7 0.01040603
556 215 17 32 0.010632267
580 214 19 30 0.010938591
859 186 12 18 0.011467829
596 227 9 11 0.011687837
25 241 24 17 0.011699575
845 196 18 31 0.0122913355
89 174 21 19 0.01275538
487 220 21 21 0.013068552
998 148 5 6 0.013115623
583 100 4 6 0.013475151
833 171 14 18 0.013699486
919 183 5 7 0.013771582
488 206 20 22 0.013971106
830 162 21 18 0.0139937475
983 137 5 6 0.014034631
560 216 12 22 0.014208881
422 104 4 7 0.0142239835
1017 160 4 10 0.014228223
649 150 7 9 0.01437445
774 129 8 7 0.015077478
810 152 6 7 0.015227284
571 217 21 20 0.01539226
136 177 13 21 0.015401092
79 197 17 34 0.016359085
574 171 8 17 0.01750649
863 183 7 9 0.017867079
565 208 13 24 0.018392993
586 192 20 20 0.018816926
918 233 22 21 0.01911243
151 176 20 21 0.019519499
861 189 9 12 0.01995874
809 158 7 9 0.020725904
854 209 9 11 0.021571103
927 279 17 33 0.021604847
852 180 13 18 0.022975544
656 159 7 9 0.023325989
608 207 10 12 0.023815827
187 205 21 20 0.02402972
818 160 6 8 0.024119116
590 222 21 19 0.024485087
146 188 9 14 0.025102856
96 206 19 24 0.026129432
38 248 19 33 0.026892604
574 160 15 31 0.027084162
980 147 5 5 0.028400872
851 205 13 18 0.030614678
838 150 7 5 0.03122236
819 136 5 6 0.03226183
105 191 20 21 0.032483567
838 166 7 8 0.03277976
79 210 25 42 0.03293611
568 165 8 17 0.035121206
95 166 9 10 0.035327587
867 136 5 6 0.03740684
883 162 5 6 0.044731803
836 175 8 10 0.045870125
655 151 7 9 0.04678892
605 204 14 18 0.049324743
576 147 6 10 0.052915752
564 162 14 32 0.054748774
854 184 8 10 0.058054063
904 163 5 7 0.06367538
917 161 5 6 0.06828215
854 186 13 18 0.07451959
571 168 12 21 0.07742305
819 149 5 7 0.086738944
479 209 18 24 0.08799228
852 162 6 7 0.08832492
581 194 17 34 0.0891695
870 162 6 8 0.09155886
570 208 20 23 0.09999643
568 170 8 18 0.105743155
88 207 27 40 0.1081047
884 150 6 5 0.10853924
142 181 19 30 0.112638846
936 159 5 6 0.11472552
967 148 5 5 0.12055088
100 199 19 35 0.12785359
725 157 6 8 0.12871553
694 154 6 8 0.13134271
952 161 6 6 0.13177718
945 153 6 5 0.1419417
855 189 9 12 0.14308679
960 161 7 7 0.1441758
853 151 5 6 0.14746717
869 148 5 6 0.17682157
143 184 14 20 0.20247388
916 149 4 6 0.22119528
483 214 13 25 0.22318041
904 150 5 5 0.23725742
142 177 18 23 0.33948806
485 210 16 35 0.34346232
936 152 5 6 0.35697132
693 157 7 9 0.41402334
725 152 7 9 0.45623884
567 167 11 23 0.51121205
910 229 22 31 0.6624821

