58_Hockey_icehockey_puck_58_384
85
138 543 26 19 0.010312042
427 246 26 16 0.010456265
0 462 38 110 0.010456779
838 36 10 10 0.01055281
779 19 23 18 0.010688271
642 312 27 43 0.0109287575
634 323 27 43 0.011148202
220 500 29 16 0.011723516
763 48 39 51 0.011928154
536 172 32 37 0.012075883
609 339 21 31 0.01225557
838 82 31 38 0.012402373
826 56 23 18 0.012409694
553 260 23 20 0.01254534
521 170 32 39 0.012598603
830 50 22 28 0.012844543
828 62 23 18 0.013374502
811 15 21 29 0.013787012
351 569 32 39 0.014994501
893 20 23 27 0.015675386
866 20 22 27 0.016007794
520 132 7 13 0.016215988
817 16 22 18 0.01709026
543 259 22 20 0.018096356
624 74 21 29 0.018184064
449 243 22 30 0.01856706
418 364 35 32 0.01863683
827 17 22 19 0.019517628
773 15 22 29 0.019625256
855 19 23 18 0.019879464
472 300 27 40 0.019933255
832 74 42 55 0.021570569
288 464 22 20 0.021817492
4 519 26 48 0.02187943
337 356 40 54 0.02268392
595 196 22 19 0.022805994
889 35 23 18 0.022963213
220 490 44 47 0.02360461
623 64 20 31 0.02375069
424 240 34 35 0.023983179
245 488 34 32 0.02454785
851 25 11 11 0.024582455
149 525 32 36 0.02504008
843 30 23 18 0.025588887
527 164 46 52 0.025709173
515 164 44 52 0.027778413
548 264 25 43 0.029800477
902 3 14 17 0.029912807
445 248 25 16 0.030265193
0 494 9 31 0.030359231
589 184 21 30 0.03042171
234 499 27 18 0.032649707
666 187 20 31 0.033048518
735 123 33 34 0.03362644
635 64 21 30 0.035145316
734 52 41 53 0.036480665
344 576 41 52 0.037341774
656 181 20 32 0.039232448
418 232 45 50 0.040176895
435 233 42 52 0.049109086
524 439 32 38 0.05000705
5 495 19 38 0.05224219
610 230 21 33 0.062059615
631 78 22 21 0.063213855
226 494 34 34 0.06358044
770 62 20 21 0.06407867
0 508 36 65 0.06674343
136 528 32 37 0.06970446
925 17 21 17 0.072127014
737 70 33 35 0.0817749
635 74 22 28 0.089087665
844 16 20 29 0.09661574
287 460 31 39 0.098887086
929 19 13 11 0.10998374
773 56 22 30 0.11163825
846 22 22 18 0.1353348
549 253 20 33 0.14367013
0 486 33 61 0.18105616
606 217 26 41 0.18441184
602 189 21 29 0.2054991
511 336 31 39 0.21393289
555 301 21 32 0.47424763
531 442 32 38 0.4780277
422 491 30 39 0.5814632
222 207 29 40 0.5913112

