58_Hockey_icehockey_puck_58_285
96
169 69 6 11 0.010096962
547 87 6 7 0.010485054
589 174 23 18 0.010630227
84 166 14 10 0.010780591
928 81 13 20 0.010816759
45 137 15 17 0.010834882
884 80 6 10 0.011004714
677 87 5 8 0.0118935965
608 167 19 29 0.0120574655
968 71 6 9 0.012152263
791 71 8 8 0.0124923345
911 258 56 82 0.012925248
1009 67 7 11 0.013222983
25 108 20 19 0.013424844
607 185 20 29 0.013694056
870 56 6 8 0.013785546
965 99 6 8 0.013900358
321 91 6 7 0.014297073
885 65 12 19 0.014409107
981 95 7 9 0.014713592
706 86 5 9 0.014789208
787 145 37 61 0.014947458
432 115 8 8 0.015496742
947 83 7 8 0.015746094
798 78 13 16 0.016211594
947 100 7 9 0.016361946
835 77 13 18 0.016755784
788 91 14 16 0.017068742
1001 72 8 10 0.01740631
978 264 37 62 0.017540632
676 94 7 9 0.017988611
797 95 14 15 0.01836206
23 211 10 12 0.01887087
840 73 7 8 0.019660266
893 63 13 19 0.02030624
917 86 7 9 0.02033593
930 95 7 10 0.021098845
920 96 8 11 0.021917582
767 82 12 17 0.021956833
983 236 34 67 0.022635698
766 147 38 59 0.022858331
887 52 6 9 0.023000728
761 94 6 9 0.023191161
29 97 13 19 0.023615181
428 128 22 22 0.02440619
824 98 7 8 0.02534949
661 83 4 8 0.025396444
615 175 11 12 0.025438767
978 222 39 54 0.02595552
899 98 7 10 0.026866313
878 270 50 51 0.027100144
849 79 7 10 0.028152218
564 94 21 20 0.029628735
437 147 32 35 0.030257512
314 111 20 21 0.030742709
33 100 8 10 0.0311025
967 85 6 8 0.033194084
931 86 7 10 0.033493314
169 77 7 12 0.034696173
318 94 13 16 0.038106583
663 96 6 9 0.038210187
984 86 6 8 0.043398224
425 115 7 9 0.04481258
897 67 7 10 0.04564683
760 85 6 10 0.045815438
832 98 7 9 0.04657417
770 95 8 10 0.049627285
963 248 48 88 0.0516053
799 69 14 16 0.05446444
887 69 7 10 0.05849019
802 72 10 10 0.061695885
870 65 6 8 0.06272603
314 97 7 9 0.063390814
801 82 9 9 0.06610288
79 163 24 16 0.07504291
32 86 6 8 0.078005776
819 86 8 7 0.08224556
790 94 10 10 0.09795866
998 80 8 9 0.104652315
36 129 20 21 0.10929893
611 172 20 19 0.11472124
800 97 10 9 0.1290331
619 172 14 18 0.13187943
837 81 7 9 0.1977925
769 86 8 10 0.2038232
441 131 21 31 0.22746088
854 67 6 9 0.24914652
429 125 27 39 0.28146172
788 85 10 11 0.3085586
786 82 14 17 0.3117949
320 96 9 9 0.37767753
961 265 45 52 0.4683198
39 131 23 20 0.49136972
573 92 17 30 0.67778337
571 175 31 41 0.8747539
292 145 30 40 0.96456736

