58_Hockey_icehockey_puck_58_113
100
428 74 30 39 0.010101977
279 47 26 17 0.01010708
139 40 14 17 0.010141478
295 16 24 17 0.010201854
10 51 18 34 0.010254926
227 40 12 13 0.010282578
1005 70 19 20 0.01035366
265 17 33 58 0.010665646
7 45 28 43 0.010699465
663 74 41 54 0.010825237
0 8 37 55 0.011077879
537 68 29 46 0.011486662
269 46 24 19 0.01149049
42 23 21 29 0.011822861
969 39 27 44 0.011983774
247 16 20 18 0.012010547
322 40 11 10 0.01205203
836 3 19 21 0.012250216
104 31 21 20 0.0125041045
435 91 42 61 0.012617943
428 39 24 17 0.013354633
339 126 39 65 0.013573764
422 67 41 54 0.013873039
153 120 30 38 0.014038491
493 58 13 24 0.014067515
413 19 24 17 0.014188077
43 25 26 15 0.014362956
437 46 28 39 0.014567984
3 19 10 12 0.01484423
126 82 23 18 0.015260785
363 37 23 17 0.015270726
991 42 26 43 0.01571636
2 17 13 19 0.01605947
175 32 18 30 0.016349204
318 24 21 29 0.016424464
319 134 31 46 0.01708298
182 45 14 21 0.01721673
182 39 14 19 0.018199002
488 54 13 21 0.01830297
7 32 23 19 0.018329235
669 83 31 37 0.018456727
127 40 21 18 0.019151041
95 35 22 20 0.019461261
189 33 19 29 0.020485742
305 50 23 18 0.020909017
76 30 20 32 0.022042787
435 73 37 58 0.023945436
188 43 20 29 0.025567804
174 44 20 29 0.02739338
358 47 22 28 0.02823433
969 16 18 32 0.028398883
381 36 24 17 0.028928358
128 55 19 31 0.03327172
995 46 19 21 0.034122013
440 79 29 41 0.03490247
333 72 25 17 0.035709865
417 37 39 51 0.036892187
318 51 21 29 0.037478104
521 67 30 43 0.03759261
291 41 20 31 0.038523976
361 49 23 18 0.040795606
6 18 19 34 0.04086427
393 51 24 19 0.041506562
286 18 24 18 0.044204652
385 31 43 50 0.044346135
416 23 29 40 0.044806216
1001 94 19 59 0.051561195
441 49 22 19 0.05214566
184 40 22 19 0.052833106
279 37 25 19 0.053944767
316 38 23 18 0.05609282
485 55 19 31 0.05676208
128 47 20 19 0.057476383
489 54 20 22 0.058037914
999 81 22 54 0.05962833
431 46 23 20 0.060752667
227 31 18 30 0.06471078
1015 410 8 34 0.06543583
1010 394 11 53 0.075461976
393 35 25 18 0.07883892
423 42 29 38 0.08699607
391 38 31 36 0.09691962
184 45 22 21 0.10060473
267 38 27 42 0.11036164
391 24 30 41 0.11859747
843 0 18 27 0.119269535
313 46 23 19 0.12216709
271 36 24 19 0.1364325
273 27 19 33 0.13652898
82 41 20 33 0.14690913
223 39 20 20 0.1516031
283 29 20 32 0.16278869
224 44 20 21 0.17110503
244 16 14 16 0.19226377
529 57 42 63 0.21072403
657 52 22 30 0.22436586
520 46 37 62 0.28214213
665 50 22 29 0.33894876
90 40 20 32 0.41038325
315 122 41 65 0.48834315

