58_Hockey_icehockey_puck_58_248
68
92 47 11 13 0.010066262
260 41 8 8 0.010195928
684 52 18 30 0.010387609
210 52 12 21 0.010647417
474 251 30 39 0.010746132
684 35 12 19 0.010834862
482 268 29 40 0.010895588
400 49 12 22 0.010940805
493 146 23 18 0.010957438
829 17 14 17 0.011475751
402 42 8 12 0.0118493065
694 118 26 15 0.01206725
73 140 8 10 0.012175607
502 192 43 53 0.012198757
345 226 53 75 0.012578184
571 34 12 20 0.012635295
400 40 12 20 0.012876299
359 25 17 30 0.013042544
116 67 14 15 0.01395518
160 59 7 10 0.014002586
494 187 22 35 0.014054606
584 168 27 15 0.0142038865
317 25 21 18 0.014328536
385 254 40 56 0.015161121
359 24 13 18 0.016499376
559 81 23 17 0.016976984
766 55 13 18 0.016979547
687 38 8 12 0.017608702
360 27 9 12 0.018368859
409 262 29 43 0.019398374
323 29 10 10 0.019563306
554 193 20 21 0.020715173
825 13 22 17 0.023464547
404 416 36 73 0.024543919
308 26 9 8 0.025498457
359 39 12 18 0.028758649
769 58 9 10 0.02926508
90 49 14 16 0.03274245
153 62 7 10 0.034832384
277 28 7 10 0.03517612
678 36 12 19 0.037663426
117 69 12 10 0.040697843
686 13 19 19 0.04603864
360 42 9 12 0.04712799
404 253 39 59 0.049146216
550 186 20 32 0.049398478
363 31 18 21 0.051339842
680 39 8 12 0.05649334
691 15 10 14 0.056953307
369 35 10 14 0.058892895
77 126 13 16 0.061219253
568 39 8 14 0.06848024
86 45 21 19 0.13678613
226 33 12 18 0.14733233
80 131 10 12 0.19678268
566 35 12 21 0.20113981
228 35 9 14 0.21623123
360 235 36 61 0.21636799
225 29 13 17 0.2177483
365 28 13 18 0.23729269
691 17 12 17 0.35293475
405 236 35 62 0.36236975
381 234 38 60 0.37254262
564 61 16 33 0.39910835
570 64 17 31 0.40208277
499 184 32 41 0.5590471
84 45 15 18 0.7152426
491 178 35 55 0.8172286

