58_Hockey_icehockey_puck_58_244
33
709 452 20 33 0.010132746
624 394 13 21 0.010293848
117 279 12 23 0.010910635
535 495 25 18 0.011007097
617 389 18 32 0.015304817
360 502 21 30 0.017137414
526 292 19 30 0.018234242
668 441 24 21 0.018953815
484 505 19 32 0.021443335
456 409 18 31 0.02343189
117 273 12 23 0.035854656
627 454 18 36 0.04657611
546 488 19 31 0.08326158
638 465 21 32 0.09033533
516 472 18 35 0.11065037
528 409 20 29 0.14770845
408 470 21 33 0.26992446
457 502 22 32 0.5506064
543 281 21 33 0.5531607
518 501 26 41 0.56510705
456 453 21 34 0.62079567
631 457 27 37 0.707674
588 466 21 34 0.72002023
678 436 21 34 0.7376077
412 419 20 37 0.7761497
709 465 28 39 0.8090067
537 406 20 32 0.8258663
399 465 25 41 0.8344997
495 414 20 33 0.8610314
461 251 20 38 0.87247354
361 269 27 40 0.9001278
800 481 28 40 0.9058342
233 481 33 42 0.91057503

