58_Hockey_icehockey_puck_58_753
59
437 129 10 6 0.010262992
448 116 15 14 0.010394149
524 155 12 17 0.010722743
567 287 26 44 0.011560052
524 370 49 102 0.011631048
943 154 20 20 0.011699134
874 348 79 135 0.011887412
784 172 8 13 0.011985383
519 389 36 77 0.012026377
944 155 16 34 0.012280458
973 190 19 22 0.01284617
513 230 37 68 0.013054575
893 179 23 43 0.01312733
940 129 16 33 0.013665439
786 160 6 13 0.014488034
1010 163 10 27 0.014692108
553 293 34 65 0.014816858
936 109 8 12 0.015465033
934 105 12 20 0.016557671
570 303 27 45 0.016891846
943 138 20 21 0.017998602
255 82 8 6 0.018218294
472 165 53 110 0.019100724
897 195 13 25 0.019170953
710 357 37 71 0.020359721
715 359 47 112 0.02071278
1010 161 8 14 0.02279843
859 366 58 97 0.023334524
527 158 8 11 0.023824984
169 100 7 11 0.024061428
146 504 61 98 0.024180315
931 142 13 20 0.024471844
972 190 16 35 0.02469654
1000 156 11 23 0.025839793
553 275 32 66 0.026096418
452 122 14 15 0.0291039
565 295 36 63 0.029587833
934 97 12 18 0.031183017
760 155 12 20 0.03312317
519 158 10 11 0.03370669
814 243 24 46 0.035760064
517 155 14 18 0.040014908
342 499 56 84 0.05458242
936 99 8 12 0.058266625
913 189 12 25 0.059068423
450 119 11 9 0.071846224
944 98 7 10 0.07613171
354 491 38 71 0.077081054
168 106 12 18 0.0883622
1004 156 14 36 0.08986587
453 124 11 10 0.16858207
770 159 7 15 0.18227765
248 82 7 8 0.19227195
169 108 9 13 0.19927444
1007 157 12 23 0.26060954
767 156 11 20 0.28170693
885 364 52 102 0.29115763
174 109 9 13 0.38596565
896 188 12 26 0.4258429

