58_Hockey_icehockey_puck_58_671
52
518 264 27 15 0.010242263
490 278 23 17 0.011249354
513 228 10 11 0.011529878
654 322 49 52 0.012853319
460 277 22 27 0.012912089
410 249 21 18 0.013584667
392 279 24 16 0.013626019
412 275 22 28 0.014212634
323 329 31 42 0.01456591
389 252 30 33 0.01468863
479 274 20 30 0.015159711
511 224 13 18 0.015211376
392 262 11 12 0.015515879
565 148 6 12 0.016121084
306 241 14 26 0.016354544
561 249 19 32 0.018516878
418 252 8 9 0.018791609
396 250 22 18 0.020180779
396 289 24 18 0.020230375
6 207 11 53 0.02030996
281 265 19 35 0.02236491
411 255 22 26 0.023043253
611 319 44 56 0.02434888
400 263 10 11 0.02441344
624 322 51 54 0.026627649
381 400 55 91 0.027454974
514 252 20 31 0.02773335
512 261 12 11 0.02918094
609 296 38 65 0.03159901
521 278 25 18 0.032459565
5 199 17 70 0.033375937
598 248 10 10 0.034326613
272 254 35 56 0.035727203
622 316 65 87 0.039173707
395 271 21 30 0.045279887
590 246 22 17 0.047374435
572 262 29 40 0.05212766
567 254 39 56 0.056221467
521 273 21 29 0.05976146
570 250 24 19 0.067773
319 318 41 60 0.07253349
416 260 10 11 0.11042337
314 303 38 58 0.12265203
507 259 22 17 0.123559795
413 257 14 17 0.1321321
570 255 25 21 0.17034203
266 251 27 44 0.1747455
314 241 19 30 0.20073944
573 247 28 40 0.30540588
392 258 22 20 0.37306628
304 240 19 34 0.6616252
268 260 29 43 0.820201

