58_Hockey_icehockey_puck_58_475
19
397 149 12 20 0.01031876
279 143 6 8 0.010539151
407 165 7 9 0.0106935715
703 197 7 11 0.01081607
324 149 12 19 0.012141227
420 169 9 9 0.012290623
698 198 7 11 0.01229423
378 172 5 8 0.012772463
704 189 6 9 0.014392072
388 169 5 8 0.019282565
888 165 43 58 0.024341913
392 153 6 10 0.024442798
400 154 8 11 0.024654597
280 148 6 10 0.026368039
315 251 40 59 0.072345115
327 152 6 10 0.14262888
567 212 35 59 0.15789446
570 229 28 47 0.82703626
323 236 32 60 0.9439947

