20_Family_Group_Family_Group_20_540
20
459 506 29 45 0.60549766
383 325 26 42 0.6575458
319 262 26 43 0.7281194
2 537 25 51 0.7475561
50 269 33 55 0.8010976
810 223 28 40 0.8023396
141 552 32 39 0.80860615
758 253 29 41 0.8156957
22 231 38 53 0.8555083
454 244 28 40 0.8756882
190 242 32 56 0.87717444
778 212 28 38 0.89198846
895 229 29 46 0.9007706
255 232 29 44 0.9113326
133 231 29 45 0.9203568
276 522 41 54 0.92186254
708 204 28 41 0.9439352
575 231 28 41 0.95488864
393 233 26 43 0.9601346
501 221 29 42 0.96204466

