8_Election_Campain_Election_Campaign_8_498
57
657 123 39 58 0.010241287
837 187 38 61 0.010398325
999 165 17 38 0.0105612315
668 94 25 47 0.010663175
161 150 38 55 0.011125953
541 134 21 32 0.011872555
661 135 30 40 0.012261737
527 144 21 30 0.0124903405
756 72 56 103 0.01322373
321 120 36 66 0.013401875
179 158 9 7 0.013726664
318 151 37 69 0.013791978
179 170 10 11 0.01428482
170 155 25 17 0.014417852
957 141 46 88 0.014987262
388 131 35 60 0.01686553
394 133 27 45 0.017118027
450 178 35 66 0.018127725
589 145 49 62 0.01897983
168 147 20 31 0.019156408
38 191 31 42 0.019246776
662 83 35 68 0.02020976
0 114 26 70 0.020644456
654 142 21 30 0.020817054
538 136 27 41 0.021104682
985 156 35 61 0.022677828
107 126 63 85 0.02500897
194 154 8 8 0.02542481
171 160 22 28 0.029211916
859 198 39 56 0.029236814
2 155 35 61 0.03134636
0 122 20 52 0.034461387
248 157 59 96 0.037032533
173 166 24 18 0.03850704
658 151 21 19 0.039629474
534 136 28 16 0.041523054
6 162 25 46 0.051141825
452 168 18 35 0.055408
447 164 24 46 0.063976794
34 181 40 61 0.10148115
388 143 40 69 0.101849355
195 178 50 59 0.11781761
962 167 43 51 0.14352383
571 141 45 68 0.15690711
789 140 42 71 0.20811541
202 167 60 88 0.36555016
354 147 39 73 0.45750317
335 134 62 82 0.53077
887 196 33 62 0.5581001
539 154 34 62 0.77342445
482 172 41 70 0.8034144
572 133 70 79 0.8282522
401 145 39 65 0.87070715
259 134 81 92 0.9515802
936 249 78 188 0.981908
74 114 78 119 0.9893839
703 40 82 147 0.9983606

