8_Election_Campain_Election_Campaign_8_357
95
359 847 6 6 0.010033074
186 492 29 13 0.010069475
209 511 13 6 0.010198205
181 468 7 6 0.0105302585
150 829 5 8 0.010991866
105 847 6 8 0.011045345
640 797 6 7 0.011471425
345 834 6 6 0.011561054
218 816 5 7 0.0116453795
235 495 29 12 0.011836607
345 818 5 6 0.012898817
246 494 29 12 0.012910558
159 508 10 10 0.013000137
283 42 119 146 0.013221647
161 818 6 7 0.013437032
753 40 116 144 0.013951754
263 802 6 8 0.0144075425
131 803 6 7 0.01484218
737 822 5 8 0.0154669145
151 486 8 7 0.015883971
373 819 6 5 0.016255448
113 848 6 8 0.016344475
730 830 5 9 0.016363205
226 510 13 7 0.017278003
321 499 11 5 0.01746449
104 836 5 6 0.018150182
292 831 5 7 0.018726481
183 816 5 6 0.019075131
307 497 9 6 0.019344276
740 828 6 9 0.019886531
194 512 12 6 0.020054417
353 500 14 6 0.020138694
306 485 7 6 0.020948729
319 516 10 6 0.021122022
177 482 8 7 0.022276374
136 499 8 9 0.022502014
115 832 6 7 0.022693997
147 499 15 15 0.022773938
243 836 6 7 0.023414744
373 845 6 7 0.024074193
271 755 7 8 0.024952602
145 503 21 17 0.025184462
312 849 6 6 0.025229005
179 864 6 7 0.02711821
294 756 7 7 0.027296396
116 818 5 6 0.027921353
357 819 6 6 0.029124755
319 786 6 8 0.0294139
694 813 6 7 0.029749956
368 499 14 7 0.031784505
276 830 5 7 0.034039132
207 496 16 6 0.03404009
194 798 5 7 0.03442511
147 802 6 6 0.034916896
174 496 12 8 0.036300387
163 490 15 15 0.037809886
225 496 15 5 0.03892325
312 516 9 7 0.039814316
321 850 6 6 0.040340334
358 832 5 6 0.041276403
551 493 5 8 0.041724045
338 499 11 6 0.042082176
168 800 5 7 0.043229856
633 797 6 8 0.04341137
235 771 7 10 0.04434631
289 495 11 6 0.045668256
245 845 5 7 0.04654408
386 835 7 6 0.049011037
149 502 10 9 0.05186238
272 495 13 7 0.054910365
272 787 6 8 0.05531783
165 488 10 8 0.05580246
149 506 12 11 0.06271524
181 800 5 7 0.062735535
230 831 5 7 0.063852906
194 495 14 6 0.06746309
242 496 15 8 0.06783469
265 787 6 10 0.07951242
374 837 6 6 0.083315045
254 496 15 7 0.08542722
275 849 5 7 0.09893141
233 811 6 9 0.10005135
320 819 6 7 0.11918004
235 805 6 11 0.13082936
134 816 6 7 0.14296463
240 809 6 10 0.14327574
164 492 12 10 0.15465474
296 847 6 8 0.16152628
294 787 6 9 0.1721262
150 817 6 7 0.175178
265 814 7 9 0.18812023
272 818 7 8 0.22416899
239 769 6 11 0.28898343
239 806 7 11 0.40663168
294 819 6 9 0.4393983

