8_Election_Campain_Election_Campaign_8_218
47
206 392 58 49 0.0100002065
758 23 7 9 0.010184674
260 293 50 76 0.010423265
255 304 42 53 0.011035406
151 390 35 66 0.011347834
93 333 41 59 0.012747751
221 364 42 58 0.012850022
959 277 49 95 0.013066922
643 418 34 64 0.013189148
242 353 43 57 0.013770144
242 332 9 11 0.013888559
418 302 27 41 0.0140255615
1005 322 18 66 0.014479752
824 291 36 72 0.01510121
239 329 14 19 0.015720066
646 510 39 68 0.01681732
283 274 43 53 0.017606046
248 327 40 58 0.018834589
576 324 50 75 0.019375881
293 300 31 41 0.020457603
805 289 38 68 0.020710323
475 334 30 41 0.02217576
411 338 20 33 0.022943674
245 311 7 11 0.023400143
822 313 38 67 0.025412535
805 315 40 63 0.028989764
467 327 41 55 0.030297581
182 340 64 71 0.036779348
873 258 68 100 0.037808925
287 298 41 55 0.03853962
406 333 27 42 0.044553164
135 293 30 47 0.04459319
105 371 26 19 0.04972178
130 321 56 80 0.07025523
104 366 22 30 0.07730733
792 257 40 71 0.0950549
666 543 62 85 0.27902284
282 328 63 75 0.34543374
442 320 59 73 0.46901253
129 283 40 64 0.47399554
157 333 37 60 0.57999307
395 333 30 41 0.6561044
538 337 46 58 0.74599606
177 382 76 91 0.83231366
837 245 86 123 0.8980482
599 335 46 56 0.9347834
694 326 39 65 0.94875133

