8_Election_Campain_Election_Campaign_8_133
40
894 230 18 33 0.010249425
388 153 32 39 0.01094163
443 175 21 29 0.011207728
321 132 69 72 0.011408848
384 140 59 82 0.0119167175
280 134 51 48 0.012429708
378 161 101 135 0.013037991
417 183 41 62 0.013279347
390 134 27 15 0.013573451
738 190 21 35 0.014189958
13 102 34 53 0.014392404
259 131 68 78 0.015407717
941 187 26 18 0.016318966
632 153 30 60 0.01849999
354 130 39 56 0.019095726
904 194 25 21 0.020296263
953 193 25 19 0.021979496
360 137 29 40 0.025816422
447 191 29 42 0.026703915
383 145 42 57 0.026768876
390 140 30 41 0.028708516
633 168 21 21 0.030496115
442 184 38 59 0.031656027
122 129 62 85 0.031896513
399 178 61 92 0.04266235
955 187 26 20 0.04971543
181 114 95 118 0.052343898
904 182 18 33 0.05877408
940 218 25 17 0.066896565
944 189 18 29 0.07862639
849 187 24 44 0.08970857
946 179 19 34 0.19684395
728 179 38 55 0.24041168
195 126 64 90 0.3019524
637 163 17 39 0.4273074
956 180 19 34 0.6251469
730 175 32 38 0.6710184
857 185 25 42 0.90551907
909 186 18 34 0.928594
21 113 32 40 0.97348195

