8_Election_Campain_Election_Campaign_8_118
192
911 324 37 71 0.010004938
503 197 11 20 0.010050571
584 159 6 9 0.010129661
963 189 9 9 0.010250117
938 220 20 29 0.010251471
809 230 29 43 0.010604176
1017 181 6 13 0.010651943
23 219 35 70 0.010685297
985 210 23 17 0.010897953
921 254 37 59 0.010984057
972 210 22 17 0.011039805
995 212 18 33 0.01107721
957 241 22 19 0.011135998
520 185 6 11 0.011219084
601 188 7 9 0.011322575
728 203 43 53 0.01133722
64 239 12 22 0.011447026
969 242 23 19 0.011518552
951 232 10 12 0.011680903
521 171 7 9 0.011711446
639 332 56 89 0.011756617
360 197 31 40 0.011886834
816 218 11 9 0.012020369
732 192 24 26 0.012042888
986 244 24 20 0.012163012
499 148 8 10 0.012426682
525 149 12 18 0.012442216
812 224 22 19 0.012597292
583 184 18 31 0.012692395
763 194 24 17 0.012771495
788 203 10 9 0.012896139
368 185 20 35 0.012920971
879 245 18 36 0.012993616
1012 212 9 10 0.013366551
625 162 13 17 0.013392711
518 178 12 22 0.013398325
780 200 23 17 0.013416434
629 153 12 19 0.013449523
802 200 9 8 0.013498372
609 325 39 73 0.013736692
928 192 13 17 0.013740737
817 172 8 8 0.014304494
95 212 18 35 0.014377037
832 198 10 9 0.014385838
90 196 34 63 0.014389293
898 448 106 133 0.014413178
587 230 21 21 0.014599499
734 172 9 8 0.014876663
692 202 7 8 0.015266605
978 215 10 10 0.015435926
853 181 14 18 0.015802126
790 169 8 9 0.016096205
948 186 8 10 0.016169272
512 200 7 11 0.016184298
567 168 6 8 0.016697241
942 243 21 20 0.016720595
713 181 22 18 0.016807176
92 208 26 44 0.016854953
765 209 32 36 0.017085942
898 234 11 13 0.01752731
29 141 17 36 0.017796561
990 201 10 10 0.018319469
949 235 37 54 0.01836372
978 190 9 9 0.018397521
961 216 14 17 0.018449076
714 187 32 33 0.018728465
964 219 10 10 0.019021748
719 231 46 62 0.01935355
93 241 22 20 0.019601995
832 377 50 105 0.019894052
599 194 21 20 0.01995431
629 183 7 8 0.020137642
713 170 7 8 0.020673282
983 198 21 19 0.02070449
950 230 13 18 0.021355486
949 501 60 118 0.021656627
758 186 10 7 0.02175868
785 184 8 8 0.022371963
948 196 14 17 0.02266827
641 199 8 11 0.023030585
921 260 23 19 0.023037553
803 222 39 59 0.0237392
868 234 34 62 0.024217727
611 185 7 8 0.024273684
895 239 20 19 0.024281383
799 214 24 17 0.024420727
802 169 7 9 0.025900532
720 168 14 16 0.026417268
834 185 9 7 0.026612377
505 201 8 12 0.02713078
389 209 19 34 0.02739502
907 492 95 159 0.027440464
821 200 9 9 0.027629882
950 450 55 99 0.027804347
778 210 25 17 0.028632464
927 185 12 17 0.029641995
588 162 11 17 0.029710336
5 213 35 77 0.029909402
737 187 10 8 0.030597173
970 221 20 29 0.030725809
700 260 45 71 0.03241831
405 197 41 70 0.032840796
659 168 8 7 0.033006273
803 181 13 17 0.033800554
726 196 25 16 0.03476303
906 247 21 19 0.035074223
889 260 22 21 0.035163395
722 199 12 11 0.035960518
709 183 13 17 0.036579464
721 184 8 10 0.037198223
678 172 6 7 0.037782244
638 182 40 54 0.038170744
638 195 13 20 0.038473494
961 201 8 8 0.03902444
641 158 7 7 0.04083705
899 187 6 8 0.04213114
526 172 30 40 0.0426075
384 203 27 44 0.043674964
962 230 11 11 0.04552726
148 178 37 64 0.04588455
959 393 47 100 0.046088327
631 158 7 9 0.04673133
615 169 7 9 0.046790082
642 186 7 8 0.04834116
885 192 12 19 0.049481723
855 184 8 10 0.052904096
861 183 14 18 0.05433488
58 199 18 37 0.054451782
159 205 32 44 0.0548493
599 198 9 13 0.05863137
768 183 15 15 0.059036907
743 382 69 96 0.059217025
915 197 8 9 0.060661983
865 186 8 11 0.060900003
303 159 45 86 0.06151423
583 162 12 18 0.061923843
919 189 7 9 0.06471205
954 236 29 37 0.065460205
373 183 30 42 0.067836605
0 197 33 74 0.0698743
527 152 8 9 0.069947146
597 195 13 18 0.07307501
885 188 7 8 0.07531676
805 213 29 40 0.07580672
930 189 7 10 0.07692433
808 215 23 18 0.07717305
821 186 9 8 0.077692546
644 166 6 7 0.07904022
381 192 35 65 0.08331794
763 212 25 18 0.084487334
950 200 9 10 0.09095196
887 196 8 11 0.0911421
824 230 36 63 0.0963355
899 197 13 17 0.09636419
926 241 27 41 0.100779146
0 186 35 121 0.1015064
806 185 8 9 0.10855433
980 198 14 17 0.11830161
956 227 22 18 0.12241618
717 195 22 18 0.13249311
590 165 8 11 0.14059404
628 166 7 9 0.14547779
723 171 9 9 0.14582348
560 311 61 80 0.15711157
982 201 10 11 0.16293183
931 481 88 192 0.17072234
50 193 22 47 0.17432398
898 245 18 35 0.19399068
931 195 8 10 0.19496162
710 186 9 10 0.19965723
52 189 16 40 0.20397253
894 231 19 20 0.24563913
955 270 37 56 0.2558347
54 188 24 45 0.2569527
771 185 10 10 0.2715314
901 199 8 11 0.27535233
133 187 43 63 0.31108245
534 304 60 82 0.3236018
903 324 35 82 0.32538426
585 165 7 11 0.38172904
700 263 60 91 0.384519
996 235 27 39 0.390767
721 385 71 105 0.48981345
216 274 28 58 0.5915761
293 159 44 68 0.6122629
360 176 35 58 0.65270257
155 192 39 64 0.68997663
180 206 36 58 0.7279155
404 202 65 82 0.76812965
647 195 35 52 0.8919251
530 164 37 51 0.89390117
215 188 36 57 0.9463867

