8_Election_Campain_Election_Campaign_8_437
158
513 82 14 19 0.010318195
69 86 9 13 0.010321921
146 150 12 18 0.010696038
161 226 12 13 0.010727621
5 166 8 11 0.010814739
518 139 7 10 0.010876464
406 69 13 18 0.010935734
526 367 50 95 0.011164294
520 260 13 20 0.011188662
158 57 9 13 0.011190382
242 255 18 29 0.011194857
212 59 18 19 0.011208145
474 246 24 39 0.011221639
736 52 14 21 0.0112389475
155 160 12 18 0.011433791
561 54 22 18 0.011482201
407 20 24 18 0.011775212
67 183 9 13 0.011853327
436 66 14 20 0.012057823
0 66 11 20 0.012079325
49 225 12 22 0.012415223
771 159 13 17 0.012602025
407 73 10 11 0.012667985
282 223 20 20 0.012801156
133 182 8 12 0.012878694
83 55 9 12 0.012990517
861 450 133 122 0.0133183785
247 264 13 19 0.013360603
560 151 7 10 0.013360616
735 273 10 13 0.013690199
291 119 14 19 0.013952129
781 51 19 28 0.014099541
637 54 21 19 0.014613157
655 54 14 21 0.014639216
133 264 12 14 0.014792668
68 71 9 11 0.015689136
661 162 8 11 0.015768554
2 58 8 13 0.016113931
191 404 107 107 0.016699512
169 274 10 12 0.016789291
157 66 9 14 0.017445682
148 151 8 12 0.018071413
734 269 10 12 0.018556062
87 154 9 13 0.018988334
262 163 22 19 0.019094365
65 180 12 19 0.019351134
270 145 21 19 0.020035094
23 159 12 18 0.020448491
280 59 9 13 0.020716857
24 161 9 13 0.020910665
128 169 9 12 0.020922164
607 163 9 11 0.021303426
26 157 17 21 0.021406144
86 152 12 18 0.021495003
855 165 126 164 0.021599501
519 36 13 14 0.021916963
477 251 22 18 0.022924399
89 64 17 22 0.024718717
69 58 8 12 0.024908407
221 64 10 15 0.02496688
313 310 19 21 0.025428183
783 63 14 18 0.025561538
169 267 10 12 0.026222296
304 174 12 20 0.026273739
581 257 15 20 0.026799865
200 413 73 84 0.027350327
27 69 12 18 0.027598076
764 152 13 17 0.028419346
66 149 12 17 0.02998003
128 259 18 26 0.03004469
486 19 22 18 0.030685984
150 58 12 18 0.032087922
2 69 7 13 0.032934166
219 160 13 19 0.033026773
280 57 12 19 0.03312833
443 316 37 58 0.033452496
701 55 18 29 0.033466265
158 218 14 18 0.034003936
219 59 12 17 0.03416265
482 17 18 29 0.034513067
584 147 13 19 0.034758557
368 65 14 22 0.034877863
151 60 9 13 0.035190877
259 52 12 17 0.036179356
768 155 9 12 0.037675157
730 214 24 19 0.0383673
696 146 11 15 0.03877133
24 154 12 18 0.04047352
526 263 10 13 0.04225691
704 59 10 13 0.042896654
786 66 9 12 0.044478483
473 10 24 17 0.04473076
4 147 12 19 0.050364763
414 75 11 12 0.05231234
302 168 12 20 0.052710935
215 60 10 15 0.053587582
619 61 19 20 0.05571128
602 332 36 59 0.056272723
630 267 9 12 0.05826205
6 150 8 13 0.059966505
128 57 8 14 0.06062103
280 62 12 18 0.060809363
524 261 13 19 0.060851727
192 152 9 13 0.060877755
628 264 13 18 0.06137514
155 222 21 19 0.061609257
31 160 10 15 0.063904665
138 262 14 18 0.06734356
785 59 10 12 0.068776585
67 151 9 13 0.07058506
433 61 19 29 0.07240809
93 67 10 15 0.0767474
412 72 14 17 0.08163401
173 269 10 13 0.087736495
773 162 9 10 0.08825979
193 54 9 14 0.089732714
529 363 41 64 0.09433402
293 274 13 16 0.09665319
782 56 14 18 0.09824026
624 64 11 15 0.10985781
260 54 9 13 0.12444798
175 273 10 12 0.12954806
128 152 9 14 0.13009529
91 159 12 18 0.1310682
702 58 13 18 0.1417315
27 155 13 17 0.14967018
582 258 23 20 0.1613382
441 62 20 30 0.16357823
215 161 13 18 0.16497232
295 276 9 12 0.17696896
478 16 22 19 0.18648703
452 302 31 64 0.18959957
367 252 18 29 0.20715454
215 62 12 18 0.2092855
88 66 12 18 0.21151398
88 160 12 18 0.22222467
257 164 21 20 0.22575286
150 161 13 17 0.2302279
702 63 14 18 0.23029387
621 58 14 18 0.24131002
283 60 14 17 0.24810672
22 69 13 18 0.2798715
150 64 12 18 0.29729053
364 62 20 30 0.30978566
523 34 14 17 0.34099135
369 255 21 21 0.34465367
587 147 14 18 0.3460765
584 252 18 32 0.35129708
476 255 21 20 0.36335164
250 265 21 21 0.36676878
573 50 20 28 0.37821257
131 261 19 20 0.42348903
682 255 21 32 0.43119624
699 144 14 17 0.4357312
734 49 20 29 0.45747873
653 50 19 30 0.47821826
642 144 13 19 0.57821983
755 143 14 19 0.75794643

