8_Election_Campain_Election_Campaign_8_452
38
5 474 34 69 0.010377736
604 353 27 17 0.010677834
21 450 37 60 0.011160468
3 461 16 40 0.011378421
32 433 19 34 0.0113853
324 389 38 61 0.011418118
582 338 53 82 0.01157422
321 373 19 32 0.011951764
699 337 43 54 0.013630148
11 376 15 35 0.0146238385
766 321 40 64 0.015290623
486 524 31 68 0.015489979
8 432 16 39 0.01745554
318 377 21 20 0.017535573
9 405 17 38 0.01787292
26 431 27 43 0.018268699
247 405 28 48 0.023344355
8 402 25 47 0.024090867
4 395 34 63 0.025121562
1 456 25 49 0.028619882
362 413 51 50 0.02868376
656 300 52 92 0.029406345
604 346 26 44 0.0388517
237 421 31 40 0.041666627
0 448 34 64 0.051099647
3 420 34 62 0.0720874
73 454 38 37 0.07526122
603 347 35 65 0.09137809
363 408 34 42 0.11511642
403 387 69 65 0.15675133
239 411 40 59 0.35663566
424 379 62 72 0.4035882
976 390 38 77 0.51758325
653 282 63 87 0.72777134
158 447 40 50 0.837929
75 445 46 52 0.85844684
367 399 38 59 0.8759217
781 319 85 94 0.9751937

