8_Election_Campain_Election_Campaign_8_84
192
291 429 9 15 0.010095985
64 436 5 12 0.010104328
530 190 9 11 0.010120987
921 453 6 12 0.010242452
73 492 17 33 0.010296043
577 181 7 12 0.010324746
902 364 10 25 0.010452994
922 568 25 48 0.01074152
450 568 25 46 0.010745534
649 250 24 45 0.010948615
94 496 21 21 0.010951315
623 244 16 35 0.011027364
661 263 12 25 0.011255954
150 482 9 12 0.011299985
851 466 7 13 0.011391705
170 375 6 11 0.011767087
770 479 11 28 0.012289084
946 503 10 13 0.012311672
9 417 6 12 0.012336937
958 463 12 21 0.012813895
930 618 24 51 0.012857973
290 420 9 16 0.013019393
8 525 11 30 0.013109927
204 496 27 62 0.013124322
198 455 18 32 0.013210248
120 47 11 24 0.013272001
176 448 7 12 0.013280734
849 463 11 21 0.013293613
105 508 20 22 0.013597005
575 189 12 19 0.013960016
676 245 9 16 0.013997603
197 450 12 19 0.014036301
107 491 18 32 0.014133878
34 431 7 12 0.014152946
961 468 7 11 0.014255349
143 511 20 22 0.014315154
149 464 13 19 0.014718162
865 454 14 35 0.014722505
287 422 18 29 0.014749153
152 445 12 20 0.015604151
176 470 9 14 0.01583806
560 208 9 12 0.015859965
917 562 34 67 0.016061286
986 433 23 19 0.016193936
55 415 10 20 0.016239602
23 400 7 12 0.016748488
21 419 6 11 0.016839623
842 482 7 15 0.016984116
933 466 6 10 0.017151129
949 455 7 11 0.017230887
882 380 16 32 0.017376974
806 473 11 25 0.01741361
557 205 13 18 0.017603036
814 477 10 23 0.018113531
528 169 15 30 0.018785723
775 581 37 65 0.019094545
63 416 6 12 0.019213175
950 465 6 10 0.019275747
621 236 13 23 0.019792004
214 481 9 14 0.020311194
546 194 13 19 0.020752613
611 221 8 14 0.02091734
95 508 20 24 0.021131426
136 422 5 9 0.021132905
165 416 7 11 0.021397864
189 482 13 21 0.021398805
145 406 6 10 0.021436902
448 183 16 29 0.0218393
578 192 7 13 0.02198904
548 174 13 20 0.022028644
154 448 8 13 0.022078758
824 459 10 22 0.023343708
146 479 14 19 0.023558758
227 441 12 21 0.023657322
848 490 8 17 0.02371244
149 420 6 10 0.023738813
662 256 12 24 0.02374816
528 179 9 13 0.024972064
840 479 11 21 0.025973994
33 406 8 14 0.02608656
771 382 12 26 0.026110299
180 479 8 13 0.026420219
170 382 6 11 0.027566135
551 178 7 11 0.027623937
32 410 12 20 0.027722482
166 404 6 11 0.027723402
933 451 6 11 0.028082192
783 499 15 35 0.02809784
173 467 13 20 0.028542187
669 266 13 23 0.029739048
182 431 6 11 0.029830553
212 465 8 13 0.029921545
599 212 8 13 0.030016521
864 463 7 16 0.031038864
175 380 7 12 0.031333424
30 404 12 19 0.031412672
619 229 16 35 0.031462684
180 421 7 11 0.03153128
222 476 13 22 0.031770367
826 462 6 14 0.03197922
548 198 8 10 0.03199493
244 449 7 14 0.032198794
206 430 11 20 0.03223906
449 541 18 33 0.032257512
519 179 10 13 0.032301586
944 501 13 19 0.034083508
199 434 6 12 0.035253823
971 444 19 31 0.035655607
157 447 13 18 0.035753716
625 198 16 30 0.035795562
199 452 8 12 0.035946146
223 479 17 33 0.036082283
224 465 9 14 0.036952727
210 462 12 21 0.03944684
229 444 8 14 0.03992536
160 449 9 12 0.041388873
653 254 17 34 0.042347074
597 209 12 19 0.042437438
564 190 8 12 0.042668585
183 488 13 23 0.042988565
138 500 17 35 0.04310677
39 477 17 31 0.043976914
563 180 7 13 0.044454638
304 492 18 33 0.045790583
197 462 8 15 0.046440832
188 488 13 23 0.046506375
35 413 8 13 0.04681568
228 435 7 14 0.050094675
213 478 12 21 0.05203833
13 522 16 34 0.05411434
548 206 9 13 0.054763053
841 481 14 33 0.054965474
12 532 16 33 0.057362985
670 251 16 32 0.057439633
561 186 13 20 0.057517108
937 508 17 32 0.05956633
178 476 12 21 0.060991295
608 214 9 13 0.06250391
178 483 17 33 0.06292009
242 446 11 22 0.06295937
608 218 13 20 0.06357027
289 424 12 23 0.06616925
226 433 11 21 0.06733317
637 200 16 31 0.06733427
195 460 12 20 0.06988015
448 180 14 22 0.07525269
209 433 7 14 0.07551046
774 488 10 28 0.077263154
221 463 13 21 0.07736914
831 460 11 20 0.078490116
671 244 18 21 0.07893702
845 487 12 22 0.07929599
441 185 12 21 0.0848519
163 464 9 15 0.08681671
288 418 12 22 0.088362016
257 509 17 33 0.088712916
546 203 13 19 0.101916514
862 461 11 23 0.11163641
519 177 13 19 0.11724844
560 177 12 21 0.11823911
57 419 6 12 0.12754622
605 212 13 18 0.13342535
161 462 12 19 0.14225717
220 506 17 37 0.14229874
834 462 7 14 0.14718494
188 479 17 33 0.14855947
882 382 11 26 0.15024096
533 509 16 33 0.17063887
258 426 12 25 0.17210168
987 484 17 33 0.2026307
924 594 31 72 0.23239979
320 498 18 31 0.2385426
128 483 19 22 0.25248238
674 248 13 22 0.2736945
944 507 13 18 0.2869044
100 500 18 37 0.28821853
41 520 19 38 0.29648468
315 492 20 34 0.30182245
781 486 14 34 0.31490585
979 483 18 35 0.3323234
131 484 17 33 0.3462316
78 500 17 34 0.35929033
846 481 12 21 0.37263685
290 498 20 34 0.37389868
522 175 18 21 0.3907103
210 505 18 37 0.4013004
631 204 20 22 0.40566537
538 510 17 34 0.47933823
880 501 16 34 0.58912593
488 191 20 21 0.6936
127 531 34 78 0.6951786
445 184 14 21 0.7414529

