8_Election_Campain_Election_Campaign_8_32
44
362 290 25 21 0.010049674
8 272 23 19 0.010573686
952 277 27 20 0.01118605
359 0 71 43 0.0113913445
950 264 35 53 0.01196501
659 278 17 31 0.012977054
961 251 16 17 0.013576842
318 295 24 21 0.01375736
616 296 25 22 0.014119771
802 294 13 24 0.01516303
911 257 20 35 0.015328146
897 277 22 19 0.016046416
40 271 23 21 0.021439072
786 286 16 31 0.025596999
720 280 23 21 0.027709022
329 0 86 37 0.028366204
985 251 30 14 0.028924258
917 259 29 34 0.033780683
904 274 24 20 0.034053355
922 275 24 20 0.03595442
8 274 18 30 0.040740333
966 258 27 18 0.053087167
992 252 19 32 0.06282379
0 277 20 21 0.08490271
987 258 26 18 0.10236743
959 255 26 18 0.13296288
965 258 24 27 0.19866295
794 302 22 21 0.27469474
922 265 20 33 0.4378046
39 263 20 32 0.68003356
953 270 27 38 0.69647896
799 289 19 34 0.69654447
911 263 29 38 0.73178995
730 276 19 32 0.7650855
725 273 17 33 0.78166616
472 279 20 36 0.9063175
326 289 18 34 0.919613
224 259 25 40 0.93411356
876 286 20 35 0.93469965
368 283 19 36 0.94487745
619 290 18 35 0.9476425
669 273 19 35 0.9487497
560 301 19 34 0.9565229
109 234 23 40 0.97161466

