8_Election_Campain_Election_Campaign_8_86
37
6 128 34 72 0.010910496
91 153 27 15 0.011079102
568 397 67 94 0.0112663815
78 173 11 9 0.012127942
92 169 43 52 0.012410984
473 254 22 30 0.01268435
914 277 14 19 0.012791657
569 194 22 18 0.012806877
1017 281 7 37 0.01295428
0 222 28 75 0.013048242
410 162 21 27 0.013143964
346 249 37 49 0.013221092
454 244 37 50 0.01370127
463 247 24 17 0.013957114
457 181 29 15 0.014594643
3 104 21 54 0.015297438
4 110 15 42 0.016314657
454 260 39 54 0.016402755
746 420 119 165 0.016775798
838 241 13 19 0.018719144
251 171 29 42 0.019083802
103 150 33 36 0.019760335
383 229 34 42 0.03342776
458 267 30 38 0.034451913
352 258 20 32 0.036954094
550 381 108 144 0.040456496
487 278 19 38 0.046044435
407 169 26 17 0.051961314
6 138 48 89 0.14765517
462 254 23 30 0.28554755
118 165 53 75 0.49969906
15 158 45 64 0.62960577
347 260 27 42 0.6383977
577 233 45 69 0.6738216
377 210 42 64 0.80138284
479 271 32 57 0.8324498
216 228 34 52 0.9528307

