8_Election_Campain_Election_Campaign_8_297
72
720 138 9 10 0.010016038
576 106 8 15 0.0101051675
324 224 12 22 0.010143641
454 275 10 12 0.010193464
769 193 12 22 0.010235092
764 306 32 37 0.010269058
380 272 21 19 0.010384046
439 265 9 10 0.010556419
496 285 45 50 0.010994785
113 203 20 31 0.011320226
574 278 24 18 0.011454393
1014 234 9 30 0.011513087
960 251 8 9 0.011549469
709 294 40 55 0.011707831
821 180 12 17 0.011720229
760 296 42 54 0.013048113
407 232 13 18 0.013106991
866 314 24 27 0.013256905
541 261 24 18 0.013265602
386 279 21 30 0.013472002
415 276 21 29 0.013510173
792 249 36 39 0.013520989
711 241 22 29 0.013686336
393 238 21 30 0.013817205
452 268 9 10 0.014899825
558 273 23 18 0.014944417
525 241 22 29 0.015021568
411 240 22 29 0.0151516255
935 279 21 28 0.016174447
509 281 21 37 0.016837342
958 305 19 30 0.016845247
555 174 19 32 0.017033154
765 179 19 30 0.017314197
538 274 24 18 0.017707065
590 37 8 14 0.017953923
559 179 20 20 0.018186193
715 195 13 22 0.019103836
1012 229 11 22 0.019497795
409 235 9 12 0.019634057
409 297 25 17 0.019763762
367 303 19 32 0.02012795
14 437 52 89 0.021005321
884 120 11 20 0.021221932
445 265 22 18 0.022201508
768 177 11 24 0.022216363
869 198 7 9 0.02262776
447 270 21 20 0.026915189
770 233 42 57 0.02736356
448 271 19 32 0.027612643
944 272 20 19 0.03342098
1014 232 8 12 0.034963742
420 328 20 32 0.03514554
886 124 7 13 0.03560506
865 311 24 17 0.040139977
705 191 20 29 0.04259439
587 34 12 20 0.04301281
822 182 9 11 0.0463052
169 445 65 70 0.05150059
710 195 13 23 0.066031866
60 431 41 67 0.08764555
495 281 29 42 0.10013485
543 266 30 36 0.11293639
578 270 31 35 0.1697207
416 314 27 40 0.21813889
67 445 40 59 0.2605052
583 33 11 20 0.35269547
786 240 45 60 0.69760305
162 451 46 62 0.7147352
599 274 33 37 0.7546685
923 300 29 38 0.78331
500 275 33 53 0.93839306
642 258 38 48 0.9654977

