40_Gymnastics_Gymnastics_40_484
24
324 116 83 164 0.010110205
820 405 48 57 0.011404616
985 328 30 81 0.012032067
337 142 54 111 0.013349382
785 165 49 110 0.014539562
989 314 25 52 0.015172311
91 80 126 120 0.01531442
317 315 40 70 0.016400548
5 181 34 162 0.01718307
601 243 40 67 0.01810058
642 78 44 68 0.019001173
452 215 50 95 0.019600125
841 42 48 100 0.020505788
648 67 57 95 0.022557145
470 78 54 109 0.024169011
996 76 25 86 0.025346456
803 209 42 70 0.027236015
116 94 77 74 0.030860614
790 195 55 104 0.038204633
598 235 56 104 0.07054723
983 305 35 69 0.07087018
986 177 30 78 0.13420324
834 75 39 72 0.14073613
502 272 73 101 0.9579698

