40_Gymnastics_Gymnastics_40_668
224
1 48 12 20 0.010057766
741 79 7 10 0.010157162
957 274 27 15 0.0101911165
35 65 8 11 0.010228008
862 60 14 16 0.010310855
0 111 9 65 0.01054692
486 47 7 9 0.010705205
831 50 12 17 0.010708175
916 248 45 55 0.011017774
109 78 12 19 0.011101982
436 32 6 10 0.011138929
557 34 13 17 0.011312868
848 29 13 16 0.0113132745
112 61 8 12 0.011367468
582 271 28 43 0.011434094
10 226 30 82 0.011656823
87 362 56 46 0.011672693
71 62 8 12 0.011727981
498 66 7 8 0.011819925
56 38 8 11 0.011834091
713 257 22 28 0.011839506
0 86 10 30 0.0119650215
518 64 8 7 0.012268027
23 419 36 65 0.012323401
529 99 9 9 0.012476526
925 272 42 55 0.012622679
550 44 12 19 0.012813437
774 50 12 18 0.012857561
469 48 8 7 0.012935532
922 45 23 17 0.012936319
834 58 13 18 0.012964185
21 226 29 77 0.013148319
570 249 37 60 0.013438359
3 81 7 14 0.013489104
63 38 8 10 0.013524373
517 98 8 8 0.013709528
851 54 9 9 0.013751902
532 65 7 8 0.013872516
54 61 7 12 0.014488566
773 77 8 12 0.014491316
643 64 6 9 0.014504828
7 165 40 126 0.014624718
627 31 12 18 0.014629226
1 58 10 26 0.014843944
95 54 18 20 0.015032346
865 48 14 16 0.015038016
755 45 8 12 0.015247512
670 62 12 18 0.015385381
249 114 40 64 0.015519326
72 238 197 196 0.015711982
96 39 8 11 0.01579745
900 40 9 8 0.016158072
632 63 5 9 0.016236838
938 284 26 17 0.016261747
546 239 38 64 0.016288757
486 87 9 8 0.016891617
111 48 12 19 0.017132355
672 44 12 18 0.017140009
113 36 7 10 0.017244902
944 34 10 8 0.017405838
895 62 14 17 0.01746386
503 96 51 78 0.017554255
639 218 58 82 0.017647596
967 267 22 27 0.017731598
498 47 6 9 0.018038625
218 97 90 130 0.018047817
947 49 10 8 0.01837932
653 31 12 17 0.018621
531 53 7 9 0.018935053
977 280 15 16 0.01923265
709 35 11 19 0.019319246
9 66 16 35 0.019471828
578 263 37 61 0.019521821
783 256 10 11 0.01989415
757 247 13 18 0.020017838
675 79 6 10 0.02036699
717 33 11 18 0.020440022
873 47 24 16 0.020472407
719 257 10 12 0.020695
471 68 60 73 0.02119111
863 33 14 16 0.021252757
802 66 9 12 0.021355934
977 277 14 11 0.02168331
518 54 8 9 0.021862395
246 171 102 139 0.021961924
578 28 13 16 0.02210181
112 80 8 11 0.022212945
815 30 8 12 0.02285235
771 32 8 10 0.02298691
922 35 23 16 0.02332286
1 76 10 25 0.023409734
434 187 70 84 0.023429625
532 34 6 8 0.023509163
694 64 7 10 0.024295356
805 31 12 18 0.025076576
775 61 12 19 0.025439275
487 93 8 8 0.025533143
834 52 8 12 0.025801603
191 71 75 85 0.026926761
907 30 23 17 0.027631827
574 62 12 20 0.027798155
673 34 12 17 0.027886616
873 33 22 17 0.028624296
309 189 77 85 0.028855335
497 37 7 7 0.030477675
437 91 9 11 0.030620271
495 76 51 75 0.031213617
18 40 12 19 0.03188562
88 38 8 13 0.03255815
595 273 38 63 0.03263993
716 254 14 18 0.032769226
914 34 10 9 0.034113
775 52 8 12 0.034319974
882 63 9 9 0.03435528
758 250 10 13 0.03504118
114 51 7 12 0.035601195
16 65 9 14 0.036398433
69 98 18 34 0.0368061
595 32 6 9 0.03703948
3 51 8 12 0.037350036
661 77 7 11 0.037538473
82 57 12 19 0.037993703
552 48 7 11 0.037995186
577 66 8 12 0.038018625
777 64 8 12 0.038768873
77 75 13 18 0.038912866
850 32 9 10 0.03904984
836 61 8 12 0.040666956
716 42 10 21 0.041561376
880 36 11 9 0.042448133
718 45 8 14 0.042896714
557 42 12 20 0.043092657
743 33 7 12 0.04380072
485 34 7 9 0.045019332
865 36 10 10 0.0455086
929 38 11 9 0.045784116
0 118 8 29 0.04912787
67 95 13 20 0.050257694
178 303 78 93 0.051398225
508 90 47 57 0.051499005
929 50 10 8 0.052947093
719 34 8 13 0.05325518
80 77 9 13 0.053540383
118 243 76 85 0.05529177
551 37 7 10 0.05535729
609 34 13 18 0.057145808
20 43 9 13 0.057917565
865 63 9 10 0.06040746
660 69 7 10 0.061643615
517 31 6 8 0.061762016
561 45 7 13 0.06247794
915 49 10 8 0.06290156
382 210 67 99 0.069140114
611 40 12 20 0.06932377
898 65 9 9 0.07281791
867 51 9 9 0.07438103
100 57 9 14 0.07525558
711 38 7 12 0.07543603
708 64 7 10 0.08026035
898 48 8 8 0.081158996
105 238 112 144 0.0844811
711 44 11 19 0.08520499
561 36 7 10 0.08549621
710 253 13 19 0.08691834
707 77 7 10 0.087979056
692 76 12 17 0.08824449
782 57 12 18 0.09033872
797 44 12 18 0.09317808
233 109 61 95 0.09725798
694 54 7 10 0.09758404
881 51 10 9 0.09831154
628 47 7 10 0.098754995
688 29 12 18 0.10077634
807 32 8 12 0.104305774
751 31 12 17 0.105471
660 47 7 11 0.10675162
64 49 8 15 0.10915151
613 44 8 12 0.10955341
56 49 8 15 0.11463545
18 38 9 13 0.11476104
84 60 8 12 0.11840431
673 64 8 11 0.12274932
648 36 7 9 0.12282429
785 60 8 13 0.12319913
783 50 13 18 0.12479188
850 63 10 12 0.12536456
734 243 13 17 0.1280395
14 63 12 21 0.13196379
61 47 11 19 0.13409191
737 245 9 12 0.13490987
740 256 9 13 0.14114286
83 49 11 20 0.14256918
260 190 69 86 0.14714342
737 253 13 18 0.15716672
84 52 8 13 0.15945888
800 46 8 13 0.16384296
612 35 8 11 0.17637105
786 52 9 13 0.17707144
99 51 9 15 0.18948664
55 46 12 20 0.2061941
675 37 8 11 0.20656879
675 46 7 11 0.20950373
847 60 14 17 0.21053946
643 48 7 10 0.23437595
656 33 7 10 0.23662233
712 46 8 13 0.24683662
762 243 13 17 0.2596936
691 31 7 13 0.26898763
630 34 7 10 0.27896443
148 281 115 132 0.28959087
754 32 8 13 0.2940542
257 216 100 120 0.30438957
694 78 9 12 0.305321
580 30 8 10 0.33390683
972 275 23 17 0.41934007
97 50 12 19 0.45052707
759 241 13 19 0.4731538
647 204 64 77 0.48855507
293 206 97 131 0.5388049
874 222 79 84 0.556392
109 274 124 136 0.77267915
390 191 80 96 0.83466077
182 96 104 97 0.8553403
504 188 72 109 0.89002347

