40_Gymnastics_Gymnastics_40_638
48
916 378 12 20 0.010024619
791 324 8 13 0.011028201
960 369 12 19 0.011191584
765 305 25 43 0.0115589565
994 370 13 21 0.01160114
413 292 38 68 0.012969433
831 345 17 32 0.013356795
960 326 17 31 0.013609732
1007 234 12 20 0.01366146
459 321 20 37 0.013964795
797 318 12 21 0.014119114
950 338 8 12 0.015691964
770 296 17 34 0.016094748
944 310 7 11 0.01622875
824 349 11 23 0.016575912
637 334 40 57 0.017804122
769 309 18 34 0.018235069
948 334 11 21 0.018458067
643 347 29 39 0.018846985
947 322 7 11 0.01904378
735 283 21 21 0.019213429
838 339 6 12 0.019676046
834 352 7 16 0.020336276
994 377 13 23 0.020720456
962 372 8 11 0.020986788
1014 368 7 13 0.022359809
635 318 33 40 0.022863075
869 329 11 22 0.025241164
847 320 11 21 0.025392652
647 354 20 30 0.02560348
846 331 11 22 0.030302687
1012 364 10 24 0.030834746
850 324 7 13 0.035736695
789 319 12 23 0.0376274
970 318 18 20 0.041097324
871 326 6 12 0.04191948
1010 237 7 12 0.052115254
871 332 6 13 0.05295862
630 307 54 88 0.05530751
849 335 6 13 0.06611531
643 369 14 23 0.06925271
451 308 34 62 0.1038985
968 318 12 18 0.11104543
831 348 11 24 0.112024106
969 320 9 13 0.13433109
733 276 27 44 0.13759099
629 309 44 57 0.16605842
975 321 10 14 0.4090687

