40_Gymnastics_Gymnastics_40_698
57
155 0 36 47 0.010135319
52 71 9 12 0.010278629
520 24 30 39 0.0107889185
599 44 9 8 0.010916889
161 0 13 9 0.010956921
110 9 25 16 0.01116343
527 18 25 18 0.011236956
140 17 14 21 0.0115416
969 4 30 13 0.0117773935
586 55 27 17 0.011892537
161 0 20 18 0.012024792
947 28 47 50 0.012492893
745 37 27 15 0.012562157
50 68 12 19 0.01262042
185 39 21 21 0.012751688
195 4 35 56 0.013456888
913 82 24 17 0.014981237
923 73 23 27 0.016356805
287 128 42 53 0.016728114
138 7 27 16 0.01673192
154 51 43 56 0.016801322
601 38 33 33 0.017464587
162 29 38 56 0.020176178
201 19 24 19 0.020757584
244 405 47 55 0.020766266
181 45 39 59 0.020968964
162 3 14 11 0.021836463
178 40 21 21 0.023380987
918 74 24 17 0.027448904
953 25 26 15 0.028839184
775 84 51 75 0.030781465
629 28 31 14 0.031332113
533 14 29 37 0.034863055
794 468 41 56 0.03505206
155 0 24 12 0.037200145
168 34 29 40 0.03752776
579 139 29 41 0.039944187
771 68 41 56 0.04253034
625 35 26 16 0.04500682
576 56 38 31 0.04630664
204 13 19 33 0.06071242
135 8 21 29 0.06664146
789 91 31 44 0.07693954
125 8 24 17 0.08162053
164 0 19 30 0.088298924
352 80 43 47 0.09131071
523 10 28 39 0.104844704
158 0 22 17 0.11320974
629 31 32 32 0.1170862
130 16 22 20 0.14010349
195 28 27 44 0.27064425
631 36 27 18 0.4019046
776 80 40 58 0.62737775
864 40 31 38 0.9219231
584 43 33 40 0.93355733
255 38 35 58 0.9667026
359 76 32 40 0.9722961

