40_Gymnastics_Gymnastics_40_420
23
39 230 35 73 0.010284554
400 118 58 86 0.010448507
258 63 66 76 0.0112931365
419 149 114 127 0.011921597
55 235 33 74 0.0122965695
310 213 52 62 0.012866976
564 104 48 68 0.013243731
764 435 66 113 0.016210223
435 121 62 83 0.019522324
416 304 77 135 0.023522915
441 176 60 86 0.024193218
384 289 41 71 0.042737246
376 234 56 86 0.061042927
155 174 69 82 0.4074214
565 100 77 78 0.53734726
472 378 64 100 0.6676188
324 217 66 87 0.716927
486 392 58 116 0.7365967
403 321 67 96 0.8887626
170 183 85 77 0.94242185
250 194 70 85 0.94526726
597 412 76 111 0.95247173
766 464 75 122 0.9911419

