40_Gymnastics_Gymnastics_40_175
30
636 175 42 58 0.010899886
733 235 42 62 0.011372184
666 169 33 35 0.0114216395
576 198 82 165 0.012286271
648 352 37 74 0.013258233
12 411 44 126 0.013295058
637 176 53 94 0.013327217
574 345 48 111 0.014336276
128 235 47 95 0.0144474115
565 180 44 67 0.014930342
657 173 44 53 0.015145174
158 239 38 63 0.015660744
197 75 44 68 0.015887199
660 361 41 75 0.018218942
241 64 50 92 0.019176634
593 202 42 69 0.01934646
562 278 87 154 0.020012459
126 219 36 64 0.020195639
452 345 49 104 0.025819624
208 81 49 64 0.026943278
125 244 30 44 0.0335187
589 223 56 96 0.06929332
576 204 41 70 0.07582927
579 308 52 100 0.078993715
567 339 43 64 0.079281144
317 380 48 104 0.080012955
121 235 39 62 0.16010095
443 324 35 83 0.42148337
212 61 58 101 0.5148287
583 190 62 91 0.58629006

