40_Gymnastics_Gymnastics_40_1043
82
722 544 6 15 0.0100835785
393 566 5 8 0.010152359
245 39 7 6 0.010260982
250 182 6 9 0.010490665
250 224 7 10 0.010673814
820 3 6 6 0.01070153
721 525 10 27 0.010977698
249 130 7 9 0.011179787
346 421 19 19 0.011249265
245 78 14 16 0.011375311
529 195 12 6 0.011413372
693 583 12 24 0.011679159
951 412 13 21 0.012093091
241 19 8 7 0.012137223
249 162 7 10 0.01215559
806 433 9 8 0.012292378
248 71 9 9 0.012669702
672 215 9 6 0.012675162
863 451 10 11 0.012778242
698 388 5 7 0.012998767
245 49 8 8 0.013225235
696 373 7 7 0.013634873
353 424 19 25 0.013773364
947 435 6 9 0.013775002
255 533 6 8 0.0138336215
849 452 10 12 0.014416036
565 462 15 11 0.014644507
255 212 7 9 0.01506754
720 374 5 7 0.015574337
694 576 10 23 0.016531922
370 448 8 9 0.016623676
248 100 8 8 0.016836096
844 434 13 16 0.017064366
360 376 8 7 0.017369796
714 480 5 10 0.017502585
593 485 14 9 0.018898796
528 473 21 18 0.01895928
835 49 8 7 0.01899116
714 471 5 9 0.019963609
250 213 7 10 0.020982105
895 418 8 9 0.022819925
232 3 8 7 0.023163697
359 383 8 7 0.02395623
557 419 18 25 0.024091698
386 434 10 13 0.025255753
248 115 7 9 0.025710238
249 255 8 11 0.026048234
836 458 20 20 0.026417043
369 429 13 19 0.027103934
847 223 7 11 0.027504617
771 496 6 10 0.027578823
847 436 9 10 0.028486386
718 537 11 25 0.030165995
526 465 20 20 0.030255329
712 521 15 35 0.03149406
588 481 24 15 0.03440859
255 542 6 10 0.0348344
241 3 7 6 0.03838342
848 255 6 10 0.03857904
573 461 14 12 0.039342556
856 448 21 19 0.043362536
373 386 7 7 0.051479198
572 455 15 14 0.051635537
247 82 9 9 0.057727084
719 387 6 8 0.06741195
712 536 11 26 0.07889071
567 459 23 16 0.1139841
545 480 23 20 0.12268013
561 459 22 18 0.13297322
712 388 5 9 0.13853341
841 456 20 21 0.18959193
374 375 7 6 0.19877647
844 450 19 21 0.20004186
76 667 19 35 0.32184783
551 476 19 28 0.41314483
708 375 6 7 0.4948627
958 407 18 29 0.51115
383 430 15 20 0.566628
343 426 14 20 0.63825965
881 426 19 21 0.77125514
551 418 22 21 0.825941
779 409 24 20 0.84598124

