40_Gymnastics_Gymnastics_40_171
73
183 1178 31 67 0.010001283
1016 1297 7 38 0.010367496
1004 1014 19 63 0.010746962
705 1153 32 65 0.010904734
162 924 22 52 0.011405831
129 1308 33 66 0.011440769
845 1102 20 24 0.011626751
935 1091 24 47 0.011860355
904 1124 26 49 0.012489559
1010 1286 13 48 0.0125487195
61 1081 31 74 0.013527636
891 1047 18 36 0.013663233
230 915 31 71 0.013681195
21 1043 36 66 0.013734703
183 862 26 47 0.014059912
928 1256 28 41 0.014484645
629 1017 34 77 0.015375451
134 1145 34 68 0.015404729
749 1327 19 33 0.016213829
0 1302 32 61 0.016385509
766 1097 26 48 0.016702801
998 989 26 77 0.016728962
970 1054 30 68 0.01712627
3 1313 18 37 0.01725369
128 1114 32 71 0.01734807
612 1208 35 65 0.017883513
37 1113 30 68 0.018283367
52 1110 32 66 0.018290859
180 853 33 65 0.018681383
251 1084 50 108 0.018837787
680 1281 25 47 0.018840197
124 971 18 36 0.01890482
790 1180 41 55 0.019852566
265 1169 31 74 0.02001326
117 981 33 70 0.02026284
60 1331 27 42 0.020719567
966 938 38 122 0.021178573
164 1250 35 67 0.021546027
313 961 23 50 0.02157155
245 1112 31 80 0.02274993
1007 1003 13 48 0.022910507
746 1049 32 73 0.023309944
252 863 30 69 0.023378108
2 1157 14 49 0.023416607
663 146 30 91 0.02530032
236 907 23 48 0.026036214
694 1298 34 64 0.026398955
175 870 23 49 0.028456643
189 1104 33 70 0.030897627
148 1171 36 65 0.03137429
161 1269 38 70 0.033403587
236 1106 31 77 0.034024313
690 1181 36 68 0.036657
897 1144 38 65 0.03699103
761 1087 34 67 0.03745617
899 1117 34 69 0.039538752
244 1286 38 62 0.04507914
842 1095 17 36 0.04601485
821 1218 30 40 0.048659723
250 1138 30 81 0.049054056
130 857 29 73 0.063106604
681 1187 37 65 0.06824315
2 1119 30 75 0.083062164
313 1182 37 67 0.09283403
792 1338 21 32 0.10349661
698 1299 27 45 0.13692823
4 1298 23 46 0.14376532
0 1139 25 77 0.21743546
782 1333 26 41 0.24790098
92 1320 27 44 0.26689294
962 959 34 68 0.31423151
891 1306 38 50 0.31824854
496 323 67 136 0.9972095

