40_Gymnastics_Gymnastics_40_47
28
353 80 34 67 0.010915793
10 588 63 85 0.0111515615
375 112 34 69 0.011423168
791 123 26 44 0.011869754
7 118 23 54 0.0121765295
124 153 37 57 0.012536524
444 85 25 52 0.012874064
549 56 38 55 0.013085105
97 123 31 40 0.01531998
3 111 32 70 0.016681802
87 134 39 62 0.017913712
216 188 25 48 0.020774126
887 23 29 48 0.020945594
806 496 42 52 0.023420157
998 484 20 57 0.025241371
442 82 49 95 0.025856012
4 97 76 187 0.02682834
875 14 69 61 0.029086832
92 116 40 58 0.031399645
12 124 44 129 0.034999095
211 194 37 66 0.03829242
817 500 42 52 0.055401612
357 103 37 69 0.087866515
994 2 18 33 0.09160117
439 77 33 74 0.103278846
993 473 22 54 0.54513425
874 8 36 64 0.8288642
592 66 71 84 0.9459532

