40_Gymnastics_Gymnastics_40_894
32
101 509 9 10 0.010116856
66 604 9 13 0.010427811
99 507 13 20 0.011079017
52 586 9 13 0.012678373
20 596 12 20 0.0132869715
66 585 9 13 0.014341747
100 524 11 12 0.015005145
139 506 13 21 0.015402365
43 564 17 33 0.015899556
998 790 22 122 0.020615038
48 574 14 19 0.02066934
61 587 18 31 0.0210444
47 578 17 32 0.021053242
986 784 36 139 0.023465946
63 582 14 19 0.026768213
1011 703 10 61 0.027128264
65 577 10 12 0.028018296
32 500 7 10 0.034552176
50 582 13 20 0.03516853
62 575 14 17 0.045061257
59 600 20 20 0.045077436
116 513 9 12 0.046706274
102 515 17 28 0.046904415
116 520 10 12 0.048178278
31 502 11 20 0.06845632
113 516 14 19 0.10148482
33 504 8 13 0.11405648
114 511 14 19 0.124210045
135 502 17 30 0.3298922
129 506 21 21 0.39049903
97 519 19 21 0.39091328
427 183 94 163 0.9999622

