40_Gymnastics_Gymnastics_40_260
71
636 653 12 18 0.010214336
902 557 13 25 0.010776198
804 548 13 28 0.010914973
930 565 17 33 0.010919263
811 553 19 22 0.011232682
263 596 34 64 0.011425166
272 572 19 33 0.012988389
630 655 13 18 0.013109236
2 587 24 88 0.013205176
677 689 8 11 0.013297015
860 549 14 19 0.013310386
865 655 13 19 0.013318222
561 645 7 10 0.013482976
675 643 7 10 0.013785164
359 300 28 49 0.014687498
611 649 7 9 0.014912442
866 548 16 32 0.014918609
924 551 11 25 0.0151959555
961 590 9 11 0.015324067
707 660 8 10 0.016398894
641 672 7 9 0.016578121
578 671 12 20 0.016670791
489 336 28 79 0.017351858
863 557 11 13 0.018054642
672 660 13 17 0.018363014
724 690 8 11 0.018863779
855 557 11 13 0.019461466
660 657 8 12 0.019574445
926 553 15 35 0.019825537
593 675 6 9 0.02006379
672 666 13 19 0.020112446
663 644 6 10 0.020258449
271 567 51 96 0.020716267
466 346 41 114 0.020983197
550 644 7 11 0.021420788
545 604 12 18 0.021998703
630 644 7 9 0.022238202
453 484 39 66 0.022326207
847 546 17 33 0.022872282
281 573 25 48 0.02365576
282 591 25 54 0.024095856
655 628 7 10 0.030095227
675 669 8 12 0.035017364
641 646 7 10 0.03574896
371 268 30 72 0.038171507
682 630 7 10 0.038480796
687 628 8 11 0.04389977
854 554 14 19 0.049553234
639 656 8 11 0.050295647
675 663 8 11 0.051235955
913 557 17 26 0.0553716
484 354 32 80 0.064406216
581 675 6 11 0.06718552
648 628 8 11 0.075152785
1000 584 17 39 0.0832999
632 658 8 11 0.08580616
857 553 20 20 0.087434694
629 672 7 10 0.10191365
601 655 7 10 0.10562313
608 656 7 10 0.12956159
547 606 8 11 0.16729873
277 580 33 76 0.18049473
904 559 24 44 0.29734573
358 277 35 68 0.44537094
803 539 16 35 0.58762956
908 552 17 37 0.6029152
61 531 28 39 0.69073516
1001 589 23 46 0.7706873
771 536 17 38 0.82664555
200 526 25 44 0.9622983
456 209 31 62 0.9760442

