40_Gymnastics_Gymnastics_40_646
66
148 105 8 7 0.010022305
997 40 17 20 0.010064918
372 76 12 22 0.010111842
495 282 45 54 0.01143217
1017 179 6 40 0.011494228
474 50 6 9 0.011799291
7 90 17 39 0.013105479
1011 174 10 58 0.013680724
998 70 17 32 0.014543955
5 66 16 37 0.015013189
281 79 8 15 0.01502111
1015 99 8 12 0.016571172
179 85 12 11 0.01713485
962 69 13 11 0.017869882
914 83 9 9 0.018524054
1008 81 8 13 0.018619021
285 79 11 20 0.018663235
375 81 6 10 0.019064011
288 83 7 12 0.02082016
949 100 14 16 0.022869902
483 38 6 10 0.024649717
888 77 12 19 0.024735523
850 175 34 41 0.024743445
957 103 13 10 0.026485339
1012 94 12 22 0.02793697
1000 38 13 17 0.028940761
950 103 11 10 0.029086677
1005 77 11 21 0.032316882
893 70 13 16 0.032483213
889 81 8 11 0.03424051
938 79 15 15 0.03976629
849 81 7 9 0.042529047
0 80 36 62 0.04457372
1006 41 12 18 0.045128863
895 72 10 11 0.04676146
279 74 12 23 0.04830591
930 79 20 17 0.057682507
941 82 11 11 0.058407307
1007 39 9 13 0.05984663
950 101 23 16 0.06204727
1008 44 9 13 0.07069409
720 177 35 37 0.08512333
486 47 6 10 0.09071946
1001 43 9 14 0.094658986
998 87 18 35 0.10877828
275 63 12 20 0.114337005
893 76 13 18 0.11832959
174 81 22 18 0.13639437
896 79 9 12 0.13736519
278 65 8 13 0.16363242
375 66 6 9 0.20077297
998 78 13 18 0.23198189
438 52 6 8 0.24717082
934 81 11 11 0.26359266
915 295 62 71 0.50813955
772 314 46 65 0.6206231
958 65 21 19 0.6231394
841 158 37 62 0.82499415
712 169 38 49 0.8393283
547 197 43 57 0.88128954
503 306 44 58 0.890803
376 277 50 56 0.9203335
594 302 45 58 0.92087
393 148 34 53 0.9601078
121 296 47 51 0.9736336
262 254 39 56 0.97898394

