40_Gymnastics_Gymnastics_40_727
72
360 190 20 21 0.010112238
688 103 12 7 0.010202817
586 73 9 14 0.010459472
3 30 31 79 0.010686819
418 105 8 8 0.010732139
131 213 26 47 0.010945444
606 69 8 14 0.010971057
354 105 10 9 0.011391065
667 119 25 15 0.011736119
841 7 32 73 0.011771667
690 89 9 8 0.011817658
656 162 19 30 0.012620093
847 431 22 28 0.013157789
430 116 13 16 0.013201157
603 67 12 19 0.013514617
336 95 57 76 0.013759859
388 118 8 9 0.01385674
594 81 10 14 0.014713108
671 107 12 7 0.014729458
325 126 19 31 0.014754225
390 159 13 21 0.014812453
9 97 29 80 0.0148904575
390 150 19 30 0.015101432
370 105 9 9 0.015156999
632 113 22 18 0.016485948
849 404 10 9 0.01839452
348 101 22 17 0.018761067
2 170 36 158 0.018904734
664 175 14 19 0.019546082
360 185 21 20 0.019842947
585 70 12 19 0.02164449
126 221 41 60 0.023368893
404 109 8 9 0.024154818
418 131 8 11 0.026415184
336 125 9 9 0.026544388
496 74 5 8 0.027678223
339 134 9 10 0.029891685
405 130 12 18 0.032120306
398 154 9 12 0.033627976
848 33 41 64 0.03528118
393 153 9 13 0.0364255
392 152 12 19 0.039066333
679 201 23 18 0.039639838
664 160 27 35 0.043264452
591 78 13 19 0.047442
670 170 14 21 0.04889024
404 118 13 18 0.049851403
840 29 36 68 0.06038791
841 25 57 87 0.06240047
395 152 13 19 0.06419082
407 133 9 12 0.066967964
433 118 8 10 0.07285142
630 105 14 16 0.07465226
385 109 8 9 0.08040664
88 487 41 55 0.089467324
635 104 14 16 0.09094823
671 171 18 30 0.095441945
637 106 12 11 0.10514253
594 73 9 14 0.11114291
691 548 40 48 0.12099239
417 119 14 17 0.14255168
405 121 9 10 0.16094856
79 469 27 42 0.1663131
324 124 10 13 0.17168401
322 123 13 17 0.20204042
324 127 13 18 0.22838543
420 122 9 11 0.22897357
87 471 31 39 0.239168
862 430 22 30 0.31880215
219 526 38 58 0.39980307
666 174 21 20 0.40301225
591 71 13 20 0.65643513

