40_Gymnastics_Gymnastics_40_920
37
1001 207 6 7 0.0113350665
980 211 5 6 0.011362641
592 162 44 68 0.012880979
574 163 45 64 0.013083123
966 209 6 6 0.013187168
756 105 60 87 0.013298086
984 266 6 9 0.013504195
0 254 36 134 0.014331067
960 348 5 8 0.014746927
1014 346 5 15 0.01580775
969 238 5 8 0.01633796
939 347 7 10 0.01641296
1014 290 6 10 0.020580927
963 222 5 7 0.025059847
1010 270 6 10 0.025249047
1012 297 10 24 0.028035918
1014 305 9 26 0.034432404
996 225 5 7 0.036224477
995 266 6 9 0.04082858
982 222 5 6 0.042639308
1016 311 6 15 0.06483905
980 238 6 6 0.06989709
997 255 5 7 0.069897994
1010 252 6 9 0.07046448
1015 302 6 13 0.07056074
1016 237 6 9 0.07904745
1011 221 6 9 0.080630034
996 237 6 6 0.08343886
983 255 6 8 0.08807106
1011 333 6 12 0.09205018
946 346 8 10 0.36747515
488 163 55 79 0.6552644
575 145 60 89 0.887209
399 167 56 84 0.9155101
120 153 62 80 0.9188942
261 166 66 75 0.9278395
748 119 77 97 0.9820841

