40_Gymnastics_Gymnastics_40_891
32
369 68 8 11 0.013606729
354 99 6 8 0.017417014
929 369 23 32 0.01883357
648 353 22 32 0.03393715
817 330 19 33 0.073293895
826 331 21 31 0.2175997
762 330 25 39 0.3551864
695 336 28 36 0.39152324
475 386 29 37 0.4037931
669 280 28 38 0.4297514
676 394 29 38 0.4318821
873 351 27 39 0.44223863
761 408 30 39 0.4622012
840 344 23 32 0.49614304
582 322 23 33 0.50683373
520 303 27 37 0.5223247
449 304 28 34 0.5225016
604 392 30 37 0.53188604
548 378 27 39 0.53668123
739 497 29 43 0.60850334
677 487 28 44 0.69681376
380 285 26 41 0.7112744
457 474 25 40 0.736178
519 479 29 37 0.7416508
607 485 29 39 0.7650059
387 479 26 40 0.76825184
323 293 26 40 0.79516363
921 360 30 38 0.8078686
261 279 27 39 0.94628763
123 299 29 36 0.9600623
186 307 28 38 0.96979415
71 304 27 41 0.97283846

