40_Gymnastics_Gymnastics_40_492
121
82 50 9 11 0.010153739
219 17 23 42 0.010165588
426 32 20 19 0.010244105
65 19 9 12 0.010330458
544 6 21 19 0.010488746
194 46 20 33 0.0105212545
69 4 8 13 0.010956616
1011 26 8 31 0.010969868
25 46 21 20 0.01134078
542 89 21 28 0.01156107
0 7 7 33 0.011599439
168 45 19 32 0.011646741
433 67 14 19 0.011828544
100 39 9 11 0.011862764
514 31 21 18 0.012019598
81 4 10 12 0.012225833
75 40 22 18 0.012278224
62 15 13 19 0.012290102
403 70 12 12 0.012383995
13 66 13 20 0.012392915
321 63 19 30 0.01260052
469 80 25 19 0.012673933
563 0 13 20 0.012953579
67 0 18 29 0.013028262
541 50 25 19 0.013049163
519 35 23 18 0.013220202
305 14 23 20 0.013351329
399 24 22 19 0.01361944
93 4 13 19 0.013972558
462 73 24 38 0.014096187
109 18 21 20 0.014155493
315 7 24 20 0.014160839
430 53 21 19 0.014649165
546 19 19 29 0.014662758
474 71 19 29 0.014734981
36 10 19 30 0.015058278
524 17 22 19 0.015321245
442 104 29 35 0.015877219
459 0 14 17 0.016022569
218 0 26 16 0.016285885
445 64 13 20 0.016409466
328 114 26 43 0.016657257
283 0 21 18 0.01732798
361 0 23 18 0.017445518
566 116 36 54 0.018093353
430 82 11 15 0.018700128
394 113 20 21 0.019102536
161 21 21 19 0.019180398
476 50 22 19 0.019243976
444 54 14 19 0.019424584
263 1 17 32 0.019949358
5 82 12 21 0.019985998
508 55 25 19 0.020221004
963 0 36 62 0.020762669
79 46 14 19 0.021250932
302 50 23 19 0.022051567
413 25 18 31 0.022415325
173 17 14 22 0.022619326
450 63 18 32 0.023741007
216 20 21 22 0.02468228
233 32 19 22 0.027384996
568 5 20 21 0.028179457
79 1 13 19 0.02852597
420 81 19 30 0.03041285
94 35 21 19 0.031289306
208 20 23 21 0.031816363
253 5 20 21 0.031838477
66 1 12 21 0.032363873
377 77 21 21 0.032973494
408 30 21 20 0.03330655
426 49 18 32 0.03508623
303 68 25 41 0.035692647
392 63 19 31 0.03582457
410 0 23 11 0.03602112
333 1 25 19 0.0374051
417 0 17 20 0.038504712
537 14 23 19 0.04091057
401 16 18 31 0.041060507
481 66 21 22 0.04253101
385 74 20 29 0.043554593
1 3 7 15 0.044787575
1006 19 14 45 0.046780508
38 3 13 23 0.04716087
537 82 24 18 0.0478694
401 28 21 20 0.048315108
383 70 20 20 0.051521126
486 68 24 21 0.051650256
315 74 19 30 0.06012771
398 68 21 19 0.06261156
495 2 14 19 0.06985078
303 1 18 32 0.0707098
301 56 20 33 0.07089584
45 3 13 23 0.07126156
421 80 14 19 0.08555295
0 0 9 24 0.091255926
225 21 18 32 0.11705037
412 0 22 16 0.13242966
1008 246 14 43 0.13531163
424 79 19 22 0.14545329
169 17 18 33 0.16203508
445 110 21 21 0.17349923
313 6 18 32 0.18520734
270 19 20 22 0.19243981
587 78 23 30 0.24645522
465 81 22 21 0.2532256
335 0 18 33 0.25456893
449 0 21 19 0.26292673
348 0 19 24 0.2657746
39 1 19 29 0.27370226
364 75 20 28 0.279324
307 7 18 33 0.30136538
382 0 18 25 0.31669945
511 56 20 30 0.3291193
555 128 36 55 0.35399368
488 63 18 32 0.3699646
267 9 18 33 0.44317126
208 16 19 35 0.45397085
552 46 20 31 0.4887815
473 149 33 52 0.67531675
359 146 32 60 0.6830419
653 125 41 51 0.7307524

