41_Swimming_Swimmer_41_380
123
907 148 14 16 0.010109195
774 32 6 10 0.010180195
502 204 12 22 0.010298741
453 266 39 59 0.010379744
412 260 13 16 0.010391668
771 49 5 12 0.010536914
480 253 21 30 0.010612968
458 274 28 42 0.010961101
738 131 7 11 0.0110237505
551 130 11 20 0.011031759
729 142 8 12 0.011607484
498 267 21 18 0.011762939
851 189 43 51 0.012190102
605 253 19 32 0.01232715
580 158 18 32 0.012337529
761 84 5 12 0.0124540925
572 108 12 19 0.012529148
571 202 20 20 0.012634404
484 203 12 20 0.012732847
482 286 20 32 0.0130970515
821 164 8 11 0.013150267
421 356 20 36 0.013623668
808 155 19 32 0.013940377
561 139 13 25 0.014223289
584 245 19 34 0.014410591
768 85 5 12 0.014487776
839 189 24 19 0.014545651
398 268 17 31 0.014651093
409 265 8 10 0.014674738
326 515 7 14 0.014676875
736 126 12 22 0.014802477
596 150 7 10 0.01500726
563 127 7 12 0.0154552
512 142 6 10 0.015586712
489 297 22 20 0.015671393
560 218 24 47 0.016102927
837 141 12 21 0.016481202
586 196 21 19 0.016493876
487 199 6 9 0.016695965
580 227 18 37 0.016948534
643 251 26 43 0.017278772
594 138 39 57 0.017514471
857 195 32 36 0.01782478
712 9 6 10 0.018245349
504 190 11 21 0.018247938
600 145 28 42 0.01838204
494 260 14 18 0.018610576
562 206 13 20 0.019976035
605 127 13 22 0.020093858
477 222 17 30 0.020511696
468 227 10 14 0.021235934
761 67 6 11 0.021751078
599 256 21 21 0.02225175
596 130 8 12 0.02272643
745 116 6 11 0.02296427
394 292 8 11 0.023665195
573 103 9 13 0.023812588
840 144 7 12 0.02429378
385 379 10 21 0.024432875
606 104 9 12 0.024587395
561 223 17 35 0.024741247
486 206 8 11 0.025245875
578 125 18 32 0.025410227
403 303 8 10 0.025633188
903 150 9 10 0.025658747
504 182 6 9 0.027041048
553 134 6 12 0.027430743
910 151 9 10 0.028022895
503 269 21 19 0.028233714
560 124 12 22 0.028269274
400 278 17 32 0.03021558
755 91 11 23 0.030553373
830 191 23 20 0.03057963
447 275 10 13 0.03236043
580 128 8 12 0.03346932
506 194 6 11 0.03392548
839 134 6 9 0.034876768
583 175 21 20 0.0356235
506 148 6 10 0.036199205
711 14 6 11 0.037343904
600 110 12 19 0.0374542
577 126 12 21 0.038012452
573 231 38 57 0.03900771
575 110 8 12 0.039941445
497 192 16 36 0.04056157
583 187 18 33 0.04069677
595 126 12 21 0.041105576
393 305 7 9 0.044811323
403 272 13 18 0.04492664
466 232 20 20 0.047015004
587 201 21 20 0.049093734
440 273 13 19 0.049788278
459 251 26 41 0.052743625
475 280 29 43 0.05362572
402 292 9 10 0.054000117
622 139 12 21 0.057557598
407 289 23 18 0.058236692
472 225 19 22 0.059428327
387 381 7 14 0.059708007
513 134 7 10 0.06084575
456 264 21 21 0.06696408
625 142 8 13 0.0688435
757 95 6 13 0.06971536
488 182 6 9 0.06985273
601 112 9 12 0.07075371
583 173 13 19 0.07111769
414 262 9 11 0.077657595
413 346 35 60 0.08343115
405 274 8 11 0.084315985
397 287 21 19 0.086947486
459 258 20 22 0.09868416
610 129 19 31 0.10017585
469 271 38 59 0.10991992
832 186 30 39 0.11162614
565 106 12 18 0.11653672
569 215 33 65 0.12685116
604 108 12 18 0.12969127
568 104 8 13 0.13563529
606 109 9 13 0.15887737
444 273 14 18 0.18691027
566 108 9 13 0.29908305
560 128 18 35 0.34685066
466 225 14 20 0.41487968

