41_Swimming_Swimming_41_243
56
938 114 16 40 0.010118064
411 743 53 78 0.010974038
235 635 29 39 0.011110728
474 770 47 55 0.011270244
292 58 381 272 0.011532541
783 906 45 62 0.0115559
936 109 22 53 0.01206392
113 99 82 76 0.012550179
54 89 120 107 0.012619916
452 866 56 90 0.013240864
73 98 73 85 0.013388477
757 93 31 79 0.013899228
66 668 14 22 0.013974535
632 857 47 53 0.014021579
279 637 23 17 0.014490105
561 793 44 51 0.015059318
228 597 20 19 0.016811023
97 726 44 53 0.017014578
249 639 25 18 0.01742093
747 879 85 128 0.017850779
260 607 26 17 0.018674027
258 604 14 21 0.01890959
234 593 21 18 0.022641396
115 134 87 79 0.022738542
271 635 23 18 0.022845952
560 803 54 84 0.023305906
29 646 20 30 0.02384608
639 897 57 92 0.026102696
656 872 46 58 0.026537847
418 771 40 61 0.027253656
539 790 42 56 0.0293178
589 849 57 89 0.030352566
442 893 57 92 0.03664149
764 881 49 58 0.03678864
441 906 44 62 0.03889994
559 810 47 54 0.04421359
72 679 25 19 0.06397627
524 793 61 81 0.06525932
542 806 49 54 0.07508651
904 242 41 68 0.09300908
97 117 127 120 0.111875206
237 598 21 30 0.12000574
437 755 42 54 0.13396275
235 596 21 21 0.15954867
632 862 54 90 0.17201091
627 874 50 60 0.19065684
420 750 40 56 0.22220363
505 780 42 57 0.2356671
254 641 22 31 0.32194796
255 603 23 29 0.3279778
114 730 51 55 0.3813371
66 669 20 30 0.43766397
471 755 39 53 0.49346182
757 889 59 91 0.5086003
747 223 52 86 0.58318967
910 235 50 88 0.59696364

