41_Swimming_Swimming_41_822
61
657 486 8 7 0.0100435605
688 497 15 17 0.010654018
197 737 28 18 0.011056857
614 580 23 18 0.011529943
726 526 25 17 0.011978151
606 588 23 17 0.012339046
524 384 18 20 0.013149519
737 513 11 9 0.0142633235
704 436 14 16 0.014643619
587 459 14 16 0.01467573
596 482 6 7 0.01588793
678 470 8 9 0.015997006
543 433 12 18 0.016535278
873 563 22 19 0.017257433
730 510 24 17 0.01786877
718 456 22 26 0.018490197
729 475 23 18 0.0187354
735 453 10 11 0.019080497
732 458 21 28 0.01915225
655 445 9 11 0.01945688
709 447 9 11 0.01965884
563 452 9 9 0.021680128
691 501 9 10 0.02186933
628 456 7 8 0.021990292
690 450 9 8 0.022997199
520 383 11 18 0.023513738
587 454 14 14 0.024254572
678 482 8 9 0.024950512
729 449 20 19 0.026727397
625 480 7 8 0.026974523
691 485 9 9 0.027117273
728 461 22 19 0.028731843
616 480 7 8 0.029144906
582 458 14 16 0.032169677
726 439 9 9 0.032376204
735 437 9 10 0.03413874
582 454 14 15 0.03849908
616 469 8 8 0.038894895
546 449 7 10 0.04064537
561 438 10 10 0.0535747
598 597 9 10 0.05556345
654 437 9 12 0.06125674
651 435 13 17 0.06363084
692 439 9 10 0.06403079
589 456 11 11 0.064434394
707 439 9 10 0.0712671
644 441 14 16 0.07524831
645 444 10 12 0.076251455
583 457 11 10 0.082158476
521 386 8 13 0.088922225
626 465 7 9 0.09591102
590 461 9 10 0.10920129
546 437 7 11 0.13341942
723 451 10 12 0.1412756
584 461 9 10 0.15737392
644 437 10 13 0.19447097
721 448 14 18 0.31968528
529 387 8 14 0.39859143
196 733 27 35 0.47355482
642 435 15 18 0.8044153
299 692 24 46 0.96075284

