41_Swimming_Swimmer_41_831
156
593 1442 8 9 0.010043063
449 1462 8 8 0.0108659975
376 1410 9 11 0.010884597
608 1303 8 7 0.010888211
568 1430 7 9 0.011399166
584 1479 9 10 0.011497918
548 1350 7 7 0.011808612
471 1471 6 8 0.012015811
449 1428 8 9 0.012350383
437 1394 9 10 0.012394128
1 175 29 195 0.012468205
391 1352 7 7 0.012516617
485 1431 6 6 0.012611677
546 1472 8 9 0.012873299
470 1447 7 8 0.013184954
551 1330 8 8 0.013295708
532 1489 6 8 0.013338
518 1492 6 7 0.013381866
417 1394 13 16 0.013382344
567 1444 6 9 0.013896385
610 1379 7 9 0.013993681
435 1425 8 10 0.014177223
451 1378 7 8 0.014244919
487 1488 6 8 0.014287876
468 1511 10 11 0.01449411
422 1460 6 8 0.0145360585
583 1319 7 6 0.014615499
551 1314 9 9 0.014832381
645 1304 12 11 0.015303171
529 1349 8 7 0.015631368
469 1396 6 7 0.015639957
584 1439 6 9 0.015833149
503 1315 8 7 0.015835764
517 1429 6 7 0.015896415
646 1347 7 7 0.016481055
406 1427 6 8 0.016707828
486 1392 6 7 0.017660893
449 1333 8 8 0.017671518
593 1427 6 9 0.01770937
529 1427 8 8 0.017762886
502 1396 6 7 0.017810803
641 1333 8 8 0.018230673
471 1493 7 9 0.018308586
983 21 41 119 0.018367372
423 1473 7 10 0.018986126
613 1409 8 9 0.01919428
502 1364 6 7 0.01947075
502 1460 5 7 0.019759338
560 1314 8 8 0.019876268
487 1462 5 7 0.020245798
563 1394 6 7 0.02040298
597 1364 6 7 0.0205943
436 1331 9 8 0.02070635
402 1393 8 9 0.020723416
612 1334 6 6 0.020944871
519 1446 6 7 0.02116282
610 1364 7 8 0.021276675
376 1328 10 12 0.02137547
567 1351 7 7 0.021419398
484 1332 7 7 0.02171093
433 1375 8 9 0.02191499
625 1316 8 8 0.022525793
436 1447 7 9 0.02308264
519 1473 6 6 0.023221
594 1385 8 8 0.023350803
579 1379 7 7 0.023371838
374 1323 13 18 0.024279017
534 1476 6 7 0.024437455
384 1330 8 9 0.02455961
421 1496 8 11 0.024718383
377 1377 8 11 0.025071599
487 1476 5 7 0.025354909
423 1425 7 9 0.025592167
500 1446 5 6 0.026024915
530 1366 7 6 0.026455007
405 1331 7 7 0.027989835
563 1331 7 7 0.028126111
483 1347 6 7 0.028459935
487 1413 6 7 0.02870634
375 1314 9 13 0.028716067
485 1444 6 7 0.029129859
503 1411 6 6 0.029750077
466 1413 8 10 0.030359427
595 1410 7 8 0.031231124
517 1351 6 8 0.031457715
561 1379 7 8 0.03152379
550 1398 8 8 0.03175616
514 1411 6 7 0.031790286
452 1470 8 9 0.032073244
451 1345 8 8 0.032532126
498 1350 6 8 0.032637037
373 1313 13 19 0.032735653
528 1305 11 8 0.032886557
457 1312 23 16 0.03358994
450 1444 7 9 0.03390451
470 1351 7 7 0.034017846
628 1360 8 9 0.03455492
420 1377 8 9 0.03529433
516 1365 6 7 0.03623554
579 1362 6 7 0.03666546
501 1477 5 7 0.037004452
402 1460 6 9 0.03827094
529 1333 9 8 0.039408103
471 1460 6 8 0.03981026
438 1456 7 9 0.03985671
529 1397 7 8 0.039872605
470 1364 7 8 0.03990259
486 1314 7 8 0.04002034
579 1432 7 9 0.04010989
404 1443 6 9 0.0403165
406 1379 8 9 0.04042358
548 1409 9 8 0.041975122
432 1315 10 8 0.04200634
504 1429 6 8 0.042396154
423 1363 8 8 0.042571366
384 1376 7 10 0.042649906
450 1367 8 8 0.043032166
517 1461 5 7 0.043222856
610 1314 8 8 0.044170257
579 1350 6 7 0.045048863
512 1330 7 9 0.045391634
388 1362 7 8 0.046314675
519 1377 6 6 0.046451848
626 1334 8 7 0.046545934
613 1348 7 8 0.047171406
600 1314 6 7 0.047524232
432 1471 8 11 0.047563802
417 1444 7 9 0.048029803
560 1363 7 8 0.049514845
595 1347 6 7 0.05093408
465 1314 11 10 0.05219169
488 1383 6 7 0.05362017
418 1333 8 9 0.053693336
520 1398 6 7 0.05377802
486 1365 5 8 0.054550454
552 1369 8 8 0.058128394
505 1331 7 10 0.058941618
404 1347 7 7 0.06123692
419 1397 9 10 0.06147379
594 1390 8 9 0.06308287
551 1462 8 10 0.06368379
595 1332 7 7 0.06399245
433 1364 8 8 0.064543076
582 1334 7 8 0.06467281
402 1364 7 8 0.06525638
529 1309 10 10 0.06621515
551 1374 7 8 0.07491532
416 1348 8 9 0.08090421
501 1380 6 7 0.0813926
436 1351 9 8 0.08257282
532 1380 7 7 0.0896563
515 1312 8 8 0.106784634
291 1377 12 21 0.107242465
423 1317 8 9 0.12303611
831 49 51 48 0.16082378
489 147 134 239 0.9934307

