41_Swimming_Swimmer_41_607
56
0 247 8 33 0.010058292
854 104 6 8 0.010673553
101 57 6 9 0.010913425
966 42 6 6 0.011013696
902 64 12 19 0.011247244
870 86 7 9 0.012963949
1012 121 7 10 0.013358095
137 38 5 7 0.013368418
743 90 5 10 0.013430517
849 71 7 8 0.013512157
959 119 9 12 0.013954943
839 106 6 8 0.013966634
952 107 8 9 0.014400578
976 93 9 10 0.014954102
731 71 4 9 0.015122261
982 38 6 7 0.015293704
949 72 7 7 0.015302064
964 73 7 7 0.015497805
743 98 5 12 0.015834203
53 88 6 10 0.016084436
515 208 30 14 0.016331172
978 57 6 8 0.01656728
538 207 28 15 0.017059855
929 73 7 8 0.017132828
900 86 7 10 0.017308641
825 87 5 8 0.02158997
852 87 7 8 0.023377357
227 101 12 18 0.025984034
956 116 13 19 0.02626397
848 56 7 8 0.026700074
826 71 6 8 0.027151251
913 71 7 10 0.027213562
881 87 7 10 0.030140692
960 103 19 30 0.030273592
213 115 6 10 0.030826181
1 246 8 15 0.032664854
952 119 8 12 0.032989696
666 67 6 9 0.035871368
835 70 6 8 0.03607394
0 244 9 22 0.039910246
837 88 5 7 0.040129893
951 116 12 21 0.040297255
676 61 5 8 0.04762735
741 67 5 9 0.05002798
882 71 6 9 0.053042423
426 108 69 121 0.060574368
904 67 7 11 0.08663537
973 95 13 16 0.09266857
966 97 13 17 0.104972094
229 103 8 13 0.12009973
967 99 10 12 0.15243958
976 97 10 12 0.15760401
676 67 5 9 0.19434112
836 54 6 8 0.24183464
742 58 6 9 0.37930602
411 93 87 178 0.96887827

