35_Basketball_basketballgame_ball_35_389
253
357 625 6 10 0.010076413
23 625 8 10 0.01012308
129 530 6 10 0.010125191
131 610 6 9 0.010186553
198 575 11 20 0.010247258
587 46 32 65 0.0103697665
115 621 7 10 0.010417483
150 536 5 9 0.010534224
487 608 7 14 0.0106291585
759 599 7 13 0.01063327
879 462 21 19 0.010648471
95 621 8 12 0.010908057
548 547 7 12 0.010908057
323 618 9 14 0.011077006
352 563 5 10 0.011142869
930 393 6 8 0.011176044
310 611 7 11 0.011324955
39 564 5 8 0.01141519
537 625 7 11 0.011503013
753 573 7 16 0.0115583455
407 562 5 9 0.011777582
676 594 12 18 0.012028543
99 592 5 9 0.0120432
672 92 12 20 0.012054501
572 570 12 18 0.012068416
20 593 12 17 0.01208976
468 609 7 11 0.012116693
677 607 12 19 0.012211077
559 611 13 17 0.01236488
0 605 11 19 0.012402531
484 559 11 20 0.012532557
88 593 6 10 0.012791381
703 591 11 22 0.012795969
674 573 12 19 0.013125217
726 621 7 12 0.013152576
743 572 11 22 0.01326979
4 560 6 11 0.0133392485
725 235 11 25 0.013482291
498 608 7 13 0.013525314
569 566 7 12 0.013562354
759 609 7 14 0.013597772
113 531 6 9 0.013639234
374 562 6 9 0.013695138
515 545 7 14 0.014141958
466 594 7 11 0.0144133875
773 562 7 12 0.014435026
706 594 7 15 0.014476309
405 595 5 7 0.014515628
737 610 6 12 0.014693876
49 608 8 11 0.014747268
546 610 12 17 0.014924721
685 619 11 18 0.014956637
263 576 7 11 0.015221072
192 623 7 11 0.015255189
467 575 11 20 0.015413663
947 417 6 9 0.015464104
703 625 12 15 0.015747113
402 625 6 9 0.01595415
526 562 11 20 0.01608479
164 549 5 7 0.016110362
904 415 8 10 0.016371137
403 546 5 10 0.016458817
376 625 6 10 0.016505312
905 408 7 9 0.016551344
262 563 6 11 0.016863853
98 613 6 10 0.017083557
252 623 18 17 0.017227802
230 554 11 21 0.017346948
227 533 6 11 0.017635003
679 610 8 13 0.017658586
577 623 13 17 0.017858805
911 415 8 10 0.01837937
899 431 13 17 0.018520994
677 576 8 13 0.018687576
371 581 5 9 0.018800186
679 619 13 19 0.018846016
546 591 8 12 0.019548975
40 579 5 9 0.019561006
291 622 8 13 0.019707955
418 562 6 9 0.019720294
132 546 5 9 0.0199233
277 609 7 11 0.020291803
240 555 7 16 0.020381304
994 402 6 9 0.02048256
131 515 6 12 0.020604659
434 593 6 10 0.020710034
912 402 12 16 0.020945728
418 549 5 9 0.02097143
757 605 11 23 0.021438537
424 581 5 8 0.021525228
160 609 7 10 0.021604212
240 620 12 18 0.02197184
728 597 7 13 0.02251608
106 529 6 9 0.022688154
28 593 12 17 0.023137407
9 598 6 9 0.023552474
678 597 8 12 0.023560248
452 591 6 10 0.023659764
575 572 8 14 0.023762513
1016 389 5 10 0.024001047
441 548 6 10 0.024156075
547 576 7 11 0.024223898
345 607 8 12 0.024293622
70 550 5 8 0.02471318
664 593 8 13 0.024851786
749 570 12 22 0.025345206
231 546 6 12 0.025447227
202 545 5 9 0.025474256
389 582 5 10 0.02555123
681 622 9 13 0.025632862
524 569 12 20 0.02594464
543 562 11 19 0.025954101
470 549 6 10 0.025962126
452 547 5 9 0.026009332
662 591 12 18 0.026152886
375 595 5 8 0.026207196
484 548 6 11 0.026235333
159 625 7 12 0.026518857
84 550 5 8 0.026562445
218 609 7 13 0.026590437
118 592 6 9 0.026788214
358 580 5 10 0.026816119
388 562 5 8 0.027217252
643 576 12 21 0.027244637
153 611 7 9 0.027586363
307 626 7 12 0.027683409
622 586 16 28 0.02776071
30 626 12 14 0.027832622
194 610 7 12 0.027924731
424 595 5 9 0.028140498
687 621 8 13 0.02817291
211 530 6 10 0.028260881
528 571 7 16 0.028602203
282 595 6 10 0.030771738
727 609 6 12 0.03130027
562 612 8 11 0.031594913
520 574 8 15 0.031876642
965 580 32 60 0.03223092
406 612 6 8 0.032467615
528 564 7 13 0.03255001
392 625 5 8 0.033216693
263 600 7 10 0.033221178
565 592 12 17 0.033427063
343 574 6 11 0.034121398
487 575 6 11 0.03462354
392 545 6 11 0.0350467
105 549 6 10 0.0350528
239 547 8 14 0.035099033
962 416 6 9 0.036078494
182 610 6 10 0.036395155
39 609 7 10 0.03720666
22 565 6 9 0.03741742
451 580 5 10 0.037621643
358 597 6 10 0.038958527
83 562 5 8 0.03937373
210 547 6 9 0.039690405
716 231 18 35 0.039821487
237 545 11 22 0.039930057
70 562 5 8 0.041453518
151 621 11 18 0.041874748
318 593 7 12 0.042726565
237 551 11 22 0.042864744
286 606 12 20 0.043136872
376 610 5 9 0.04370715
208 579 7 12 0.043794703
499 580 11 18 0.043924674
232 559 6 13 0.045133356
321 577 6 11 0.04560168
568 574 8 12 0.045972735
183 625 7 11 0.047357857
441 562 5 8 0.04807252
148 545 6 9 0.049113672
180 548 5 8 0.049164213
608 594 12 17 0.049686603
901 433 9 12 0.050652027
390 609 5 8 0.052369993
581 626 8 12 0.054353748
449 562 6 9 0.055733524
501 587 7 13 0.05626689
181 582 5 8 0.05634154
545 565 8 13 0.056498878
196 591 6 10 0.056545705
180 563 5 8 0.056587297
85 616 8 12 0.057728488
294 580 6 9 0.05785474
706 627 8 13 0.058942128
513 627 7 12 0.059337825
519 571 11 21 0.059419867
470 564 6 9 0.059587758
214 563 6 9 0.05962262
114 613 7 11 0.06045779
548 613 8 11 0.062469132
115 565 5 8 0.06317893
967 387 6 10 0.06480302
200 567 5 7 0.065280735
52 565 5 8 0.065612465
389 596 5 7 0.065886185
486 562 7 13 0.06733664
150 581 6 8 0.06927877
262 607 8 12 0.07299969
164 581 5 8 0.07520964
608 597 8 13 0.07566721
147 565 5 8 0.075777024
313 576 6 11 0.07654192
242 622 8 12 0.07854342
289 609 8 13 0.07919972
18 582 6 9 0.079951756
543 627 13 13 0.08689802
113 549 6 11 0.0870546
566 595 9 12 0.088353604
324 565 6 11 0.0889361
32 629 9 11 0.09052481
290 593 7 11 0.09097622
99 579 6 10 0.09140602
1014 399 5 10 0.09286473
166 565 5 9 0.09391906
306 560 5 11 0.097758844
435 580 6 9 0.09825134
470 579 7 12 0.10150933
352 605 6 11 0.10194901
135 566 6 9 0.1120946
101 564 5 9 0.112129666
417 612 6 10 0.11299196
200 580 6 11 0.11397266
500 582 8 15 0.11749308
344 564 6 11 0.120941825
966 400 6 8 0.123557426
114 576 6 10 0.123964846
2 608 6 11 0.12559012
982 400 7 9 0.1283729
314 594 6 12 0.12976658
54 577 6 11 0.13470317
184 594 6 9 0.13971044
23 596 7 11 0.14353639
932 400 6 9 0.14648752
154 591 6 10 0.14984243
89 579 6 12 0.1575489
160 592 6 9 0.16409007
136 584 6 10 0.16584763
545 629 9 11 0.16634806
914 405 9 10 0.16805398
136 589 6 9 0.17533
152 624 8 12 0.18164341
64 579 6 11 0.24609151
86 619 8 14 0.24679545
30 594 8 12 0.27356395
17 612 9 13 0.28123072
320 612 12 18 0.28430972
223 610 8 14 0.30142134
564 619 14 17 0.3094691
257 625 9 14 0.31169426
626 589 14 21 0.50363564
507 223 31 59 0.91660166

