35_Basketball_Basketball_35_449
342
709 456 5 7 0.010000763
280 484 6 6 0.010116062
867 465 6 7 0.010208168
72 419 7 10 0.010532088
325 450 7 6 0.010612909
335 118 17 34 0.010623784
886 421 11 17 0.010806657
433 421 6 8 0.0109860515
435 402 6 8 0.011016615
596 425 4 6 0.011264756
737 416 7 8 0.011313684
181 376 5 6 0.011359411
564 472 6 6 0.0115472535
134 377 5 6 0.011572628
786 444 5 6 0.01172912
307 437 6 6 0.011797256
371 500 5 6 0.011806326
824 454 5 5 0.011873092
659 439 6 7 0.0119006485
690 452 6 7 0.011915684
358 437 7 6 0.011918869
679 434 6 8 0.011936352
580 502 6 5 0.012018533
457 500 5 6 0.012163041
404 501 5 5 0.01229969
355 500 7 5 0.012339947
48 465 7 8 0.012599522
681 358 9 10 0.012774748
687 384 7 9 0.012943688
339 123 12 25 0.013547663
262 376 5 6 0.013651357
55 440 8 8 0.013778092
244 465 6 6 0.013826006
998 484 5 7 0.013985775
134 465 5 6 0.014017439
631 441 5 6 0.014119526
856 391 11 16 0.0142908245
722 499 5 6 0.014295568
20 435 7 7 0.014384208
227 504 7 8 0.014425016
938 465 6 8 0.014549827
85 371 6 6 0.01462324
676 380 12 17 0.01469168
503 470 5 6 0.014722941
385 421 6 6 0.014960381
470 455 5 6 0.015144213
861 393 9 12 0.015495797
803 497 6 6 0.015558826
386 406 5 7 0.015660759
564 485 5 5 0.015716804
409 424 6 7 0.01572695
564 500 6 6 0.016135816
53 372 5 6 0.01628956
452 468 5 6 0.016411597
83 465 6 7 0.016489876
69 373 6 6 0.016981758
850 434 11 18 0.01737547
684 367 12 18 0.017925931
422 406 6 7 0.01825541
433 434 6 8 0.01827982
727 471 6 6 0.018658115
33 437 7 7 0.018852586
963 434 13 15 0.018891465
581 485 5 5 0.01911121
68 388 5 7 0.019523961
693 406 7 8 0.01966407
306 389 7 7 0.019778937
550 453 5 7 0.019900486
149 376 4 5 0.020082776
338 451 7 7 0.02012799
245 389 5 5 0.02019614
994 435 7 8 0.020414136
23 375 5 6 0.02051129
663 500 5 6 0.020527294
49 486 7 7 0.021232666
324 437 7 6 0.021271357
551 419 5 7 0.021468448
215 391 5 5 0.021497888
390 498 6 6 0.021714415
838 443 6 7 0.022092054
310 488 7 5 0.022126557
322 407 6 7 0.023508042
5 467 6 10 0.024275294
167 482 6 7 0.024499128
531 503 5 5 0.024574036
458 484 5 6 0.02461017
66 448 7 9 0.024807064
323 418 7 6 0.025313728
582 423 5 6 0.02534893
38 486 7 9 0.02610341
423 499 5 5 0.026148349
498 451 6 7 0.026250506
488 440 6 9 0.026809312
890 449 6 10 0.026810227
101 421 6 7 0.027458044
149 464 6 7 0.027576938
293 404 5 7 0.027987802
406 435 6 6 0.028653068
228 407 5 5 0.028763277
992 452 7 7 0.028906398
83 450 7 8 0.028943522
357 486 6 5 0.029355474
322 388 6 8 0.029668203
802 455 5 5 0.029892256
308 419 7 6 0.030742716
64 435 7 10 0.030762674
35 374 5 6 0.030853033
773 498 5 6 0.031445846
405 453 6 6 0.031775143
276 403 5 5 0.032127347
419 434 6 7 0.032270465
678 373 13 16 0.03266803
387 437 6 5 0.033101335
436 499 5 6 0.033105914
990 417 9 8 0.03310982
564 432 6 7 0.033488724
263 466 6 6 0.033525977
979 437 6 7 0.03390478
694 500 5 6 0.03416215
5 388 5 7 0.034325838
291 485 6 6 0.034636356
727 484 5 6 0.034792025
105 463 6 8 0.035313096
980 410 14 15 0.03546875
328 480 7 6 0.035945885
1017 462 6 10 0.036067072
213 406 5 5 0.036082618
274 391 6 6 0.036110364
215 436 4 5 0.036896415
232 391 4 5 0.037197273
329 472 9 7 0.037683636
33 419 7 7 0.037896965
583 453 5 6 0.03791797
289 466 6 6 0.038482986
686 371 9 11 0.03850846
418 423 6 7 0.038710743
263 390 5 7 0.0388147
79 410 13 17 0.038846917
197 389 5 4 0.039008502
761 457 6 6 0.04030938
37 390 5 5 0.04055162
106 386 5 7 0.04176303
898 435 7 10 0.04203489
54 391 6 6 0.042058192
135 388 4 5 0.04210314
371 484 6 6 0.042436775
247 406 5 5 0.042652644
181 388 5 5 0.043197334
514 457 6 7 0.04329456
356 453 9 7 0.0435163
261 404 5 5 0.04355476
674 454 6 7 0.043593105
505 486 5 6 0.044124134
214 467 6 5 0.044551816
468 500 5 6 0.045107983
582 468 5 5 0.045474913
2 448 7 9 0.045644764
933 449 7 8 0.045753077
22 391 5 6 0.04602131
306 406 7 7 0.046477128
1016 422 7 9 0.046841625
601 484 5 6 0.047028262
550 436 5 7 0.047376953
963 462 7 8 0.047809504
4 405 6 8 0.04858242
790 482 5 5 0.048591014
340 499 6 7 0.04920702
119 421 5 6 0.04929831
181 406 4 5 0.0499893
167 405 4 5 0.05029536
550 469 4 6 0.050373122
834 483 5 6 0.050517224
82 409 8 10 0.050666302
166 437 4 5 0.050993405
197 405 4 5 0.051097345
707 469 5 6 0.051744204
690 472 7 7 0.051931433
907 414 12 17 0.052074697
23 455 7 8 0.05234625
405 481 6 6 0.052862607
611 437 5 6 0.052911572
581 435 5 6 0.052997794
435 469 6 6 0.053136952
690 418 7 8 0.053163826
487 499 5 7 0.053442463
196 437 4 4 0.053713113
245 437 5 5 0.053715307
549 483 5 7 0.053903814
517 498 6 7 0.05443611
563 453 6 7 0.054480713
680 421 6 7 0.054876324
436 483 5 6 0.054986726
824 483 5 6 0.055180132
686 357 9 10 0.055740047
483 483 6 6 0.05658614
149 389 4 5 0.057096407
183 420 4 5 0.05753391
133 406 5 5 0.057800885
197 421 4 4 0.05925401
389 486 6 5 0.059532855
804 484 6 5 0.061054252
709 495 6 6 0.061066356
373 433 6 7 0.061474696
36 454 7 7 0.0615695
675 400 7 9 0.06210036
883 468 6 8 0.062514305
292 436 5 6 0.063786164
549 499 5 6 0.06469191
132 422 5 5 0.06476614
420 485 5 6 0.064913005
824 470 5 6 0.065233976
165 422 4 5 0.065263435
179 481 6 7 0.06589298
597 436 5 6 0.06663811
115 405 5 6 0.06678498
660 483 5 5 0.0670236
679 466 5 7 0.06717348
214 421 4 4 0.06763722
371 468 6 6 0.06893509
289 452 6 7 0.07067958
245 423 5 4 0.07096064
388 454 8 6 0.07321838
691 483 6 6 0.0744559
947 464 7 8 0.07498013
164 390 5 5 0.0755158
680 375 9 12 0.07571377
262 423 5 4 0.076041386
115 387 4 5 0.07609432
231 438 4 5 0.07623146
149 423 5 5 0.077605404
433 453 7 9 0.078184895
196 468 5 5 0.078250386
277 424 5 5 0.07936276
149 436 5 5 0.07977064
469 482 5 6 0.079909675
229 420 4 5 0.080119565
134 452 5 6 0.08047751
338 479 6 6 0.08076673
3 434 7 9 0.081131004
148 406 4 5 0.08185569
680 483 6 6 0.08212367
600 455 4 5 0.08220338
418 455 6 7 0.0827051
915 447 8 10 0.08272138
863 452 7 10 0.083751515
888 430 7 11 0.0839883
968 419 7 7 0.08595036
54 402 6 8 0.08726014
468 471 5 7 0.08821817
499 498 6 7 0.08824002
647 482 4 5 0.08906864
35 403 5 6 0.08915233
104 404 6 8 0.089775
22 402 6 6 0.090166405
485 470 6 7 0.091848284
374 424 6 7 0.09199018
180 439 5 5 0.09255069
631 469 4 5 0.093402624
356 466 9 7 0.09413827
598 468 4 5 0.095166616
133 435 5 6 0.09524145
279 469 6 6 0.09651453
117 464 6 8 0.09698432
658 470 6 6 0.09861368
21 420 7 8 0.09958002
388 468 8 6 0.09959943
904 414 11 17 0.10031358
838 466 5 7 0.10040805
213 455 5 5 0.10058559
370 452 6 6 0.10059269
915 435 7 10 0.10135044
614 483 5 5 0.10368631
290 421 6 6 0.10471772
615 468 5 5 0.10543421
244 452 6 7 0.10567021
611 455 5 5 0.1060899
645 470 5 6 0.10741188
5 419 7 8 0.10755311
229 455 6 5 0.10781131
195 455 6 6 0.108323395
101 434 6 8 0.10947929
904 462 7 11 0.11032931
419 468 6 6 0.11252366
771 455 6 7 0.1135825
513 465 6 8 0.11360737
514 483 5 7 0.1154929
629 482 4 5 0.119146995
788 470 6 6 0.121317774
106 455 6 9 0.12247759
853 463 6 7 0.12487738
662 454 6 7 0.12604736
51 449 8 9 0.12892625
277 453 6 6 0.12937953
888 423 8 11 0.12939008
708 488 6 6 0.1301369
291 390 7 8 0.13551387
228 463 6 7 0.1361667
181 453 5 5 0.13792525
408 472 6 6 0.13926089
180 470 5 5 0.14278793
979 406 15 14 0.14397742
678 383 8 10 0.14405337
115 437 6 7 0.14569037
261 435 5 5 0.15030594
278 435 4 5 0.1534321
114 455 6 7 0.15557866
773 481 6 5 0.15896428
899 453 7 10 0.15959637
487 448 6 8 0.16588093
166 470 6 6 0.16768673
1016 455 6 9 0.18294819
491 248 23 20 0.19143116
741 479 6 6 0.1987103
856 450 6 10 0.20048724
167 453 5 7 0.20710641
861 396 9 13 0.21010207
564 423 7 9 0.22418652
910 416 8 12 0.22862363
629 455 5 6 0.22953789
951 454 7 8 0.23218012
261 455 6 7 0.23345129
761 478 5 6 0.25119433
82 412 9 12 0.25473815
742 473 5 6 0.26029268
804 470 6 6 0.26188368
336 472 8 8 0.26334327
772 469 6 6 0.27070203
982 412 9 11 0.27105105
646 455 5 6 0.2725104
494 242 16 32 0.2800914
146 453 6 8 0.28138012
933 438 8 9 0.29014343
960 455 7 8 0.30279773
759 472 6 6 0.3384966
852 439 7 11 0.36305574
966 438 8 9 0.39993608
981 408 11 11 0.44204813
983 452 8 9 0.45574477
905 415 8 13 0.48141178
857 396 8 13 0.52076787
837 449 6 8 0.6107235
784 448 7 7 0.6859074

