35_Basketball_Basketball_35_579
40
215 430 4 6 0.0100614885
388 160 6 6 0.010378867
217 414 5 6 0.010463753
517 86 19 35 0.010514153
373 160 5 6 0.010734758
419 316 6 6 0.010890682
104 605 7 10 0.011246299
361 161 5 6 0.011661965
328 640 5 7 0.011887182
15 639 45 105 0.012794915
231 427 5 6 0.013018308
68 589 34 52 0.01360504
452 301 6 6 0.014700774
206 219 14 21 0.014902835
179 426 5 6 0.015029664
453 156 6 6 0.015609644
683 203 29 39 0.015847562
456 128 6 8 0.016861435
190 185 25 16 0.017782614
201 191 18 32 0.018083297
496 101 36 60 0.018420985
24 659 44 60 0.018618692
700 246 33 37 0.022820089
466 124 6 8 0.023270547
695 239 43 52 0.03149016
199 184 26 17 0.034314673
860 149 40 56 0.046078235
456 139 6 8 0.047633104
87 103 23 20 0.049386192
477 569 18 26 0.0798803
89 100 18 30 0.09628396
82 98 19 33 0.53713626
203 212 21 30 0.5672036
413 340 21 31 0.6593899
77 598 21 32 0.6618632
481 567 18 32 0.76072747
902 91 43 67 0.8359701
490 105 27 46 0.85859984
736 293 39 60 0.861062
268 527 19 34 0.9199552

