35_Basketball_basketballgame_ball_35_689
469
560 13 7 12 0.01003657
326 85 8 11 0.010060135
162 40 9 10 0.010106274
998 232 8 7 0.0101515595
965 45 10 11 0.010166615
38 52 8 10 0.010170958
963 101 9 13 0.0101823425
829 59 13 16 0.010204492
302 65 8 12 0.010229142
853 158 9 12 0.010568808
0 81 9 19 0.010585795
600 35 8 12 0.010649174
342 17 8 11 0.010738764
49 115 9 11 0.010750365
529 132 8 10 0.010811726
899 95 13 18 0.010863447
1011 71 8 11 0.0109175015
890 54 5 8 0.0109330015
161 98 9 11 0.010962503
209 65 9 11 0.01116701
656 77 10 12 0.011182122
83 15 12 16 0.011249874
1014 45 10 19 0.011287734
400 51 8 10 0.011294925
609 144 9 11 0.011333138
515 131 13 16 0.011372549
600 145 9 12 0.011388833
949 135 9 13 0.011410817
161 15 8 10 0.011436395
114 6 8 7 0.0114623
0 144 9 21 0.011499343
957 275 13 15 0.011516517
1012 22 7 10 0.011522001
24 145 9 14 0.0116358455
611 48 10 11 0.011778804
822 97 9 11 0.011846995
870 203 10 13 0.011891938
997 131 9 13 0.011947637
733 141 9 13 0.012015918
0 125 10 18 0.0120527465
687 584 18 33 0.012174619
198 56 9 10 0.012216536
726 291 6 10 0.0123370355
943 51 9 10 0.012382135
192 19 8 10 0.0124771325
485 50 12 16 0.012497547
629 203 10 14 0.012639092
399 32 8 10 0.01264923
993 48 9 9 0.012691164
80 100 13 15 0.012842408
258 115 8 11 0.012886135
789 155 12 19 0.012918041
838 140 10 13 0.012931364
772 80 8 9 0.012976963
736 64 8 9 0.0130763715
802 204 8 13 0.013249129
1017 335 6 12 0.013294644
608 32 12 17 0.013378881
146 34 8 9 0.0134493
392 31 8 10 0.01347569
883 99 8 9 0.013540859
243 56 10 12 0.013735866
190 150 8 11 0.013848592
183 150 12 16 0.013871146
640 245 9 13 0.013883291
929 47 9 10 0.013931584
959 1 9 8 0.013961912
612 10 13 17 0.0139999455
961 113 10 11 0.014035054
613 174 9 12 0.014111503
678 0 8 8 0.014147278
245 120 9 11 0.014301576
530 85 10 14 0.014412636
831 91 13 16 0.014601365
408 111 8 13 0.014735383
990 103 10 13 0.014794573
875 195 13 17 0.014851986
976 47 9 10 0.014975476
5 64 11 18 0.014996973
930 34 13 17 0.015023572
287 30 9 13 0.01503455
142 139 9 13 0.01512175
644 65 10 13 0.0151600465
521 208 10 15 0.015419651
792 227 8 13 0.015428904
545 260 9 11 0.01571656
720 36 8 11 0.015846856
660 168 11 12 0.015896535
940 207 12 17 0.016050385
336 77 9 12 0.016124867
575 115 10 13 0.01617811
934 144 10 13 0.016233737
504 143 8 13 0.016436046
177 47 8 11 0.016480584
771 182 9 13 0.016512372
208 97 10 11 0.016654681
641 145 11 12 0.016706428
965 34 13 16 0.01675195
495 91 9 14 0.016784852
655 107 10 12 0.01683413
644 96 9 13 0.016842378
73 49 8 10 0.016902216
258 66 9 13 0.016966332
368 53 8 9 0.017187145
738 0 8 7 0.017211333
888 69 6 7 0.017278755
849 85 7 9 0.01744037
770 222 8 13 0.017662391
80 112 9 11 0.017811112
341 181 11 11 0.017832745
359 65 8 10 0.0179756
462 109 9 15 0.018058382
296 7 10 12 0.018309537
487 91 10 14 0.018486414
804 148 13 19 0.01869691
902 35 7 8 0.0188915
788 189 9 12 0.019014798
595 7 8 12 0.019086223
724 186 10 13 0.019090064
850 63 8 9 0.019162672
209 37 9 10 0.019223625
515 142 12 18 0.019284999
434 29 9 11 0.019470507
990 108 9 13 0.019777657
575 174 9 13 0.019831177
525 92 10 13 0.019912004
642 191 12 18 0.020003788
721 222 10 13 0.020087231
197 1 7 11 0.02024888
451 1 7 9 0.020406615
838 88 8 10 0.020499147
984 5 8 8 0.02050221
626 30 9 12 0.020623151
658 2 9 11 0.021200053
624 109 10 12 0.02132554
900 68 6 9 0.02134227
339 0 9 10 0.02136321
759 289 7 10 0.02146089
113 48 9 10 0.021504223
1009 1 8 10 0.021652933
463 29 10 11 0.021702161
915 38 7 10 0.022005515
596 175 8 12 0.022343602
943 209 9 13 0.022353275
3 35 7 10 0.02245012
598 94 9 13 0.022467403
854 55 8 10 0.02251333
690 64 8 12 0.02258667
946 36 8 11 0.022593066
232 95 9 12 0.02269505
983 70 9 12 0.022796405
984 102 10 13 0.02308015
642 4 9 11 0.023150709
324 48 8 11 0.02320458
811 154 13 18 0.023474284
863 16 8 11 0.023578515
590 215 13 16 0.023667838
1015 79 8 12 0.023903511
301 7 10 13 0.023948388
263 99 8 11 0.023990083
195 129 8 10 0.024013061
721 99 9 11 0.024278954
239 153 9 11 0.024298556
929 14 9 10 0.024371624
143 16 13 16 0.024505002
356 81 10 11 0.024923474
471 4 9 10 0.025038457
930 172 9 12 0.025075907
494 194 9 13 0.025146553
918 79 9 10 0.025254881
917 50 7 9 0.025259184
654 46 10 12 0.025296323
351 107 10 13 0.025376864
901 98 8 12 0.025445895
977 194 9 10 0.025507694
558 193 9 14 0.025556685
613 162 8 12 0.02576655
673 149 10 12 0.025769657
628 20 8 10 0.025876136
136 79 8 11 0.026088646
66 80 8 11 0.026096806
114 33 8 9 0.026370762
470 213 9 13 0.02676443
769 31 8 10 0.02700595
927 7 10 11 0.027140612
961 81 10 11 0.027767824
766 206 12 19 0.027878448
166 112 9 12 0.028101936
557 219 11 14 0.028440006
192 157 8 11 0.028474461
130 66 8 10 0.028897068
65 98 8 11 0.028962044
554 160 9 14 0.029042095
338 164 11 12 0.029149063
528 144 9 13 0.029383844
516 145 9 13 0.029857703
833 133 11 12 0.029997306
804 91 10 12 0.030028755
54 65 8 12 0.030125272
147 1 8 8 0.030240873
773 141 11 19 0.030691907
560 126 8 12 0.030714627
647 18 8 11 0.031112544
372 4 8 9 0.031225715
278 30 9 13 0.03128013
543 70 11 13 0.03129499
709 220 10 13 0.031445492
897 52 7 8 0.03170246
665 224 10 16 0.031713895
710 1 8 11 0.031732593
420 96 8 10 0.03205587
559 212 10 14 0.03262865
705 214 10 14 0.0328474
99 19 8 9 0.0328939
386 130 9 13 0.03302136
273 164 8 12 0.03312155
974 36 10 10 0.03357577
210 159 7 9 0.034397162
595 13 8 11 0.035186797
2 148 7 14 0.03518802
4 17 7 11 0.03538135
646 40 10 11 0.03624934
1013 31 7 10 0.03714669
835 55 8 11 0.03734203
216 124 8 11 0.037484765
296 13 10 13 0.037548896
551 215 10 13 0.037552983
624 315 14 19 0.037667327
422 88 8 11 0.03773198
672 191 12 17 0.03789666
302 96 8 14 0.03797337
141 134 9 13 0.038023047
371 69 9 10 0.03806381
654 197 13 17 0.03807668
614 7 9 13 0.038170833
102 36 8 9 0.03820461
117 79 9 9 0.038276505
143 71 10 10 0.038356245
260 0 10 10 0.03845413
609 95 9 13 0.039565
677 32 9 11 0.040183198
226 124 8 11 0.040407732
935 111 10 13 0.04079114
952 277 9 11 0.041674484
680 78 10 13 0.04182623
896 131 10 13 0.042329744
129 32 8 10 0.042379208
397 188 10 15 0.04272289
544 39 9 12 0.043967027
545 77 9 13 0.044375397
621 131 10 13 0.04454075
406 0 8 8 0.045146033
674 366 14 19 0.04534157
81 80 9 10 0.045414336
3 158 7 12 0.04554766
774 144 9 13 0.045967545
311 39 9 12 0.04612296
654 202 13 17 0.046262924
769 207 8 14 0.046334874
567 175 9 14 0.046654064
564 0 8 11 0.046813935
622 66 10 14 0.046907697
2 93 6 12 0.047034845
551 219 11 14 0.047410678
124 196 11 13 0.04766617
984 142 10 14 0.047791414
687 128 10 13 0.04779162
883 84 7 8 0.048093572
271 68 9 12 0.04894194
304 165 10 12 0.049480107
997 284 11 10 0.049480982
441 81 9 14 0.049631257
614 77 11 12 0.049765207
832 61 9 12 0.0500581
770 190 9 12 0.051446762
473 144 9 15 0.051693834
82 68 8 11 0.05176296
50 46 8 10 0.051829096
967 229 9 11 0.05222624
942 111 10 14 0.052923303
770 111 9 11 0.05323497
916 69 7 10 0.053316064
158 46 9 13 0.053549614
661 173 10 14 0.053610563
933 37 8 12 0.054931473
1016 49 8 11 0.05506587
99 94 9 12 0.055114247
310 45 10 12 0.055654556
960 19 8 9 0.055742823
261 128 8 10 0.055872936
114 96 9 12 0.056461766
103 0 7 9 0.057710234
100 81 10 10 0.05801121
489 85 10 15 0.05852728
486 52 9 12 0.058578413
121 198 10 12 0.05863077
610 34 9 12 0.05886902
133 2 8 8 0.058992714
697 19 9 14 0.059039794
438 112 8 13 0.05913978
576 39 10 13 0.05936041
667 223 12 18 0.060481682
80 41 8 10 0.0611209
950 19 10 11 0.061840024
593 220 11 14 0.062757395
654 18 9 12 0.063145846
420 199 10 13 0.06373541
628 193 13 19 0.0638379
549 0 6 11 0.064600736
19 36 9 10 0.06480505
146 92 10 12 0.064828165
101 70 9 11 0.06520298
967 37 10 11 0.06546451
616 69 11 14 0.0670479
77 126 10 15 0.067648515
470 217 12 18 0.067678824
198 61 10 12 0.06813528
984 108 11 14 0.069186196
613 12 10 12 0.069196634
543 45 10 13 0.06939113
393 21 8 11 0.069478996
598 165 8 12 0.06972076
978 77 10 12 0.06991737
990 141 10 15 0.0704472
941 66 10 15 0.07079595
909 95 13 17 0.072424196
130 22 8 9 0.07258135
959 277 10 11 0.07318385
464 22 9 12 0.07395252
409 144 9 14 0.07395838
513 159 8 12 0.07413049
397 79 9 13 0.074464366
234 158 8 11 0.07483842
997 280 11 12 0.07509587
701 173 10 14 0.07518137
200 116 9 13 0.07532325
317 128 9 15 0.07577602
517 133 9 11 0.0758934
392 190 11 15 0.07653533
898 80 7 9 0.07669726
239 88 10 13 0.076738544
413 142 9 15 0.07690215
696 173 11 14 0.07786917
833 93 10 12 0.079061985
708 59 9 12 0.07991306
929 165 9 15 0.07996612
72 128 10 14 0.08011726
491 83 12 17 0.08116392
678 23 9 11 0.081256464
384 141 9 13 0.081433535
482 0 9 12 0.08192364
83 102 9 12 0.08216035
430 49 10 14 0.082656264
223 119 9 13 0.083267495
701 19 10 14 0.08359794
551 130 8 12 0.08390574
937 68 9 14 0.0841241
806 153 13 18 0.0846855
519 90 11 14 0.08550024
646 43 11 13 0.0858369
313 130 9 14 0.086327165
422 175 9 15 0.0869677
550 193 10 14 0.08806388
65 18 8 10 0.08825895
184 31 10 12 0.088617034
393 80 9 13 0.089774296
20 122 11 14 0.091634974
336 52 8 10 0.0922456
625 102 10 12 0.09288838
515 31 9 13 0.093484424
476 143 12 16 0.094491005
581 191 12 18 0.09458595
552 12 8 12 0.09492643
998 22 8 9 0.09646273
167 0 10 10 0.09739945
423 50 9 13 0.09775225
136 133 10 16 0.09947021
449 202 11 14 0.099724606
359 53 8 12 0.099800766
488 191 9 14 0.10288342
577 43 11 12 0.10305475
1 85 7 12 0.10319133
48 127 10 13 0.103356026
654 102 11 14 0.10340856
207 253 12 17 0.10367978
445 80 10 15 0.104979195
312 317 21 20 0.10537753
452 112 10 14 0.10578577
98 132 11 13 0.106489435
371 15 9 11 0.106918626
129 52 8 11 0.10721289
302 11 10 13 0.10748627
686 79 10 14 0.10982105
280 130 9 13 0.1100391
245 61 11 14 0.110424
581 63 11 14 0.1104956
335 69 9 12 0.11180372
1 128 7 12 0.112052776
268 45 13 17 0.11253761
436 144 8 14 0.1129858
398 21 9 11 0.11531628
551 93 11 14 0.11600562
690 236 11 15 0.119487755
80 44 8 11 0.12048926
947 140 10 14 0.12206938
369 78 10 12 0.12242949
238 156 9 12 0.1241513
524 207 13 17 0.12450534
421 202 11 14 0.1251016
68 148 11 13 0.12558052
388 114 10 12 0.125967
463 51 10 13 0.12656124
6 68 8 12 0.13077448
174 0 10 11 0.13079044
415 109 9 13 0.13113154
615 132 11 14 0.13169347
285 129 9 13 0.13504295
391 50 9 11 0.13841021
342 138 11 14 0.13889039
499 35 9 12 0.139642
961 190 9 13 0.14134148
50 39 8 10 0.14201626
190 30 10 13 0.14382572
656 69 10 13 0.14412856
824 64 9 12 0.14725204
184 155 9 12 0.14769499
208 3 8 13 0.14798748
449 177 10 14 0.14811264
96 154 12 13 0.14839806
85 18 9 11 0.14848876
209 117 9 13 0.14917672
709 55 9 13 0.14966772
883 174 11 14 0.1512578
677 45 10 12 0.15157652
294 68 10 14 0.1524109
54 98 9 13 0.1532352
479 114 13 17 0.15435347
518 63 10 15 0.15443225
272 98 8 12 0.15448709
36 66 9 13 0.1560866
119 71 10 11 0.161142
146 18 9 12 0.16267198
64 67 9 13 0.1641688
743 17 10 13 0.16482763
516 189 10 14 0.1655962
870 127 12 17 0.16612665
576 93 11 14 0.16615124
559 160 9 14 0.16735986
725 182 10 14 0.17034586
438 22 10 12 0.17085443
176 113 10 13 0.17199223
520 2 8 13 0.1754598
352 102 10 14 0.18079352
213 85 10 13 0.18163353
353 15 9 13 0.18310979
726 143 11 13 0.1841182
296 98 9 13 0.18698479
243 125 9 11 0.1893036
118 22 8 10 0.18940388
151 50 10 12 0.18996926
230 0 9 13 0.1937463
100 45 9 11 0.19583303
31 144 10 15 0.19678964
145 84 10 12 0.19716342
20 93 9 14 0.20311968
580 132 10 13 0.20314988
869 195 13 18 0.20706464
803 86 10 14 0.21961108
324 98 9 14 0.2405447

