35_Basketball_playingbasketball_35_511
29
367 279 12 20 0.010047924
305 304 8 6 0.010077497
465 260 15 35 0.010209209
529 283 7 11 0.010342458
410 270 17 24 0.010410804
18 327 13 24 0.010931185
553 309 25 16 0.010944303
272 304 8 7 0.010955376
384 332 6 8 0.010989813
558 334 19 29 0.01154837
561 354 20 19 0.011885205
370 283 7 10 0.012376631
552 286 22 17 0.013938445
550 297 12 12 0.015691921
574 314 15 15 0.016305184
402 262 17 32 0.016451502
416 268 8 15 0.016661882
198 298 8 10 0.018278237
604 341 13 19 0.021486225
373 335 6 6 0.02317701
359 335 6 6 0.024162158
414 262 16 32 0.040129453
263 300 6 7 0.05707623
577 317 9 8 0.076260105
561 344 19 21 0.111179136
408 265 12 24 0.14683563
554 286 16 29 0.15585202
413 266 12 22 0.18733056
550 293 24 20 0.52670753

