35_Basketball_basketballgame_ball_35_50
159
392 258 21 29 0.010104242
340 71 9 7 0.010180195
649 58 7 9 0.010280084
899 137 5 6 0.0104784565
192 31 9 6 0.010552481
399 188 14 15 0.010886148
855 138 6 6 0.011027203
744 58 6 6 0.011094571
660 73 7 7 0.011182606
226 85 11 6 0.011776578
870 78 6 5 0.011958608
290 60 9 6 0.011968607
512 74 9 8 0.012067097
966 95 5 5 0.012216555
249 70 26 14 0.012262984
945 156 7 7 0.012433483
343 35 22 17 0.012440071
225 45 10 5 0.012448406
916 76 4 6 0.012556876
887 150 7 7 0.012623624
152 61 7 6 0.012824118
20 81 12 21 0.013017561
376 70 22 17 0.013508783
772 112 7 8 0.013596251
848 45 7 8 0.014009941
241 85 11 6 0.014214893
966 134 7 7 0.014279
757 85 6 7 0.01587806
292 107 6 6 0.016149053
351 60 11 10 0.016308237
305 58 9 7 0.016768476
1010 70 12 19 0.017192269
999 89 5 7 0.017195508
274 59 11 6 0.017226003
168 46 7 6 0.017304068
783 70 8 8 0.017466143
11 77 19 32 0.017672215
879 88 14 15 0.018746272
650 129 19 22 0.019000731
278 85 9 6 0.01904275
209 47 10 5 0.019402634
999 137 7 7 0.02162824
1001 68 19 32 0.021790713
856 121 6 6 0.022249587
822 107 6 6 0.022512265
271 169 24 19 0.022818664
845 51 13 19 0.023259114
803 379 38 63 0.024100594
760 77 7 7 0.025143402
920 138 6 6 0.0251948
948 135 6 6 0.025777204
568 55 6 8 0.02822616
400 193 13 18 0.029910814
337 50 19 29 0.031869993
257 58 12 6 0.03204486
770 67 13 16 0.034003355
347 51 18 28 0.03419419
49 44 6 8 0.035729446
210 58 10 6 0.03621174
884 76 6 6 0.03651526
849 55 7 10 0.036520343
1014 88 6 10 0.036579344
320 89 8 7 0.036882922
211 73 11 6 0.037136458
178 74 9 7 0.03862363
931 136 6 7 0.03977219
341 60 11 10 0.039978858
150 72 8 6 0.0410705
754 56 6 7 0.041185446
680 57 7 8 0.043722074
194 58 10 6 0.04470294
691 87 7 7 0.044791307
775 64 6 6 0.04510232
226 61 12 6 0.045616552
868 119 6 6 0.045716967
322 76 8 7 0.0467574
850 80 7 6 0.047490615
981 137 8 7 0.047544397
826 79 6 7 0.047796644
771 116 10 9 0.05136376
292 85 8 6 0.051843815
658 56 8 11 0.052734856
654 52 13 19 0.058592208
834 53 13 18 0.06273851
998 74 6 8 0.06288204
687 45 6 8 0.06443021
309 86 8 6 0.06480497
402 196 8 9 0.06558959
373 74 9 8 0.06674967
887 118 6 6 0.06681998
194 41 8 6 0.06793852
682 72 7 8 0.0693558
384 73 9 7 0.06970882
241 58 11 7 0.07232508
1011 135 7 9 0.07244432
196 75 10 6 0.07299319
306 76 9 6 0.07409581
275 76 10 6 0.075825565
825 87 6 7 0.07614242
577 67 27 42 0.07614733
225 75 11 6 0.0782411
242 76 11 6 0.079421535
1014 109 6 7 0.08179835
290 76 9 6 0.08265991
162 73 8 7 0.08383783
948 93 4 6 0.092163235
257 73 12 7 0.09259348
900 76 5 6 0.093730666
836 57 8 10 0.102657005
902 121 6 6 0.106988
681 44 6 8 0.10738942
1013 120 6 8 0.107805364
337 56 22 17 0.10834221
787 57 6 8 0.109339125
688 62 7 8 0.10991136
200 281 39 53 0.117304094
1014 74 6 9 0.12112741
710 88 7 6 0.13236399
723 79 6 6 0.13367896
979 121 7 6 0.13947423
705 74 9 6 0.14865999
839 104 6 7 0.15203904
342 56 24 18 0.15622504
835 79 6 7 0.15953813
997 118 7 7 0.16652714
721 85 6 7 0.17014654
658 45 7 8 0.17279537
934 95 5 7 0.1736879
871 95 7 6 0.18312761
917 120 6 7 0.18765171
977 108 6 7 0.18896706
852 89 6 6 0.1908604
949 123 6 7 0.19543298
177 56 9 8 0.19566303
902 105 5 6 0.21308614
898 93 6 7 0.221144
164 59 7 7 0.22693276
177 46 8 7 0.24812976
836 89 6 7 0.25632554
402 191 8 9 0.25992656
932 120 7 7 0.2633169
858 103 6 7 0.30500075
919 103 5 6 0.30640605
919 95 5 8 0.33837077
884 107 6 7 0.3391578
997 109 7 8 0.34096527
934 105 6 6 0.35526928
962 124 8 7 0.3623682
773 69 8 10 0.39260834
690 70 8 8 0.4530347
883 93 7 7 0.45590326
947 106 5 6 0.47864544
966 106 6 7 0.49806854
865 102 7 7 0.5487865
220 285 30 43 0.72868013
276 164 19 34 0.7749709
952 272 27 38 0.82159
412 205 22 33 0.9171744
587 126 31 42 0.9219762

