35_Basketball_Basketball_35_737
48
364 310 12 23 0.010062866
699 285 50 57 0.010924434
944 445 18 32 0.011029095
219 340 20 31 0.011267705
360 316 11 24 0.011804418
500 253 40 64 0.012443324
502 89 6 8 0.0124484105
505 232 37 65 0.012669447
138 298 19 38 0.012839072
202 354 27 17 0.013086369
435 103 8 7 0.015096679
503 61 5 7 0.015424061
388 267 10 8 0.015474692
500 197 37 63 0.015651215
518 61 5 7 0.01589461
502 75 5 6 0.016105738
397 96 8 8 0.016597629
498 376 39 73 0.017059008
954 427 22 18 0.020442348
642 236 42 69 0.020933166
130 258 48 88 0.021112831
508 324 41 122 0.022540998
56 318 40 68 0.024657205
151 152 31 83 0.025456103
500 360 44 121 0.030665701
959 420 19 31 0.03173496
955 28 51 93 0.034420524
391 97 12 17 0.036577784
718 220 57 98 0.03735442
312 433 26 18 0.037465204
397 99 9 10 0.040018454
235 367 20 31 0.044633776
873 24 72 84 0.05609829
393 95 9 11 0.059669584
938 467 23 19 0.061633077
202 342 26 19 0.08564354
58 306 51 92 0.096827745
130 284 34 64 0.13130896
236 370 24 19 0.13525353
392 99 9 11 0.20224683
204 339 21 32 0.23222287
702 241 59 92 0.26736343
643 245 64 80 0.39320615
958 427 18 31 0.4089205
234 313 21 34 0.7136589
59 33 54 87 0.865156
772 22 80 93 0.94411784
840 16 84 107 0.96891934

