35_Basketball_basketballgame_ball_35_192
35
70 1013 42 64 0.010486587
236 337 31 66 0.0105583165
9 1000 32 175 0.010950985
442 584 45 117 0.010987394
245 145 36 70 0.0111179175
243 173 38 70 0.011496471
60 966 89 135 0.011501371
247 338 27 74 0.011789603
197 634 39 67 0.012155705
265 607 66 93 0.012283314
0 992 25 108 0.012495041
7 1049 31 182 0.012860915
241 453 60 102 0.013421365
381 218 13 22 0.01385304
2 898 37 139 0.013981443
248 589 110 136 0.01468071
85 769 38 33 0.015511109
150 480 39 61 0.01694203
0 926 70 212 0.018791987
379 223 19 23 0.01898133
349 204 19 30 0.01905655
348 201 13 21 0.019556405
5 1011 55 220 0.021379342
1012 84 11 55 0.022482807
309 634 66 106 0.027013876
81 761 49 47 0.027856875
10 960 40 141 0.040692125
96 735 41 53 0.042896554
314 601 60 110 0.044806182
6 909 26 96 0.048836175
292 619 98 143 0.060742654
121 929 53 96 0.064131185
76 982 55 103 0.07177428
565 614 108 142 0.99152523
757 134 93 166 0.9981048

