35_Basketball_Basketball_35_664
85
19 308 8 10 0.01030777
83 320 6 10 0.010395591
208 342 6 10 0.010489913
113 335 11 20 0.010762325
71 321 7 11 0.011067958
157 365 11 22 0.011307504
138 357 18 31 0.011373133
48 344 13 21 0.011631393
646 288 8 12 0.011714569
1 364 30 73 0.0120477965
78 328 18 29 0.012121762
146 312 6 9 0.012706642
159 369 7 13 0.0128675625
37 330 12 20 0.012946515
135 379 12 21 0.013398464
145 318 11 21 0.013848948
452 0 81 43 0.014089448
69 308 6 9 0.01460024
4 372 20 59 0.014918392
179 326 6 13 0.016149085
137 384 8 13 0.01664351
21 337 9 10 0.017441342
94 331 17 30 0.01751137
94 347 12 20 0.017562298
3 308 7 13 0.017659487
160 321 11 22 0.017714605
102 323 5 9 0.019154422
144 337 10 20 0.019508813
135 349 11 20 0.019639326
88 340 7 14 0.02090088
11 319 17 32 0.021521267
175 323 12 21 0.021711554
207 352 7 11 0.02346091
744 188 23 18 0.024214933
5 319 7 11 0.026254296
87 348 8 14 0.026534645
79 344 18 32 0.026907833
129 366 12 20 0.027234478
51 338 8 13 0.027249712
180 353 6 10 0.030644193
38 334 7 11 0.03134949
83 310 5 8 0.032250263
163 325 6 12 0.032484315
2 340 7 11 0.033867173
130 311 5 9 0.03545898
132 335 12 20 0.036567945
98 352 7 12 0.03727184
143 347 11 20 0.03889197
35 322 13 18 0.040176466
196 340 6 11 0.040963348
114 349 11 19 0.042899717
0 304 12 23 0.04561751
146 366 12 21 0.045906898
195 349 11 20 0.04840131
163 351 6 10 0.04956797
43 326 19 30 0.049757708
149 369 7 13 0.054319594
132 369 7 12 0.055684607
119 308 5 8 0.05762619
745 222 25 47 0.063138
133 323 5 9 0.06472643
44 322 13 19 0.06485076
47 324 8 12 0.087221764
86 338 12 22 0.0878218
163 334 11 21 0.09219297
148 322 6 11 0.09444057
118 325 5 9 0.100139
137 352 6 11 0.100238815
85 344 12 21 0.1074752
100 338 7 13 0.10860263
176 331 11 21 0.13934863
117 339 5 10 0.14658338
97 335 11 21 0.14818121
101 308 6 9 0.15171531
37 326 8 10 0.15186493
179 335 7 14 0.15724425
147 341 6 11 0.16514422
20 318 13 18 0.17053695
48 334 12 22 0.17855263
197 351 7 12 0.1827567
117 351 6 11 0.19854078
22 321 9 12 0.20275809
135 338 6 11 0.2524773
165 339 6 12 0.27340144
146 350 7 11 0.32685223

