35_Basketball_playingbasketball_35_588
19
676 485 118 149 0.011298956
4 30 23 51 0.011312111
1 24 33 67 0.01532141
0 45 27 85 0.015454417
208 0 43 52 0.015727349
433 13 45 67 0.015848277
149 0 56 58 0.016017854
212 5 33 37 0.02072815
201 51 193 254 0.024538143
43 1 50 49 0.02584661
4 101 37 137 0.02586128
234 145 130 157 0.025873369
10 105 28 94 0.028915763
35 0 40 52 0.04669847
229 91 124 173 0.055120643
621 488 112 153 0.084312245
445 11 65 76 0.11106459
159 0 41 47 0.8182819
588 145 70 102 0.9836848

