35_Basketball_playingbasketball_35_405
61
804 308 10 10 0.010305922
817 292 22 19 0.01036647
1017 484 7 38 0.01083773
517 305 7 8 0.011200596
380 351 29 43 0.011246539
833 354 19 32 0.011487559
336 328 20 19 0.011776822
647 304 8 7 0.012195023
741 324 8 9 0.012331733
554 303 18 23 0.013154439
1009 456 15 65 0.013375697
577 300 17 29 0.013386348
676 326 7 6 0.013547885
642 326 7 5 0.013657863
530 284 12 21 0.014129526
1017 461 5 19 0.014297288
660 305 7 6 0.014847458
502 308 6 8 0.014998881
537 392 36 69 0.015417072
824 292 21 19 0.015691161
1011 447 10 50 0.01670276
703 323 8 8 0.019154068
546 335 8 12 0.019237867
533 368 31 68 0.019510545
394 317 25 17 0.0195832
543 331 13 20 0.01968491
356 309 14 16 0.021470752
590 312 8 11 0.021711685
547 315 13 21 0.02241021
533 289 6 11 0.024213208
587 309 13 17 0.024816675
374 343 39 59 0.025293272
357 311 12 10 0.02647643
675 308 7 6 0.027354993
549 307 8 13 0.028017517
576 314 18 31 0.028433597
563 322 9 12 0.029304655
696 323 8 8 0.036868084
343 323 11 13 0.037031647
550 313 18 32 0.03762897
353 322 12 11 0.037777323
1016 456 7 33 0.043477613
799 304 22 18 0.043524947
588 315 13 17 0.045388393
817 292 19 31 0.05471722
1016 467 7 38 0.05563255
1012 463 11 50 0.059250426
580 312 17 21 0.0660139
584 310 9 14 0.06620307
546 297 18 31 0.067252584
689 306 7 7 0.06836304
591 318 9 11 0.088877365
584 316 9 13 0.0931163
555 317 20 22 0.10397788
819 299 20 20 0.1081024
342 321 14 18 0.114731155
353 317 21 30 0.13034484
825 298 20 22 0.14816056
582 308 13 19 0.16915332
547 303 13 22 0.17259488
347 319 22 18 0.3015337

