35_Basketball_playingbasketball_35_195
155
114 398 6 8 0.01003613
146 420 6 8 0.0100940885
999 408 7 10 0.010161334
322 426 6 9 0.010280836
710 443 6 6 0.010385064
90 438 6 10 0.010456458
134 410 11 15 0.010506854
760 412 6 9 0.010660217
662 389 11 17 0.010766961
1018 374 6 14 0.010802998
522 437 5 11 0.011236394
706 423 6 7 0.011307126
88 410 7 7 0.011686532
9 460 7 10 0.011743339
999 505 8 9 0.011802166
649 455 6 6 0.011943433
660 475 6 6 0.01264336
771 381 6 8 0.012874882
522 423 6 11 0.013659328
101 420 5 8 0.014064903
998 434 7 11 0.014270373
613 440 6 8 0.01427319
528 422 7 11 0.014626524
2 436 6 12 0.0149407685
247 403 11 18 0.015097042
136 456 4 7 0.015113649
592 375 7 13 0.0151661765
16 445 7 9 0.015166825
6 469 7 10 0.015416965
205 282 13 24 0.015649216
1 407 6 11 0.016123157
249 421 6 10 0.016169265
455 394 9 11 0.016183812
949 423 7 11 0.016295346
342 422 6 9 0.017251158
275 412 6 8 0.019801848
554 438 5 11 0.019826813
256 398 6 9 0.020079063
724 407 6 9 0.02097284
651 410 6 9 0.021592367
325 439 5 9 0.021648237
948 405 7 12 0.021751108
654 408 12 16 0.022827556
260 421 6 9 0.023020223
419 396 6 7 0.023972409
632 440 5 7 0.024202064
785 408 5 7 0.024651604
694 458 5 7 0.02561513
177 407 7 8 0.026921958
727 424 6 8 0.027512552
769 401 12 16 0.029627517
17 453 6 10 0.030286873
918 423 6 11 0.030562473
504 460 5 9 0.030950034
658 454 5 7 0.0309579
505 381 9 14 0.031129565
160 398 7 7 0.032041255
359 399 12 16 0.032711368
0 420 8 19 0.033825696
510 381 9 13 0.037079375
970 392 8 15 0.037723843
697 426 6 7 0.037912667
417 422 6 8 0.039010163
283 440 6 8 0.039692733
354 393 12 15 0.03997743
541 399 12 16 0.04094414
153 398 7 8 0.042142738
111 403 11 17 0.043070722
631 458 5 7 0.043543387
754 420 6 9 0.04477461
372 422 6 8 0.047493342
150 402 13 15 0.04874648
966 403 7 11 0.048988324
391 439 5 7 0.053599764
583 386 8 14 0.05476777
489 421 7 13 0.05489476
693 441 6 6 0.05537075
975 389 9 15 0.056999654
657 420 6 8 0.057627194
523 409 7 11 0.058217093
533 401 12 16 0.05885816
430 399 14 15 0.059051283
649 425 6 8 0.05964221
297 408 7 10 0.061390255
130 441 5 7 0.062365226
156 402 13 15 0.0635328
623 425 7 9 0.06510856
776 389 11 18 0.06648241
280 422 6 9 0.067197375
366 396 8 9 0.0682078
406 420 6 8 0.069087654
588 373 12 22 0.070747316
180 392 7 8 0.0715509
544 398 7 11 0.072122365
303 400 12 16 0.075517684
537 398 7 10 0.079909146
37 426 8 10 0.08163937
344 406 7 10 0.087020084
690 405 7 8 0.09427843
646 438 6 7 0.09486663
583 375 13 23 0.09502322
304 399 9 11 0.09508321
366 403 8 9 0.097016245
561 401 7 11 0.097306535
587 382 12 20 0.09885157
695 393 7 8 0.100830756
393 426 5 7 0.115794994
657 441 6 8 0.11994086
727 441 6 7 0.12157248
51 396 13 15 0.12179415
208 276 12 27 0.12308808
409 397 6 8 0.12913185
710 402 8 9 0.1418139
969 388 12 21 0.1584463
432 399 9 11 0.16891581
103 409 6 9 0.18242437
135 417 7 10 0.184672
408 409 7 8 0.19886817
509 383 9 15 0.20064932
289 429 6 9 0.20205714
289 434 6 10 0.21285273
783 387 9 13 0.22167476
672 395 7 8 0.22214873
777 393 8 12 0.22989362
1011 393 11 19 0.23369303
255 404 7 10 0.2802332
250 406 6 11 0.28092322
1013 399 8 14 0.29908508
617 426 6 10 0.3044957
345 396 8 10 0.3107535
657 412 7 10 0.35393727
679 404 7 9 0.35962018
0 423 6 12 0.415263
543 401 8 12 0.42440477
780 384 13 18 0.44398162
418 407 7 9 0.4524082
360 401 9 11 0.4641775
560 396 8 13 0.4736057
664 394 7 9 0.48328802
504 384 10 16 0.48997426
136 413 7 10 0.49699572
582 382 13 20 0.50944614
355 396 9 11 0.5125968
158 404 10 10 0.54140544
534 403 9 11 0.58124167
151 404 10 10 0.6127686
52 400 10 12 0.63509643
710 397 9 11 0.66185486
433 401 9 11 0.6623471
460 390 15 17 0.7129822
738 396 10 14 0.7651528
304 401 9 12 0.7675001
972 386 13 21 0.78859454
772 402 7 11 0.8394071
113 405 8 11 0.8550543

