35_Basketball_playingbasketball_35_252
33
477 49 45 62 0.0103669185
587 36 48 77 0.010826473
175 141 76 75 0.010956508
840 0 25 27 0.012419334
3 59 38 71 0.013332228
844 95 59 79 0.013608937
342 64 48 60 0.013885139
929 133 48 49 0.018441638
924 115 100 131 0.018719744
999 69 22 52 0.020428544
380 125 47 111 0.021461638
862 83 44 55 0.021605417
533 74 43 59 0.023909213
337 43 50 58 0.024295267
750 188 73 83 0.02523765
943 130 51 50 0.028015835
8 38 36 143 0.028331922
553 6 36 36 0.030569809
36 99 365 414 0.032255042
1007 56 14 42 0.034531757
1007 70 17 22 0.034655813
443 29 47 57 0.03509567
942 125 61 97 0.05855118
328 29 54 83 0.07451934
330 57 52 95 0.076610304
450 31 53 73 0.07792956
498 79 54 83 0.0793883
861 97 45 60 0.10031944
482 62 48 62 0.5585919
449 10 42 53 0.62615985
101 7 45 63 0.777689
596 55 45 65 0.8290323
559 0 38 45 0.8481626

