35_Basketball_Basketball_35_209
386
70 323 7 7 0.010022916
979 117 5 6 0.010088116
680 185 5 5 0.010117557
56 319 6 8 0.010293828
810 191 6 11 0.0102998
103 49 24 16 0.01041765
423 113 21 35 0.010703711
1012 206 11 21 0.010730636
116 308 5 6 0.010917192
162 83 7 7 0.0109256655
263 86 5 6 0.010930207
21 276 9 10 0.010959821
582 252 12 19 0.010986985
952 224 7 12 0.011080936
63 191 25 25 0.011166899
1013 224 10 22 0.011316314
867 238 12 22 0.0113496
869 241 7 13 0.011451182
770 132 6 7 0.011557261
337 198 5 7 0.011560661
52 182 9 6 0.011603453
607 255 13 17 0.011651315
933 205 12 20 0.011658784
280 274 6 7 0.011687043
341 273 5 6 0.011709575
742 133 4 6 0.011712522
83 52 11 7 0.011739343
963 116 6 6 0.011878173
972 219 17 30 0.011917386
278 85 5 6 0.011936784
641 145 9 11 0.012029869
1015 237 7 11 0.012034998
996 241 8 10 0.012094128
739 185 5 5 0.012112287
163 69 6 6 0.012246062
978 194 6 9 0.012339592
772 146 5 7 0.012496682
360 196 5 7 0.012581068
838 220 11 20 0.012584499
373 215 5 6 0.012819862
868 207 8 14 0.012932404
220 190 13 18 0.013095147
186 225 23 19 0.01309969
230 85 6 7 0.013141848
278 262 5 7 0.01315803
997 134 5 6 0.013237233
101 85 7 8 0.013357409
740 268 13 17 0.0133793345
243 86 6 6 0.013405382
709 307 7 7 0.013617587
590 218 12 19 0.013619855
632 288 7 11 0.0136624575
901 189 10 13 0.0137337735
884 150 5 6 0.013984388
115 181 8 6 0.014161705
510 191 14 22 0.014205315
58 180 26 14 0.014319251
1015 267 9 24 0.014405275
948 136 5 5 0.014467263
867 175 12 20 0.014514789
1011 291 6 13 0.014539404
116 67 9 8 0.014797561
151 307 5 6 0.014883149
761 169 5 6 0.015080849
135 310 5 5 0.015097297
586 211 7 12 0.015470706
978 215 8 10 0.015917659
370 229 6 7 0.016042262
964 133 6 6 0.016331982
585 223 7 12 0.016378723
768 167 6 7 0.016426336
919 151 5 5 0.016473452
997 178 5 8 0.017004596
901 149 4 6 0.017280601
340 228 5 6 0.01738063
1013 174 10 24 0.017488947
609 273 7 9 0.017511904
946 205 13 19 0.01777174
609 229 13 16 0.017879223
31 269 13 16 0.01798746
150 70 6 7 0.01801154
278 244 5 7 0.018089568
758 134 5 6 0.018138213
855 165 6 9 0.018209098
4 214 7 9 0.01832755
935 209 8 10 0.018333426
728 185 6 5 0.018449394
929 191 13 19 0.018631432
249 209 7 9 0.018799769
1017 191 6 14 0.01904266
723 303 7 8 0.019066665
590 210 11 18 0.019139325
948 191 12 18 0.01931677
961 267 9 15 0.019396948
4 193 8 9 0.019437108
176 196 11 9 0.019465497
214 190 10 12 0.01970972
3 66 6 11 0.01977108
249 199 7 9 0.019992078
996 148 6 6 0.02015129
877 253 12 26 0.020377304
197 85 5 7 0.020795507
359 275 5 6 0.020960141
115 83 8 8 0.021034013
32 177 9 7 0.021398375
1015 184 9 27 0.021411445
97 69 8 8 0.021482972
661 201 4 5 0.021523103
992 218 12 18 0.021701833
35 68 7 6 0.021753956
962 210 13 19 0.022002283
964 219 12 19 0.022292119
17 237 14 16 0.022401296
187 230 23 28 0.02243052
264 263 5 9 0.022719556
980 238 8 11 0.022949101
215 70 5 7 0.023275116
1002 291 7 12 0.023316909
932 150 5 5 0.023551071
849 258 7 10 0.02357835
67 308 7 7 0.023780378
961 239 12 19 0.023801275
981 136 5 5 0.023956554
182 83 5 6 0.024249073
591 273 12 18 0.024609448
838 192 12 20 0.02468962
817 211 6 9 0.024797669
632 276 7 8 0.024948843
0 178 12 18 0.025247406
761 179 5 6 0.025646234
898 179 12 20 0.02599891
307 263 5 6 0.026011888
3 241 7 11 0.026843876
209 186 20 19 0.027092922
707 185 5 5 0.027719647
19 68 7 9 0.027781729
662 270 6 8 0.027831512
129 80 8 8 0.028574632
358 228 5 6 0.028889695
111 52 11 8 0.02909768
768 179 5 8 0.029137574
511 145 22 35 0.029241288
818 179 6 10 0.02935625
148 82 7 7 0.02942742
612 235 13 16 0.029983366
101 53 10 8 0.030275298
177 213 7 7 0.030405197
166 199 7 6 0.030956807
868 192 7 11 0.031021226
227 206 7 9 0.03108841
224 194 8 10 0.03119618
810 180 5 9 0.031991992
33 54 7 7 0.0321859
960 262 9 13 0.03218689
56 312 7 8 0.032305233
291 271 5 6 0.03270798
584 255 8 12 0.032734405
1017 273 6 13 0.03278008
309 244 5 7 0.03308309
69 51 9 8 0.03331829
134 69 8 7 0.03391807
818 194 6 10 0.03402789
357 214 5 6 0.034035902
813 238 12 20 0.034274947
328 257 6 7 0.03475539
84 198 7 6 0.03502912
99 199 6 5 0.035159443
967 151 5 5 0.035236772
293 245 5 6 0.03526819
172 191 23 26 0.03527346
647 202 5 6 0.03538293
993 212 12 19 0.035855826
900 181 8 10 0.037148286
856 176 6 11 0.037386425
917 193 7 12 0.037387095
866 202 11 22 0.037854463
817 241 7 13 0.037900213
840 196 7 12 0.03796461
328 198 5 7 0.03850118
16 261 9 10 0.038864326
912 189 13 19 0.039034303
694 310 5 7 0.04003202
312 227 5 7 0.040205784
1013 165 6 9 0.040227607
693 289 6 7 0.04035886
67 196 9 7 0.04044961
963 198 7 8 0.040649652
755 228 6 6 0.041318964
727 196 4 5 0.041544456
181 258 6 7 0.041556526
712 293 6 7 0.041571166
742 199 4 5 0.042102728
1015 228 6 12 0.042120576
674 261 6 7 0.042408302
694 198 5 5 0.04256408
879 176 12 20 0.04262652
22 181 8 8 0.0427252
259 200 5 8 0.042894244
296 200 5 7 0.04290799
52 67 8 7 0.04348986
276 227 5 8 0.043568827
20 211 7 9 0.044010345
20 197 8 7 0.044028617
821 162 6 9 0.044220474
294 263 5 6 0.044860303
36 242 7 9 0.044862725
68 271 7 8 0.044885665
883 189 12 20 0.045235347
85 265 7 7 0.045353726
53 292 8 9 0.045494013
948 165 5 5 0.04602019
85 310 6 6 0.046041537
756 244 5 7 0.04696129
49 52 9 7 0.046986777
840 176 7 11 0.047240086
18 230 9 9 0.047393367
964 242 8 12 0.04753048
709 197 5 5 0.0479493
867 165 6 9 0.048201222
951 150 4 5 0.048797477
958 259 12 20 0.048814774
1015 179 6 11 0.04941315
35 213 7 7 0.049631592
103 229 5 5 0.050033122
64 66 10 8 0.050062824
104 293 5 7 0.050160915
981 178 5 7 0.050181717
323 228 5 6 0.050473236
24 54 7 9 0.050783146
678 197 4 5 0.051438864
905 182 17 29 0.051734682
180 230 7 7 0.052372843
371 246 6 8 0.05246696
885 193 8 12 0.052926842
85 272 7 7 0.05347687
19 241 10 10 0.05349102
898 167 6 8 0.053832266
33 272 10 11 0.053950883
147 276 6 6 0.054090526
164 229 6 6 0.05432648
147 246 6 6 0.05437591
918 166 5 6 0.05487773
982 164 5 6 0.055217516
981 148 5 5 0.055312283
102 275 5 7 0.05570921
726 214 4 4 0.056262087
966 164 5 6 0.056399792
840 224 7 12 0.056686647
1015 212 6 11 0.056894764
919 179 6 8 0.057313986
133 245 6 6 0.057986267
263 226 6 9 0.058797
116 263 6 6 0.059074212
50 196 8 7 0.059331197
104 262 5 7 0.059694245
67 293 7 8 0.059856288
51 218 7 6 0.060128506
752 258 7 9 0.060653877
68 243 7 8 0.060914494
934 164 5 6 0.061219927
115 293 5 6 0.06178484
118 199 6 6 0.06240146
292 227 4 6 0.0627548
85 244 7 7 0.062861726
628 259 7 9 0.06294092
166 276 6 6 0.0635529
47 237 13 17 0.06425773
86 293 6 6 0.06456173
742 213 5 5 0.064737305
67 264 8 9 0.06501418
324 213 5 6 0.065266706
610 258 9 10 0.065447286
3 225 7 11 0.066047296
132 261 6 6 0.066509776
692 245 5 5 0.06655986
308 212 5 6 0.067881696
181 245 6 6 0.0686784
136 276 5 6 0.06909299
101 245 5 6 0.069100566
695 275 6 7 0.06915371
634 210 5 8 0.06918409
965 222 8 11 0.06922308
724 295 7 8 0.0701168
996 164 6 7 0.070376955
33 198 8 7 0.071628004
726 230 5 5 0.07168688
66 183 11 7 0.07203353
754 200 6 6 0.07232958
310 199 5 7 0.07252071
949 209 7 11 0.0728682
277 211 5 7 0.07320319
886 164 5 8 0.07380075
68 212 7 6 0.07423919
324 245 5 7 0.07487564
741 229 5 6 0.07496356
962 179 5 7 0.07513402
260 208 6 8 0.07528257
150 294 6 6 0.0753142
115 244 6 6 0.0754601
931 180 6 8 0.07654402
371 257 6 8 0.0766099
177 277 7 8 0.07695036
709 214 5 5 0.07742235
116 274 6 6 0.07786524
35 226 7 8 0.078579344
996 215 8 12 0.078653626
4 50 7 10 0.07888558
166 292 6 6 0.07895867
70 228 6 7 0.07949748
132 294 6 6 0.080845706
631 231 7 9 0.08093128
721 273 7 8 0.08128776
710 230 5 5 0.081882425
147 259 6 6 0.082142375
756 211 5 7 0.08264287
294 213 5 6 0.08339755
593 221 7 12 0.08364241
836 260 8 12 0.08428448
275 198 6 8 0.0863169
628 239 7 9 0.08685234
339 248 6 6 0.08710744
33 262 9 10 0.08753274
2 181 9 11 0.08819173
148 212 6 6 0.08883353
165 263 6 6 0.08919987
673 243 7 8 0.09040292
738 247 6 6 0.09042292
169 191 23 17 0.09147432
340 212 5 7 0.09214846
87 212 6 6 0.09292562
642 242 6 7 0.09429297
882 179 7 11 0.094610535
995 221 8 11 0.09536218
358 248 6 7 0.0957663
870 179 6 11 0.0961458
118 228 6 6 0.09893812
933 194 7 10 0.10115896
130 201 7 7 0.10121138
341 259 5 6 0.10203516
950 195 7 9 0.102261886
692 213 5 5 0.10426317
727 245 5 6 0.10430404
833 257 13 19 0.10583876
164 244 6 6 0.10676565
148 197 7 7 0.10698593
950 181 6 7 0.10739146
664 244 7 8 0.10779481
51 224 7 7 0.10783867
965 214 7 11 0.109087996
102 212 6 6 0.11165994
178 294 7 7 0.111665346
592 213 8 12 0.11255445
645 211 5 6 0.11455463
679 212 4 6 0.11530114
164 214 7 6 0.115657255
133 209 6 6 0.11866745
81 229 6 6 0.12318695
356 259 6 7 0.12543759
644 262 7 8 0.12879539
740 259 7 8 0.13242935
594 276 8 11 0.13369524
977 223 13 18 0.13519026
643 272 8 8 0.13551472
662 213 5 6 0.13846344
151 230 8 8 0.14105597
874 251 17 37 0.14334373
979 226 9 12 0.14877813
711 245 6 5 0.15304188
695 230 5 6 0.16181728
612 232 8 10 0.16414669
115 212 6 7 0.16459496
50 239 10 12 0.17436509
661 229 6 7 0.18233149
696 261 6 8 0.19283943
646 228 6 8 0.19450943
677 230 5 6 0.19765165
134 230 7 7 0.19848993
711 271 7 8 0.20592025
724 260 6 7 0.20702924
742 270 9 10 0.24922371
897 184 19 22 0.2500768
615 237 8 11 0.2717727
662 262 7 9 0.30777097
419 96 30 57 0.3514073
710 262 7 8 0.42551267
505 135 29 43 0.6509281

