35_Basketball_basketballgame_ball_35_287
563
724 216 6 7 0.010049749
927 370 14 15 0.01017663
632 484 6 9 0.010189424
78 333 12 19 0.010202701
871 181 5 8 0.0102034
751 212 8 9 0.010203901
0 302 8 27 0.010308597
743 420 7 10 0.010324819
632 433 9 11 0.010327144
950 251 6 7 0.010366592
410 452 8 9 0.010402266
735 432 12 18 0.010486687
260 339 5 6 0.010546244
414 446 13 16 0.010571695
567 447 6 10 0.010634655
0 332 7 28 0.01067254
632 368 6 12 0.010726244
420 373 14 17 0.010736783
883 260 6 6 0.01074004
869 324 6 7 0.010826662
615 229 5 6 0.010903696
706 451 7 10 0.010974209
17 387 9 12 0.011148107
805 198 6 7 0.011345529
165 356 5 8 0.011359583
51 339 7 11 0.0113691185
450 341 7 8 0.011374694
848 357 9 9 0.011448888
707 259 5 7 0.0115097165
397 353 12 17 0.011517151
63 365 13 20 0.011524304
0 315 8 24 0.011629633
12 416 22 21 0.011637408
916 261 5 6 0.011736782
206 439 14 15 0.011815731
22 374 8 12 0.011831086
991 400 14 16 0.011884191
62 361 9 12 0.012042831
829 363 21 17 0.012118949
550 293 7 12 0.012119628
55 324 7 11 0.012126041
818 212 6 8 0.012134085
855 212 5 7 0.012141621
3 290 6 16 0.012153523
235 428 18 20 0.012243899
498 334 13 20 0.012583706
797 475 13 19 0.012625187
60 358 12 17 0.012836626
400 535 11 7 0.012914393
517 295 7 11 0.012924944
960 260 6 7 0.0129490625
787 484 8 10 0.013043599
643 342 6 8 0.013051491
931 449 10 10 0.013107404
66 368 8 13 0.013169768
1006 371 12 17 0.013194424
289 406 9 11 0.013225758
933 198 6 8 0.0132424785
178 424 7 8 0.013269972
803 376 8 9 0.013308382
773 230 6 7 0.013348358
972 449 13 15 0.013360453
902 260 5 7 0.013440496
785 397 12 17 0.013483489
741 231 6 7 0.013494734
310 267 6 8 0.013565823
583 380 12 18 0.0136010405
67 300 6 8 0.01366134
912 413 12 17 0.013762655
975 245 8 10 0.013859398
577 404 10 13 0.013908832
949 200 7 8 0.01399634
676 470 8 9 0.014010943
247 325 7 6 0.014029941
584 383 9 13 0.014077048
3 407 9 33 0.014231407
20 347 11 19 0.014236051
949 457 10 9 0.014317953
886 197 5 8 0.014334186
818 341 7 8 0.01441767
890 226 6 9 0.0144968415
885 247 5 6 0.014516794
567 438 6 10 0.01453674
869 201 6 7 0.014586239
710 227 5 8 0.014676833
501 338 8 11 0.014695864
327 279 6 6 0.014706868
402 385 12 19 0.014723239
382 372 13 16 0.0147598265
753 437 8 10 0.014852489
867 211 6 7 0.0149383405
67 385 9 13 0.014990352
641 371 7 9 0.015055515
13 372 16 33 0.015213876
183 388 6 7 0.015279119
995 465 9 8 0.0153829325
788 453 8 10 0.015443384
917 200 6 8 0.015578154
437 365 12 18 0.015633373
500 307 7 8 0.015681304
446 368 9 13 0.015685588
15 383 12 19 0.015742354
967 228 6 8 0.01576358
631 419 9 11 0.015908549
164 419 6 8 0.01592478
588 380 12 19 0.01597131
743 212 7 9 0.015999114
206 401 7 9 0.016137974
642 421 9 10 0.01629289
189 450 14 15 0.016314872
759 257 5 7 0.01659612
798 420 12 16 0.016646734
293 447 10 12 0.016712295
770 404 8 9 0.016810264
929 399 13 17 0.016810754
869 357 12 16 0.016876532
195 421 7 8 0.016891118
820 368 13 17 0.016975146
418 469 8 9 0.017173257
743 404 7 10 0.017215077
482 308 7 7 0.017236557
353 296 6 6 0.017250892
980 434 8 8 0.017265053
637 403 13 15 0.017339585
219 446 13 16 0.017408008
916 228 5 7 0.017419772
609 413 9 12 0.017426392
533 470 8 11 0.017581338
591 383 8 14 0.017695026
403 399 9 11 0.017735843
243 425 9 12 0.0177385
585 374 8 14 0.017752357
81 338 8 11 0.01776514
185 404 6 9 0.017774396
244 291 6 7 0.017857686
755 412 12 18 0.01801248
521 457 8 10 0.018351868
870 366 9 11 0.018880032
915 300 6 6 0.018926242
1 308 6 15 0.01900383
431 357 13 17 0.019032868
917 213 6 7 0.019155672
57 384 9 14 0.01918723
894 444 10 14 0.019283507
934 213 7 8 0.019531595
708 217 5 8 0.019754421
726 233 6 9 0.019860817
341 296 6 5 0.019901352
902 197 5 8 0.0199539
771 327 7 6 0.020036817
774 451 8 10 0.020216238
930 392 8 8 0.02054202
776 437 8 11 0.020708669
419 300 6 5 0.020775009
338 415 8 9 0.021046756
585 355 7 11 0.021149928
547 288 12 23 0.021290869
898 228 6 8 0.021327958
889 443 11 19 0.021695152
551 306 6 11 0.021711467
817 403 8 10 0.021721816
982 424 7 7 0.021773472
901 247 5 7 0.021871988
591 354 7 11 0.021907484
292 356 6 6 0.022111438
1 284 9 28 0.022314694
2 237 10 28 0.022353826
710 283 5 6 0.02242278
387 459 8 8 0.022516804
711 312 6 8 0.022572283
25 340 6 12 0.02270281
979 211 7 9 0.022792926
832 280 7 8 0.022795523
432 451 7 9 0.02284939
340 326 6 6 0.022854295
310 272 5 7 0.022871813
5 522 25 47 0.022923265
677 359 6 7 0.022952704
1 338 5 15 0.023378816
655 320 7 11 0.023407964
206 464 15 16 0.0234748
389 464 7 8 0.023515036
317 432 10 12 0.023585198
577 318 12 19 0.023586025
289 299 6 6 0.023614379
584 371 12 20 0.024233643
820 281 7 7 0.024390709
893 438 13 17 0.024571521
61 372 18 32 0.024624996
281 344 5 5 0.024630534
323 355 15 15 0.024813835
430 388 13 17 0.025227774
260 276 6 7 0.025413008
890 215 5 8 0.025494754
648 388 8 11 0.025523936
786 433 8 11 0.025679965
719 294 7 7 0.025690954
310 372 9 8 0.026081964
1010 358 8 8 0.026251338
946 211 7 8 0.026295688
1011 343 8 8 0.026476791
445 354 13 18 0.02647845
1015 451 7 11 0.026709331
424 438 6 7 0.026798815
896 213 6 8 0.026893187
54 363 12 19 0.02695547
263 315 6 6 0.027068457
274 430 10 11 0.027156938
569 321 7 12 0.027207332
787 327 7 8 0.02722313
31 333 8 14 0.027451409
67 318 12 20 0.027638024
895 299 7 7 0.02768628
611 435 8 12 0.027789928
277 487 8 11 0.02807051
160 408 6 8 0.0282233
887 300 7 6 0.028573353
982 227 8 10 0.028723763
770 483 8 9 0.028922383
883 420 9 12 0.029395575
817 387 9 10 0.029801585
28 324 11 18 0.030031132
658 387 7 9 0.030317102
837 343 7 8 0.030540705
674 421 7 9 0.030578777
213 445 14 16 0.030603524
768 385 13 17 0.031114306
82 323 7 10 0.0311627
325 296 6 6 0.03133579
946 225 8 10 0.031471964
354 310 5 6 0.031490356
816 447 7 12 0.031556934
744 329 6 6 0.031847306
759 231 7 9 0.032038894
575 401 13 19 0.03246272
916 371 7 8 0.032515522
709 248 4 7 0.0325914
655 310 7 9 0.032632798
170 436 7 10 0.03285399
705 417 7 11 0.033339813
834 325 7 7 0.03351337
31 309 7 12 0.033537034
738 435 8 12 0.033820793
1 352 6 14 0.033967156
849 398 11 12 0.03424978
553 447 6 10 0.0347864
784 231 7 8 0.034859743
1014 406 8 9 0.034863234
360 344 7 7 0.035101287
198 469 9 9 0.035354573
374 374 8 8 0.035473898
950 420 13 16 0.035586376
788 375 8 8 0.03572357
887 325 8 7 0.03573268
678 438 8 11 0.0358776
962 387 8 8 0.036196575
959 423 10 9 0.036226857
648 320 7 11 0.036560412
309 359 8 6 0.037379164
921 246 6 7 0.03748099
834 366 12 11 0.037547734
633 357 6 11 0.037655696
65 381 12 20 0.03783346
885 344 6 7 0.037848905
56 381 12 21 0.0379218
835 358 14 15 0.038388252
821 309 7 7 0.03850356
55 360 9 14 0.038884975
372 384 13 16 0.039662354
465 298 6 7 0.039714523
918 406 8 10 0.040023316
230 439 9 11 0.040108502
694 249 4 7 0.040203705
805 385 7 10 0.040306132
869 343 8 8 0.040336125
688 445 8 12 0.040604003
805 325 6 7 0.040661823
275 277 6 7 0.04069295
953 258 6 7 0.041136883
975 296 6 6 0.0411572
591 371 8 14 0.04121349
630 453 9 12 0.04124532
785 344 7 7 0.041337047
54 357 12 19 0.04134008
342 310 5 6 0.04142522
3 236 15 37 0.04177812
724 415 8 11 0.041992873
262 295 6 7 0.042876523
855 309 7 7 0.04305663
483 293 6 8 0.04315693
588 369 12 19 0.043236896
740 309 7 7 0.043262895
433 425 7 9 0.043557886
404 387 8 12 0.043584008
722 325 6 7 0.043709982
432 432 7 9 0.044071052
765 416 13 17 0.04413896
55 365 9 13 0.044326782
295 424 10 12 0.044355653
553 439 6 11 0.044492017
727 242 5 7 0.044658713
851 341 8 8 0.04479749
294 309 5 5 0.045369506
376 315 5 6 0.04537531
195 438 8 9 0.045401752
969 245 7 10 0.04566051
596 325 6 9 0.046017803
993 342 7 7 0.046148244
888 357 7 9 0.04622433
709 325 8 7 0.046632525
324 326 6 6 0.046852622
433 399 8 10 0.046904307
822 327 6 7 0.04706973
245 401 11 16 0.04712708
772 308 6 7 0.047248255
754 405 8 11 0.047535185
598 307 5 7 0.047762074
742 244 6 9 0.048005674
914 415 9 12 0.048009653
935 325 7 7 0.04844544
759 247 6 8 0.048465073
654 447 9 12 0.048471577
354 327 6 6 0.048867397
565 309 5 10 0.0489463
659 434 9 10 0.049116854
448 356 9 12 0.04934485
756 389 8 9 0.0494973
321 373 9 8 0.04951819
946 325 6 7 0.05018851
708 379 7 7 0.050287735
792 421 9 11 0.050485097
340 402 8 8 0.050625376
896 357 8 8 0.050807703
450 327 6 7 0.05085367
849 393 10 11 0.05124845
9 405 17 37 0.051461462
222 447 9 12 0.051491745
996 390 7 8 0.052720793
950 402 8 9 0.052784856
898 323 7 9 0.052870665
584 291 5 8 0.05294874
726 311 7 8 0.05343325
255 424 9 11 0.054200303
642 433 9 11 0.05441301
853 297 7 6 0.05447521
384 384 8 11 0.055491216
819 360 8 9 0.055525944
184 449 9 10 0.056079064
918 391 9 9 0.056372315
339 392 9 9 0.05638251
996 456 8 8 0.056402896
27 326 7 15 0.056576192
757 371 7 8 0.05665714
420 381 12 18 0.05712559
468 306 6 7 0.057988077
961 406 8 8 0.058037017
625 341 7 11 0.05836279
224 468 9 10 0.058744024
755 307 6 7 0.059508752
742 344 7 7 0.060173184
626 325 6 9 0.0602877
1010 424 8 9 0.06038484
695 359 6 6 0.060450733
851 328 7 7 0.060689207
774 246 5 7 0.06097252
868 311 8 6 0.061449848
421 355 14 17 0.061791353
614 326 5 8 0.062079087
649 309 6 10 0.06214983
374 325 5 6 0.06287843
798 356 9 10 0.06298755
69 322 8 11 0.06322989
934 230 8 10 0.06338721
279 298 6 7 0.06396388
752 343 7 7 0.0640321
422 376 9 10 0.064052984
628 307 6 8 0.06442488
790 308 7 7 0.064601384
682 339 7 9 0.064726554
0 274 13 46 0.064918734
309 308 5 5 0.065391734
918 324 8 8 0.06547131
434 360 8 10 0.06602906
774 344 7 7 0.066114314
991 328 8 7 0.06710254
757 415 8 12 0.06769638
689 313 7 8 0.0679908
325 343 6 5 0.06870714
978 308 6 6 0.06974615
966 452 11 10 0.07049177
609 408 9 13 0.07051394
898 344 7 7 0.0707231
404 325 5 6 0.0708435
21 349 8 14 0.071037516
280 308 5 6 0.071167916
439 369 8 10 0.07138599
1010 386 7 8 0.07144321
743 357 6 6 0.07177594
979 357 7 6 0.072271146
787 390 7 10 0.072941795
439 307 5 6 0.073377594
436 327 6 6 0.07347435
30 326 8 13 0.07381046
677 389 7 7 0.074221276
833 308 8 8 0.07436393
981 404 9 8 0.0743856
632 406 10 13 0.074401245
389 313 5 5 0.07476572
888 373 8 10 0.074966885
357 389 7 8 0.07498031
594 293 5 7 0.07562105
723 374 7 7 0.076299235
787 399 9 12 0.07644824
453 307 6 6 0.076757334
662 416 8 10 0.07692838
580 310 5 9 0.07720785
456 297 6 6 0.07744274
741 374 7 8 0.07758035
374 358 7 7 0.07808462
930 356 8 7 0.078424804
421 326 5 6 0.07901821
612 336 7 11 0.07926849
964 341 7 6 0.07933602
822 370 9 11 0.07949515
325 311 5 5 0.07998256
994 404 9 9 0.080237
818 293 7 7 0.08106797
938 295 6 7 0.08134133
358 406 8 9 0.081589706
406 343 6 6 0.08270404
647 292 6 7 0.08321988
342 344 6 5 0.083244935
209 467 10 10 0.083356045
337 359 8 7 0.083710134
615 311 6 8 0.084786065
693 375 7 7 0.08488393
727 342 7 6 0.085056715
435 341 7 7 0.08571788
613 295 5 7 0.0859013
209 442 9 10 0.085983016
837 360 10 10 0.086122185
974 451 10 10 0.086185835
567 294 5 9 0.08796287
387 343 6 7 0.08836524
279 324 6 6 0.08850924
390 357 8 9 0.08888349
804 339 7 9 0.0900594
946 343 7 7 0.09061001
753 328 8 8 0.09065466
341 372 8 8 0.09108885
309 340 6 6 0.09176111
57 307 7 10 0.092072934
294 326 5 6 0.09261552
632 296 6 7 0.09264865
712 289 6 9 0.09308
898 306 7 7 0.09310583
311 328 5 6 0.09374866
898 385 9 10 0.094061024
356 375 8 8 0.0956532
968 309 6 6 0.096309416
580 322 7 11 0.0971851
833 291 7 7 0.097655155
999 424 9 9 0.09854966
659 407 8 10 0.09873948
694 324 7 8 0.10140266
934 342 7 7 0.101543434
951 422 10 11 0.101645686
809 297 7 7 0.10215036
885 305 6 7 0.102674596
640 405 9 11 0.10288106
594 343 7 10 0.103454344
1 319 6 14 0.103967555
759 360 6 8 0.104422525
770 371 8 8 0.10487662
706 343 6 7 0.105978906
950 375 7 7 0.10735134
774 360 7 7 0.10751611
192 452 9 10 0.10751869
385 374 8 11 0.107554026
871 293 7 7 0.108159885
676 446 8 11 0.10874278
945 311 6 8 0.10895727
951 387 8 8 0.10991527
724 388 7 8 0.11015531
920 346 8 7 0.11031604
738 386 7 8 0.11321421
360 356 7 7 0.11415833
294 342 5 5 0.11415908
421 343 6 7 0.1142434
312 298 5 7 0.11523018
725 404 7 10 0.11676418
420 307 5 5 0.11679004
400 356 8 10 0.117659755
983 327 7 7 0.11827644
1009 375 8 9 0.119793
229 325 6 6 0.12035819
433 391 8 12 0.12162431
421 383 9 13 0.121828675
197 392 8 10 0.12192659
808 307 6 8 0.12237595
768 418 9 12 0.122619614
983 345 7 6 0.12277292
389 325 6 6 0.12374704
440 298 5 7 0.12383287
997 368 8 9 0.124606155
1012 431 8 10 0.12506935
215 447 10 11 0.12770486
689 340 7 8 0.12927523
720 359 6 6 0.13037765
404 312 5 5 0.13076645
648 447 11 13 0.1322517
695 406 8 10 0.1322676
937 312 7 7 0.13244852
678 374 8 8 0.13250014
181 439 7 9 0.13511308
931 401 9 11 0.13628116
999 361 8 9 0.13635339
871 360 9 11 0.13637815
304 414 9 12 0.13760729
423 359 9 11 0.1378808
713 358 7 7 0.13832536
918 355 9 9 0.13874727
948 356 8 7 0.14124581
916 306 7 8 0.1424124
774 292 6 6 0.14326231
687 438 9 13 0.14551672
369 342 7 8 0.1461068
967 357 8 7 0.1526231
788 295 6 6 0.15347713
12 415 24 48 0.15614212
792 358 9 10 0.15658511
814 417 10 13 0.1568292
981 375 9 8 0.15699935
690 388 8 8 0.15703297
68 307 7 8 0.15928781
417 449 8 9 0.15952411
199 399 8 10 0.1602392
709 385 6 8 0.16087185
898 375 9 10 0.16097946
261 321 5 7 0.16366069
979 385 8 8 0.16390285
964 329 7 7 0.16444156
704 401 7 11 0.16463266
85 308 7 9 0.16690472
675 403 8 10 0.1683599
966 291 6 7 0.17000785
947 293 6 6 0.17272505
967 376 8 7 0.17667559
771 387 9 12 0.17891602
692 417 8 11 0.17958927
930 372 9 10 0.1813498
800 422 8 12 0.18196993
803 450 9 13 0.19186044
304 409 9 12 0.19274004
240 431 10 13 0.19442815
293 431 10 12 0.20359842
663 376 8 9 0.20395663
325 358 10 9 0.21255617
373 386 10 11 0.21974926
310 434 11 13 0.2326546
258 436 10 13 0.30577207
274 424 11 12 0.3379509
246 402 9 12 0.5236012

