35_Basketball_playingbasketball_35_674
133
1001 301 15 39 0.010172715
781 105 28 42 0.010335218
895 76 34 53 0.010415109
793 107 35 56 0.010501243
640 246 38 54 0.010649004
475 38 25 17 0.010901978
20 171 36 62 0.011022726
615 41 34 62 0.011046278
563 324 37 59 0.011087045
951 251 26 18 0.011306668
626 79 21 21 0.011361832
494 36 23 17 0.011464312
895 141 27 42 0.0117441965
518 121 22 30 0.011850088
615 78 22 28 0.0121068
378 136 40 71 0.012263163
251 38 23 19 0.012276317
551 320 35 58 0.012405726
27 207 26 44 0.012518597
633 51 51 81 0.012592121
573 79 25 18 0.012683268
16 238 18 38 0.012946662
96 161 33 68 0.01302505
913 335 23 53 0.013071905
1002 270 16 39 0.013215016
545 36 22 19 0.013346147
356 147 18 35 0.013439416
904 243 19 33 0.013860879
936 121 19 33 0.014101152
794 94 20 29 0.015012499
1012 285 11 26 0.0152035775
906 280 18 35 0.015643494
480 113 22 20 0.015757827
898 84 21 21 0.015759002
806 120 24 20 0.016084654
619 52 19 33 0.016784994
279 0 29 36 0.016818086
500 134 42 55 0.017684601
349 133 33 65 0.01783456
593 26 18 31 0.017885689
530 135 45 50 0.018506836
618 50 27 42 0.01871458
352 141 24 48 0.018800512
692 306 30 41 0.018865582
667 53 29 46 0.019534873
411 81 28 42 0.020061117
930 84 14 23 0.020591853
20 203 35 62 0.020706484
808 144 28 40 0.021662032
679 299 38 53 0.021874538
395 16 29 37 0.022721717
749 50 13 25 0.023575386
1007 287 17 23 0.024144176
962 137 37 56 0.024659963
973 35 33 66 0.024661133
479 112 29 41 0.024717038
933 295 24 49 0.0247242
266 0 29 36 0.025210192
453 179 38 55 0.025675459
919 340 31 79 0.025763568
554 93 28 39 0.027946224
278 82 31 37 0.030471303
494 25 19 32 0.031550962
972 175 21 29 0.03218321
992 258 32 66 0.033144187
874 157 20 34 0.033312276
584 266 37 56 0.0340376
349 103 29 42 0.034296125
804 55 26 19 0.034447014
553 101 36 50 0.035471916
842 142 24 19 0.037144512
0 46 17 36 0.03766262
553 37 22 20 0.039396714
0 89 27 62 0.039793283
269 19 24 19 0.039901584
473 108 39 57 0.040236067
875 176 24 20 0.04063339
905 85 22 22 0.041138217
978 127 20 21 0.04195277
345 96 38 57 0.043247364
1003 253 20 22 0.044197842
930 139 28 40 0.044478748
475 77 28 42 0.044551805
799 126 22 21 0.046277586
633 54 32 43 0.046426
869 145 33 57 0.048236214
569 83 28 37 0.049341977
559 107 23 31 0.050580606
277 11 30 37 0.059879087
840 127 19 33 0.061807238
11 226 35 57 0.06444154
470 132 58 78 0.07826612
1001 245 17 35 0.083471924
782 88 20 31 0.0872227
946 247 19 34 0.09052204
916 325 31 76 0.10524926
505 35 22 21 0.10785811
748 48 19 32 0.115525424
266 10 29 37 0.123312235
872 167 29 35 0.1391415
553 30 18 33 0.14821465
953 248 19 33 0.1602082
927 78 18 33 0.16316551
600 30 23 21 0.1665163
475 134 43 54 0.17684919
563 105 31 36 0.18032259
649 262 29 41 0.18605448
803 117 20 32 0.19004236
832 141 28 41 0.22179262
510 29 18 33 0.23917073
659 46 38 64 0.24042329
595 269 35 55 0.24147454
353 13 22 29 0.24814725
21 231 27 44 0.25377035
450 36 27 44 0.25751358
354 90 31 37 0.34397024
449 23 26 46 0.36832184
903 84 20 32 0.36928633
605 25 19 33 0.40474892
265 83 30 39 0.48236993
804 50 19 30 0.48885983
290 114 29 38 0.49949077
408 17 29 37 0.51068527
861 258 26 43 0.5413346
215 75 28 38 0.6021088
380 140 52 90 0.60762227
629 45 39 63 0.64032674
150 62 37 52 0.64895153
0 85 23 52 0.686924
166 16 33 35 0.6992701
981 26 34 75 0.7282453
88 8 33 36 0.77487856
188 130 40 64 0.812021

