35_Basketball_playingbasketball_35_732
22
567 231 29 38 0.010453236
818 229 10 5 0.0105877975
564 236 41 53 0.011062688
544 217 42 50 0.012121751
322 87 8 8 0.012393872
271 69 6 12 0.014081086
984 211 29 39 0.015578528
864 229 8 6 0.0160765
350 87 19 29 0.020820387
550 222 32 37 0.021248354
1003 259 17 35 0.021830786
330 91 19 29 0.02217614
347 85 24 16 0.022936665
570 243 30 39 0.024359014
345 89 24 18 0.024847377
333 92 24 18 0.02917
962 223 8 8 0.03477749
834 229 8 6 0.03855854
764 319 20 31 0.045034252
854 231 8 6 0.05299412
642 274 28 43 0.057062317
647 259 27 42 0.41464466

