35_Basketball_playingbasketball_35_248
77
820 854 8 9 0.010021638
292 843 8 7 0.010022297
961 810 10 5 0.010083544
644 923 32 37 0.0100971805
892 832 23 17 0.0101320855
118 913 7 16 0.010187442
799 943 40 61 0.0102381455
354 887 5 8 0.010399424
639 893 44 53 0.01052184
309 828 7 7 0.010564909
672 889 10 8 0.010612958
240 836 8 6 0.010731371
1016 835 8 11 0.010743684
638 915 43 52 0.011310885
946 825 11 6 0.011491909
404 829 34 33 0.011649337
24 905 21 22 0.011698802
905 837 20 26 0.011827651
664 886 24 16 0.012292673
245 773 6 9 0.012362614
945 1376 65 85 0.01255739
538 419 6 10 0.012943042
870 822 6 6 0.013877579
352 898 5 11 0.014349786
888 834 7 7 0.014397682
516 422 6 9 0.014415718
227 839 7 5 0.015529536
335 820 8 8 0.015885133
657 895 23 17 0.016192978
979 819 12 7 0.017834408
111 901 17 33 0.018149924
21 899 19 22 0.01843845
936 831 29 14 0.018512875
981 811 10 7 0.020969657
904 809 6 6 0.021688296
891 849 24 17 0.02203994
213 838 6 5 0.022039987
134 923 19 31 0.0224898
944 806 9 5 0.023284696
935 806 7 5 0.024586322
505 766 23 20 0.026526226
653 854 15 19 0.026552318
282 849 9 11 0.026606368
5 801 6 10 0.031779803
706 898 8 9 0.033580884
898 834 8 7 0.03589355
915 824 8 6 0.03761956
139 846 16 29 0.039298337
648 862 14 18 0.03955181
930 823 10 6 0.04214829
813 854 20 19 0.04230859
305 830 13 16 0.04268506
886 823 6 6 0.045001492
326 827 7 8 0.045187686
397 832 27 17 0.04525544
905 843 26 16 0.04619619
665 897 23 18 0.047106355
899 823 7 6 0.05176576
913 840 13 8 0.054670505
320 828 14 16 0.056291774
441 769 23 20 0.058912847
19 898 16 32 0.059897546
116 909 11 26 0.06214243
937 851 26 17 0.14462103
907 837 24 16 0.15766922
28 893 17 32 0.30476272
152 955 28 43 0.35120618
143 857 15 19 0.36926168
323 831 9 10 0.38127008
144 853 18 22 0.5059405
307 832 9 10 0.53272843
171 888 20 32 0.7459171
394 826 30 39 0.7759687
813 858 19 22 0.7876784
649 859 22 21 0.7883869
289 853 9 12 0.8242084
492 918 26 40 0.9392171

