35_Basketball_basketballgame_ball_35_478
66
942 262 23 17 0.010000263
322 153 6 8 0.010061826
357 187 5 7 0.010140243
949 266 10 9 0.010398035
947 342 7 11 0.010986207
896 217 10 8 0.011015264
897 204 8 7 0.011304423
813 335 9 10 0.0114646405
855 312 6 8 0.012274166
662 163 9 12 0.012370367
404 258 10 11 0.013196784
806 332 13 15 0.01341704
804 187 6 7 0.013506215
401 388 7 11 0.013518635
314 272 21 20 0.013545375
720 338 12 19 0.0137432255
308 167 6 7 0.014374064
737 168 7 10 0.015032494
312 156 7 8 0.015208784
788 187 6 6 0.015329938
613 181 6 9 0.015363387
660 157 9 11 0.015625471
931 284 8 6 0.015816439
775 190 6 6 0.016655885
806 205 6 6 0.017681232
627 164 8 11 0.018486885
883 220 10 7 0.018887002
757 199 7 8 0.019050833
871 296 6 8 0.019144835
786 201 6 7 0.019178227
707 342 6 11 0.01928962
914 229 10 7 0.019390821
642 168 7 11 0.020571062
839 194 23 18 0.020703686
743 198 6 7 0.02103913
136 431 57 80 0.021052696
466 204 6 7 0.021632835
854 298 5 7 0.022330975
803 219 8 6 0.022629416
341 246 9 10 0.022767933
327 187 6 7 0.023125414
869 315 6 8 0.023504375
788 238 10 7 0.023512216
863 272 7 8 0.02459673
814 339 9 10 0.024801027
805 247 11 8 0.029091733
721 319 12 17 0.030319152
630 198 7 9 0.030404478
803 231 10 7 0.03387429
918 280 7 7 0.039661787
776 198 6 7 0.042790182
807 334 10 11 0.044164296
792 348 7 10 0.04462365
788 244 11 8 0.04688059
805 337 13 17 0.050800044
724 342 7 10 0.062220834
858 277 7 9 0.08244025
935 298 8 8 0.08648218
944 297 8 9 0.10450746
920 299 6 7 0.10515273
806 340 10 10 0.19474393
705 331 7 10 0.19686739
723 321 8 11 0.22140408
864 276 7 10 0.28993347
722 317 9 12 0.4851255
128 412 71 84 0.9620687

