35_Basketball_playingbasketball_35_632
37
125 438 23 18 0.010057371
24 666 12 22 0.010656662
856 485 8 9 0.01083224
226 478 8 10 0.01203035
198 506 12 22 0.013336462
237 469 14 16 0.013628173
458 322 24 48 0.014245503
827 90 45 51 0.015639096
865 480 13 18 0.01611127
26 503 7 10 0.016211843
866 30 34 36 0.017638141
175 477 21 18 0.017748266
28 660 13 19 0.01994883
721 488 13 19 0.020745622
327 536 29 39 0.02158223
860 25 45 51 0.023966791
479 348 17 33 0.02954123
26 510 6 11 0.029630942
261 483 9 9 0.03091406
245 477 9 10 0.03193544
240 472 10 10 0.03375728
211 484 8 10 0.034324586
54 651 12 22 0.035841122
28 666 13 21 0.03598485
914 484 11 13 0.036389187
464 342 18 34 0.04219752
907 487 20 20 0.042509828
34 509 7 10 0.045879446
868 482 8 11 0.053708766
231 470 8 10 0.054280963
284 476 23 18 0.055403735
906 476 18 28 0.067489736
720 483 14 19 0.0742382
134 444 22 20 0.076798335
34 504 6 9 0.22741899
911 482 14 19 0.5516327
126 442 21 21 0.7075898

