35_Basketball_playingbasketball_35_782
35
560 262 53 99 0.0101751415
678 198 36 70 0.010179358
240 244 114 148 0.012680313
635 0 37 62 0.014105945
1006 5 16 38 0.014347398
405 45 52 93 0.015266654
997 549 23 124 0.017865272
592 0 45 59 0.018395308
668 217 40 67 0.021966342
372 22 39 68 0.025080582
351 27 39 64 0.025097739
367 231 55 99 0.026685016
0 13 22 104 0.027987402
659 200 53 94 0.029002404
449 37 75 143 0.031742044
596 0 51 82 0.036984485
628 0 47 83 0.043531395
327 29 59 74 0.046103735
982 574 42 102 0.060028307
363 212 54 94 0.08215158
525 255 63 89 0.1032151
339 211 71 82 0.11664378
423 35 40 76 0.16842839
407 21 59 79 0.4255251
222 7 62 77 0.47559962
427 21 55 89 0.5911528
278 44 70 85 0.78201145
458 61 59 99 0.80032843
112 337 71 111 0.8689295
241 24 61 79 0.88908666
220 578 80 123 0.91879004
763 0 67 73 0.9246601
927 411 74 93 0.9587717
114 6 67 81 0.97190124
526 292 70 179 0.97952956

