35_Basketball_basketballgame_ball_35_446
22
696 729 23 19 0.010996813
751 741 22 19 0.011034408
723 823 14 20 0.011912957
547 101 120 128 0.011941497
634 814 20 30 0.012760294
778 782 19 30 0.012987424
253 803 22 20 0.013444505
871 837 25 44 0.015289266
809 802 24 47 0.020405857
781 780 13 19 0.022097003
810 810 21 21 0.022985969
761 828 20 21 0.023485208
766 820 17 32 0.026289335
553 1035 364 396 0.037420794
760 741 22 19 0.050122682
881 811 21 20 0.05466151
719 774 13 21 0.06255568
879 808 18 33 0.10094182
488 334 81 103 0.107489064
861 778 19 21 0.118905015
829 742 20 21 0.14594287
459 344 95 121 0.90403366

