35_Basketball_basketballgame_ball_35_662
112
351 85 20 31 0.010031635
462 21 13 21 0.010243839
0 0 9 20 0.010417237
749 67 23 18 0.010938736
60 93 31 38 0.0110063385
31 117 24 20 0.011021094
686 8 22 19 0.011313444
10 114 26 43 0.011329243
121 74 23 29 0.011415067
781 20 23 17 0.011443567
748 7 24 19 0.0115085505
632 18 23 19 0.011560983
204 146 35 37 0.011722427
737 136 32 42 0.011798134
12 119 17 37 0.011849825
516 76 26 47 0.011860015
156 49 33 33 0.011987071
811 33 25 19 0.011999016
867 15 12 23 0.012111136
233 129 27 19 0.012326094
696 15 21 20 0.012513647
685 54 24 21 0.012609379
1016 107 8 31 0.013023585
807 0 18 31 0.013539553
645 12 21 29 0.013574294
122 37 26 16 0.014106523
201 96 24 19 0.014177058
38 117 25 21 0.014491113
56 85 25 18 0.0146150105
31 106 33 54 0.014892542
695 9 22 20 0.015973296
491 2 26 17 0.016202401
528 67 23 19 0.016538652
60 6 24 18 0.01657414
560 38 22 21 0.01712269
725 76 32 34 0.017443955
808 2 23 18 0.017633565
303 94 21 30 0.018698152
407 56 28 38 0.019409526
129 24 26 24 0.019615093
226 53 28 38 0.019882075
843 14 19 32 0.020110654
997 148 7 17 0.020330913
800 8 22 18 0.020496862
704 1 20 31 0.020924903
739 120 30 40 0.021208555
572 23 21 29 0.02201034
705 23 21 29 0.023505086
865 17 19 31 0.023997838
252 0 32 33 0.02452603
621 5 22 18 0.027480362
408 145 28 40 0.027519831
540 39 29 37 0.02853437
65 34 20 31 0.030985879
491 0 21 28 0.031346574
506 69 35 64 0.032741163
750 53 23 18 0.034157578
1 84 18 33 0.034792755
995 145 10 24 0.035176285
526 58 20 31 0.036476452
457 23 20 31 0.04033929
862 76 30 40 0.041055158
108 110 29 37 0.042480316
766 10 21 29 0.044369586
195 92 32 34 0.044426125
843 80 29 37 0.048512265
261 14 25 26 0.049172793
811 25 24 17 0.05003539
113 64 21 35 0.053641167
316 100 25 42 0.057627816
797 18 23 18 0.05872925
805 23 20 31 0.058972917
186 43 31 35 0.06252694
226 118 30 40 0.06267613
392 187 27 40 0.065409034
699 126 54 69 0.06911937
449 78 23 49 0.06949995
672 124 47 58 0.07536135
3 166 24 49 0.0818221
651 0 31 35 0.082796
859 148 20 30 0.08823216
743 56 22 30 0.10083309
203 110 30 40 0.11883816
731 126 42 61 0.19016328
845 142 27 42 0.20825578
754 1 21 31 0.21525604
697 47 21 32 0.21866028
116 63 29 36 0.27216977
38 115 20 33 0.2874687
688 120 48 63 0.29423517
0 0 15 25 0.29816434
166 0 33 30 0.35098407
483 72 37 75 0.3915103
107 69 32 36 0.3954025
554 30 28 37 0.4128812
245 68 32 38 0.4355575
311 95 31 33 0.45426652
379 69 27 38 0.45461142
116 108 32 36 0.4668708
289 131 29 41 0.4780942
64 40 28 38 0.4842999
361 135 31 40 0.5108494
713 81 31 36 0.52183837
427 9 26 40 0.5228702
684 53 30 36 0.53738153
67 100 33 56 0.5557568
210 136 37 64 0.5695895
799 122 44 67 0.62039816
664 0 30 37 0.65680546
598 44 42 68 0.67483294
760 3 24 30 0.6796337
805 41 30 37 0.7211042

