35_Basketball_playingbasketball_35_495
305
778 774 22 17 0.010007687
940 604 12 15 0.010021828
332 598 12 18 0.010049693
637 163 13 18 0.010172769
991 682 17 30 0.010198797
893 513 21 19 0.010207426
730 653 21 18 0.010210986
215 458 14 18 0.010250372
662 145 13 19 0.010306812
704 783 19 27 0.010389319
588 777 24 18 0.010443638
951 865 21 20 0.010600803
216 585 13 18 0.01062643
176 603 13 18 0.010739316
40 455 28 37 0.010755986
577 174 18 33 0.010832572
579 183 10 12 0.011176297
668 146 14 19 0.011235202
715 514 19 30 0.01125267
588 708 20 30 0.011336412
710 522 27 16 0.011412242
780 809 21 19 0.01141539
773 662 13 19 0.011444749
671 848 18 32 0.01146723
742 52 35 66 0.01150599
794 104 27 45 0.011646741
939 609 14 19 0.011673738
688 684 19 28 0.011691962
735 661 14 13 0.011837404
939 729 14 17 0.011895312
164 744 19 32 0.011985547
512 705 37 62 0.011987336
0 888 37 132 0.012099007
169 609 21 20 0.012118417
941 758 20 19 0.012137864
4 839 43 118 0.012144276
1016 956 8 34 0.012161105
587 783 21 31 0.012162005
352 454 20 19 0.012373477
163 630 21 19 0.012506401
769 104 49 88 0.012527967
475 1021 45 59 0.012632971
846 710 14 16 0.012801518
824 824 43 67 0.012807606
1010 1092 12 28 0.012808716
233 627 17 31 0.013091463
137 26 55 49 0.013124593
608 121 20 20 0.013156723
224 1132 20 31 0.013275924
254 698 20 20 0.013333495
254 1104 23 20 0.013502099
623 155 20 19 0.013603735
659 857 19 22 0.013616697
105 576 18 28 0.01371621
778 792 21 18 0.0138294585
782 673 12 19 0.013874866
976 660 14 17 0.014039171
822 775 14 17 0.014045747
776 121 28 43 0.014046314
285 755 23 18 0.014082111
774 96 35 62 0.01415236
770 896 21 27 0.014199026
1015 599 7 14 0.014221798
718 898 18 28 0.014240548
143 594 20 20 0.014359216
604 51 19 31 0.014504909
1001 758 20 21 0.01459264
518 124 9 11 0.014684111
360 485 23 18 0.014720742
323 675 13 19 0.014807686
776 152 37 63 0.015108497
211 604 14 19 0.015184706
990 871 14 19 0.015215305
120 441 13 18 0.0152209075
947 859 14 20 0.015277303
592 116 13 19 0.015661437
799 81 14 17 0.015745562
715 623 14 19 0.015812164
914 632 13 19 0.016020508
287 789 39 58 0.016033351
519 153 11 14 0.016124949
293 707 17 30 0.01613375
875 659 13 18 0.016151637
351 713 14 21 0.016323121
751 707 22 17 0.016332956
972 712 15 18 0.01666829
140 664 14 20 0.016760452
917 671 18 20 0.016885608
781 141 57 82 0.017083803
772 114 37 61 0.017136786
842 772 22 18 0.017137213
624 162 20 19 0.017208066
748 40 18 34 0.017340211
656 850 19 31 0.017366191
695 791 14 20 0.017386414
973 850 21 20 0.017424531
788 96 36 62 0.017566692
789 118 35 67 0.017624514
983 641 21 19 0.017628685
768 975 21 30 0.017746054
655 482 13 21 0.017943988
577 180 13 19 0.018064506
742 598 21 19 0.018139085
748 806 24 18 0.018330282
860 483 12 15 0.018640563
615 471 25 18 0.018879754
795 706 14 18 0.019026507
828 774 14 16 0.019350365
795 644 12 18 0.019357221
764 795 22 18 0.019406006
25 780 46 67 0.019714562
711 1080 29 40 0.01977168
1013 594 10 25 0.0197748
0 437 10 29 0.020096976
783 897 22 18 0.020097531
701 723 13 20 0.020247199
800 76 14 18 0.020266531
51 453 13 20 0.020303803
0 429 15 38 0.020409336
761 801 21 20 0.0204697
923 666 14 21 0.020893944
725 851 24 18 0.021067752
991 758 22 19 0.02107506
1011 1192 11 26 0.02138909
725 901 26 17 0.02154328
291 120 34 66 0.021665463
155 602 21 20 0.02177849
85 469 14 19 0.021948397
605 648 13 20 0.022051532
777 489 22 18 0.022230169
728 812 25 18 0.023490634
960 738 21 19 0.023492776
667 137 18 32 0.023583094
763 457 19 30 0.023962447
200 435 11 16 0.024117637
104 616 19 29 0.024267977
778 807 18 28 0.024570722
139 673 14 20 0.024747059
848 761 14 17 0.024910348
795 155 26 49 0.024917338
177 924 20 30 0.025088632
739 748 14 20 0.02570005
866 81 21 30 0.025936361
231 742 23 20 0.026014527
918 667 13 20 0.026072003
676 986 19 30 0.0267969
110 620 22 18 0.02696674
40 465 21 20 0.027123872
697 652 22 17 0.027462041
699 752 13 20 0.027703324
668 139 13 19 0.02796478
350 464 19 28 0.0279765
498 1041 48 56 0.028407821
754 739 13 19 0.028708832
1010 964 12 48 0.028948843
865 702 14 16 0.029217279
226 634 19 21 0.030290771
5 749 50 93 0.030429136
976 891 22 20 0.030663908
285 667 20 21 0.030775292
363 456 22 18 0.031039642
831 818 52 72 0.031222844
103 576 14 19 0.03191386
893 680 13 17 0.032556538
516 143 18 28 0.032806426
609 60 14 20 0.03324426
657 806 19 20 0.0332455
877 629 13 18 0.033603314
323 601 14 18 0.03468136
732 806 18 30 0.035113588
136 672 13 21 0.03567143
863 88 22 18 0.03585418
976 839 13 20 0.036228713
749 660 13 17 0.036805015
238 634 14 22 0.03701605
679 439 13 20 0.037255775
107 575 14 20 0.037512586
662 138 13 20 0.037621688
946 863 19 21 0.037680827
120 614 21 20 0.03811557
125 448 14 19 0.038184684
837 792 24 18 0.039724514
834 73 14 18 0.039848052
679 441 21 20 0.040476706
664 858 21 21 0.041361477
1010 444 9 15 0.041541312
589 687 20 19 0.04170105
578 172 14 17 0.042413287
161 608 20 20 0.04257836
761 705 21 19 0.043179303
907 815 20 22 0.043541163
973 892 17 32 0.044618364
930 729 21 17 0.045334317
683 171 15 19 0.046232466
854 502 13 19 0.04723016
1006 1196 17 24 0.047698345
39 615 27 42 0.047698755
266 603 14 19 0.048184086
727 816 23 19 0.049038667
883 691 13 16 0.04986719
335 734 18 31 0.050099824
177 915 18 31 0.050739735
951 827 14 20 0.050826572
46 625 21 21 0.051122665
265 767 18 30 0.052747913
856 483 13 17 0.05302416
241 704 17 32 0.056188714
994 605 13 18 0.05635883
695 752 13 21 0.056559216
723 659 21 18 0.05957278
358 423 14 18 0.061744902
864 706 14 16 0.062007137
708 623 19 20 0.062098403
695 793 22 20 0.06270517
947 630 14 19 0.06272642
0 418 8 23 0.06375853
675 175 19 20 0.06399388
288 741 18 32 0.06466318
119 27 57 48 0.06507416
187 917 18 31 0.06600449
11 775 52 92 0.066758476
863 729 21 19 0.06829503
991 660 20 20 0.069567084
614 127 18 31 0.069789015
681 177 22 19 0.07193335
934 695 22 19 0.07292775
871 659 13 19 0.07748115
559 407 59 75 0.08043537
117 21 76 67 0.08265154
1009 442 11 20 0.085320085
1012 897 12 22 0.08849131
591 710 21 19 0.08875166
729 658 21 18 0.089546464
766 895 22 20 0.090030976
704 473 19 21 0.091542736
674 822 20 20 0.09224069
243 704 20 22 0.09331536
983 636 14 18 0.09411477
721 849 22 18 0.09648949
125 444 13 18 0.09708576
262 608 13 19 0.09895419
169 625 17 32 0.099425584
203 434 13 18 0.10315644
231 639 22 20 0.10352083
711 619 14 20 0.10513551
935 604 14 18 0.1059069
104 571 19 21 0.107856
995 609 13 18 0.108040765
337 736 20 21 0.10904729
1015 830 9 24 0.10925766
678 171 15 20 0.110202126
685 962 22 20 0.11046952
227 739 19 31 0.112984166
940 791 21 20 0.114321776
782 818 21 20 0.114919946
220 459 14 18 0.11632181
971 895 22 20 0.117858075
609 130 19 21 0.118180156
282 671 21 20 0.11949015
592 683 14 19 0.11989054
731 789 24 18 0.12037035
262 774 24 20 0.12587322
763 453 22 19 0.12866364
290 450 13 19 0.12937538
208 609 14 19 0.14064974
167 568 20 20 0.14261404
770 856 21 20 0.14736845
174 703 18 31 0.14913595
697 183 21 19 0.15252665
350 579 13 20 0.15805976
143 435 13 18 0.1592286
801 726 19 20 0.16022587
833 792 20 20 0.16161248
721 899 21 19 0.16225532
1004 1092 17 33 0.16226092
985 694 22 19 0.16254656
302 632 20 20 0.16425276
317 612 20 19 0.1652242
789 144 35 70 0.16808611
789 646 13 16 0.16870092
45 566 14 20 0.18258071
106 626 22 20 0.184005
250 1097 27 39 0.19940287
283 741 22 21 0.20053963
744 989 21 29 0.20166121
858 763 21 20 0.20935035
344 472 22 20 0.21120518
831 628 14 20 0.21257117
674 978 19 30 0.21262765
691 690 13 20 0.21278934
737 751 20 20 0.22056599
287 579 14 18 0.22426596
738 1051 26 41 0.2248159
341 748 53 82 0.22490805
519 150 20 20 0.22500817
741 598 14 18 0.2270009
287 704 21 21 0.2348169
791 756 22 19 0.26950157
220 584 14 18 0.28201717
845 603 13 20 0.29273823
604 64 21 20 0.30382237
205 961 21 31 0.32701242
820 656 13 19 0.33951557
235 1149 21 34 0.43260032
172 1111 23 44 0.54533726

