35_Basketball_basketballgame_ball_35_709
359
776 675 20 20 0.010041759
183 618 21 20 0.010043158
145 646 13 19 0.01008882
226 366 10 13 0.010188299
610 310 12 22 0.010210433
849 710 13 20 0.010315581
315 532 14 17 0.010315708
312 675 21 18 0.010407185
1003 808 17 26 0.010432211
353 970 21 33 0.010473557
394 684 21 19 0.0104914075
400 213 12 13 0.010494008
777 705 19 28 0.01052775
271 961 24 19 0.010592855
149 355 10 14 0.010623378
432 211 12 13 0.010695529
811 779 14 20 0.010753651
112 328 13 17 0.010790093
758 386 13 19 0.010797929
790 984 23 19 0.010806265
891 706 13 18 0.010807167
752 611 20 19 0.010818209
333 630 21 19 0.010820281
822 284 9 13 0.010829707
998 348 10 10 0.010831648
828 489 13 18 0.010877315
416 643 21 19 0.0108843865
79 565 16 30 0.0109155495
788 401 13 20 0.010966309
6 539 26 40 0.010968807
494 34 110 131 0.011029933
127 785 20 20 0.011257323
885 708 13 19 0.011481708
3 966 17 25 0.01149504
193 536 14 19 0.011584082
358 835 23 20 0.011610898
434 698 16 31 0.01162216
800 541 22 29 0.011734748
220 891 25 25 0.011785026
893 644 21 18 0.011858406
194 663 18 29 0.011859965
47 640 20 20 0.011906689
772 929 14 22 0.0120618455
45 422 13 18 0.012091486
930 709 14 19 0.012092369
659 581 43 57 0.012178394
336 473 14 17 0.0122515885
832 435 12 18 0.012339273
867 441 9 14 0.012373949
799 426 13 19 0.012374538
921 764 23 16 0.012428437
357 755 17 29 0.012579931
798 602 22 18 0.012595187
152 667 21 19 0.012598573
739 246 13 18 0.012623452
127 421 13 18 0.012641508
201 954 23 27 0.012759781
166 375 12 17 0.012825319
849 893 22 18 0.012851486
765 923 20 21 0.013012564
368 823 22 21 0.013055269
320 423 9 12 0.013075035
767 456 20 20 0.013124637
4 802 16 33 0.013281316
66 461 9 11 0.013383118
337 618 14 18 0.01340634
770 230 9 14 0.013419893
790 615 14 19 0.0134679405
855 618 21 19 0.013538835
290 684 20 21 0.013565977
71 215 23 16 0.013569278
93 985 24 18 0.013620535
395 690 21 19 0.013725746
485 54 98 185 0.013756236
645 565 29 43 0.013798271
148 667 14 21 0.013807151
972 906 20 22 0.013852843
99 973 20 32 0.013894818
964 901 21 28 0.01398425
901 985 28 18 0.014054182
357 420 10 13 0.014123296
919 869 22 20 0.014124094
870 418 13 19 0.014194282
1014 579 8 27 0.014239556
303 429 10 12 0.014352665
358 599 13 18 0.014353313
59 629 20 20 0.014463885
991 766 19 28 0.0144651905
77 520 13 19 0.014484877
176 517 13 20 0.014490194
109 359 13 18 0.014507301
880 728 19 27 0.014527925
874 581 19 28 0.014761171
746 489 21 19 0.014783983
199 553 21 19 0.014848443
106 958 20 32 0.014938354
373 820 25 18 0.014960634
927 737 15 18 0.014980063
774 682 14 19 0.015082925
947 568 12 19 0.015127227
781 668 13 18 0.015170957
893 983 25 19 0.015224102
970 604 18 21 0.015315039
230 688 23 19 0.015351972
21 859 25 20 0.01543462
807 666 13 19 0.01563007
976 778 24 18 0.015638135
51 808 20 20 0.015816668
445 698 16 32 0.015850054
145 604 14 19 0.016057992
319 779 23 20 0.016161673
88 1033 23 48 0.016222738
197 552 13 21 0.016223567
826 1006 31 35 0.016438505
3 598 11 23 0.016464492
318 474 14 17 0.016525062
801 361 13 19 0.016643925
247 327 11 13 0.016682638
975 573 13 18 0.016867315
292 620 14 20 0.016912725
111 406 13 18 0.016940925
806 1006 20 30 0.017004907
696 394 21 20 0.01706103
33 823 20 28 0.017158205
183 561 21 21 0.01721936
963 602 12 20 0.017288068
908 861 21 26 0.01733831
955 684 14 20 0.017441291
356 828 21 28 0.017469032
46 959 21 29 0.017483482
264 777 23 21 0.017637935
887 469 10 13 0.017712614
311 390 10 12 0.018031286
357 414 10 14 0.018083546
318 701 21 20 0.01812025
168 935 22 29 0.018444516
967 969 22 21 0.018497977
814 408 12 20 0.018881988
11 604 17 32 0.01903167
235 731 18 30 0.01904142
838 679 13 20 0.019293563
782 921 19 21 0.01944017
215 974 28 38 0.019440962
869 790 17 30 0.019452937
173 357 13 17 0.0197263
908 636 22 18 0.019758506
762 416 20 21 0.019955838
758 728 13 19 0.020102186
381 469 14 17 0.02026728
307 599 14 19 0.020324988
862 811 14 21 0.020352028
985 723 22 19 0.020425387
0 815 14 24 0.0204693
946 652 14 20 0.020534001
79 612 13 21 0.020616237
950 688 14 19 0.020655926
146 550 14 21 0.020804591
853 737 13 21 0.020861577
304 456 13 18 0.020995293
437 703 18 22 0.021083424
791 839 24 18 0.021089861
672 568 22 20 0.02110609
810 1001 24 18 0.021218339
17 459 13 20 0.021577606
563 453 40 56 0.021680593
798 550 21 19 0.021942165
258 947 28 37 0.022347508
961 970 22 21 0.022609772
835 721 18 29 0.02269394
923 788 23 18 0.023127252
974 865 20 21 0.023374422
49 793 18 29 0.023414765
263 584 22 18 0.023533449
298 684 21 20 0.023555955
326 706 22 20 0.023646796
975 761 19 27 0.02366736
207 372 13 17 0.023697479
5 920 20 30 0.023774559
994 816 20 23 0.02407512
768 962 18 32 0.024201179
790 645 13 19 0.024425339
0 888 17 24 0.024686951
162 986 29 38 0.024707604
187 730 22 21 0.025070364
81 864 20 21 0.02530413
364 601 13 19 0.025428692
755 968 14 22 0.025703201
976 695 21 19 0.025787823
422 475 14 18 0.025951235
874 788 20 21 0.026117072
0 746 8 33 0.026127292
788 310 12 20 0.026304364
1014 605 9 29 0.026422717
218 580 23 18 0.027059961
803 291 13 19 0.027127922
844 675 13 19 0.027376749
846 922 23 21 0.02737678
146 610 13 19 0.02748653
971 835 22 27 0.027557144
3 891 21 28 0.02796671
855 898 24 18 0.027967645
367 715 21 20 0.02801365
785 979 22 20 0.028126996
800 785 23 19 0.028268537
0 472 10 25 0.028339101
295 431 11 13 0.0285944
719 571 22 19 0.028699407
189 722 17 32 0.028700057
941 985 23 21 0.028966488
388 784 20 28 0.029246787
62 595 13 20 0.029454656
214 602 14 19 0.029459843
999 814 18 31 0.029476967
924 776 23 18 0.029508386
641 556 37 60 0.029757656
239 928 23 26 0.029846145
185 711 23 19 0.029937472
803 780 20 19 0.030293278
887 952 24 19 0.030957142
710 569 28 41 0.031196563
182 615 13 20 0.03126385
867 772 13 19 0.031469006
354 690 19 20 0.03157466
101 587 13 20 0.032450918
1015 595 9 30 0.032908358
185 737 21 20 0.03311461
905 955 19 31 0.03317856
295 689 21 21 0.033239584
267 661 13 20 0.03332974
59 962 23 28 0.03359387
894 635 22 18 0.033595048
773 692 13 19 0.033665918
390 787 23 21 0.033825982
49 633 20 21 0.033840198
0 808 10 27 0.033929057
265 766 18 33 0.034121744
928 907 22 21 0.034165397
223 485 23 18 0.034306426
536 399 45 66 0.034392323
906 837 21 19 0.035105865
110 643 13 21 0.03535253
881 580 13 21 0.03544966
304 801 19 32 0.03554425
96 932 22 21 0.03580147
989 745 23 19 0.03622212
371 664 21 18 0.037400085
800 793 20 30 0.037979946
812 666 12 18 0.038030922
974 608 13 20 0.038504772
182 693 24 18 0.03931998
791 615 23 19 0.039591726
376 712 23 18 0.0399625
314 666 22 18 0.040550515
883 737 13 21 0.04166449
760 739 20 20 0.0425273
858 816 21 21 0.042574506
433 581 13 18 0.043079227
771 920 19 31 0.043462574
106 828 22 21 0.0437932
834 774 14 20 0.04416768
30 834 24 18 0.0447008
56 808 20 22 0.045545444
860 919 18 32 0.04590241
669 563 29 41 0.046079785
926 581 17 30 0.046517067
791 645 21 20 0.046712577
417 753 18 31 0.048003454
256 612 14 19 0.048717547
323 772 17 32 0.04989605
140 824 21 29 0.05038075
995 798 18 32 0.050882343
130 626 13 19 0.05098677
202 791 21 21 0.0512525
305 807 22 20 0.051450036
257 582 22 18 0.051629636
838 647 13 18 0.051893257
375 667 23 18 0.055330858
852 618 14 20 0.05640348
796 986 20 33 0.056780078
944 656 20 20 0.056789808
1 967 23 47 0.05721892
247 932 24 27 0.057540786
15 618 19 21 0.0579659
904 926 19 31 0.0584162
975 578 13 19 0.058666125
394 867 20 32 0.05904438
33 983 25 43 0.05963272
983 781 24 19 0.0599253
947 685 20 19 0.060468867
344 489 22 19 0.061720777
973 759 23 19 0.06233346
217 759 21 20 0.06270826
867 863 20 22 0.06312246
369 647 21 19 0.063318774
391 582 14 19 0.06405266
263 660 13 20 0.06480071
246 626 13 20 0.06631661
939 982 20 32 0.06648127
903 929 25 19 0.06745215
267 706 21 20 0.06797142
162 585 14 20 0.06827831
361 722 22 19 0.06830298
914 867 21 21 0.06879239
26 776 22 21 0.06882332
1004 1004 19 33 0.06900257
795 809 24 19 0.06931251
875 1008 30 37 0.07124941
7 555 22 20 0.07155847
923 732 20 20 0.07246367
924 807 23 20 0.073126435
227 684 20 20 0.07322596
55 962 24 20 0.07333722
152 711 23 20 0.07381386
753 961 17 34 0.07487257
274 754 22 20 0.07492302
530 382 47 104 0.07524506
241 735 20 20 0.080986165
146 673 19 21 0.082212664
904 957 27 18 0.083353
15 854 19 30 0.08365896
828 722 21 21 0.083731554
171 941 23 28 0.084669344
390 628 14 19 0.084726125
352 753 22 21 0.085185625
871 857 18 30 0.089165784
495 986 24 46 0.08944113
215 603 22 20 0.08966977
321 705 22 19 0.09423001
289 624 19 21 0.095579684
994 929 19 32 0.100030005
898 674 14 19 0.10035674
181 562 14 20 0.10341386
262 984 28 39 0.1095525
138 960 23 30 0.113776766
82 567 13 20 0.11397692
7 961 18 35 0.11447106
356 553 14 21 0.119705334
903 978 22 31 0.12287168
328 646 22 19 0.12309104
301 729 21 20 0.123119846
774 984 26 43 0.12748791
412 757 24 20 0.12781896
299 554 20 20 0.12816404
418 599 14 19 0.12937243
62 981 24 47 0.13066077
995 983 25 43 0.1312672
285 991 30 40 0.13233839
884 1003 28 40 0.14092046
240 550 21 20 0.14147621
864 974 22 31 0.14176072
189 663 23 18 0.1653732
408 550 24 19 0.18571101
7 1000 25 47 0.18979368
344 962 29 38 0.19045226
184 981 31 40 0.20214291
780 715 21 20 0.20906363
222 1004 29 43 0.22270566
851 914 17 34 0.2492938
769 998 28 42 0.37982342

