35_Basketball_basketballgame_ball_35_391
20
616 111 21 23 0.011791837
22 195 37 66 0.013266177
44 59 17 39 0.013583799
42 69 22 52 0.013949236
989 256 35 167 0.014365764
247 436 67 80 0.016011724
999 265 21 118 0.016225865
474 68 26 17 0.017018702
510 63 18 34 0.017100891
977 116 24 48 0.019882029
1000 247 23 94 0.020214414
476 65 20 31 0.021196265
303 75 42 57 0.024168666
937 136 22 53 0.029986883
522 73 73 84 0.06980588
986 116 24 50 0.17894867
524 83 91 95 0.9760139
701 90 79 112 0.98253435
205 56 76 106 0.989307
374 96 76 106 0.99050856

