35_Basketball_basketballgame_ball_35_290
353
178 311 6 8 0.010036973
452 235 7 7 0.010270604
35 326 8 11 0.010379602
6 322 9 12 0.010424914
283 297 30 14 0.010549842
417 151 9 10 0.010625644
310 141 6 6 0.011041512
581 299 6 7 0.011061139
229 137 5 7 0.0112479385
737 138 38 57 0.0115644
401 249 7 7 0.011627375
894 452 11 8 0.011931516
631 285 6 6 0.011952874
21 337 9 13 0.012000509
888 446 10 8 0.012106168
994 456 10 9 0.012181922
139 323 18 20 0.012363145
644 286 6 7 0.012446799
776 307 11 12 0.012768128
641 329 7 7 0.012951707
463 321 9 12 0.013121333
802 415 6 7 0.0132236
569 325 6 10 0.013319025
276 155 5 6 0.013890865
912 344 5 6 0.014004397
65 214 8 8 0.014124777
66 247 7 8 0.014236023
487 143 23 28 0.014313989
116 128 5 7 0.014338749
707 506 9 9 0.014511883
1016 198 6 11 0.014667809
272 285 9 9 0.014918931
913 330 5 7 0.015222409
217 315 6 8 0.015386053
154 62 7 9 0.015584848
4 281 7 9 0.01566873
50 313 8 10 0.015993403
22 139 5 6 0.01643455
229 123 5 8 0.016469056
86 218 5 6 0.016601536
159 347 14 16 0.016620075
262 296 11 8 0.01662882
613 286 6 5 0.016719356
181 137 6 6 0.016823124
151 70 6 8 0.017015927
121 343 7 12 0.017102318
457 362 7 10 0.017371496
9 108 5 10 0.01765904
261 154 5 5 0.01794508
20 122 5 6 0.018003235
925 141 21 30 0.01801481
18 105 5 8 0.01866723
438 188 5 5 0.018851537
321 173 5 6 0.019249849
33 248 7 8 0.019639192
127 340 9 11 0.019987844
435 365 8 9 0.02026514
791 342 7 8 0.020284597
886 360 5 6 0.020364568
601 360 6 7 0.020643555
242 281 6 6 0.020773415
783 308 9 11 0.020979524
69 204 7 6 0.021115875
4 170 5 8 0.021270107
437 231 7 7 0.021311665
274 264 7 8 0.021438312
229 330 7 9 0.02162604
903 333 5 6 0.02166508
802 419 7 9 0.02229125
197 159 5 5 0.022328014
296 142 6 7 0.022532016
612 299 6 4 0.022802003
270 292 11 10 0.022802036
69 281 6 9 0.023189543
343 250 6 6 0.023831412
151 307 12 16 0.023899434
67 297 7 10 0.024033265
183 157 4 5 0.024066092
213 159 5 5 0.024522476
179 69 7 7 0.024533339
453 201 5 6 0.024637723
164 73 6 8 0.02494593
83 123 6 6 0.02529081
902 431 9 7 0.025468633
1017 342 5 12 0.0260414
820 344 5 6 0.026179168
586 341 6 10 0.026239341
214 220 5 4 0.026367126
326 186 5 6 0.02639776
199 264 6 8 0.026581347
439 204 5 5 0.026723653
66 266 6 8 0.027072472
21 332 8 10 0.027105382
8 262 11 17 0.027162364
227 219 5 5 0.0278229
435 392 8 10 0.027952477
309 188 5 6 0.028154658
50 294 7 10 0.028259838
294 190 5 5 0.029562708
54 218 6 6 0.029589826
313 173 5 6 0.029837321
30 309 13 17 0.0308801
420 230 7 7 0.031012693
1013 373 7 10 0.031055419
16 80 6 8 0.031068807
806 341 6 8 0.031275515
274 138 5 7 0.03160959
151 282 6 7 0.03217916
247 202 5 5 0.03249925
243 157 5 5 0.032545824
150 202 4 5 0.033462934
342 187 5 6 0.03358039
219 293 5 8 0.033582952
277 187 5 5 0.033680283
161 350 10 11 0.03382379
452 219 6 6 0.03385226
37 298 8 10 0.033928577
178 281 6 7 0.03446989
159 61 7 8 0.03449213
213 331 6 9 0.0345898
68 187 5 5 0.034721587
228 159 5 6 0.036015697
309 234 6 5 0.036146697
246 188 4 5 0.036381345
567 315 6 10 0.036633935
51 250 7 8 0.03687801
2 295 7 10 0.037183445
788 330 7 8 0.037292402
258 137 5 7 0.03767628
291 247 7 7 0.03825968
758 62 38 60 0.038386825
613 361 6 7 0.03845034
597 300 5 5 0.039182395
165 203 5 5 0.04121606
162 353 10 13 0.042133592
168 186 4 5 0.042314205
22 249 7 9 0.04244883
146 302 7 8 0.042535707
117 202 5 6 0.042671904
228 186 4 5 0.04339063
261 204 5 5 0.043546606
7 201 6 8 0.043731276
72 126 5 7 0.043814134
119 265 5 7 0.043924898
182 171 4 5 0.044348523
261 253 6 6 0.044453282
20 313 8 10 0.044618588
373 203 5 5 0.044998787
583 315 6 7 0.045078453
261 235 5 6 0.045132518
40 128 5 6 0.045541577
353 188 6 6 0.045596834
278 204 4 5 0.045699455
248 219 5 6 0.04584735
898 441 9 8 0.046209313
216 283 5 6 0.046792537
294 203 4 5 0.046795934
357 203 5 6 0.04747348
261 188 4 5 0.047487076
48 323 12 17 0.047572564
182 202 4 4 0.047751155
401 190 5 6 0.047847237
164 220 4 5 0.0479045
632 298 6 6 0.047943443
65 104 6 8 0.04842095
19 217 7 7 0.048759036
51 188 6 6 0.049824327
229 284 5 6 0.050869923
247 237 5 6 0.05109619
64 237 7 7 0.05118252
150 186 4 5 0.052020278
387 202 6 6 0.052265376
50 201 5 6 0.052308988
182 189 4 4 0.05238993
130 330 8 12 0.053208068
199 169 5 5 0.053329762
901 356 6 7 0.053672556
24 170 5 6 0.053842418
164 172 5 6 0.054438133
371 246 6 7 0.055287525
645 294 6 7 0.055361014
214 267 5 6 0.05558823
114 186 5 6 0.055810235
324 203 5 5 0.055940736
183 220 4 5 0.05622058
213 187 4 5 0.056240905
21 232 7 8 0.05668698
387 190 6 6 0.056785963
214 169 4 6 0.056873083
38 199 6 6 0.056875337
70 154 5 5 0.057118926
390 218 5 6 0.057364896
51 126 6 6 0.057949293
597 315 5 6 0.058099363
230 237 5 6 0.058553692
406 219 6 6 0.058597036
150 220 5 5 0.059130643
274 170 5 6 0.05980826
70 309 7 11 0.059813466
261 219 5 6 0.059973598
278 219 4 5 0.060240306
887 454 10 9 0.060537465
230 266 5 6 0.060979385
389 250 6 7 0.06263955
82 106 7 8 0.062797405
134 266 5 7 0.06284082
198 204 5 4 0.06295009
4 153 5 8 0.06336687
360 245 6 8 0.06365474
225 202 5 6 0.06370693
7 187 5 7 0.06433113
85 155 5 5 0.06469706
279 234 6 5 0.06513688
198 186 4 5 0.065200455
309 203 5 5 0.06583703
419 203 5 5 0.06605978
404 232 7 6 0.06610623
225 294 6 7 0.06656247
103 233 5 7 0.06659872
341 234 5 6 0.06669122
245 250 6 6 0.06693739
103 173 5 5 0.06798204
261 170 5 5 0.06829446
214 202 5 5 0.06838445
22 294 8 10 0.06877241
134 140 5 6 0.06920152
436 218 6 6 0.06992526
405 204 6 6 0.070152484
132 218 5 6 0.07019012
85 171 5 5 0.07033069
51 170 5 6 0.07053013
165 120 6 7 0.07100309
325 234 5 6 0.07115494
40 137 5 5 0.071395345
215 250 5 6 0.071821235
310 218 4 5 0.072228685
104 187 5 6 0.07237816
37 188 5 6 0.072716
343 206 5 6 0.07348824
68 171 5 5 0.07400461
164 234 5 6 0.0742236
244 171 5 6 0.07443
119 250 5 6 0.07470218
86 189 5 5 0.07517546
226 168 5 6 0.075281434
198 236 5 5 0.07661188
158 308 9 10 0.07690173
243 264 6 6 0.078482926
148 171 5 6 0.07864194
132 205 5 7 0.07916643
18 203 6 9 0.079196885
10 85 6 9 0.07981029
421 218 6 7 0.08085286
887 340 5 7 0.080887295
119 170 4 5 0.081042185
133 170 5 5 0.08108268
612 315 6 6 0.08196061
294 219 5 5 0.08341877
100 155 5 6 0.083462596
149 153 5 6 0.08362802
166 265 5 7 0.083957106
371 237 6 6 0.08402288
629 313 5 5 0.084984586
229 250 5 6 0.08525216
163 151 5 5 0.08591954
389 235 6 6 0.08641875
37 220 6 6 0.08765461
344 216 5 5 0.08803815
101 201 5 6 0.08866009
102 141 6 5 0.089186005
87 200 5 6 0.089252844
273 250 7 8 0.08953449
197 221 5 5 0.09106033
22 188 6 7 0.09458388
105 216 5 6 0.095184475
117 234 5 6 0.09620984
16 84 6 8 0.0963617
55 235 7 8 0.096772544
15 266 8 11 0.097022176
614 332 5 6 0.09803827
117 221 5 6 0.098285
134 154 4 5 0.098685734
7 245 6 9 0.09876919
642 313 7 8 0.09920184
69 138 5 5 0.09940268
624 346 7 8 0.09943443
179 266 6 7 0.09956433
628 331 5 6 0.100355856
147 140 5 6 0.10080114
50 325 9 12 0.10098786
122 279 6 12 0.1016929
128 282 6 10 0.10192982
55 136 5 6 0.10410614
292 236 5 6 0.10431321
580 330 6 9 0.10651337
151 237 5 6 0.106760465
23 155 6 6 0.106874675
37 171 5 6 0.1071031
212 236 5 6 0.10834628
324 218 5 5 0.10838024
841 342 5 6 0.110085055
117 155 5 6 0.11055185
164 141 5 7 0.11102828
164 284 7 7 0.11118281
149 248 5 6 0.11119476
87 140 5 5 0.11252824
135 249 5 7 0.113605715
357 217 5 7 0.11393662
261 259 7 8 0.11590576
993 443 9 9 0.11677199
163 297 7 9 0.11688497
372 218 6 7 0.11769719
32 311 9 12 0.12155089
181 250 5 6 0.1224715
180 120 6 7 0.122558594
851 333 5 6 0.12555955
595 342 6 8 0.12835644
132 187 5 7 0.12911813
118 134 5 6 0.13106623
5 232 7 9 0.13133626
133 235 5 6 0.13185336
597 331 6 7 0.13498007
137 299 7 11 0.13515808
198 249 6 6 0.13724163
1017 330 5 11 0.1391589
6 315 9 13 0.1393059
613 345 6 7 0.14414456
147 265 6 8 0.14420131
52 284 7 10 0.14542712
40 156 5 5 0.14637953
851 342 6 6 0.14733383
54 155 5 5 0.14809318
355 237 6 7 0.14842005
165 250 5 6 0.14957963
6 220 6 9 0.15263924
181 237 5 6 0.16083741
807 332 6 8 0.16246372
34 235 8 8 0.16825704
34 266 8 10 0.17339428
5 313 12 18 0.19627628
903 345 6 7 0.19824094
870 339 5 6 0.2058826
868 336 6 6 0.20765069
821 330 6 7 0.21233088
410 248 40 52 0.22326136
144 326 10 13 0.23001038
837 331 5 6 0.23114388
153 308 8 12 0.25059444
9 265 8 12 0.25428486
469 174 37 54 0.4257335
886 334 6 7 0.56634635
640 111 29 56 0.88653326
908 134 26 41 0.96376246

