35_Basketball_basketballgame_ball_35_64
146
812 368 56 90 0.010064243
64 0 19 17 0.010066148
736 90 24 30 0.010300962
177 81 20 20 0.010488052
677 86 28 40 0.010717049
617 14 27 43 0.011059568
702 195 47 86 0.011511784
129 98 18 32 0.011924086
4 176 17 32 0.012060624
571 181 32 59 0.01217517
223 201 33 33 0.0123712
103 90 22 25 0.012395284
902 187 44 68 0.012635641
93 43 19 28 0.012637575
719 52 52 83 0.012780354
392 0 20 25 0.013156481
393 0 22 12 0.013257877
379 2 23 17 0.013419963
724 130 42 57 0.0135481795
200 116 24 25 0.013574122
87 38 13 21 0.013787491
397 152 24 19 0.013800192
224 92 23 25 0.013941983
267 15 22 18 0.014216945
93 45 14 21 0.014808236
598 196 44 67 0.014977165
91 182 36 57 0.015254272
298 91 24 17 0.015471671
271 133 24 20 0.0159084
185 232 28 41 0.015988383
485 13 20 28 0.016545432
703 78 40 52 0.016793763
19 82 20 22 0.017959395
798 146 32 36 0.018392533
174 131 22 20 0.019233763
711 106 30 38 0.019615315
4 157 19 32 0.020287212
39 160 22 21 0.020641468
257 87 24 24 0.021070054
191 162 24 28 0.021171676
205 114 22 19 0.021451319
727 109 32 39 0.021782186
689 196 47 64 0.02180657
240 71 21 20 0.022074254
793 376 62 86 0.022268275
387 74 22 27 0.022389196
25 74 22 20 0.022415867
491 14 21 19 0.022680152
442 9 23 20 0.022779465
453 11 19 29 0.023285199
622 0 21 31 0.023895225
689 181 42 51 0.024557354
374 169 25 40 0.02473086
190 84 22 28 0.025176654
291 92 25 24 0.025679082
217 96 24 18 0.026187824
46 183 20 32 0.026762215
219 90 22 18 0.0273575
377 169 23 21 0.027529223
189 172 23 28 0.027714828
0 286 25 85 0.027761478
490 2 19 29 0.028413488
247 72 22 19 0.0285964
167 129 22 29 0.029548286
623 10 26 16 0.029697057
280 249 61 69 0.032064103
47 234 39 68 0.03241043
452 48 19 22 0.032960083
72 204 25 45 0.033313137
243 240 32 38 0.034509778
185 82 22 21 0.03459443
597 79 28 38 0.034623507
169 240 28 43 0.034687556
751 70 42 52 0.035065856
22 244 58 75 0.035799082
554 194 36 57 0.03611813
722 101 42 53 0.037245907
960 205 53 94 0.037632246
613 42 27 42 0.038139038
438 207 23 19 0.040691204
49 42 15 20 0.04070675
208 12 18 22 0.041124955
294 1 24 18 0.04147664
265 102 24 19 0.041603614
909 171 48 62 0.042560037
11 91 17 34 0.043979235
220 112 23 27 0.048086282
288 2 22 18 0.04860534
251 159 23 28 0.050661843
994 65 30 73 0.053225532
215 116 25 20 0.056159485
298 96 24 19 0.0577676
280 128 24 28 0.062745556
493 9 22 19 0.06352138
474 61 21 29 0.06622283
280 216 36 72 0.07295817
67 0 13 13 0.07355668
155 141 23 29 0.078358814
27 80 20 29 0.07999098
209 7 13 24 0.082962476
34 150 22 30 0.08601873
236 187 30 36 0.0944567
158 7 20 20 0.09689939
3 108 20 31 0.10377146
57 188 22 31 0.10512501
414 17 22 22 0.10703201
449 2 20 31 0.109733716
722 78 44 51 0.111660175
46 49 19 32 0.112697124
657 98 34 54 0.11435688
335 2 21 20 0.1194662
244 167 27 40 0.124394074
23 79 22 21 0.1290649
268 124 25 27 0.12948261
266 9 22 19 0.13271685
522 87 26 41 0.13278474
300 231 53 75 0.13338219
460 56 19 33 0.14579746
36 235 37 72 0.14894977
415 110 27 39 0.15387139
588 75 27 38 0.16347268
89 41 20 21 0.16852789
45 46 21 20 0.17534345
121 287 57 73 0.18132177
348 160 23 30 0.18224801
192 217 29 38 0.18436918
143 107 20 32 0.18577106
97 128 22 31 0.1866326
566 198 28 45 0.19681402
491 153 25 50 0.20194213
234 247 32 38 0.22358108
391 67 22 31 0.22475639
279 216 28 41 0.2275563
398 150 20 34 0.23901592
441 105 26 43 0.23964274
4 233 24 52 0.261722
653 105 29 41 0.3235364
588 208 62 87 0.33684486
540 18 19 31 0.34749445
97 194 37 54 0.34977007
470 224 63 77 0.38534218
694 218 58 90 0.39158648
874 61 20 34 0.5917187
911 171 64 86 0.62957585
803 179 37 56 0.77021074
945 177 62 105 0.8641688

