35_Basketball_basketballgame_ball_35_565
510
575 316 9 13 0.010065531
86 388 8 7 0.010104896
581 425 18 28 0.010156088
902 286 17 28 0.01023289
992 203 12 18 0.010332277
607 440 20 29 0.0103408275
870 468 25 44 0.01046349
1014 345 10 26 0.010490561
819 392 21 20 0.010500644
965 384 19 31 0.010529524
177 432 14 16 0.010650551
425 237 7 13 0.010660495
486 325 6 7 0.010684349
765 527 37 59 0.010699658
389 277 6 8 0.010711833
601 260 6 9 0.010751506
614 284 12 19 0.010756859
165 436 10 10 0.010762264
433 428 10 12 0.010768627
237 449 13 19 0.01079714
373 292 5 6 0.010839892
750 348 13 19 0.010854703
914 157 12 20 0.010899484
816 255 9 13 0.010919155
436 459 10 13 0.011023402
562 291 8 11 0.011057697
609 320 9 12 0.0110999085
994 195 13 16 0.011104128
449 429 10 13 0.011181732
693 212 7 10 0.011213621
561 242 6 7 0.011220719
960 224 9 12 0.011264119
752 285 12 18 0.011316528
463 401 10 12 0.011321988
718 337 13 19 0.011385793
581 243 6 7 0.011458741
389 460 10 13 0.011463246
1012 301 10 23 0.011468332
594 347 10 13 0.011498726
579 270 6 9 0.011502493
208 432 13 17 0.011515475
144 415 8 8 0.011540746
801 429 22 46 0.011561991
290 397 13 17 0.011573501
954 360 21 21 0.0116046015
776 448 23 18 0.011654543
588 466 20 20 0.011655219
909 408 19 22 0.011782689
1015 222 7 13 0.011830963
874 393 23 18 0.011956552
665 447 25 16 0.011975634
671 223 12 17 0.0119976355
519 335 13 16 0.012016042
519 319 7 8 0.012036768
997 287 10 14 0.012063602
989 322 13 20 0.012257938
639 270 7 12 0.012343481
950 156 9 12 0.01246632
183 358 5 6 0.01247494
406 368 8 11 0.012495523
989 327 12 21 0.0125390915
487 244 5 7 0.01258777
630 268 12 18 0.0126151815
704 288 10 13 0.012676439
409 275 5 7 0.012918199
690 351 10 13 0.013106596
757 299 9 13 0.0131715955
726 274 10 12 0.013250362
922 333 19 21 0.013292124
772 245 8 13 0.013385007
737 479 19 32 0.013411909
339 402 9 11 0.013416086
844 421 18 30 0.013461543
390 454 9 12 0.013511268
100 415 8 9 0.013563368
56 464 7 10 0.0135744605
293 323 5 6 0.013598342
797 302 13 18 0.013823782
1010 282 11 24 0.01394022
680 214 7 9 0.014054426
883 242 13 16 0.014120389
978 220 13 17 0.014171427
257 451 13 19 0.01418011
293 305 5 6 0.014389482
213 343 4 6 0.014394324
785 335 13 19 0.01439557
127 431 14 15 0.014400531
585 466 28 37 0.01441271
597 241 6 7 0.014563933
774 452 19 32 0.014637854
238 456 13 19 0.014672861
403 214 7 12 0.014680668
824 224 12 18 0.014753532
499 241 6 8 0.014826403
937 477 24 18 0.014847466
566 271 7 9 0.014889065
691 483 36 60 0.014946132
662 275 8 11 0.015011385
305 401 8 9 0.015069267
405 387 9 12 0.015083108
945 353 19 22 0.015095092
246 432 9 12 0.015102693
760 462 21 22 0.015186724
882 353 14 22 0.015220457
850 193 9 13 0.015222638
819 208 12 17 0.015247018
708 306 12 18 0.015288426
420 275 5 7 0.015337086
917 162 7 13 0.015459132
324 401 9 9 0.015502941
803 267 10 13 0.015583714
597 392 11 21 0.015631596
204 458 12 18 0.015683923
619 345 12 18 0.01570144
134 457 13 17 0.0157792
298 495 22 20 0.015785117
68 399 13 17 0.015829189
404 219 7 11 0.015903823
309 323 4 5 0.015974592
673 268 9 12 0.015996166
902 240 10 12 0.016056824
642 257 6 9 0.016076522
917 285 13 21 0.016176373
310 309 5 5 0.01617739
995 221 8 12 0.016264921
730 306 19 21 0.016267905
469 261 5 6 0.01632496
276 323 6 5 0.016540559
829 368 22 18 0.016808003
210 448 9 13 0.016870568
746 450 20 30 0.0168765
135 460 10 12 0.017071998
351 258 7 12 0.01713128
816 382 18 29 0.017211648
223 433 9 10 0.017290937
54 447 7 7 0.017600695
857 491 38 57 0.017609512
724 227 8 12 0.01780946
689 255 8 12 0.017919803
318 426 12 14 0.018094972
964 155 8 11 0.018349405
76 399 14 16 0.018444978
543 331 8 12 0.018491473
915 229 10 13 0.018696375
846 315 13 18 0.018712645
643 330 10 13 0.018794734
753 221 8 15 0.01879741
597 339 9 13 0.018824035
69 431 13 17 0.018825347
795 314 13 19 0.018853385
673 256 13 17 0.01887873
326 308 5 5 0.01890626
615 278 7 10 0.019069921
818 280 14 17 0.019142909
279 417 8 9 0.019160314
304 447 13 19 0.01922961
838 282 10 12 0.019445151
596 224 6 9 0.019551195
228 403 7 7 0.019673811
902 210 10 12 0.019824121
522 431 15 18 0.02006243
627 225 6 10 0.02040751
807 434 17 35 0.020426989
530 303 7 10 0.020457305
614 298 12 18 0.020658454
444 366 13 17 0.020842612
193 429 13 16 0.020865051
150 373 5 7 0.020963395
798 287 13 17 0.020991692
630 256 6 8 0.021298215
511 364 11 11 0.02137172
232 342 5 6 0.021437716
683 448 23 18 0.021542676
484 354 7 9 0.021604758
576 334 9 13 0.021712592
957 348 19 32 0.021783581
36 419 6 7 0.02182168
771 442 15 18 0.021826841
177 452 9 12 0.021831896
209 446 12 18 0.021926077
330 456 20 20 0.022008318
197 454 10 12 0.022019118
435 277 5 6 0.022085821
626 301 9 12 0.022120224
606 438 19 21 0.022233289
996 197 9 11 0.022925077
373 383 9 11 0.022957683
354 406 9 10 0.023065688
780 344 13 19 0.0230828
563 350 13 17 0.02308371
259 458 21 26 0.023085307
341 449 14 18 0.02321916
573 307 9 14 0.023496594
536 443 22 18 0.023682756
675 303 10 13 0.023906048
1006 140 11 18 0.024236575
440 349 7 9 0.024294103
501 275 5 6 0.024571463
980 223 10 12 0.024964048
689 348 13 18 0.025014162
311 420 11 12 0.025206061
699 348 20 21 0.025329297
536 321 8 12 0.025352964
616 286 7 12 0.025451804
484 304 6 8 0.025457753
518 307 7 8 0.025919352
65 415 8 9 0.026249683
639 303 9 12 0.026309688
103 437 9 11 0.026361214
486 277 4 5 0.026646538
783 260 10 14 0.026668439
470 369 8 10 0.026757171
33 404 6 7 0.027301323
497 335 8 10 0.027375162
958 242 13 18 0.027404658
357 308 5 6 0.027472816
515 354 14 16 0.027493382
672 325 10 13 0.027662298
136 373 6 7 0.027677191
789 528 34 65 0.027788028
752 187 8 13 0.027855169
276 340 5 5 0.027877362
675 290 9 12 0.0283132
182 418 7 7 0.028334323
348 445 13 18 0.028338159
672 329 10 14 0.028386535
833 194 8 11 0.02869934
996 284 12 20 0.028806137
113 376 7 6 0.028809724
18 401 6 8 0.028966255
994 206 9 11 0.029080724
895 252 9 13 0.029104585
498 325 7 9 0.03010894
470 276 4 6 0.030149112
454 274 4 6 0.03030734
260 402 6 7 0.030345306
195 452 14 17 0.03045971
531 247 7 9 0.030477898
941 348 19 30 0.030634796
720 245 9 12 0.030817622
800 289 10 13 0.030903623
175 450 13 18 0.031268515
341 307 4 6 0.03149565
483 337 7 9 0.031504422
450 352 7 9 0.031523056
199 358 5 6 0.031547777
925 285 12 20 0.03156826
327 325 5 6 0.03209591
782 266 10 13 0.0323384
19 435 7 7 0.03273288
832 208 9 13 0.032740325
437 292 5 5 0.032942504
778 268 9 14 0.033550244
788 229 9 13 0.033591952
754 287 9 13 0.033903632
338 381 7 9 0.03507231
487 259 5 6 0.035345633
566 339 8 12 0.03602994
611 257 6 9 0.03606393
70 444 8 10 0.036144253
826 383 22 20 0.036224265
420 291 5 6 0.036719587
527 336 9 11 0.036822762
116 399 8 8 0.037268348
309 340 5 6 0.03797615
870 432 24 20 0.03798594
293 341 5 5 0.038121313
163 397 6 8 0.03813802
385 349 7 9 0.03830897
676 238 7 10 0.038514066
324 356 5 6 0.03854823
387 324 6 6 0.038666576
616 300 9 14 0.038742565
959 249 13 18 0.03965322
150 384 5 7 0.03981725
552 243 6 8 0.03982527
825 226 8 14 0.039984375
277 460 13 20 0.040015284
454 391 10 11 0.04002478
466 318 6 8 0.040322643
293 356 5 5 0.040349785
104 390 7 8 0.04037
819 236 8 13 0.0404573
614 226 6 10 0.040470023
975 316 12 21 0.04085927
260 339 5 5 0.040882934
259 355 5 5 0.04130934
407 291 5 7 0.041319817
791 318 13 18 0.04212171
369 372 8 9 0.042392172
277 355 4 6 0.042401545
661 240 6 9 0.04265778
934 236 13 18 0.04273073
175 456 13 18 0.04276764
615 241 6 7 0.042873207
5 434 7 9 0.04315149
825 390 21 21 0.0432121
689 236 8 11 0.04334529
648 347 12 18 0.04336758
323 384 6 8 0.043482065
213 372 5 5 0.04356182
196 407 7 6 0.043627124
549 278 7 9 0.04364311
435 323 6 7 0.044173192
660 290 10 13 0.045219924
885 244 10 11 0.04523614
485 290 5 7 0.045376856
256 417 9 10 0.045400534
646 324 10 13 0.0454226
408 309 6 7 0.04568773
108 445 13 17 0.045757446
342 326 5 6 0.04599311
148 402 7 8 0.0459971
708 245 10 13 0.04626458
467 343 8 8 0.046319056
874 440 18 34 0.04664629
976 192 13 17 0.046818297
280 464 20 21 0.04701543
927 391 19 29 0.04754851
181 400 6 7 0.04759283
260 386 6 5 0.047674764
424 452 11 15 0.04804461
664 368 21 21 0.04831357
373 308 5 6 0.04833628
440 418 11 14 0.048429895
213 407 7 7 0.048591875
214 354 4 6 0.048837032
532 253 6 8 0.04945102
479 381 9 12 0.049918037
211 434 8 11 0.05014314
699 481 27 42 0.050359175
386 397 10 13 0.051028054
846 277 10 12 0.05106442
565 352 9 13 0.05134769
247 354 5 6 0.051386062
427 451 13 16 0.051736247
180 435 9 10 0.051740125
139 450 13 16 0.051907815
343 336 5 6 0.052076664
8 391 7 8 0.052308667
325 338 5 6 0.052392304
359 382 8 10 0.052962434
99 400 7 9 0.053333025
888 253 9 13 0.05333595
734 311 13 18 0.054413524
375 326 6 7 0.05467368
441 369 8 12 0.055487692
453 340 7 8 0.05555712
486 369 9 10 0.055964
199 370 4 6 0.05613121
294 386 6 6 0.056332525
517 277 6 7 0.056663234
516 289 6 7 0.056841657
876 463 22 20 0.057080965
228 354 5 6 0.05756099
355 411 10 12 0.05758325
496 354 8 9 0.058813617
452 322 6 7 0.059131477
134 402 7 8 0.060142137
611 339 13 18 0.06019733
517 256 5 7 0.060274974
661 306 11 13 0.06054283
503 290 5 7 0.06088153
652 348 13 18 0.061086696
548 284 7 11 0.061468396
384 389 10 12 0.06193483
821 210 8 13 0.062296517
5 398 6 8 0.0624642
135 450 14 17 0.06252069
978 195 10 12 0.06268197
632 271 7 11 0.06287468
787 233 10 15 0.06372536
689 225 8 12 0.06378426
403 348 7 9 0.06412553
53 417 8 9 0.06494362
498 260 5 7 0.06506124
166 369 5 8 0.06547147
245 416 7 9 0.06574949
489 400 10 13 0.065883525
840 276 10 14 0.06605444
531 293 7 9 0.066315725
311 355 5 6 0.06653268
791 466 25 44 0.06718805
356 326 5 6 0.067834266
502 306 6 9 0.06811956
471 291 5 6 0.06940957
709 249 10 13 0.07051594
468 353 8 9 0.07059089
100 476 12 20 0.070752285
453 291 5 6 0.070810914
492 399 13 15 0.07133348
911 234 11 12 0.07215937
115 428 9 11 0.07238314
720 287 13 17 0.07280439
390 308 5 7 0.07386408
408 321 6 7 0.07434846
881 172 8 11 0.07465422
567 307 9 15 0.07496963
1008 142 8 13 0.07509839
860 250 12 18 0.07513769
866 427 19 29 0.07521822
665 221 7 11 0.07640055
213 385 6 6 0.07665994
278 387 5 6 0.07754037
247 338 6 7 0.07791669
465 308 6 8 0.07844767
308 385 7 7 0.07882296
246 371 5 6 0.078888975
663 257 7 10 0.079233415
1007 190 12 18 0.07925812
71 435 8 11 0.079303525
79 401 10 11 0.07930438
447 368 9 12 0.079332955
276 400 7 8 0.079837814
277 372 5 6 0.08041022
111 446 9 13 0.08189098
854 253 11 14 0.0819165
130 433 9 10 0.08228231
701 390 22 21 0.08239696
551 433 14 18 0.08247763
227 420 7 9 0.08323609
360 335 5 7 0.086230025
614 343 12 17 0.086444825
18 419 7 8 0.08666707
542 324 9 15 0.08711455
686 306 13 18 0.08712997
388 338 7 8 0.08714065
799 428 20 22 0.087417975
132 384 6 8 0.087720454
589 474 21 21 0.08775669
51 436 7 8 0.088066965
457 308 6 7 0.088594854
782 464 25 43 0.088625215
761 251 10 15 0.088772215
420 318 6 8 0.089111894
529 449 21 20 0.089820795
940 235 13 17 0.09152358
676 259 8 11 0.09195069
419 310 6 7 0.092020825
708 313 12 17 0.09209923
977 265 14 18 0.09238532
195 431 9 10 0.093517624
520 337 10 12 0.09462563
197 456 13 18 0.094631
1010 193 8 13 0.094939604
324 369 6 7 0.0955704
316 420 14 16 0.09578135
880 357 21 21 0.096609734
55 403 6 8 0.09729384
673 225 8 11 0.09787763
259 373 6 6 0.098047964
385 411 10 13 0.09877348
308 371 6 7 0.09915567
182 370 5 7 0.101269
548 368 10 14 0.10208047
338 372 7 8 0.10227443
229 382 6 6 0.102451
437 304 5 7 0.10417225
607 430 14 20 0.10643337
70 402 9 10 0.10695324
355 354 6 8 0.108032554
766 252 9 15 0.10965111
961 283 19 22 0.109916046
470 381 11 12 0.110058054
516 356 10 12 0.110348314
828 225 12 17 0.11104216
293 371 5 6 0.11150167
374 336 6 8 0.11350802
501 370 11 12 0.114837535
802 258 13 17 0.11489574
720 249 9 14 0.11562605
704 210 7 11 0.11612078
341 356 6 8 0.116762586
453 395 11 13 0.11795521
438 341 7 9 0.117955975
780 385 21 21 0.11839597
355 370 8 9 0.11887948
38 436 7 8 0.11931693
114 423 10 10 0.12095609
182 388 6 8 0.121637575
376 348 8 9 0.12294732
208 414 8 9 0.12444869
196 415 9 8 0.1266258
198 388 6 7 0.12895042
292 400 8 10 0.12916818
243 402 7 7 0.12961687
817 275 14 17 0.12963425
15 390 7 9 0.13155173
913 251 14 18 0.13929385
798 332 14 21 0.14124304
869 217 13 17 0.14285183
514 432 20 20 0.14330131
786 185 8 15 0.14413789
3 419 7 9 0.14506091
116 388 8 9 0.14925615
640 223 7 11 0.15535092
978 144 10 14 0.16052604
247 385 6 6 0.1634814
256 456 20 20 0.16390122
848 178 10 12 0.16422312
162 389 6 9 0.16517806
899 289 13 21 0.16824675
401 340 8 10 0.17959844
223 449 13 18 0.17979789
418 338 8 10 0.18038741
444 415 14 17 0.1874616
580 423 14 22 0.20832211
100 447 13 18 0.20929459
405 415 10 14 0.22380479
231 375 6 7 0.2505783

