35_Basketball_basketballgame_ball_35_309
34
30 9 32 40 0.010541965
939 165 26 44 0.010861033
13 22 37 131 0.011337643
709 42 23 52 0.012540993
958 72 20 32 0.014502919
771 93 114 138 0.015164724
1005 190 19 58 0.016260328
697 98 30 76 0.01656557
931 156 35 64 0.017093295
954 68 25 19 0.017811595
964 196 36 61 0.018904276
936 41 28 15 0.019485762
152 70 46 65 0.019779274
1015 72 9 30 0.020181188
193 28 52 89 0.02182942
24 0 43 55 0.024663124
5 441 32 182 0.027086254
134 73 55 96 0.028627392
653 154 44 114 0.029406931
225 4 52 58 0.029962404
1007 55 16 38 0.030281642
988 94 21 21 0.031166598
1010 179 13 48 0.035653163
647 160 32 83 0.037011206
997 76 17 35 0.039624393
936 40 35 62 0.05288982
950 60 26 39 0.09190561
680 57 30 71 0.1298658
954 176 29 40 0.15804237
236 0 51 74 0.47533265
0 486 55 206 0.57711035
134 50 68 98 0.8954979
388 74 87 99 0.97838
796 88 135 204 0.9904203

