35_Basketball_basketballgame_ball_35_375
859
829 679 22 27 0.010120356
726 228 7 9 0.010255288
563 6 6 6 0.010522714
326 54 5 6 0.010524681
978 147 6 7 0.010606921
405 336 8 16 0.010609134
134 20 5 6 0.01073091
802 95 6 9 0.010746077
197 22 5 5 0.0108587025
794 84 6 9 0.011048611
701 664 38 59 0.011095706
742 681 20 31 0.011116581
120 132 5 7 0.011138734
439 148 4 6 0.01124058
161 574 10 14 0.011274475
809 571 22 18 0.011337904
947 17 8 9 0.011352489
945 208 7 9 0.011390191
62 607 12 20 0.011420741
181 85 5 5 0.011470295
52 200 6 8 0.011474145
918 508 13 19 0.011553705
933 19 7 8 0.011557507
548 21 6 6 0.01159769
675 177 7 9 0.011610837
614 162 5 6 0.011649184
946 36 7 8 0.011762512
967 54 6 8 0.011768345
426 117 5 8 0.011795522
385 633 20 20 0.011898708
552 241 7 9 0.01192212
520 259 7 9 0.011961245
768 84 6 9 0.011976493
132 195 5 6 0.012012878
40 38 6 7 0.012024158
976 237 13 19 0.012041486
679 21 5 7 0.012134766
795 588 14 17 0.012148514
886 238 7 8 0.012292423
1000 696 15 42 0.012324114
864 689 29 39 0.012339493
420 4 5 8 0.012360059
869 34 5 7 0.012398209
885 196 6 7 0.012400341
723 113 5 8 0.012441103
747 690 20 21 0.012497164
453 84 5 7 0.012511868
406 5 6 7 0.012588137
243 36 5 7 0.012851068
698 277 5 9 0.012892856
785 146 7 8 0.012956079
809 689 25 16 0.013062102
755 159 7 9 0.013063221
549 2 6 6 0.013065674
534 38 5 5 0.013169205
1013 1 6 10 0.013341075
933 194 6 8 0.013433006
51 68 6 6 0.01343652
598 37 5 6 0.013518597
659 242 6 8 0.013520288
738 196 6 9 0.0135384835
99 20 5 7 0.013569775
794 698 21 19 0.013622321
817 228 8 9 0.013650266
252 578 12 17 0.013691217
1 629 15 41 0.013731926
659 195 5 9 0.01373383
166 195 4 6 0.01381649
801 737 27 31 0.013825805
885 179 6 8 0.0143011715
614 3 6 8 0.0145352315
230 22 5 7 0.0145759
342 22 5 6 0.014708621
1009 514 9 14 0.014744828
559 240 8 9 0.014748168
978 66 7 7 0.014803895
295 54 6 7 0.014865067
884 572 12 19 0.014979979
356 194 6 7 0.015032022
69 20 5 6 0.015090117
583 270 8 10 0.015154402
742 694 19 31 0.015169311
435 83 5 7 0.015269207
919 496 13 18 0.015286704
213 20 5 5 0.015319986
578 162 6 8 0.015384096
243 19 6 7 0.015546895
70 5 6 7 0.015664758
628 5 5 7 0.01570382
342 51 4 6 0.015717432
646 3 7 8 0.01585117
752 224 7 10 0.015860977
212 101 5 5 0.01587812
1017 628 7 32 0.015924105
52 53 5 6 0.015937645
69 636 20 30 0.015984887
872 524 20 20 0.016037408
584 225 7 9 0.016069064
400 308 8 13 0.016132433
23 66 6 7 0.01637423
978 241 9 12 0.016376458
898 432 9 13 0.01643015
867 214 6 8 0.016525984
915 81 6 7 0.016539598
955 556 13 19 0.016630303
87 200 6 8 0.016659008
754 211 7 9 0.016742803
581 132 5 7 0.01703056
994 151 6 8 0.01709457
339 165 5 7 0.017184423
774 166 7 9 0.017235136
0 623 21 53 0.017249187
790 588 14 17 0.017270515
101 37 5 6 0.017501954
661 21 5 7 0.017550694
36 177 6 7 0.017597646
866 576 9 14 0.017654864
754 150 7 9 0.01774932
870 608 13 21 0.01787683
14 511 12 20 0.017881904
149 38 5 6 0.017883528
166 37 5 6 0.017962702
87 22 4 6 0.018064383
713 4 5 7 0.018134197
705 208 6 10 0.018141158
167 119 4 6 0.018159544
1016 131 6 9 0.018191693
566 18 5 7 0.018199854
184 195 5 6 0.018488945
319 570 12 20 0.018604372
531 18 6 6 0.018626846
947 54 6 8 0.018728124
180 103 5 6 0.018764623
721 130 7 9 0.018861352
1 411 7 18 0.018874723
100 3 5 7 0.018920476
962 493 9 13 0.019009557
437 4 5 8 0.019029912
470 68 5 5 0.019343104
71 570 12 19 0.01938335
1012 102 6 8 0.019403554
244 68 5 6 0.019606467
580 19 6 7 0.019616269
303 593 13 19 0.019743113
23 150 6 8 0.019855253
775 5 5 7 0.020000875
503 642 22 20 0.020078318
52 35 5 6 0.02015269
293 84 4 6 0.02016019
70 34 5 6 0.02050709
757 96 6 9 0.020528872
905 200 6 8 0.020538084
84 116 5 7 0.02060947
246 101 5 6 0.020627571
1007 511 11 21 0.020676242
473 86 5 7 0.020771243
325 34 5 7 0.020926189
305 602 13 20 0.021078952
946 145 7 8 0.021144677
199 36 4 6 0.021289423
709 144 6 8 0.021289632
296 68 5 7 0.021317843
21 128 6 9 0.021327496
134 36 5 6 0.021397665
978 21 7 7 0.021478105
227 101 6 6 0.021526072
0 408 9 26 0.021653937
645 195 5 8 0.02179701
932 80 6 7 0.021801291
6 611 17 35 0.02200221
740 53 5 6 0.0220144
394 633 20 20 0.022081345
967 69 6 7 0.022283947
995 3 7 9 0.022297243
967 132 6 7 0.022394659
335 604 12 20 0.022416472
274 54 6 7 0.022444878
453 3 5 7 0.022604935
725 193 6 8 0.02268123
761 50 5 7 0.022707976
358 22 5 7 0.022884587
117 38 5 6 0.022927662
794 67 6 10 0.02293772
342 37 5 6 0.023098903
261 101 4 6 0.023266494
182 35 5 6 0.02343122
657 178 6 9 0.02349911
994 116 6 6 0.023557989
437 164 5 7 0.023573043
535 245 6 8 0.023578225
966 192 7 9 0.023775434
978 35 6 8 0.023820732
923 495 13 18 0.023973418
738 238 7 11 0.023992779
935 36 6 7 0.02404963
801 83 6 10 0.024285017
815 574 11 11 0.024304774
278 35 7 8 0.024455555
197 87 5 6 0.02455452
869 81 6 7 0.024572419
117 115 5 7 0.02473794
826 98 7 9 0.024885042
84 175 5 7 0.024957474
758 5 5 6 0.025039619
904 36 6 7 0.02523595
757 192 6 8 0.02524831
228 36 5 6 0.025385488
628 21 5 7 0.025399135
613 180 5 7 0.025429824
214 84 5 5 0.025515182
711 100 5 8 0.02554409
102 55 4 6 0.025578812
549 37 6 6 0.025650976
933 181 6 8 0.025843272
72 175 5 7 0.025967337
34 117 6 9 0.02611638
759 608 13 18 0.026218614
593 4 5 8 0.02636641
784 180 6 10 0.026473878
159 570 13 20 0.026502926
744 698 21 20 0.0265055
472 199 5 7 0.026577558
981 225 8 10 0.02660133
695 20 5 7 0.02690881
211 68 5 5 0.026956901
968 36 7 8 0.027081488
484 52 5 6 0.02712026
1002 19 6 8 0.02716368
695 37 5 6 0.027195338
212 37 5 6 0.027249143
197 66 6 5 0.027436387
532 85 5 6 0.02755582
824 198 7 9 0.027571805
630 65 5 6 0.027626595
583 69 6 6 0.027660074
165 100 5 6 0.027728979
998 195 7 9 0.027731376
247 84 5 6 0.027777297
609 255 7 10 0.028069157
804 3 5 7 0.028191507
342 85 4 6 0.028205287
856 19 6 8 0.028254785
742 696 13 22 0.02837268
804 36 6 7 0.028428769
632 228 6 8 0.02846677
550 180 5 8 0.028566195
390 100 5 6 0.02883163
200 100 5 6 0.028967839
854 0 7 7 0.028993338
86 36 5 6 0.029039798
274 68 5 7 0.02905783
389 21 4 7 0.029098973
914 36 6 8 0.029115623
150 119 5 5 0.02913309
707 52 5 7 0.029189538
375 168 5 7 0.029342474
661 35 5 7 0.029502211
949 192 7 9 0.029513529
39 67 5 7 0.02959737
469 3 6 7 0.029690031
532 5 6 7 0.029874232
36 54 5 6 0.029879374
632 114 5 7 0.029911477
404 117 5 7 0.029961327
820 20 5 7 0.029999956
197 208 5 6 0.030233758
325 69 5 6 0.030346379
932 144 8 8 0.030390551
54 118 5 8 0.030490447
534 130 5 7 0.030514674
694 201 6 9 0.030665232
278 85 4 6 0.030721804
644 21 5 8 0.030803127
20 82 6 8 0.031092532
249 55 5 6 0.031099437
648 150 5 7 0.031100757
786 35 6 8 0.031185778
983 482 13 18 0.031215357
871 103 6 7 0.031248152
53 145 6 7 0.031334735
305 35 6 8 0.03139563
1017 175 6 11 0.031743098
776 178 6 9 0.03175415
902 68 5 6 0.03199385
486 70 5 5 0.03199824
582 263 7 10 0.032045595
709 114 5 8 0.032140665
52 86 5 7 0.032168742
832 197 7 9 0.032184113
231 52 4 6 0.03230959
723 5 5 7 0.0323691
452 54 5 5 0.032572687
358 52 4 6 0.03264878
741 6 6 7 0.03268918
800 748 41 20 0.032737434
553 230 7 9 0.032746095
786 5 5 8 0.03277384
822 135 6 7 0.0328299
117 54 5 6 0.032949865
326 86 5 5 0.032971524
838 166 6 8 0.033231165
494 649 19 20 0.03341644
1016 35 6 9 0.033609603
933 53 7 9 0.033724632
388 165 6 6 0.03374362
933 132 7 8 0.033747677
517 4 5 7 0.033816308
949 70 6 7 0.03421898
874 54 6 7 0.034244765
997 174 6 8 0.03425136
549 259 7 10 0.034293104
231 70 5 6 0.034452066
838 6 6 8 0.034522396
978 179 7 8 0.03453701
469 180 5 7 0.03457056
265 66 4 7 0.034602053
258 55 6 6 0.03466457
838 131 6 7 0.03471919
660 215 7 10 0.034933884
373 133 5 6 0.035244204
200 55 5 6 0.035321224
211 55 5 6 0.035413
943 118 7 8 0.035574105
227 117 5 6 0.035594705
406 178 5 7 0.035784133
150 101 5 5 0.035801083
725 20 5 7 0.03580473
437 51 5 6 0.03589183
406 20 4 6 0.03602945
54 99 5 7 0.036033686
455 20 5 6 0.036313135
311 83 4 6 0.036478095
883 68 5 7 0.036660884
803 685 13 18 0.036893982
594 18 6 8 0.036993697
132 118 5 6 0.03710131
387 181 5 6 0.03710437
821 2 6 7 0.037128594
679 56 5 7 0.03722484
658 162 6 8 0.037396926
423 22 5 7 0.037580412
884 87 5 6 0.03764348
163 85 5 5 0.037810426
501 2 6 6 0.0381383
86 130 5 8 0.0382284
946 1 8 9 0.03827309
7 99 6 7 0.03853189
263 133 4 6 0.03863974
517 116 5 6 0.038777348
869 151 6 8 0.038866118
695 54 5 7 0.03904102
760 87 6 8 0.039072294
166 68 5 5 0.039090067
376 22 5 7 0.0391976
484 119 5 7 0.03927236
724 51 5 7 0.039335098
324 164 5 7 0.039348748
215 118 5 6 0.039389793
980 191 7 9 0.039397825
229 133 4 6 0.039500743
693 67 5 6 0.039544437
612 241 7 9 0.03957628
23 101 6 8 0.03960751
563 85 5 7 0.039717086
54 19 5 6 0.039742235
197 117 5 5 0.039819412
570 149 6 9 0.040023506
900 116 6 8 0.04005449
611 66 5 6 0.040083587
530 259 8 10 0.040118918
820 160 7 9 0.04021158
1015 82 6 9 0.04030438
298 35 6 9 0.040344756
376 37 5 6 0.0404011
683 238 6 10 0.040412344
775 145 7 9 0.040595844
920 70 6 7 0.04064531
645 36 5 7 0.04067986
49 521 12 18 0.040795866
805 19 5 7 0.040869493
580 50 6 7 0.04088818
390 135 5 6 0.041071966
86 53 5 7 0.04108685
149 54 5 6 0.04109973
132 134 5 6 0.041134294
485 6 6 6 0.041193794
84 69 5 6 0.04125434
1009 18 7 9 0.041346315
405 67 5 6 0.041361205
901 147 6 8 0.041421603
679 37 5 8 0.041580167
261 117 5 7 0.041583903
535 100 5 6 0.041721378
419 84 5 7 0.04177359
420 150 5 7 0.041784838
566 129 6 7 0.041963063
863 613 20 28 0.041970156
659 116 5 7 0.04204361
471 52 5 5 0.042269446
486 195 5 8 0.042290155
148 85 5 5 0.042341206
548 133 6 7 0.042347066
4 152 7 10 0.04266919
567 212 6 9 0.042683546
535 52 5 6 0.042718954
531 199 6 8 0.042736914
551 197 5 7 0.042803574
306 70 5 7 0.042859256
440 22 4 7 0.042923953
69 85 5 6 0.043024942
258 85 5 6 0.043048438
981 3 7 9 0.04313522
163 54 5 6 0.043190792
244 117 5 6 0.043263063
966 180 7 8 0.04330672
102 177 6 8 0.043365642
997 100 7 7 0.043571316
916 101 5 7 0.04389674
116 194 6 7 0.04393295
757 184 7 8 0.044055827
770 47 6 8 0.044502933
46 517 12 18 0.044558592
977 82 6 7 0.044611365
516 149 6 7 0.044848334
419 179 5 6 0.044870757
102 115 5 7 0.044937085
996 66 7 7 0.045138653
630 35 5 7 0.045150205
344 70 5 6 0.045183662
503 71 5 6 0.045697637
502 85 5 7 0.04577365
640 132 6 8 0.04586112
263 163 5 6 0.045963835
678 212 7 9 0.045985796
35 130 6 8 0.046027705
856 132 5 8 0.046030764
133 54 4 6 0.04603742
695 142 6 10 0.046112575
950 557 13 20 0.046112735
616 22 5 7 0.046192784
407 38 5 6 0.046316635
34 86 6 8 0.046347637
887 40 6 6 0.04637501
502 116 5 7 0.046426132
499 35 6 6 0.046554595
134 85 5 5 0.046561252
551 52 5 7 0.046574272
582 183 6 9 0.046605717
628 162 5 7 0.046624407
863 573 13 20 0.04669189
984 165 7 9 0.04696395
983 132 7 8 0.047099628
197 197 5 6 0.04713862
406 166 5 7 0.047441095
741 68 6 7 0.047469053
904 83 6 7 0.047501154
101 67 5 6 0.04758098
471 118 5 7 0.047599826
858 197 7 10 0.047643814
69 144 5 7 0.04766717
473 101 5 8 0.047674328
547 69 5 7 0.047766186
916 162 7 9 0.047897678
514 129 5 7 0.047899637
356 38 4 5 0.047975782
580 39 5 7 0.048364516
988 480 14 17 0.04836874
726 86 5 7 0.0483704
516 71 5 6 0.048466396
180 56 5 5 0.048566703
433 131 5 9 0.0486125
369 147 5 7 0.04908687
888 160 7 10 0.049315855
643 117 6 8 0.0494949
419 196 5 8 0.049521558
275 102 5 6 0.049589504
519 17 5 6 0.049803596
899 100 6 7 0.04984875
181 66 6 6 0.049890254
835 116 6 9 0.049926214
643 237 6 9 0.04994651
79 525 11 19 0.04995409
865 619 13 23 0.049975727
308 653 12 27 0.050007362
1013 147 6 10 0.050031085
563 190 6 9 0.050363734
564 38 5 6 0.050387423
871 523 13 18 0.050671678
324 100 5 7 0.050783977
839 14 6 8 0.050801516
756 68 6 8 0.050854634
422 163 5 7 0.05092216
486 211 5 8 0.051018864
918 53 5 8 0.051173188
515 34 6 6 0.05134769
562 261 7 11 0.051450327
706 22 5 7 0.051495723
868 21 7 7 0.05209518
385 116 5 7 0.052147854
595 183 5 8 0.052368026
407 133 5 7 0.05250102
678 100 6 7 0.052642085
566 114 5 7 0.052748736
485 36 5 6 0.05287474
757 34 6 7 0.052887574
740 35 5 7 0.05297546
659 100 6 7 0.053040333
388 82 5 6 0.053096253
261 194 6 7 0.05316832
660 144 6 8 0.053397957
295 102 5 6 0.05375694
499 194 6 8 0.053842247
712 132 6 9 0.053846173
629 102 5 6 0.053966135
118 86 4 6 0.053980585
312 103 4 6 0.054105323
914 145 8 8 0.054208945
708 70 6 6 0.054233927
833 212 7 10 0.054366656
437 67 5 7 0.054702092
374 67 5 6 0.05474153
180 117 4 6 0.054744408
857 161 7 9 0.054928463
825 688 25 18 0.05512262
134 67 4 6 0.055182453
37 146 6 8 0.055359755
853 115 6 8 0.055406652
407 87 6 7 0.05541134
599 67 5 7 0.05544526
800 66 7 9 0.055499017
376 117 6 7 0.055602837
776 212 7 11 0.055746697
85 83 5 6 0.055841897
883 211 7 8 0.05591658
918 226 6 9 0.05616416
432 118 6 9 0.05617172
628 84 5 7 0.05619527
423 51 4 6 0.056251287
376 177 5 7 0.05627422
230 149 5 7 0.056379978
485 18 5 6 0.056461934
357 84 5 6 0.056500394
470 147 4 7 0.056531727
552 86 5 7 0.056772124
181 149 4 6 0.05716644
980 101 7 7 0.05722384
342 114 5 6 0.057404302
808 149 6 9 0.057570457
787 22 6 8 0.057583097
520 209 6 7 0.057767797
486 147 5 7 0.05802971
887 146 6 8 0.0581282
244 133 5 7 0.058129523
885 232 7 9 0.05814645
1013 194 7 10 0.058315076
1 1 7 11 0.058416743
357 102 5 7 0.058431283
774 21 5 7 0.058804415
1015 54 7 8 0.059175994
472 133 5 7 0.059247795
567 53 5 7 0.059466
916 196 7 8 0.05954304
421 38 5 6 0.05962269
404 148 5 7 0.059644226
680 200 6 10 0.059647813
706 38 5 7 0.05965997
896 134 6 8 0.059801664
67 100 6 7 0.05981037
89 151 5 7 0.05981505
728 68 6 7 0.05982186
581 98 5 6 0.059964422
770 67 7 10 0.05998543
325 119 4 6 0.06014532
119 100 5 6 0.060239863
455 198 6 8 0.060256712
935 210 7 9 0.06026138
644 80 5 7 0.060316082
33 100 6 8 0.060440686
951 99 7 8 0.060547765
467 21 5 6 0.060857996
66 118 5 9 0.060928028
897 162 7 10 0.06105394
228 82 5 6 0.061071876
103 100 5 7 0.061144415
276 118 5 7 0.061219048
518 193 6 8 0.061284974
711 83 6 8 0.061575394
726 182 6 9 0.061625753
840 148 6 9 0.061803494
372 98 4 6 0.06205821
214 134 4 6 0.062123198
452 148 4 7 0.062338267
281 135 4 7 0.06237428
212 149 4 6 0.06237479
741 21 5 7 0.062422715
310 165 6 6 0.062455654
385 193 6 7 0.062477775
598 211 5 8 0.06265825
135 100 4 5 0.06279064
389 50 5 6 0.062908836
548 114 6 7 0.06338592
358 68 4 6 0.06351357
1015 70 7 9 0.0635529
688 232 7 11 0.06381128
419 68 5 6 0.06396467
453 38 5 6 0.06415982
912 206 7 8 0.064169295
531 70 5 7 0.064354725
740 84 5 7 0.06435599
407 50 4 6 0.06441321
534 117 5 6 0.06443498
647 100 6 7 0.064439856
97 129 6 8 0.06447613
230 165 5 7 0.064755686
2 116 6 9 0.06481511
440 35 5 6 0.065018006
771 39 6 8 0.06503282
1017 258 6 12 0.06506868
456 100 5 8 0.065098606
501 19 6 6 0.06511084
679 65 5 6 0.065466724
871 114 6 8 0.065689646
198 133 4 6 0.06576561
34 166 6 7 0.06594744
372 86 5 6 0.06603052
481 100 5 8 0.06613884
231 191 6 7 0.06626663
452 161 5 7 0.06656996
517 85 5 7 0.06658488
457 118 5 9 0.066703804
978 55 7 8 0.06670877
309 179 6 7 0.0667731
613 133 5 8 0.067332
677 151 7 9 0.067335054
584 213 5 9 0.06737365
611 51 5 7 0.06755038
405 96 5 7 0.06765745
899 54 6 7 0.067694575
468 35 5 5 0.067701615
483 86 4 7 0.06773289
84 563 12 20 0.06777532
246 579 9 13 0.067789584
560 229 8 10 0.067927435
758 21 5 7 0.06855351
137 177 5 7 0.0685709
505 129 5 7 0.06871422
278 149 5 7 0.06876534
662 55 5 7 0.06876732
738 229 7 10 0.068859115
501 101 5 7 0.069528125
726 36 5 7 0.069625005
311 117 4 5 0.0700942
695 116 6 8 0.07024664
245 577 12 18 0.07036236
981 116 6 7 0.07145241
212 195 5 7 0.071742415
696 84 5 6 0.07196115
450 64 6 7 0.07207428
550 101 5 7 0.072150305
391 40 4 6 0.07218859
439 182 5 6 0.07247128
661 68 5 7 0.07285392
817 176 7 11 0.073074184
807 183 7 12 0.07340865
613 87 5 6 0.07348094
528 225 7 9 0.0735348
339 147 6 7 0.07360859
409 196 6 8 0.073788136
24 161 6 8 0.07393614
152 149 5 6 0.07408612
696 205 7 11 0.0741013
115 66 4 6 0.07472679
533 208 6 8 0.074923344
105 87 5 7 0.074942954
537 164 5 8 0.07519623
85 99 5 8 0.07526822
614 99 5 6 0.07528208
613 38 5 8 0.07631913
680 84 5 6 0.076323904
392 149 6 7 0.07645124
597 101 5 6 0.0765535
495 641 20 21 0.07668222
341 104 5 6 0.07676499
149 66 4 5 0.07682173
118 176 6 7 0.07695323
561 184 6 9 0.076978624
691 134 6 8 0.07715458
421 134 5 8 0.07740218
262 146 5 7 0.077597246
452 134 5 8 0.07773581
937 163 8 10 0.077863775
309 149 5 6 0.07830497
916 116 7 8 0.07837462
598 194 5 7 0.07914672
342 132 4 6 0.07940405
871 70 6 8 0.07968071
376 54 5 6 0.07990333
378 193 6 8 0.08008288
390 69 5 7 0.08057166
19 117 7 10 0.08082597
533 149 5 7 0.08129352
928 71 6 8 0.081452854
568 166 6 8 0.08153577
545 164 6 9 0.08165342
633 132 5 9 0.08185309
535 181 6 8 0.08213846
435 196 7 8 0.08267047
488 131 4 6 0.08328249
597 85 5 7 0.083507225
998 38 6 8 0.08402054
213 165 4 7 0.084049515
115 152 5 8 0.08407068
504 221 6 9 0.08419675
594 131 6 9 0.08491157
167 131 4 6 0.084950946
999 56 7 8 0.085378364
485 161 5 8 0.085740276
821 31 6 8 0.08581257
882 52 5 7 0.0858401
357 116 5 6 0.085852385
918 183 7 8 0.086262025
906 206 7 9 0.08706015
866 223 6 9 0.08746075
355 131 5 6 0.087547824
579 87 6 7 0.08802988
675 157 6 10 0.08812722
354 181 6 8 0.08816147
324 148 5 7 0.08842316
544 149 7 8 0.088849954
563 70 5 6 0.08891966
885 99 6 7 0.08898322
293 134 4 6 0.08975587
631 213 5 9 0.0916841
292 119 5 6 0.092189
612 228 6 9 0.092224576
362 146 5 8 0.094172776
661 80 5 7 0.09443082
660 223 7 10 0.095100135
455 180 6 8 0.09528518
178 131 4 6 0.09539058
468 161 6 7 0.09576384
999 80 6 8 0.09595699
694 102 6 7 0.09625177
648 160 6 9 0.096344784
295 148 4 7 0.09732637
133 147 5 7 0.09753187
133 162 5 7 0.09761984
97 151 6 8 0.09868332
544 207 7 9 0.09881111
965 148 7 8 0.0995283
245 164 5 6 0.09958645
245 190 6 7 0.10104489
248 151 5 8 0.10122407
944 163 7 9 0.10127236
324 130 5 6 0.10285866
612 196 5 7 0.10469422
808 188 6 10 0.104762524
628 197 5 8 0.104765184
934 101 7 8 0.1050724
153 131 5 7 0.10515273
706 239 7 10 0.10573689
863 198 8 10 0.10593422
614 149 5 8 0.106304616
302 647 17 34 0.106355846
675 222 7 10 0.106481455
935 118 8 8 0.10693384
760 607 21 19 0.107093915
562 103 6 7 0.10770564
888 134 7 9 0.10789431
503 148 6 8 0.108096
642 70 5 7 0.1081193
500 178 5 8 0.10864077
309 132 5 6 0.10864178
839 174 8 11 0.10946411
849 149 6 10 0.10950649
823 150 7 9 0.11077084
580 192 6 8 0.11081361
897 180 8 9 0.11107614
865 159 7 10 0.111250736
68 134 5 8 0.11134066
882 115 6 8 0.11154333
53 134 5 8 0.111640476
579 114 6 8 0.11172664
1015 166 7 10 0.112637155
196 148 4 6 0.11285397
297 195 6 7 0.11351404
518 103 5 7 0.113539144
359 166 6 8 0.11381836
595 148 6 10 0.1139352
501 167 6 8 0.113982975
950 79 7 8 0.11411022
595 112 6 8 0.11517127
679 117 6 8 0.11659706
471 210 6 10 0.1166935
648 54 5 8 0.117336266
183 167 4 6 0.11740964
627 151 5 8 0.11820791
722 99 6 9 0.118501656
681 134 6 8 0.11858835
614 215 6 8 0.12068814
518 164 6 8 0.12135471
451 213 7 9 0.12200246
164 150 5 7 0.12205387
854 95 6 8 0.12344839
72 166 5 7 0.12453752
7 158 6 10 0.12509486
688 236 8 11 0.12535131
947 135 8 9 0.12540948
951 183 7 10 0.12581421
163 561 12 19 0.12714414
626 177 6 9 0.1277075
576 148 6 9 0.12783973
482 181 6 8 0.12863117
594 226 7 11 0.12922661
83 166 6 8 0.12948446
660 135 6 9 0.13242206
648 178 6 9 0.13243704
199 167 5 7 0.13373303
344 182 6 9 0.13380088
969 80 7 8 0.13397136
833 96 7 9 0.1340398
2 129 7 10 0.13523808
641 232 6 9 0.13900623
217 181 5 7 0.1390327
612 115 6 8 0.1391673
627 55 5 8 0.13935716
79 570 12 19 0.13989562
915 135 8 9 0.14320683
738 98 7 10 0.14331642
101 164 6 7 0.1439113
321 181 6 8 0.14437458
521 226 7 9 0.14610408
520 183 6 9 0.14651251
996 166 7 10 0.14718705
596 54 6 8 0.15211605
165 164 5 7 0.15249014
181 177 5 6 0.15326522
960 99 7 9 0.1539837
228 182 6 7 0.15952986
865 132 7 9 0.15968062
865 179 8 11 0.16442342
290 161 6 7 0.16737545
151 177 5 7 0.17404681
275 160 6 7 0.17780857
57 164 5 8 0.1798775
196 180 6 7 0.18101227
502 216 7 9 0.18487696
164 177 5 7 0.18998791
117 164 5 8 0.19025981
291 177 7 9 0.19250683
966 166 7 9 0.1953898
259 179 6 7 0.20293066
149 164 5 6 0.21302734
308 193 6 8 0.22651343
320 193 7 9 0.22851357
274 178 6 8 0.23103085
994 532 13 20 0.23615675
245 180 6 8 0.24449575
279 192 7 8 0.24885254

