35_Basketball_Basketball_35_712
46
846 254 12 21 0.0100156795
843 232 19 22 0.010155934
502 183 6 6 0.010737493
597 67 7 10 0.010805398
726 258 21 22 0.010927289
359 239 12 23 0.011417096
426 282 20 21 0.011578875
517 246 7 9 0.011913338
418 50 6 11 0.013555919
519 255 13 20 0.01396448
515 184 6 6 0.0152011365
127 268 12 22 0.015383936
583 238 12 27 0.015803507
596 54 7 8 0.01595034
303 242 16 30 0.01634121
531 244 7 8 0.016927946
164 231 14 23 0.020986717
41 244 20 20 0.023118785
293 237 19 22 0.026018152
366 246 19 23 0.028883396
429 264 19 21 0.032157645
585 248 19 24 0.03401399
38 249 18 22 0.04477663
514 192 6 7 0.049717467
791 235 19 24 0.050615236
502 194 5 7 0.061949212
583 241 22 23 0.06529131
527 263 19 22 0.07446305
162 224 18 24 0.07662108
101 227 19 21 0.083232775
910 236 15 32 0.23997821
168 222 17 29 0.29912308
527 256 19 23 0.43926468
106 225 16 30 0.47997755
720 255 17 29 0.48025662
911 243 19 22 0.5205074
788 234 14 24 0.54871595
961 250 17 30 0.56884295
43 244 15 32 0.59004354
430 255 19 22 0.63621545
240 235 16 32 0.64428574
369 234 15 35 0.6474791
846 216 16 31 0.6723312
300 234 15 34 0.721835
586 235 16 36 0.79172593
655 250 18 31 0.8523035

