35_Basketball_Basketball_35_180
23
1011 112 8 11 0.01028937
495 117 7 8 0.011464592
950 114 14 8 0.011623267
704 197 21 31 0.0144229205
945 110 24 15 0.01793998
959 112 12 9 0.022245783
859 110 25 15 0.024933992
951 109 25 15 0.02948223
912 112 12 9 0.03843957
488 115 7 8 0.04032201
866 112 12 9 0.041082624
905 109 24 16 0.04495426
684 162 26 40 0.8130867
333 185 23 44 0.8736006
471 214 31 41 0.87902087
387 189 23 43 0.88988465
604 162 25 39 0.9074172
530 155 21 35 0.91938996
442 173 23 40 0.92042005
612 356 26 45 0.93434936
415 397 31 42 0.94394374
285 187 28 44 0.96015906
222 173 26 40 0.9721415

