35_Basketball_basketballgame_ball_35_998
57
1016 198 7 40 0.010229209
41 199 19 40 0.010525575
601 20 21 51 0.010609484
166 334 35 59 0.010875283
811 321 17 37 0.011033746
981 273 34 60 0.0110337725
5 409 34 62 0.011710722
457 85 32 64 0.011783693
403 106 36 63 0.011955571
757 74 42 62 0.0124061415
673 63 48 88 0.012735502
394 179 27 45 0.01282937
8 416 24 47 0.016433926
900 275 34 63 0.017417284
567 124 32 62 0.017761579
819 312 34 61 0.01946821
472 83 32 65 0.019682353
52 389 28 47 0.02052286
141 181 25 46 0.02116463
0 247 22 49 0.021352014
137 58 16 36 0.02469623
379 102 34 69 0.024777085
604 9 16 37 0.025230883
3 427 35 65 0.02660333
256 150 44 54 0.027935721
772 58 48 101 0.02973671
985 279 24 45 0.03171694
252 48 23 48 0.032486655
449 129 26 50 0.034072716
803 305 32 66 0.034329236
972 282 25 46 0.03502861
513 37 23 46 0.03563058
843 220 25 46 0.04094179
475 226 27 40 0.041220885
326 404 25 45 0.04907268
648 95 28 42 0.053995673
1 248 10 35 0.057284873
572 144 25 48 0.07714587
517 52 17 37 0.08842115
508 337 36 62 0.101477996
765 50 39 68 0.10478477
3 253 15 38 0.11737982
681 57 36 70 0.1370656
876 299 17 37 0.16187121
591 52 18 38 0.16728199
1002 316 21 53 0.20197457
442 137 35 62 0.20586842
874 303 24 43 0.24619101
688 66 41 72 0.26388612
39 206 27 45 0.43074176
349 98 42 70 0.43467787
1 305 24 45 0.53529805
42 383 32 60 0.6980271
67 278 26 46 0.7255981
122 286 27 44 0.7709932
919 273 35 73 0.8509597
354 311 33 64 0.9301981

