35_Basketball_basketballgame_ball_35_858
40
114 549 12 20 0.010230185
337 526 18 34 0.010965032
175 631 21 19 0.010987932
41 638 23 19 0.011056065
300 607 25 17 0.011415906
97 582 13 23 0.012592346
58 656 21 19 0.013127212
61 612 13 19 0.01317939
62 531 23 17 0.0140676275
404 465 13 20 0.014466549
286 468 20 20 0.014575091
343 513 12 22 0.015163364
726 0 279 253 0.015193044
257 439 13 21 0.01578905
4 39 41 65 0.016425636
113 633 20 30 0.016506558
792 10 155 112 0.016671002
17 10 55 94 0.0166752
67 569 21 29 0.017838268
849 43 133 154 0.017877877
96 585 19 31 0.018256139
171 495 19 31 0.019907877
38 596 13 19 0.020054787
120 630 21 21 0.020751817
165 463 25 46 0.022181343
37 633 22 28 0.022607084
805 39 144 141 0.025008475
39 597 21 19 0.026687365
178 509 12 21 0.030103795
123 637 19 33 0.032082118
301 602 23 17 0.03370281
299 601 26 45 0.03452483
564 197 79 131 0.035451602
94 575 19 32 0.036770463
33 633 22 18 0.03962543
9 634 19 30 0.0458932
40 633 23 18 0.054379378
62 566 22 19 0.07274551
788 499 73 83 0.2906071
572 237 65 84 0.55198115

