35_Basketball_playingbasketball_35_366
21
671 118 38 61 0.010399629
737 118 6 10 0.010431561
572 35 18 32 0.011333881
402 329 21 19 0.011535362
629 109 12 24 0.013590253
406 326 23 17 0.013651504
694 145 7 10 0.014772085
422 337 24 18 0.014860326
720 128 6 10 0.015559247
661 101 59 82 0.01748449
658 136 7 9 0.018019065
396 338 26 41 0.027613886
713 132 6 9 0.02856509
410 331 22 19 0.028794078
689 136 7 9 0.03499784
554 164 26 47 0.041724302
678 137 6 9 0.04434369
404 325 15 17 0.046657115
416 326 28 41 0.117022485
411 336 29 42 0.12501338
545 169 36 57 0.12968196

