35_Basketball_basketballgame_ball_35_479
636
627 385 6 8 0.010029793
160 627 35 60 0.010034051
486 262 5 5 0.010081574
245 482 9 10 0.010086572
69 419 6 7 0.010117844
168 289 5 7 0.010166193
208 529 8 12 0.01017129
870 213 5 7 0.010196809
984 361 5 6 0.010233599
900 193 5 6 0.01026259
65 338 6 7 0.010302484
807 259 5 5 0.010360874
888 194 4 7 0.010393237
933 390 6 5 0.010462637
648 215 5 6 0.010490977
580 294 4 6 0.01062816
994 210 6 7 0.01066482
870 230 4 6 0.010729619
948 212 5 6 0.010735036
594 633 12 21 0.010773672
164 526 13 19 0.010799961
929 659 14 17 0.010844903
534 590 9 12 0.010900389
145 589 9 14 0.010924579
363 342 6 9 0.0109380195
934 403 7 6 0.0109686
168 620 19 30 0.010972409
599 294 4 5 0.011061832
387 563 9 12 0.011096428
275 513 9 9 0.011137358
982 211 6 6 0.011212357
900 229 5 6 0.011214441
852 230 4 5 0.011215603
101 308 6 7 0.011220506
82 464 14 17 0.011276159
70 292 6 7 0.01128353
419 433 7 6 0.011313919
430 472 8 9 0.011323177
249 513 10 11 0.011325126
147 510 13 18 0.011346283
194 228 6 6 0.011352832
933 244 6 6 0.011413797
388 498 11 18 0.011429746
692 197 5 6 0.01143839
325 196 5 6 0.011487002
403 246 6 6 0.011590843
440 264 5 6 0.011612769
84 520 13 19 0.011676137
708 263 5 5 0.011696239
55 293 6 7 0.011702061
359 576 12 18 0.011732288
773 310 5 5 0.011831794
933 213 5 6 0.011849161
675 340 6 6 0.01187763
631 230 4 6 0.01189084
919 278 5 7 0.011903687
164 464 7 9 0.011915218
613 295 5 5 0.011943585
712 359 5 5 0.011969927
148 502 7 9 0.011970102
288 533 9 9 0.011995019
678 197 5 6 0.012189757
446 563 8 12 0.012265597
468 263 4 5 0.012295967
369 516 8 9 0.012314861
3 530 12 21 0.0123417135
314 210 4 7 0.012404593
615 515 11 17 0.012445193
614 261 5 5 0.012487718
34 306 6 7 0.012522076
129 501 9 12 0.012524664
521 560 8 13 0.012552088
789 387 5 6 0.012568274
466 245 5 6 0.012586988
459 606 22 18 0.012615769
114 450 7 7 0.012646961
627 562 11 21 0.0126552405
20 499 8 12 0.01267777
215 292 5 5 0.012693047
915 307 5 8 0.01277108
449 607 13 17 0.012801868
166 197 5 5 0.0128578935
944 643 23 16 0.012875542
640 626 12 20 0.012927395
304 546 10 10 0.01292832
151 183 5 6 0.012941787
816 667 12 21 0.012957243
837 229 5 5 0.012967653
996 386 6 7 0.013152489
498 541 12 17 0.013186723
692 359 5 5 0.013250032
815 580 11 17 0.013259456
3 354 5 9 0.013272088
192 452 9 7 0.013298404
917 212 5 6 0.013376673
373 246 5 5 0.013377566
903 404 5 6 0.013399081
134 526 12 20 0.0134011945
549 294 4 6 0.013495285
23 308 6 8 0.013573056
933 183 4 5 0.01359224
509 508 12 18 0.013618601
3 493 12 19 0.013724526
183 194 4 5 0.013725327
629 565 7 14 0.0138007365
30 479 12 18 0.0138173355
576 612 9 14 0.013835424
631 246 4 5 0.013839633
400 547 9 11 0.013854668
772 369 5 7 0.01387662
877 654 13 17 0.013881288
902 245 5 6 0.013884095
165 629 26 44 0.013969259
405 311 6 6 0.013976283
374 278 5 6 0.014014968
806 294 4 5 0.014030203
558 569 12 19 0.014033872
501 278 4 5 0.014074621
180 275 5 6 0.014089131
379 665 41 54 0.014103055
918 196 5 5 0.014128916
995 183 5 6 0.014140722
532 368 5 7 0.014142638
320 560 11 10 0.014230591
902 305 6 8 0.01425543
487 550 8 11 0.014276168
900 326 5 6 0.014317428
900 295 6 7 0.014329344
964 405 6 6 0.014437454
414 588 13 17 0.0144421505
965 358 5 5 0.014444349
326 549 9 11 0.014561161
498 592 19 18 0.014567355
392 245 6 6 0.014665418
481 588 10 13 0.014750233
22 451 7 8 0.014842689
181 212 5 6 0.014895221
356 292 5 5 0.014903837
870 659 13 17 0.014935437
33 358 6 7 0.01499586
518 291 4 6 0.015003426
179 529 9 12 0.015027899
981 180 4 5 0.015029438
565 295 4 6 0.015053874
434 574 13 18 0.0151464045
242 576 12 18 0.015185668
670 535 9 12 0.015252503
996 358 5 6 0.015343671
245 279 6 6 0.015484619
693 245 5 5 0.015621644
20 324 5 8 0.015755445
19 508 13 18 0.01578605
535 294 4 6 0.015819795
343 211 5 6 0.015835585
886 246 5 5 0.015873248
359 517 9 11 0.016056916
694 211 4 6 0.016071763
966 180 5 6 0.01611087
406 595 13 17 0.01613605
354 245 5 5 0.016141957
3 538 13 20 0.016173884
86 339 6 6 0.016285006
227 275 5 6 0.016335959
63 391 7 8 0.016437773
288 562 9 12 0.016450915
114 497 9 12 0.016516872
950 181 4 5 0.016663883
517 279 4 6 0.016685368
819 653 8 16 0.016701836
93 478 13 17 0.016719647
742 325 5 5 0.01674113
116 290 6 7 0.016778417
967 211 5 6 0.016858406
996 370 5 7 0.016910205
279 501 9 9 0.016915929
308 308 5 6 0.016935859
1017 388 5 11 0.016967015
181 517 8 10 0.016979625
18 481 8 11 0.017024709
561 560 8 16 0.017055059
136 529 8 14 0.01706451
135 482 9 10 0.017164549
149 197 4 6 0.0171875
217 312 5 5 0.017255338
143 587 12 19 0.017272167
402 480 7 9 0.017335061
870 245 4 6 0.017418223
189 497 14 16 0.017519396
822 260 4 5 0.017561682
310 532 9 9 0.01757215
900 261 6 6 0.017776735
289 511 8 10 0.017782122
324 531 9 9 0.017800046
661 229 4 5 0.017803539
790 310 5 6 0.017847635
693 262 4 5 0.01797204
707 243 5 5 0.017995907
258 503 9 9 0.018053569
150 229 5 6 0.01809396
561 572 8 14 0.018332863
1017 371 5 10 0.018383762
932 195 4 6 0.018403465
25 559 22 19 0.018435722
52 452 7 8 0.018463457
369 384 7 8 0.018481497
948 373 5 5 0.01849461
647 230 4 6 0.018515091
4 470 7 10 0.018533796
485 278 5 5 0.018535774
549 371 5 6 0.01866127
311 562 10 12 0.018699521
263 294 5 5 0.018779034
904 213 5 6 0.018785968
645 245 4 6 0.018944755
342 291 5 6 0.019017419
761 371 6 6 0.019030953
540 497 12 18 0.019080766
854 245 5 6 0.019136
392 262 6 6 0.01924035
420 575 12 17 0.019297712
710 277 5 5 0.019306203
167 501 8 9 0.01933555
400 603 13 18 0.019426264
582 522 11 19 0.019429239
258 542 9 11 0.019530604
998 197 5 6 0.01956748
261 572 13 19 0.019604327
741 309 5 5 0.019666234
691 228 5 6 0.01972607
419 382 7 9 0.019729901
209 467 8 8 0.019742204
20 510 10 13 0.019742891
149 257 6 8 0.019804746
920 262 6 7 0.019810893
630 293 5 5 0.019842483
652 525 12 18 0.0199377
431 478 8 11 0.019973738
228 294 5 5 0.020039177
212 499 14 16 0.020050721
170 619 21 22 0.020059798
622 516 8 13 0.020097217
950 197 5 5 0.02010356
662 246 4 6 0.02013589
934 374 5 5 0.020179247
144 485 7 9 0.020186827
148 214 5 6 0.020238323
162 653 40 63 0.020275813
376 543 9 11 0.020357173
22 421 6 7 0.02040531
360 578 10 12 0.020432333
245 294 4 5 0.020461984
920 289 6 7 0.02054922
274 297 5 6 0.020628838
679 229 4 6 0.020630766
436 578 9 12 0.020891383
49 480 8 12 0.020990903
817 646 9 14 0.02107905
355 593 9 13 0.021097114
97 468 8 8 0.02110514
823 247 5 6 0.02116309
758 308 5 6 0.021240462
223 499 9 10 0.021269165
677 262 5 5 0.021270093
932 277 6 6 0.021385247
105 611 26 45 0.021425122
38 466 7 10 0.02147747
253 509 13 16 0.021565298
375 531 7 10 0.021699637
68 454 7 7 0.02170119
87 480 9 12 0.021759653
806 309 4 5 0.021765774
198 469 8 8 0.021768913
34 373 6 7 0.021844761
387 603 13 18 0.021939576
261 275 6 6 0.022098018
678 246 4 5 0.022169312
902 275 6 7 0.022255754
470 278 4 5 0.0223121
324 230 5 7 0.022400592
967 198 5 5 0.02241048
271 243 6 8 0.022429492
453 277 4 5 0.022485968
417 590 10 12 0.022576924
808 591 6 12 0.022671456
839 387 5 5 0.022692861
631 278 5 5 0.022892095
591 525 8 13 0.022937497
758 325 4 6 0.023074457
115 469 9 9 0.023076974
214 692 28 42 0.023105662
196 531 9 12 0.023192156
382 573 13 17 0.023288121
678 293 5 6 0.023305146
694 292 5 5 0.023338445
982 197 4 6 0.023355745
340 232 5 6 0.023399783
55 339 6 7 0.023401111
574 610 12 19 0.023408882
805 326 5 5 0.023517933
678 211 5 5 0.023550471
214 278 5 5 0.023584371
773 327 4 6 0.023626236
503 324 5 7 0.023825329
177 526 12 19 0.02398328
406 263 5 6 0.02419707
886 340 4 6 0.024314364
743 341 5 6 0.02435821
949 389 6 6 0.024456332
289 548 9 10 0.024615886
69 485 9 11 0.024750901
0 286 12 21 0.02475333
870 324 5 6 0.024929611
696 325 5 5 0.024959708
178 231 6 6 0.024984786
453 262 5 5 0.025123881
837 247 4 6 0.025222981
85 291 6 6 0.025330232
143 530 9 13 0.025408862
590 516 8 13 0.025470521
706 340 6 5 0.025492296
102 433 7 7 0.025753373
660 214 5 5 0.025756126
643 260 4 5 0.025791716
166 213 5 6 0.02591792
130 281 6 9 0.025930926
645 278 5 5 0.025948131
167 258 6 7 0.02616779
422 244 5 7 0.026238402
947 404 6 7 0.026306929
195 539 13 20 0.026405118
725 296 5 6 0.026481235
709 294 4 5 0.02652193
418 516 7 11 0.026600588
313 232 5 7 0.026742429
693 278 5 5 0.02692505
877 642 14 16 0.026998997
566 309 4 5 0.027046977
983 368 6 7 0.027134184
472 359 6 7 0.027149634
302 588 12 19 0.027173322
103 289 5 7 0.0271904
209 511 10 10 0.027432017
260 535 8 10 0.027459329
366 575 13 17 0.02755273
884 294 5 6 0.027647084
581 309 4 6 0.027693905
160 513 8 10 0.027712991
441 276 4 6 0.027965778
502 292 4 5 0.028025908
261 473 10 8 0.028090714
485 309 5 6 0.02811946
167 230 5 6 0.028136618
696 340 5 5 0.028244019
648 524 11 18 0.028265549
662 260 4 5 0.028266583
5 451 7 9 0.028438991
402 466 7 9 0.028509615
359 262 5 6 0.028634228
276 306 5 5 0.028668486
824 342 5 5 0.028724432
370 309 6 7 0.0287374
631 258 5 5 0.028744869
37 421 5 6 0.028761035
837 325 5 5 0.02898004
709 324 4 5 0.029061006
886 326 5 6 0.029111119
769 656 12 18 0.029124364
527 556 8 14 0.0291778
310 277 5 6 0.029209198
646 309 5 5 0.02935436
329 487 8 10 0.029466586
517 310 4 6 0.0295277
883 259 4 6 0.029546091
168 278 5 7 0.029610928
774 339 5 7 0.02977738
470 513 8 12 0.029904338
967 370 6 5 0.030040307
260 479 10 8 0.030055182
821 277 4 5 0.030096099
407 387 6 8 0.030439995
469 310 4 5 0.030462744
70 496 11 13 0.030463696
537 501 8 13 0.030475518
724 324 4 6 0.030561106
853 260 5 6 0.030564291
646 294 4 5 0.030634928
370 261 5 6 0.030734599
821 295 5 5 0.030751172
790 325 5 5 0.030756794
196 482 7 8 0.03086475
259 263 6 7 0.03098916
223 481 9 9 0.031100271
366 500 8 10 0.031184446
672 541 8 12 0.031391766
852 277 5 6 0.03142272
886 277 5 6 0.031518072
662 278 5 6 0.03164174
149 512 9 12 0.031686064
3 420 6 9 0.031721108
159 436 8 8 0.031798296
788 340 5 6 0.031895217
839 260 5 5 0.031908087
736 401 6 8 0.032217786
870 260 5 5 0.03228001
327 259 4 6 0.032354902
854 325 5 5 0.03261909
141 527 12 19 0.032689217
400 291 6 7 0.032709815
661 292 5 6 0.032722045
23 436 6 8 0.032815374
325 213 5 6 0.032845203
677 278 5 5 0.032880157
486 293 4 5 0.03294651
5 496 8 12 0.033125184
83 453 7 7 0.033275865
870 292 4 5 0.03342011
388 278 5 6 0.033425357
198 516 9 10 0.033477966
454 309 5 5 0.033556823
868 342 4 5 0.033688907
915 387 6 5 0.033817127
755 340 5 7 0.033860218
51 422 6 7 0.034018833
481 359 7 7 0.034062784
403 274 5 6 0.03412726
6 480 8 11 0.034178264
353 590 12 19 0.034217004
823 325 5 5 0.03427486
501 310 5 6 0.0342948
103 280 5 8 0.034298718
421 577 10 12 0.034339845
534 310 4 6 0.03440317
336 488 8 8 0.03442851
194 528 13 19 0.034482922
804 342 5 5 0.03454094
388 309 6 6 0.034573816
422 310 5 6 0.034611087
343 244 5 6 0.034619022
854 342 4 5 0.034649424
886 307 5 6 0.034679823
818 589 7 12 0.034769032
39 387 6 7 0.034938775
35 450 7 9 0.034989763
644 338 5 6 0.035034996
663 325 5 5 0.035206776
821 309 5 5 0.035219934
374 291 6 6 0.035446204
246 309 5 5 0.035502754
854 293 4 5 0.035793215
578 369 6 7 0.03591233
856 308 4 5 0.03594801
722 557 12 19 0.03621171
439 311 5 7 0.036341544
517 324 5 6 0.036371216
823 388 4 5 0.036620516
615 310 4 5 0.03662124
660 309 5 6 0.036732733
229 322 5 5 0.036749147
550 311 4 5 0.037245147
247 326 5 5 0.037421316
839 277 4 6 0.03746686
725 355 5 6 0.037509385
163 245 5 7 0.037819143
264 243 6 8 0.03782644
869 357 5 5 0.037890673
469 502 8 12 0.03812348
117 433 7 7 0.038139943
729 404 6 8 0.038287465
901 357 5 6 0.038530007
472 368 6 9 0.038944755
725 343 5 5 0.039648652
324 278 5 6 0.039849054
853 386 5 5 0.03992173
83 436 6 7 0.03995731
551 342 5 7 0.040101647
68 465 7 10 0.040400565
887 358 5 6 0.040417142
438 290 5 6 0.040432237
806 390 5 6 0.040587142
503 358 6 7 0.040679637
151 245 5 8 0.04095443
7 326 6 9 0.04100735
39 338 6 7 0.041184
310 261 5 7 0.041679665
214 322 5 6 0.041795637
96 480 9 11 0.041921042
815 644 12 19 0.041982714
153 448 8 9 0.04215176
917 374 5 6 0.042386174
470 291 4 6 0.042417668
35 438 6 7 0.042452153
835 342 4 6 0.042462517
368 577 9 12 0.042664617
339 259 5 6 0.0426947
655 527 8 13 0.043289844
33 482 8 11 0.043523695
132 288 6 8 0.043529898
542 499 8 14 0.044021487
7 337 6 8 0.044381764
324 293 5 5 0.04476213
68 402 6 8 0.04490504
596 309 5 5 0.04490816
837 308 5 5 0.044933822
54 389 6 8 0.044970095
870 279 4 6 0.045006316
258 309 5 5 0.045025896
870 387 5 5 0.045250263
342 496 8 9 0.045897752
420 477 7 11 0.046251602
3 290 8 12 0.04628549
455 294 4 6 0.04629085
277 534 9 9 0.046420645
148 436 9 7 0.04667766
461 484 8 12 0.04668862
629 310 5 5 0.046906654
85 418 6 6 0.04727838
723 372 5 6 0.047728386
740 368 5 6 0.047987577
179 500 7 9 0.048332922
67 437 6 7 0.04867762
870 309 4 5 0.04869227
771 658 9 13 0.048740704
791 371 5 6 0.04875039
22 369 6 9 0.048772782
296 308 6 6 0.048892766
759 356 5 7 0.04895201
358 278 5 5 0.04908949
727 305 5 6 0.049388483
99 452 8 8 0.05030485
885 387 5 5 0.050319623
918 354 5 6 0.05053899
505 512 8 13 0.050696667
559 557 11 22 0.050933015
231 468 8 8 0.05142769
535 324 4 6 0.05149324
663 339 5 7 0.05196938
199 278 5 7 0.05227154
337 527 9 10 0.052777205
837 360 4 5 0.05325891
392 291 6 7 0.053274
439 524 8 12 0.05377006
500 543 8 13 0.054069165
836 293 5 5 0.054120794
676 326 6 5 0.054463338
324 244 5 5 0.05466678
286 503 9 10 0.054914944
120 423 7 8 0.055159707
51 468 7 10 0.055284675
37 402 5 7 0.05551245
824 372 5 5 0.05576313
695 310 4 5 0.05577635
358 526 9 11 0.055837452
743 358 5 7 0.056513548
270 575 13 18 0.057051934
230 311 4 6 0.057319388
822 359 5 5 0.057445172
84 467 9 10 0.058180816
19 337 5 8 0.058950957
805 358 5 5 0.059083026
629 326 5 5 0.059782024
52 432 6 8 0.060528032
582 340 5 5 0.060580723
339 278 5 6 0.06206314
817 582 8 14 0.06220813
614 339 5 6 0.062299494
126 424 9 8 0.062393896
710 310 4 6 0.062837996
389 510 7 11 0.06286631
583 524 8 14 0.06313184
583 326 4 5 0.06330465
183 248 6 8 0.063939855
901 387 5 5 0.06552796
806 370 4 5 0.065734215
854 374 5 5 0.066359945
22 467 7 10 0.06640359
598 339 4 6 0.066636845
51 406 6 7 0.06755433
184 255 6 8 0.06760862
614 326 5 5 0.06772416
536 346 5 7 0.06833129
458 486 7 12 0.06835033
583 518 8 14 0.06837622
400 434 6 8 0.068440765
8 391 6 9 0.06882224
550 324 4 6 0.06894235
901 375 5 6 0.069228046
242 469 9 8 0.06951466
389 501 8 11 0.07013709
80 514 13 18 0.07115632
6 401 6 9 0.071587995
502 595 10 13 0.07214728
597 327 4 6 0.07257153
418 472 8 10 0.07270419
512 510 8 13 0.07294441
437 518 8 12 0.07318219
886 372 5 5 0.07343331
307 515 9 9 0.07442135
790 358 5 6 0.07476857
677 306 5 6 0.0753674
856 359 4 5 0.07581467
216 483 9 9 0.07630286
20 405 6 8 0.07643875
616 517 8 13 0.07791213
312 240 4 7 0.0787301
838 371 5 6 0.07981979
645 327 5 6 0.08047986
181 453 8 8 0.08166815
868 375 5 6 0.08170882
724 559 8 13 0.082106344
579 358 5 7 0.08256241
564 343 5 6 0.0831899
627 338 5 6 0.08490139
816 650 12 21 0.085912906
356 499 8 9 0.086554185
564 325 5 5 0.088774666
308 291 5 5 0.09176078
134 436 8 9 0.09443127
214 502 9 11 0.09499962
481 582 9 12 0.0950311
100 421 7 8 0.095594205
276 484 9 9 0.09766819
551 351 5 7 0.09804162
627 375 6 7 0.098705076
563 355 6 6 0.10100641
255 511 10 11 0.1046053
192 500 9 10 0.108866334
568 369 6 7 0.11277414
649 526 8 13 0.11285275
420 370 6 9 0.116481446
469 524 8 14 0.12633716
769 358 5 7 0.12984388
161 447 9 9 0.13456973
393 434 6 8 0.13957381
98 618 36 61 0.1465239
369 338 6 8 0.17832668
537 350 5 8 0.26420078

