35_Basketball_Basketball_35_327
83
214 138 5 7 0.010050575
982 160 15 19 0.010083911
103 165 22 20 0.01008524
967 185 27 18 0.010370882
991 168 24 45 0.010400012
460 167 23 17 0.010663719
265 145 23 18 0.010788714
981 157 10 9 0.010963915
367 141 7 9 0.011485269
23 182 25 20 0.0115196705
489 164 17 28 0.011546024
321 190 20 19 0.01167528
138 177 21 20 0.011844462
306 173 9 11 0.01202801
390 177 23 21 0.012426425
242 161 17 28 0.012919476
743 159 22 22 0.013345274
145 210 13 20 0.014580407
265 139 23 17 0.015055634
663 161 27 19 0.015741713
477 168 22 18 0.016712287
100 170 20 27 0.017085327
400 240 48 85 0.017768802
513 189 10 9 0.018199164
568 164 11 14 0.018503087
1011 132 11 21 0.01876288
488 172 23 18 0.019254364
479 152 22 17 0.019316368
484 155 11 11 0.021598393
639 174 15 21 0.021639038
273 143 9 9 0.023317793
489 151 23 17 0.023365662
0 196 15 25 0.024225503
495 182 13 13 0.024287831
802 161 20 30 0.024302587
699 181 23 19 0.024546435
1 206 17 32 0.02638623
182 181 15 20 0.027488008
1001 174 17 34 0.02831645
523 181 22 18 0.029705124
393 164 16 32 0.030545132
976 156 24 16 0.03599601
666 154 26 19 0.038825482
504 186 23 18 0.047127254
513 182 20 27 0.048747744
249 174 24 19 0.04985549
330 182 14 21 0.049975045
529 184 9 9 0.06171876
1014 136 7 12 0.061897844
443 163 17 30 0.07117722
397 166 22 19 0.07428503
507 193 22 19 0.085000865
910 151 30 40 0.09688071
479 181 23 20 0.10372431
3 188 15 36 0.106312715
972 157 21 30 0.13042878
645 161 17 31 0.18822405
565 160 18 21 0.1957485
635 172 18 29 0.1998331
595 159 18 31 0.2201073
635 171 23 20 0.24209669
989 155 19 32 0.24601652
982 160 26 19 0.2551005
433 162 23 20 0.4419984
602 162 20 28 0.45778385
255 164 18 29 0.46114263
464 176 18 31 0.5029928
322 183 20 21 0.5060854
415 231 38 78 0.5357975
490 178 21 20 0.5506189
83 161 20 34 0.5830374
182 183 25 21 0.59378266
968 179 27 38 0.6468278
387 172 18 31 0.6541287
545 155 21 33 0.66872454
668 152 21 32 0.7563466
739 153 20 33 0.80630946
790 168 29 37 0.8496224
766 145 24 31 0.850089
90 162 22 33 0.87232363
29 175 21 33 0.8927239
831 147 23 33 0.90030825
913 142 40 52 0.94769645

