35_Basketball_basketballgame_ball_35_276
40
736 0 49 39 0.0107934335
417 42 33 36 0.011448736
388 278 47 101 0.012253827
578 11 33 38 0.012422785
294 39 24 18 0.012533495
789 136 44 54 0.012539192
897 21 26 50 0.012627791
438 24 43 95 0.013990451
164 105 34 71 0.01410686
391 26 31 37 0.017554082
791 176 33 37 0.017709669
463 79 48 85 0.018233933
127 167 37 60 0.018617284
166 122 36 68 0.018707234
415 35 42 54 0.019521145
756 17 35 36 0.021712413
780 138 55 85 0.02250992
753 0 36 28 0.024150489
896 39 26 49 0.025332654
786 167 43 53 0.028046139
484 131 50 60 0.030673297
573 2 44 55 0.032606356
598 34 42 58 0.03442991
961 54 42 67 0.03481968
408 29 30 38 0.039837755
571 0 41 39 0.044572957
975 36 37 76 0.06254825
751 7 46 52 0.076404594
891 29 35 68 0.11431365
78 173 40 72 0.22001262
435 48 43 56 0.2765621
236 0 53 44 0.4866186
496 117 53 83 0.50355715
16 0 50 56 0.5239694
23 120 35 74 0.55208963
957 21 51 88 0.6888081
279 158 60 81 0.7683027
741 0 44 29 0.79236096
942 138 53 92 0.8198918
659 130 75 73 0.8366573

