35_Basketball_basketballgame_ball_35_197
42
703 140 26 16 0.010082388
1001 35 21 54 0.010292813
1006 40 15 42 0.01058252
149 1 38 12 0.011106538
970 221 44 101 0.011308145
358 2 23 17 0.0113818385
321 37 40 60 0.011395755
338 31 40 60 0.01153849
794 258 28 42 0.011818955
994 26 30 74 0.013756455
12 0 52 29 0.014299459
156 0 33 23 0.014638845
231 93 41 72 0.014844899
465 2 36 12 0.015534975
791 251 37 60 0.015552874
536 216 39 58 0.016071944
336 58 41 63 0.016888894
22 48 50 65 0.017188417
470 181 42 62 0.02068849
893 25 49 52 0.02309596
450 178 42 65 0.026162742
810 19 59 67 0.03034649
6 0 29 43 0.03131125
960 288 41 53 0.03465521
241 96 46 76 0.03814676
322 56 42 59 0.047848135
714 136 24 19 0.055579353
2 0 41 52 0.07450897
6 0 47 78 0.10823216
711 173 61 79 0.110441476
999 0 23 47 0.13476099
455 163 42 67 0.20643349
952 32 51 104 0.21044557
7 20 59 84 0.39811447
796 9 55 81 0.47886977
826 270 60 86 0.64913803
698 167 38 65 0.70324636
47 85 60 87 0.77829295
631 159 63 75 0.8140118
258 161 64 97 0.8819941
718 205 71 93 0.8949964
247 96 58 101 0.9584804

