35_Basketball_playingbasketball_35_219
34
740 909 27 46 0.010291881
488 966 63 65 0.011204409
405 1100 54 94 0.0114166
579 907 46 97 0.011605723
759 931 37 73 0.013290323
570 854 44 94 0.014220039
1016 889 7 17 0.0144627085
952 869 38 74 0.014656243
700 920 17 35 0.014817533
827 868 26 38 0.015758544
726 914 55 72 0.01749888
1009 914 11 50 0.018322304
588 861 20 38 0.020776
693 964 35 74 0.022289282
1016 895 8 36 0.022736175
754 904 38 67 0.025644379
763 917 54 74 0.026145156
250 77 118 127 0.026373113
734 885 35 60 0.026929192
738 899 36 66 0.03538697
272 107 133 147 0.044021066
830 883 21 21 0.06798607
1015 884 9 28 0.07983454
572 902 39 65 0.080430515
1009 881 14 43 0.10295967
834 881 19 32 0.11240754
579 868 35 64 0.17852107
582 854 32 58 0.3990497
687 916 22 49 0.5347065
461 960 72 70 0.7708857
919 855 73 82 0.84964037
702 1036 63 94 0.8585834
253 682 84 115 0.8868911
819 947 66 99 0.8999427

