35_Basketball_Basketball_35_754
76
928 297 20 26 0.010075608
696 350 26 15 0.0101407645
954 302 24 17 0.010406448
215 225 13 17 0.010565434
451 49 11 21 0.010780905
938 290 26 14 0.011326541
482 88 40 49 0.011445159
72 145 10 9 0.011749056
82 136 16 13 0.012501544
622 6 18 28 0.012639598
421 127 10 9 0.013143086
463 29 13 17 0.013356417
76 136 21 29 0.013505943
507 109 14 18 0.013759659
224 226 11 12 0.013932671
637 3 9 9 0.014333918
409 118 37 33 0.014371652
513 32 7 9 0.014383654
951 322 25 17 0.014428583
417 70 7 9 0.014470805
508 99 23 17 0.014550601
404 112 48 47 0.015107113
89 131 37 31 0.01549717
458 39 6 8 0.016433425
938 303 24 17 0.016997185
511 23 8 9 0.017029386
94 142 12 10 0.017399583
383 121 10 11 0.018169073
370 123 14 16 0.018768486
87 140 24 16 0.018991427
486 17 21 18 0.020336315
414 124 23 18 0.02145991
929 303 13 11 0.022027966
207 250 21 20 0.022349996
473 107 27 15 0.022458341
468 25 8 9 0.023086661
380 119 15 15 0.024237674
493 20 10 11 0.024631033
374 117 13 17 0.026531553
505 101 22 26 0.026720356
684 347 23 17 0.027154274
923 292 23 16 0.027482336
958 293 11 7 0.029315732
375 120 11 11 0.029912794
358 130 10 8 0.030589322
371 125 11 10 0.031950515
668 339 22 18 0.03274093
511 65 13 18 0.03465335
454 52 6 11 0.034706604
385 119 34 32 0.03539357
930 294 10 9 0.035777323
199 251 29 41 0.036637764
946 292 12 7 0.037776317
219 225 22 18 0.038215484
77 140 23 16 0.04246953
84 138 12 8 0.043338705
390 126 27 16 0.044109575
617 90 22 27 0.044475406
667 346 22 19 0.046223257
161 341 9 10 0.048629165
102 127 27 14 0.048870943
386 126 11 12 0.052904394
97 126 22 16 0.059178278
381 124 21 17 0.0662105
627 5 14 15 0.07807079
82 142 13 9 0.08445328
110 129 15 8 0.08928769
514 69 8 10 0.09358311
924 299 22 18 0.097140774
629 6 10 11 0.17239206
465 31 8 10 0.19307801
492 100 23 28 0.22050875
101 128 13 10 0.23981418
496 110 24 19 0.34171784
484 17 15 16 0.47402504
625 12 15 17 0.48414287

