35_Basketball_Basketball_35_635
43
230 288 31 13 0.010611322
591 262 28 39 0.011220808
301 303 25 18 0.011257907
261 314 21 27 0.011328309
80 322 13 16 0.012705254
219 388 20 30 0.013983119
214 395 23 19 0.014280056
627 307 30 36 0.01432086
875 316 19 23 0.014513555
146 327 6 8 0.015033795
117 341 6 6 0.01545996
329 320 19 28 0.0167863
207 320 26 19 0.022020247
283 269 19 32 0.02453743
868 318 19 29 0.026019845
414 438 20 30 0.028400224
212 289 30 14 0.03220792
606 275 29 38 0.04842786
750 315 23 35 0.054465387
232 322 26 18 0.07483167
747 308 32 48 0.10027744
83 325 8 10 0.11708702
820 299 31 37 0.20328367
273 281 21 29 0.22326915
281 279 23 30 0.30306882
210 314 19 31 0.41952714
219 316 21 28 0.5964946
510 475 28 38 0.5999825
312 447 26 41 0.64791167
370 411 21 34 0.6976624
545 288 28 39 0.7155979
489 321 21 36 0.73559105
620 306 29 40 0.7545438
568 449 30 43 0.75496334
280 308 31 35 0.7557954
458 278 25 39 0.7835351
698 341 31 37 0.79284203
450 418 26 41 0.80627984
599 264 30 37 0.8473422
755 310 30 39 0.86839616
362 331 22 34 0.87682617
813 303 30 36 0.8792899
425 317 21 35 0.89250255

