35_Basketball_playingbasketball_35_794
82
134 179 18 32 0.010167978
221 113 12 19 0.010179781
0 253 11 23 0.010923146
591 172 21 29 0.011103238
508 207 33 37 0.011280685
389 208 19 31 0.011854428
237 152 24 45 0.012018256
368 181 21 19 0.012082006
374 169 36 58 0.012232941
116 46 47 50 0.012693225
224 116 9 10 0.012914247
413 160 17 34 0.013170277
145 136 9 12 0.013640562
334 167 11 11 0.013903195
568 126 21 31 0.014503368
120 34 22 19 0.014913801
71 196 9 14 0.014929523
547 473 6 8 0.015144684
14 216 19 31 0.01561394
476 212 31 37 0.016540637
385 170 10 10 0.016837785
244 166 13 22 0.017264381
500 201 45 50 0.018321818
121 20 29 38 0.018440615
432 208 19 31 0.018677594
377 196 22 20 0.019338176
184 160 12 28 0.019507626
71 210 20 30 0.019858552
750 91 31 42 0.020616334
142 153 19 32 0.020971172
200 172 16 34 0.022886802
31 190 12 22 0.022899996
6 245 13 18 0.023744494
601 170 27 17 0.023980966
243 179 13 25 0.024351157
440 201 22 21 0.024450146
69 194 12 20 0.025163246
327 174 19 29 0.026488032
0 151 20 46 0.026618311
596 171 31 35 0.030117145
231 161 30 64 0.030594911
580 150 20 31 0.031507846
143 132 13 19 0.03162927
240 156 17 35 0.033037078
6 247 11 11 0.034827735
445 193 17 31 0.035980824
252 172 18 34 0.03625971
364 180 19 31 0.037155394
389 149 15 19 0.03848677
601 175 24 21 0.041182894
263 145 13 23 0.042845964
166 177 17 36 0.045275386
325 165 12 10 0.045470558
177 152 17 34 0.052756205
324 156 15 16 0.05324219
335 151 15 16 0.06906628
326 158 10 10 0.08164842
436 208 20 21 0.084899746
268 148 14 23 0.08633352
379 177 21 21 0.08862483
560 209 50 51 0.09678188
327 163 22 19 0.12529999
380 166 21 19 0.15014094
247 109 7 10 0.15276179
442 203 18 32 0.16323976
386 179 19 32 0.16592377
338 153 10 10 0.17027254
390 148 24 20 0.19533272
239 173 18 36 0.29262698
189 158 16 33 0.316265
322 161 21 19 0.3317632
391 149 19 31 0.3530097
423 179 23 21 0.36885288
266 147 19 33 0.53255606
428 174 18 32 0.5852101
283 172 28 39 0.6462117
1 166 24 44 0.72444475
837 137 29 42 0.72613674
99 156 28 38 0.77413356
514 134 27 39 0.8725265
556 124 29 39 0.9381351
753 85 38 56 0.9757381

