35_Basketball_basketballgame_ball_35_216
388
777 420 5 6 0.010012082
593 438 6 8 0.010019841
856 498 6 7 0.010086092
885 453 5 5 0.010256087
900 389 5 5 0.010299548
633 487 6 9 0.010348903
639 416 11 18 0.010366753
691 389 5 7 0.010374338
562 422 6 8 0.010389098
567 404 6 8 0.010390673
902 407 5 5 0.010410633
166 340 5 5 0.010451224
883 389 5 5 0.010462899
69 327 5 5 0.010466721
481 448 10 10 0.010488641
949 421 6 5 0.01050051
482 485 7 7 0.010504712
312 417 6 9 0.010505223
964 436 6 6 0.010662894
37 433 6 7 0.010718035
471 471 7 8 0.010723562
809 481 6 9 0.010724463
918 469 5 7 0.010754276
518 483 6 7 0.01084272
867 453 6 5 0.010911613
562 502 6 8 0.010916132
197 451 5 6 0.010941429
950 358 6 7 0.010955872
707 416 7 8 0.010974255
900 373 5 5 0.011006147
728 469 6 8 0.011010735
947 435 6 7 0.011047038
869 420 6 6 0.011055006
53 326 5 5 0.011083214
853 422 5 5 0.011246316
231 466 5 8 0.011267179
757 404 5 5 0.011281962
805 439 5 6 0.011394874
230 356 5 5 0.0114256665
612 484 5 9 0.011449594
145 326 6 7 0.011544869
673 471 6 8 0.011626471
37 309 5 5 0.011739864
947 485 5 8 0.011770409
179 344 5 5 0.011798112
215 357 4 5 0.011826788
247 357 5 6 0.011903357
836 511 7 10 0.01194695
917 454 7 8 0.011972149
947 374 5 6 0.012108055
212 465 5 8 0.012152682
917 390 5 5 0.012229329
982 388 5 6 0.012285681
756 358 6 6 0.012368317
934 375 6 6 0.012475886
599 472 5 8 0.0125575615
579 469 5 8 0.012664979
739 357 5 6 0.012675216
833 421 5 7 0.012678415
502 380 13 21 0.0127878105
480 496 6 8 0.012852346
930 432 7 7 0.012986024
898 499 6 7 0.013009269
743 454 5 7 0.01306763
130 464 5 8 0.013070797
723 400 6 8 0.013074181
579 374 6 7 0.013075873
918 405 6 6 0.013196598
615 391 6 6 0.01323296
854 471 5 6 0.0132543845
965 456 6 6 0.013355562
681 373 5 6 0.01336347
585 511 7 11 0.013421005
25 54 27 15 0.013449724
963 389 6 5 0.013462987
715 2 53 44 0.013479697
593 510 7 12 0.013554382
931 406 5 7 0.013617582
53 434 5 7 0.013639472
786 419 6 6 0.013721958
552 485 5 8 0.013782136
20 327 4 6 0.013878865
276 488 6 7 0.013900176
933 483 6 7 0.014177217
742 437 6 7 0.01428421
611 418 6 8 0.01431757
738 510 6 9 0.014325707
756 497 6 8 0.0143458275
935 388 5 5 0.014508576
504 380 21 20 0.014661581
690 373 6 5 0.014866309
628 390 6 6 0.014947064
981 436 5 6 0.014993825
852 437 5 5 0.015218521
916 503 6 8 0.015260147
132 342 5 5 0.015318864
710 512 6 8 0.015405417
948 405 6 6 0.015514417
691 432 7 10 0.015753627
277 407 6 8 0.015820203
948 388 5 6 0.01584812
665 485 5 8 0.016167004
996 436 5 7 0.016218591
704 1 47 45 0.016268248
343 400 6 8 0.016322518
263 90 23 28 0.016332757
610 470 6 8 0.016440794
755 439 5 7 0.016556235
374 420 5 7 0.016571093
84 450 6 8 0.016670901
711 387 6 6 0.016679212
644 391 5 7 0.016731558
788 439 5 6 0.016861616
1010 501 7 11 0.01705346
968 404 5 6 0.017059384
772 393 5 6 0.017096018
809 469 6 8 0.017153107
613 500 6 9 0.017436946
787 368 6 7 0.017437646
664 511 6 9 0.017464785
865 513 6 10 0.017805057
980 467 5 7 0.017871488
69 438 6 8 0.017953021
674 512 6 8 0.017959254
596 501 5 8 0.017964661
997 451 6 7 0.018106006
198 359 5 5 0.018286932
303 482 7 10 0.018385384
578 402 7 9 0.01842613
357 421 5 7 0.018524248
309 370 8 11 0.018547514
774 438 5 6 0.018651906
936 455 5 7 0.018811766
422 456 5 7 0.01885032
38 327 4 5 0.01891489
358 465 5 7 0.018943954
755 389 6 5 0.019053524
356 405 6 8 0.01920518
328 419 7 10 0.019296825
553 502 6 9 0.019482605
1016 418 5 10 0.01948995
6 340 5 7 0.01953337
600 420 7 9 0.019652009
725 359 5 6 0.019717088
852 453 5 5 0.01995665
772 400 5 7 0.019971695
342 469 6 7 0.020291165
356 435 5 7 0.020341003
831 37 85 75 0.020573959
626 431 6 8 0.02057935
696 421 6 9 0.020692915
835 501 7 8 0.021050949
263 372 5 7 0.02105574
42 450 7 10 0.021157676
803 406 7 7 0.0211688
581 499 5 8 0.021244606
1000 408 5 6 0.02136211
278 498 6 7 0.02138508
696 511 5 7 0.021388857
582 390 7 7 0.021388926
358 137 31 66 0.021527799
386 439 6 7 0.021861212
756 372 5 6 0.022671176
580 485 6 8 0.02267136
725 501 5 8 0.022759855
740 419 6 7 0.02293863
86 341 4 5 0.023060612
790 467 5 8 0.023061782
643 497 5 9 0.023214169
761 469 5 8 0.023334388
884 471 5 7 0.023463434
839 437 5 5 0.02360291
979 404 5 6 0.023664787
789 453 5 6 0.024235023
808 451 5 7 0.024237968
339 419 5 8 0.024582107
100 342 4 5 0.024746897
263 436 5 6 0.024818389
484 208 12 21 0.025301667
727 437 6 9 0.025444517
755 450 5 7 0.025532538
916 509 7 9 0.02559033
678 435 7 10 0.02560727
709 374 5 6 0.025629533
739 482 6 8 0.025675941
374 437 5 6 0.025677726
3 433 6 9 0.025757408
469 487 7 7 0.02599262
899 471 5 7 0.025993556
277 369 7 9 0.0260173
566 483 5 8 0.026068334
310 404 7 10 0.02609122
198 374 4 5 0.026231345
660 390 5 6 0.026465287
740 503 5 7 0.026489705
774 453 5 6 0.026521882
888 498 5 8 0.02687367
164 358 5 5 0.027031157
21 341 4 6 0.027039085
882 514 7 9 0.02718994
812 25 127 109 0.027244708
180 356 5 5 0.027369473
595 481 6 9 0.027498495
934 503 6 7 0.027544744
134 358 4 5 0.027821418
450 471 6 7 0.027833905
245 371 4 6 0.027883973
137 118 30 14 0.028403906
70 465 6 8 0.028581899
981 454 5 7 0.028887877
724 373 5 6 0.02889258
216 420 5 7 0.028947933
231 374 4 5 0.029033948
371 466 5 6 0.029057367
117 343 5 5 0.029331598
344 454 5 7 0.029541906
274 468 5 7 0.030146107
153 466 5 9 0.030182635
711 489 6 7 0.030295998
640 487 6 10 0.031193355
629 418 6 9 0.031210149
294 434 8 9 0.03130562
646 401 6 7 0.031413767
769 470 6 8 0.031675026
404 453 5 7 0.03209825
148 358 5 5 0.03254498
436 467 6 6 0.032616716
741 375 5 6 0.0326185
706 402 12 16 0.03279035
729 510 6 8 0.03291127
823 440 5 6 0.03298486
674 417 6 8 0.033455886
213 403 5 6 0.03355307
390 467 5 6 0.03357048
964 465 6 7 0.033697955
915 483 6 7 0.033777297
630 404 6 7 0.033969894
53 341 5 5 0.034341197
182 375 4 4 0.03464353
613 403 6 7 0.034678075
818 482 6 8 0.034777995
836 454 5 5 0.034780692
120 463 6 8 0.034871303
408 468 5 7 0.035013344
38 341 4 5 0.035051335
374 453 5 6 0.035278875
772 484 6 8 0.0356438
70 342 4 5 0.03565633
119 372 4 5 0.03577785
630 501 6 9 0.036174558
70 448 6 8 0.03655555
820 468 5 7 0.036585372
25 58 26 17 0.036791295
261 390 5 7 0.036916576
678 390 5 7 0.03720632
389 453 4 7 0.037315425
117 358 4 5 0.03732377
265 449 6 8 0.03779883
838 471 5 6 0.03790834
676 486 6 7 0.038267575
787 480 6 10 0.03856201
322 453 6 9 0.038614623
857 483 5 7 0.03933843
903 482 5 8 0.04036416
739 467 5 8 0.0404714
356 455 5 6 0.040483985
966 421 6 6 0.041755725
5 420 6 9 0.042774454
23 430 6 9 0.043620348
998 419 5 7 0.043652646
933 468 6 7 0.04422924
822 453 5 6 0.045865335
181 406 5 5 0.046223227
419 467 5 7 0.04627134
199 389 4 5 0.04657741
227 439 5 6 0.04714164
261 95 27 17 0.048011538
243 390 5 6 0.048848007
296 485 7 9 0.049279716
870 471 5 6 0.04955921
885 483 5 7 0.050450023
215 375 4 5 0.052147344
274 450 5 7 0.05239778
55 372 4 5 0.054052364
85 407 6 6 0.0543431
52 358 4 5 0.054726273
837 483 5 6 0.05475682
680 497 5 7 0.054940112
71 388 5 5 0.055048555
709 497 5 7 0.055066403
180 451 5 7 0.05562024
166 374 4 5 0.055622946
259 405 6 7 0.057103876
983 421 5 6 0.05732007
24 358 5 5 0.057387147
741 387 5 6 0.057905003
246 405 5 6 0.05793949
660 500 6 7 0.059055634
135 374 4 5 0.060730003
694 483 5 6 0.061101235
694 501 5 7 0.061509077
150 375 4 5 0.06173925
103 356 4 6 0.062253173
865 483 5 8 0.06287778
276 435 5 7 0.06328411
756 486 5 8 0.06361538
165 405 4 5 0.06470665
99 464 6 9 0.06471859
8 359 5 7 0.064786576
724 388 6 7 0.065427125
664 406 6 8 0.06603604
246 447 5 7 0.066148795
228 450 5 6 0.06729413
197 408 4 6 0.06767399
7 404 6 7 0.0681154
230 391 5 6 0.068150535
135 391 4 5 0.06863751
120 455 6 7 0.06977323
39 419 5 8 0.07005486
99 374 4 5 0.07136015
101 449 6 7 0.072155915
662 414 7 10 0.073897414
229 406 5 6 0.07440092
37 358 5 5 0.07615856
87 374 4 6 0.07721889
181 389 4 5 0.077682875
50 389 5 6 0.079130195
37 373 4 5 0.07940063
215 450 5 8 0.08007123
164 390 4 5 0.08349752
215 391 4 6 0.0840873
69 356 4 6 0.08523598
672 403 7 9 0.08603722
83 388 5 5 0.09193811
85 358 5 5 0.09454361
9 391 5 7 0.09504251
21 392 5 7 0.098368265
725 421 7 8 0.09989615
264 420 5 7 0.10065947
245 419 5 7 0.10148246
101 439 6 6 0.10204641
23 421 6 9 0.10236557
215 439 5 6 0.10238985
68 374 5 6 0.10283924
1012 435 6 10 0.10314984
150 390 4 5 0.10423285
151 452 6 7 0.10538148
167 447 6 8 0.107343614
293 389 13 17 0.10852452
276 418 6 9 0.1096807
53 420 6 7 0.11113707
40 389 5 6 0.11398507
133 451 5 7 0.11608342
5 370 5 8 0.1206401
295 394 9 14 0.121512026
40 406 6 7 0.12159568
21 371 5 6 0.13470973
244 440 5 8 0.13521558
24 400 5 7 0.13785453
152 422 5 6 0.14210422
721 485 7 10 0.14522839
69 406 5 6 0.14548399
148 404 4 5 0.15129603
162 422 6 7 0.15341294
115 408 6 5 0.1554229
117 419 5 6 0.15754448
100 406 6 6 0.15859261
50 407 6 7 0.16840969
197 433 5 7 0.17623523
120 391 5 5 0.18158175
181 435 5 7 0.18523836
84 419 6 7 0.18691804
137 403 5 5 0.19028649
229 416 5 8 0.20343588
179 421 6 8 0.21995312
196 419 6 7 0.22037357
152 435 5 6 0.22799769
102 392 6 6 0.23813961
67 418 7 8 0.23815262
642 418 7 12 0.25098258
48 448 7 10 0.25317293
163 436 5 7 0.27062568
132 436 6 6 0.2851311
134 421 5 6 0.2990549
101 416 6 7 0.31446645
86 434 7 8 0.32296875
118 434 7 8 0.46074837
708 404 9 12 0.48179546

