35_Basketball_playingbasketball_35_876
197
725 188 11 14 0.010028074
303 545 21 19 0.010087168
880 407 16 29 0.010192718
263 479 13 19 0.010198435
733 492 22 19 0.010250823
377 162 22 17 0.0103462655
956 147 12 18 0.010398652
785 282 13 20 0.010419602
254 538 23 19 0.010428997
844 480 20 21 0.010474487
856 429 20 20 0.010477917
734 212 10 12 0.010685584
719 284 13 17 0.010857468
192 478 12 19 0.010893415
98 460 17 28 0.010959077
191 68 13 16 0.011034943
958 548 17 33 0.011048283
820 452 11 13 0.011048481
848 420 19 21 0.011065416
135 466 12 13 0.011205999
284 511 22 18 0.011212076
304 555 22 19 0.011285546
940 450 20 20 0.011287377
232 467 8 13 0.011313877
326 158 11 12 0.011325238
958 318 13 14 0.011364286
937 181 7 13 0.0115496
332 150 12 12 0.011585742
750 332 22 18 0.011692817
157 489 21 19 0.011738769
230 465 12 18 0.01188861
972 173 12 19 0.0119321225
627 186 16 33 0.011963871
908 443 21 19 0.012130342
777 503 21 22 0.012138412
236 559 26 16 0.012252674
213 204 13 18 0.012396347
95 468 10 14 0.012399406
784 274 13 19 0.012701325
255 529 22 20 0.012840113
284 492 20 19 0.012949208
905 472 17 28 0.012965838
231 224 13 19 0.013031408
919 491 14 21 0.01318782
1014 475 9 27 0.013214848
941 547 18 32 0.0134093985
994 420 18 30 0.013416043
808 510 21 21 0.013437519
813 290 13 19 0.013495342
192 71 11 11 0.013614258
668 502 18 31 0.01363325
178 483 10 13 0.0137248235
866 262 9 16 0.014182049
914 351 12 19 0.0141966175
165 143 8 9 0.01428323
185 97 24 18 0.014290523
980 462 13 21 0.014734414
368 177 22 18 0.015040474
814 447 17 29 0.015716022
885 403 24 18 0.01586004
995 416 20 20 0.01586802
727 318 13 18 0.015962739
181 88 44 52 0.01609813
300 228 13 18 0.016328191
771 188 10 13 0.016476998
971 346 13 18 0.016562006
337 75 10 14 0.01662695
492 107 52 99 0.016932668
323 95 13 18 0.017049279
1008 418 10 13 0.01726931
188 93 32 38 0.017338391
162 482 17 29 0.017542087
926 485 18 28 0.01772977
870 448 22 20 0.01787637
705 281 13 17 0.018038632
361 507 19 30 0.018186891
703 277 14 17 0.018467078
1012 338 8 13 0.018551009
683 177 12 18 0.01864089
834 464 13 20 0.019944115
87 465 13 20 0.019992331
631 179 12 20 0.020160692
887 318 13 20 0.020391006
966 173 13 20 0.02082257
236 176 12 18 0.02083019
870 304 12 19 0.02103973
803 480 13 21 0.021415666
936 449 17 28 0.02156189
999 175 11 20 0.02192881
957 394 18 28 0.02261463
151 157 9 11 0.023102868
151 151 8 9 0.02341187
804 486 18 31 0.023912849
844 426 17 27 0.024349123
283 142 13 18 0.02459114
327 149 14 16 0.02486398
950 399 14 21 0.025084669
951 316 13 19 0.025115244
948 223 9 14 0.02533033
188 513 20 19 0.025411977
207 480 19 20 0.02634116
302 544 18 31 0.026745018
942 339 14 18 0.026841959
818 478 19 22 0.0271147
770 243 13 18 0.027870683
1010 335 11 22 0.028210117
845 314 13 19 0.029094987
685 226 14 18 0.02968521
585 178 9 14 0.030603342
979 521 18 24 0.031039113
834 478 16 31 0.031050732
667 255 13 17 0.031566687
904 266 12 20 0.031593606
707 495 20 29 0.031918477
636 179 13 19 0.032336317
209 237 13 20 0.03293786
175 480 13 19 0.033321477
1000 507 16 32 0.033321846
880 397 16 30 0.033887815
791 491 20 23 0.035220843
883 509 17 33 0.035307046
163 484 12 12 0.035376143
711 252 12 19 0.035759427
236 225 13 18 0.038803812
264 531 23 21 0.03955553
636 185 13 20 0.039778985
731 318 14 18 0.03996924
279 142 12 18 0.04169737
231 176 12 18 0.04243077
767 180 14 17 0.042431653
626 243 13 20 0.042801276
771 251 13 18 0.043029327
191 157 12 17 0.043045577
786 494 19 23 0.045521155
1009 348 11 22 0.047022074
722 184 18 20 0.05181739
334 69 13 17 0.055485554
584 175 12 19 0.056702435
768 503 21 22 0.05732808
663 255 12 18 0.05800289
256 203 13 17 0.06059416
631 185 13 21 0.065604664
193 159 9 12 0.07005606
930 508 16 32 0.071554765
946 220 13 19 0.072012864
285 174 13 18 0.0750495
909 266 11 20 0.07813807
245 80 9 14 0.08040246
911 431 19 20 0.08145013
956 507 19 24 0.08214433
952 315 21 20 0.08708818
929 521 20 22 0.08715732
1002 414 19 21 0.09067606
716 252 13 18 0.09196214
920 491 21 22 0.10452217
288 80 12 18 0.11514442
588 175 12 19 0.11710176
1012 503 10 28 0.117285
826 478 19 21 0.11777576
99 472 19 21 0.11998655
865 265 11 19 0.12263681
988 431 21 21 0.124018334
995 381 13 19 0.12501056
725 226 13 18 0.12855208
966 509 16 32 0.13499045
724 180 13 18 0.1365824
888 319 20 21 0.14045225
895 462 22 20 0.14676203
926 451 21 21 0.14831996
805 502 18 33 0.14887203
952 399 21 21 0.1626023
678 178 13 18 0.17601258
93 466 13 20 0.17741407
856 488 23 21 0.17929819
773 499 19 30 0.18064067
891 510 17 34 0.18095212
962 346 21 19 0.18383567
851 425 14 21 0.18407068
270 476 13 19 0.18500455
204 530 24 20 0.19123295
959 447 20 21 0.19270673
929 415 19 21 0.20767532
710 500 19 31 0.21408115
816 448 19 20 0.2509915
816 255 13 19 0.26317546
208 490 20 21 0.28083643
733 521 19 31 0.29171327
882 404 19 20 0.29463097
865 448 20 21 0.3008079
159 481 20 19 0.31248018
136 464 20 20 0.32090792
656 502 20 31 0.342982
264 525 18 33 0.37027642
104 476 20 21 0.45220637
205 522 18 34 0.4680828
62 103 76 100 0.8952562
468 96 66 134 0.975621

