35_Basketball_Basketball_35_185
28
628 7 8 11 0.010314699
471 639 39 63 0.010506622
614 2 9 12 0.010602059
560 743 13 21 0.012545689
612 0 13 18 0.012912923
610 647 6 10 0.013229126
657 23 8 11 0.013909872
681 726 17 32 0.014006121
983 413 35 74 0.01537167
678 5 8 9 0.016033962
723 3 7 9 0.01732255
658 4 8 9 0.017811628
552 731 18 35 0.018237697
274 474 42 65 0.021157589
584 649 6 11 0.02422976
693 9 8 8 0.026276436
561 752 13 23 0.029600084
997 751 24 94 0.032728888
642 720 18 25 0.03434727
294 430 44 60 0.042749986
282 439 55 87 0.04790624
710 6 6 9 0.05482279
557 748 18 33 0.07566436
454 638 32 66 0.08914163
302 431 55 86 0.13217506
652 714 17 31 0.1890131
717 466 59 87 0.30773523
610 716 17 32 0.49804306

