35_Basketball_Basketball_35_107
296
908 358 23 19 0.010126692
747 358 18 27 0.010330302
741 151 13 17 0.010334646
893 165 13 17 0.010377971
555 104 12 18 0.010380919
230 122 13 14 0.010413606
577 140 13 18 0.010473602
778 186 22 18 0.010538192
202 145 20 19 0.010610706
1011 374 10 27 0.010667749
646 108 12 19 0.0106691625
789 117 14 17 0.010706882
117 44 8 12 0.0107176965
977 475 43 94 0.010718586
814 95 20 19 0.010831683
782 139 14 16 0.010903577
971 453 20 35 0.010957577
178 141 14 17 0.011029366
842 342 22 19 0.011098322
0 126 8 33 0.011266265
962 376 18 35 0.011301685
270 130 13 18 0.0113559365
1013 138 9 14 0.011391382
602 421 37 55 0.011405299
303 119 12 18 0.011677894
874 329 22 19 0.011738685
268 294 55 84 0.011738946
363 96 19 19 0.011870173
930 35 12 20 0.012051303
871 58 9 13 0.012057977
319 96 12 13 0.01210733
923 425 34 55 0.012140375
766 185 14 18 0.012264989
807 356 23 18 0.01239201
780 55 14 17 0.012515797
690 36 12 18 0.0125347525
573 495 39 67 0.012570032
833 194 19 20 0.012628897
589 0 14 14 0.012699717
370 138 13 17 0.012752066
800 150 13 18 0.01276903
1014 351 10 26 0.012831792
6 129 17 36 0.012858784
645 56 12 18 0.01293084
299 237 19 32 0.012962819
974 132 12 20 0.013146932
241 197 13 20 0.013369847
1013 147 10 27 0.01352805
912 338 22 19 0.013534274
1014 433 9 33 0.013570171
640 74 8 13 0.013658377
843 389 24 19 0.013687784
794 347 15 18 0.013693779
780 153 21 19 0.013748396
792 354 23 18 0.014198165
779 219 21 20 0.014238661
1005 376 18 23 0.014321446
200 195 21 21 0.014341539
716 83 19 19 0.014388745
274 151 12 19 0.014507425
642 139 13 19 0.014744427
211 68 13 16 0.014769496
351 168 13 17 0.014814046
834 86 13 18 0.014925645
957 354 25 18 0.014938423
637 72 12 18 0.015018768
99 160 15 18 0.015059254
855 353 26 36 0.015098616
692 38 9 13 0.015464716
757 184 13 18 0.015484933
267 166 12 20 0.0155644575
657 57 9 12 0.01565001
733 123 14 16 0.015732192
721 77 13 16 0.015876034
963 447 24 46 0.015880631
846 60 13 18 0.016256995
778 379 24 17 0.016273247
744 8 13 18 0.016374314
870 107 13 19 0.016468909
921 362 24 20 0.016505908
788 11 13 12 0.016531881
765 0 13 13 0.016742285
751 107 14 16 0.0170251
870 56 12 19 0.01717081
687 82 11 15 0.017233705
691 12 10 12 0.01741083
859 346 23 19 0.017536951
867 214 19 21 0.017676702
812 328 22 18 0.017776692
239 10 14 16 0.017815525
910 57 13 18 0.017987056
397 171 13 17 0.018090865
395 29 13 18 0.018149247
845 69 12 18 0.018156407
142 276 13 20 0.018305989
228 7 12 18 0.018320374
757 508 45 57 0.01840878
815 129 13 18 0.018515322
442 21 66 77 0.018577185
178 145 13 19 0.018946052
71 164 24 17 0.019194001
827 341 23 18 0.019283723
779 97 14 17 0.019545233
224 347 24 42 0.019567238
835 164 14 18 0.020039242
940 187 23 17 0.020047382
642 146 13 19 0.02014334
685 102 13 18 0.020208593
97 12 14 17 0.020248877
1011 134 11 22 0.020623185
777 213 19 30 0.021090826
136 249 13 21 0.021310318
193 68 10 14 0.021458207
582 36 13 17 0.021483213
676 44 10 12 0.021542333
875 341 23 18 0.021859396
194 0 11 12 0.021898378
688 9 14 18 0.022149479
677 72 13 19 0.022180168
583 39 10 13 0.022194978
927 74 14 19 0.022412946
797 184 21 19 0.022437153
774 168 14 17 0.022833614
194 5 9 12 0.023442995
4 171 9 14 0.02366178
640 26 9 14 0.023837104
338 198 13 20 0.023858827
955 488 30 73 0.023954079
744 49 13 17 0.02432989
118 199 14 19 0.0246936
863 131 13 19 0.024835272
284 198 19 21 0.02486365
722 233 20 19 0.02500131
875 338 19 30 0.025042197
647 59 9 12 0.025250135
761 373 24 18 0.025446672
392 33 20 20 0.025654515
1004 434 18 59 0.026334634
156 9 13 18 0.027129471
799 0 13 12 0.027302267
767 499 59 70 0.027311424
242 13 10 11 0.027550897
979 148 14 21 0.02776819
821 410 26 18 0.028485185
335 33 13 18 0.02858717
775 97 14 17 0.028778628
811 342 22 18 0.02893957
264 344 58 95 0.028982678
114 22 14 18 0.029081667
191 55 10 13 0.029219024
871 218 22 21 0.029518805
1005 385 17 25 0.029662479
714 360 14 17 0.029765327
674 41 13 18 0.030302001
584 29 12 13 0.030575624
261 29 10 13 0.03075138
1004 336 16 36 0.030905759
856 302 20 28 0.03099506
221 183 21 19 0.031486202
201 137 21 19 0.031996172
166 285 22 19 0.03208305
742 75 13 17 0.03307963
748 49 13 17 0.034646943
962 473 31 70 0.035331666
651 114 13 19 0.03549172
586 498 46 86 0.03560953
744 45 11 15 0.035882287
549 109 10 13 0.036344346
1004 349 16 35 0.03663359
317 60 19 20 0.037128653
1004 102 16 32 0.037290134
494 379 48 50 0.037835043
207 43 10 13 0.037941575
876 58 13 18 0.038213212
123 198 14 18 0.03943065
882 138 13 18 0.03979312
182 9 10 13 0.040163603
629 77 9 14 0.040189106
270 0 14 14 0.040485848
132 9 13 18 0.041633092
910 167 14 18 0.04297413
814 125 14 17 0.043044962
254 117 13 19 0.043382663
674 100 13 18 0.043756835
2 168 12 21 0.044290427
844 359 24 18 0.04568773
711 359 13 19 0.046022326
403 117 13 19 0.04721034
354 121 13 17 0.047569085
778 224 20 21 0.04793046
147 8 12 18 0.04835329
647 115 13 18 0.049327627
252 104 13 18 0.04998108
748 150 14 18 0.050209142
638 23 12 20 0.053191174
361 186 22 19 0.053271554
241 101 14 18 0.054428883
319 119 13 18 0.054703698
842 391 24 28 0.055307016
814 150 14 18 0.05553322
676 12 13 18 0.05640598
771 92 20 19 0.05887157
171 69 13 17 0.059020285
869 117 12 19 0.059127163
1007 419 15 43 0.06069685
619 105 13 19 0.060842603
809 399 21 28 0.061523505
724 150 13 17 0.06344341
140 249 13 21 0.06365851
382 72 14 18 0.0647214
241 91 14 17 0.0680401
308 102 13 18 0.06864799
900 365 25 41 0.069064505
749 75 14 17 0.07041975
798 390 23 18 0.07492546
778 163 21 19 0.07527333
547 107 13 19 0.07657628
814 409 24 19 0.07659964
856 385 23 30 0.07715597
341 55 13 18 0.07725316
855 356 25 19 0.07790758
351 54 13 18 0.07911554
259 27 13 18 0.07927949
271 121 13 19 0.07943075
868 69 13 19 0.080942996
728 232 21 20 0.0824305
721 86 11 12 0.08271101
741 194 13 20 0.08290659
627 75 13 19 0.08300627
183 58 12 17 0.08327187
850 302 20 29 0.084312305
1004 383 16 38 0.086685754
704 54 13 17 0.08710462
311 163 13 19 0.09058682
677 17 13 19 0.09341947
230 358 24 20 0.09343764
198 47 11 13 0.09664333
308 137 13 19 0.100735985
272 2 14 16 0.101975724
624 61 9 13 0.104956195
927 359 20 35 0.105874464
23 3 11 13 0.10605862
766 360 21 19 0.10751592
913 121 22 19 0.107889034
317 98 14 17 0.10876215
294 9 14 19 0.113495246
232 117 20 21 0.114445575
881 89 14 19 0.11484275
889 375 29 36 0.12131247
263 168 12 19 0.12137962
364 88 20 21 0.12642169
299 10 14 19 0.12776199
746 45 14 17 0.12840685
789 349 15 18 0.12849267
748 9 14 17 0.13109112
1008 344 13 22 0.13847591
675 499 35 56 0.13869184
784 8 21 18 0.14103071
259 32 13 19 0.1429963
850 133 13 20 0.1435672
629 81 13 18 0.1513367
96 157 22 18 0.17051527
225 359 19 22 0.17599723
163 287 20 20 0.17812036
587 27 13 17 0.1852819
684 76 14 18 0.185719
1006 104 18 22 0.18800755
548 114 13 18 0.18917465
734 351 23 19 0.19011632
192 22 13 17 0.19799532
292 121 13 19 0.20201476
691 536 41 69 0.20339179
143 41 13 19 0.20360953
338 27 12 18 0.22489803
953 363 24 44 0.2260994
664 441 33 38 0.22713175
748 379 22 19 0.24282396
616 444 28 42 0.24612957
390 28 14 20 0.24951148
210 99 15 17 0.25353009
818 92 14 18 0.25458565
687 200 18 23 0.26020473
167 70 12 18 0.2687564
614 106 14 18 0.28608406
336 122 15 19 0.29413992
739 476 28 40 0.30534053
220 69 15 16 0.3133763
199 328 23 20 0.33845684
603 506 37 74 0.33980745
291 39 13 18 0.36184222
319 65 15 18 0.40018702
933 439 29 42 0.4053091
47 216 68 90 0.4067821
994 479 30 87 0.45771027
273 66 13 18 0.46198463
434 64 92 164 0.9835872

