35_Basketball_basketballgame_ball_35_201
33
285 356 100 138 0.0101967845
426 1120 89 87 0.010246174
766 1122 62 95 0.011450037
32 419 80 158 0.011747341
1000 379 19 131 0.012457852
677 404 67 109 0.012739106
979 18 35 71 0.014586751
393 1116 87 86 0.014611825
991 4 23 52 0.0149483
409 161 100 120 0.017436054
295 1 36 35 0.022195173
883 13 65 98 0.023486596
297 347 75 79 0.028071763
720 524 65 96 0.03430321
277 386 80 133 0.039236203
962 29 40 64 0.058594447
270 0 57 52 0.06582514
402 1106 129 132 0.13092212
286 0 44 35 0.13163878
76 140 85 131 0.54908925
6 35 63 115 0.56167364
2 48 75 144 0.6083396
101 152 69 104 0.7099258
22 396 74 144 0.8950136
381 157 82 124 0.93709844
830 3 88 101 0.9515754
633 399 104 122 0.9605322
941 218 75 132 0.971583
724 166 83 119 0.9845359
128 259 78 146 0.98967427
509 224 87 135 0.9943727
293 376 83 167 0.9982755
616 0 83 140 0.999328

