35_Basketball_playingbasketball_35_362
259
307 457 7 7 0.010063479
888 426 11 16 0.010178695
210 443 7 7 0.0102206925
837 522 5 6 0.010259045
887 473 8 10 0.01032082
928 454 9 11 0.010472178
450 459 9 11 0.01064486
148 568 9 5 0.011020086
950 490 8 8 0.011029798
998 477 17 33 0.01109204
867 518 7 8 0.011144744
947 422 8 11 0.011266515
273 464 6 6 0.0114475
528 404 18 30 0.011513559
114 567 7 7 0.011552316
419 507 6 6 0.011746576
254 7 45 10 0.011849469
761 503 5 7 0.012100847
470 510 6 6 0.012162583
391 551 6 5 0.012869344
454 511 6 6 0.013199853
894 428 11 14 0.013291649
247 459 6 6 0.013474189
855 521 6 6 0.013506336
25 448 8 9 0.013534001
824 527 5 7 0.0135924015
455 574 7 6 0.013721325
630 437 9 11 0.01376628
841 475 5 6 0.013863837
617 428 31 38 0.013875211
6 510 7 9 0.014229507
962 505 8 9 0.0142457625
894 419 18 26 0.014521918
304 23 57 43 0.0145603325
1 538 7 10 0.014861428
202 485 19 18 0.01596913
217 522 8 8 0.015973274
595 408 14 19 0.016124684
278 474 6 6 0.016365323
132 460 6 5 0.016516965
927 502 13 18 0.016585896
618 423 24 18 0.016807318
116 536 8 7 0.017184278
440 552 6 5 0.017212316
930 505 8 11 0.01723172
166 566 9 7 0.01754627
854 510 5 6 0.017551811
21 500 13 17 0.017926889
574 398 11 12 0.018139616
979 505 7 9 0.018397376
980 491 7 8 0.01874868
340 477 7 6 0.019108936
193 448 7 6 0.019142825
468 621 6 7 0.019385898
693 491 7 9 0.019651458
1014 489 7 12 0.019917186
358 492 6 4 0.020241505
705 491 9 12 0.02025496
70 463 7 6 0.020393878
79 572 7 8 0.020829761
917 440 14 16 0.020955335
1011 483 11 23 0.021288026
153 447 7 6 0.021308335
38 552 7 11 0.02143644
310 552 8 5 0.021439422
404 551 5 6 0.02157918
212 461 7 8 0.021706728
280 494 6 6 0.021885855
259 461 6 6 0.021965934
325 493 6 5 0.021987917
702 489 13 18 0.022098254
892 431 14 17 0.022102835
121 447 6 7 0.022250175
339 553 8 5 0.022742994
484 572 8 7 0.022970997
452 552 6 6 0.022971086
55 573 8 10 0.023086824
327 509 5 4 0.023525044
852 423 8 12 0.023826465
218 537 7 7 0.024140434
623 383 21 19 0.024377482
483 525 6 6 0.024430986
635 468 13 17 0.024440462
373 489 7 6 0.024744445
260 473 6 6 0.02501761
72 572 7 9 0.02503291
258 491 7 7 0.025035826
322 474 7 6 0.025562411
468 557 7 6 0.02572886
291 477 6 5 0.02575603
707 464 10 12 0.026610702
243 474 7 7 0.026676528
192 506 7 7 0.026910875
0 472 11 19 0.027801119
160 445 8 7 0.028524192
370 508 6 5 0.029119087
148 556 8 6 0.02953694
355 551 7 5 0.02983196
228 471 7 8 0.029843478
388 506 6 5 0.029884787
743 494 6 7 0.030387908
638 470 9 12 0.030896498
387 494 7 6 0.03159846
128 445 9 8 0.031832483
80 504 8 9 0.03186791
213 471 7 8 0.032027442
339 492 6 5 0.032145377
39 475 7 8 0.032278135
102 505 7 8 0.032293428
503 520 7 9 0.032324765
869 508 6 7 0.03294101
165 558 9 6 0.03386243
179 459 8 6 0.033991735
403 509 6 5 0.034486067
887 431 13 18 0.03469766
997 477 8 9 0.034845218
243 552 8 7 0.034905374
455 522 5 5 0.035981428
468 524 6 5 0.03612389
706 3 23 18 0.036189277
36 502 8 10 0.036339987
4 521 7 11 0.037439648
226 462 7 7 0.0377702
961 489 7 9 0.037968293
162 457 7 6 0.03800618
115 507 7 6 0.038570464
999 488 8 11 0.03861325
867 478 6 8 0.038676664
0 480 11 20 0.039724816
241 491 7 8 0.039821416
839 493 5 5 0.04014092
961 474 7 8 0.040755965
307 475 6 6 0.041393753
40 522 8 11 0.041402098
231 492 8 9 0.041751795
307 511 5 5 0.041883264
869 489 6 8 0.041984838
1 550 6 13 0.042215936
78 525 9 10 0.044850975
32 456 7 8 0.045139115
789 24 40 11 0.045596924
851 487 6 7 0.045946278
132 506 6 6 0.04633202
918 443 11 10 0.047004372
421 528 5 5 0.047386684
293 492 6 6 0.048164435
855 477 6 8 0.048301537
70 504 9 9 0.04850938
116 460 5 6 0.049123537
791 500 6 8 0.04990069
341 524 6 5 0.051877365
772 502 5 7 0.05263161
81 533 8 9 0.053348072
196 461 7 8 0.053569872
996 483 13 20 0.054505955
245 536 7 6 0.05486513
424 535 5 5 0.055642836
927 440 10 11 0.056276813
148 536 8 7 0.056565706
179 476 7 7 0.05736157
150 458 6 6 0.05740605
292 507 7 6 0.057653714
24 493 8 10 0.058225628
70 491 8 8 0.05864132
343 509 5 5 0.059327565
359 509 6 5 0.05976195
291 538 7 5 0.059888028
326 550 8 6 0.06046737
470 539 5 5 0.062269736
310 493 6 6 0.06316377
435 537 5 6 0.06350153
49 505 9 10 0.06477391
630 468 13 17 0.06531355
23 503 9 11 0.06818201
194 473 8 8 0.06970523
2 483 8 13 0.069917
279 508 6 7 0.07062307
405 527 5 5 0.07098448
924 437 14 17 0.07398412
162 494 7 5 0.07461974
36 492 8 9 0.075217575
197 490 9 9 0.0766992
225 506 9 8 0.07686298
84 489 7 7 0.079928175
452 541 6 5 0.08167543
738 506 6 8 0.08217632
50 474 8 8 0.0830561
133 535 8 7 0.08308397
164 477 6 6 0.08405078
149 478 6 5 0.08435562
23 454 8 10 0.08527933
496 539 7 8 0.08550132
179 538 7 6 0.08648552
179 552 9 8 0.08754729
435 526 5 6 0.08867973
487 541 7 7 0.0890636
162 538 9 7 0.09000393
389 528 6 5 0.091064654
322 525 7 5 0.09253901
191 522 9 9 0.093267605
151 492 6 6 0.0936876
263 536 7 6 0.09399861
49 489 9 8 0.095249526
164 507 6 6 0.09543156
1009 468 13 19 0.10240747
373 537 7 4 0.105593644
136 525 8 7 0.10563267
98 531 9 10 0.105730124
339 541 7 5 0.10683442
181 494 6 7 0.107096426
356 540 6 5 0.10994812
404 538 5 4 0.11103009
2 474 8 12 0.11201718
98 477 5 6 0.112434156
307 521 7 6 0.114574954
294 525 7 6 0.114942834
323 543 8 5 0.11904921
372 527 6 5 0.11980595
475 387 22 19 0.12045355
537 419 22 21 0.12698506
149 508 7 6 0.12709351
100 490 6 7 0.12933479
70 533 9 10 0.13010633
355 526 6 5 0.1327102
278 523 6 6 0.13298848
134 492 6 6 0.13432027
133 477 5 6 0.14011343
227 535 7 7 0.14126198
226 523 7 9 0.14221714
97 528 9 9 0.14427911
87 476 7 6 0.14720693
182 506 7 8 0.14907253
117 474 6 6 0.14947957
758 489 7 8 0.15001898
309 542 7 6 0.15048286
118 490 6 7 0.1512855
49 463 8 7 0.15153535
837 507 6 6 0.15206233
116 523 9 9 0.1606354
389 537 6 5 0.16126066
263 526 8 7 0.17487
770 493 6 7 0.17770089
1012 471 8 12 0.17951891
208 488 10 12 0.18023048
145 524 7 8 0.19201149
71 526 10 11 0.19501513
537 407 23 20 0.20395248
69 472 9 8 0.20735718
181 523 9 8 0.21696715
277 538 7 7 0.23034094
16 522 10 13 0.25580162
47 523 10 12 0.26623723
244 526 7 8 0.2732766
540 406 18 30 0.30513364
166 522 8 8 0.31727472
621 374 20 21 0.34600747
888 425 19 21 0.5169186
708 468 10 12 0.70243514
791 494 6 8 0.74154234

