35_Basketball_playingbasketball_35_417
81
662 0 32 11 0.010060201
174 52 29 14 0.01012468
1002 28 22 18 0.01023902
983 34 35 12 0.010369228
247 52 32 13 0.011245547
30 159 24 18 0.011277563
187 215 31 38 0.011290097
222 148 39 31 0.011329805
60 51 32 13 0.011412107
303 66 28 16 0.011512956
2 62 18 31 0.011639174
989 35 31 36 0.011749511
361 34 40 32 0.011802538
55 200 22 21 0.012219524
104 170 29 16 0.012366156
708 0 34 10 0.012367524
442 42 24 18 0.012400884
42 59 36 51 0.012410143
988 45 30 15 0.01262964
887 113 45 43 0.013346429
39 161 24 17 0.0139269475
995 162 18 31 0.01451693
985 95 32 38 0.015233106
642 54 29 40 0.015581861
191 267 38 60 0.015678352
523 37 29 15 0.01655622
105 166 29 15 0.017110392
175 42 21 26 0.017454682
230 115 31 14 0.017734837
920 122 26 17 0.018676884
599 63 24 19 0.018818447
22 141 40 52 0.01931699
160 77 24 19 0.019507675
979 88 44 51 0.019602576
1000 45 22 19 0.02056849
118 149 31 39 0.020990664
54 64 29 17 0.02355238
70 35 25 25 0.023919236
55 131 27 17 0.024326444
103 29 26 17 0.024712568
445 15 28 16 0.025196873
889 164 32 14 0.02599861
992 164 26 15 0.02795235
34 132 30 39 0.028173504
59 130 23 28 0.028825471
442 34 25 18 0.029268831
68 50 33 14 0.029373836
165 80 26 18 0.031267215
999 161 23 18 0.03288518
438 29 45 46 0.034348764
606 59 19 33 0.035062894
535 38 22 28 0.035788864
103 161 30 35 0.04056586
304 61 23 27 0.04213797
27 147 30 37 0.056206133
247 74 25 18 0.058281373
895 107 37 31 0.0718505
310 61 28 19 0.07632891
444 32 34 33 0.08239134
51 195 30 35 0.104026295
48 197 22 30 0.1077377
892 117 36 30 0.12829037
183 53 28 18 0.13840872
433 49 46 49 0.13961375
205 255 30 44 0.15946314
49 69 22 30 0.17040564
240 59 23 28 0.20939016
161 65 29 36 0.222305
186 47 21 29 0.24543595
210 246 32 58 0.28226578
222 134 36 33 0.35990673
247 61 24 27 0.40597203
52 69 33 34 0.4128434
285 249 29 58 0.6278917
957 56 37 30 0.7201644
885 163 32 33 0.7273213
311 57 33 32 0.732794
354 244 27 46 0.7541661
527 38 23 31 0.7543016
740 87 31 35 0.8619931
366 18 45 50 0.93920195

