35_Basketball_playingbasketball_35_127
91
424 7 27 16 0.010247968
161 40 19 20 0.010263132
815 65 20 20 0.010270187
389 49 13 24 0.01028868
999 115 11 27 0.010421898
162 26 10 11 0.010679844
72 57 12 20 0.010777447
166 92 19 31 0.011055956
459 190 25 42 0.011385418
112 2 14 9 0.011604634
386 45 33 60 0.011613181
98 43 15 16 0.011981526
424 85 21 20 0.012500666
191 22 14 17 0.012511296
86 7 10 10 0.012654776
193 25 11 11 0.012768279
367 18 21 19 0.012851759
16 69 13 14 0.012960378
74 97 18 33 0.013249415
115 30 10 10 0.013682641
159 22 15 18 0.014210683
391 42 21 21 0.0142363245
369 11 21 18 0.0144028785
108 37 22 18 0.015065997
103 54 19 29 0.015142941
109 7 21 26 0.015415328
11 56 14 35 0.015751379
80 101 13 24 0.016549343
70 101 12 24 0.0168567
388 21 19 31 0.017152159
833 24 10 12 0.017163739
840 23 23 18 0.017238406
780 43 21 18 0.017616367
405 6 28 15 0.017794035
415 1 21 26 0.017930783
97 52 13 20 0.018293157
115 40 10 9 0.018581241
390 75 28 40 0.019262074
173 7 13 11 0.019318685
824 18 13 20 0.019982323
401 5 15 19 0.021586183
417 81 20 22 0.023092555
415 118 27 43 0.024060292
168 42 21 20 0.024428556
830 14 20 28 0.026565325
108 53 20 22 0.026788918
78 54 12 20 0.026997661
752 14 19 30 0.027732758
130 111 20 31 0.028059753
95 25 12 11 0.028835386
756 12 20 20 0.029902318
136 97 19 32 0.03112119
101 47 10 9 0.031810004
169 30 20 28 0.0325698
463 202 19 35 0.041227426
750 4 19 30 0.042262707
98 8 14 8 0.047753062
852 4 14 20 0.048056
764 14 19 30 0.049632214
122 3 21 17 0.049996085
883 65 20 32 0.052443117
87 24 12 13 0.053365428
92 19 19 28 0.057607774
107 4 25 15 0.059422307
92 7 24 16 0.06027914
410 60 27 42 0.06421676
113 6 15 9 0.065613955
15 60 15 20 0.07241596
380 4 24 18 0.07446269
766 5 19 29 0.075347945
826 20 21 20 0.094087124
367 59 17 36 0.1009214
392 55 17 35 0.10190398
367 68 12 24 0.12244786
759 15 21 21 0.13839225
411 74 28 41 0.15751442
127 6 13 10 0.15787706
857 4 22 29 0.20114304
167 3 21 19 0.21501465
165 4 14 17 0.25458962
848 3 21 30 0.27175638
395 1 22 28 0.3478479
87 20 22 19 0.49547413
12 64 19 21 0.5094184
1002 114 16 34 0.5975301
601 179 39 65 0.8349974
890 65 22 34 0.8723465
534 162 33 51 0.9110456
320 53 27 40 0.9271884
638 32 30 40 0.9426953
493 114 30 44 0.95594144

