35_Basketball_basketballgame_ball_35_256
64
672 120 23 32 0.0104169035
262 117 35 64 0.01097836
511 49 41 61 0.011020642
994 344 18 42 0.011999654
7 228 31 166 0.012627731
6 290 32 175 0.013311663
531 47 49 62 0.014012782
736 123 38 57 0.014069605
215 133 49 97 0.014304808
0 300 22 122 0.014760542
458 143 38 66 0.015801407
716 210 51 89 0.016022027
230 84 38 39 0.016066095
1002 490 18 62 0.016069937
752 317 45 49 0.016141048
730 165 41 59 0.01870503
850 195 36 59 0.019113028
969 312 30 38 0.022013295
1006 531 13 46 0.022311905
236 88 50 81 0.023438051
944 352 35 63 0.026419612
256 133 38 60 0.026693396
503 78 38 70 0.027446007
666 102 33 36 0.028309088
351 163 40 66 0.028991368
501 95 35 72 0.030364744
828 197 39 55 0.03314251
1016 294 8 37 0.035768956
371 60 31 43 0.039007016
1010 290 14 43 0.04447407
388 253 27 44 0.044692494
951 148 40 67 0.046550594
973 503 24 49 0.04850938
951 344 37 59 0.05266644
703 205 26 45 0.05630127
1005 300 19 50 0.057501573
395 35 55 72 0.0654572
841 162 31 39 0.09749851
456 157 49 87 0.14033733
852 192 28 46 0.14340585
956 164 41 61 0.14723176
281 139 29 42 0.16872646
687 265 22 50 0.17327438
437 100 40 60 0.19359268
721 233 39 61 0.19950967
538 11 42 54 0.20196375
661 111 41 51 0.25197893
418 25 37 56 0.2554413
223 141 39 61 0.25849065
465 153 42 63 0.28626394
918 118 38 60 0.32483026
935 349 35 60 0.42264375
842 177 34 62 0.4256921
955 52 28 40 0.49515137
887 370 35 59 0.51702607
773 108 35 52 0.52320325
984 333 32 64 0.5244034
866 327 38 52 0.56470734
355 148 39 60 0.5835427
735 147 38 58 0.6091109
759 344 43 61 0.7220293
227 71 46 59 0.84525627
360 50 38 61 0.8697002
530 50 61 99 0.8721587

