35_Basketball_playingbasketball_35_65
99
1009 387 7 12 0.010047658
896 388 9 13 0.010166875
532 306 7 11 0.010278678
1002 478 21 102 0.010398795
795 339 6 8 0.010688301
1003 460 18 62 0.010800593
738 418 14 20 0.010822017
794 495 21 21 0.010854345
883 446 13 20 0.010942038
775 401 9 12 0.010992872
2 520 26 85 0.011157762
3 530 38 124 0.011323807
895 431 12 20 0.011346395
1011 398 8 12 0.011394695
440 338 31 13 0.011509413
5 527 18 66 0.011755996
935 339 10 9 0.011846359
408 387 13 17 0.012458116
718 404 13 18 0.012532511
1 507 11 50 0.012563459
749 418 13 20 0.012697344
539 229 18 31 0.013875335
446 337 40 49 0.013940036
1008 466 12 49 0.013995872
522 312 18 33 0.014005759
432 364 23 16 0.014160173
936 371 23 19 0.014442598
888 385 12 20 0.015356954
748 378 13 15 0.016347764
921 412 21 19 0.016542794
680 236 8 11 0.016552145
707 475 18 31 0.016622912
439 363 24 17 0.016802102
909 400 20 20 0.017020216
834 294 6 8 0.017126719
1002 412 17 31 0.01714711
409 389 10 10 0.017496921
518 304 27 44 0.017743064
819 320 6 8 0.01785092
706 463 22 19 0.018192
973 402 14 22 0.019375563
790 427 13 19 0.019622376
454 340 30 13 0.019931952
906 382 16 33 0.020281961
961 410 21 20 0.02069772
488 348 19 30 0.020984588
822 308 6 7 0.021069754
828 489 21 21 0.022878496
893 443 12 22 0.024625786
917 409 13 20 0.02521212
858 411 13 18 0.02663693
501 352 9 14 0.029364776
821 449 13 20 0.029448224
414 388 10 11 0.029495522
850 270 6 9 0.02973188
508 349 12 21 0.030789895
857 260 6 10 0.030897591
864 254 6 10 0.030949017
751 427 12 23 0.034010444
535 312 11 26 0.034150817
959 497 53 95 0.034255516
827 444 18 21 0.034805104
868 243 7 10 0.03481232
801 339 5 7 0.035668593
903 352 15 18 0.038256586
961 400 21 21 0.038611338
1009 418 10 14 0.038688686
412 386 13 17 0.042510904
909 355 16 27 0.042894606
893 392 13 21 0.04450577
685 227 8 11 0.05248433
711 459 19 29 0.053788673
795 423 19 19 0.05673301
966 398 17 30 0.057567764
712 464 23 20 0.058131546
780 396 13 16 0.059924778
913 384 21 20 0.068827406
510 279 35 65 0.07935718
890 386 19 21 0.08722692
515 231 19 33 0.09089908
445 352 24 18 0.10129932
718 411 12 19 0.108406916
795 460 23 21 0.113794744
800 456 20 31 0.121110246
183 521 39 63 0.15551484
499 349 13 21 0.16420624
455 345 22 29 0.1695572
921 380 22 21 0.17203233
945 538 58 104 0.1781612
970 404 18 30 0.268615
75 504 17 35 0.28944778
680 228 9 12 0.35240027
227 431 18 37 0.46533158
1006 415 14 20 0.46972972
744 376 14 19 0.49956325
903 354 23 20 0.6834684
800 420 15 19 0.7035232
619 387 19 21 0.70443755
853 413 14 18 0.7977014

