53_Raid_policeraid_53_272
30
469 310 5 8 0.010038163
961 6 13 5 0.010151817
0 206 9 31 0.010319437
595 232 13 23 0.010671725
994 0 9 8 0.010721741
350 225 12 25 0.010883735
619 308 24 49 0.010921591
580 239 19 22 0.010957505
897 0 10 6 0.011085937
913 1 10 5 0.012614991
1018 71 6 43 0.013119709
929 0 10 6 0.013836796
945 0 9 6 0.013961683
979 0 10 6 0.014215033
614 299 31 69 0.015098885
944 203 6 9 0.015692936
306 235 17 32 0.016901447
961 0 9 6 0.016923003
934 202 6 9 0.022728574
602 235 17 31 0.023892533
617 314 32 72 0.024291785
334 228 12 25 0.027368136
322 228 12 28 0.028718708
123 264 33 69 0.03008043
312 236 12 25 0.042690754
302 223 17 33 0.04394188
902 191 18 21 0.0526678
318 234 17 31 0.1384512
907 186 15 31 0.38164717
591 232 17 34 0.7829282

