53_Raid_policeraid_53_368
73
1 128 11 23 0.010130995
713 143 20 30 0.01039961
384 400 20 19 0.010903408
177 107 10 11 0.01110607
207 93 19 27 0.011138398
613 230 27 46 0.011217454
342 123 8 9 0.011813544
420 137 7 6 0.0119141685
4 125 8 12 0.01253715
758 130 31 14 0.012887795
583 289 36 62 0.013544089
390 123 7 7 0.013571147
23 119 11 12 0.014294425
55 94 9 9 0.01451633
319 118 8 9 0.014737023
164 105 13 18 0.014989036
535 126 6 7 0.015120478
280 393 23 17 0.015123064
31 116 14 11 0.015274749
391 154 8 9 0.015578131
676 133 12 19 0.01613976
401 153 7 8 0.016505249
223 92 14 16 0.016841479
749 146 31 38 0.017258946
226 93 9 11 0.017317468
532 133 6 7 0.018039525
541 160 40 62 0.01853381
594 286 34 62 0.018992418
469 143 5 5 0.019281035
64 93 8 8 0.019556709
421 157 7 7 0.019621825
440 123 6 7 0.020017724
436 152 8 6 0.020227073
747 151 22 20 0.020307235
302 108 14 16 0.020464052
722 149 11 12 0.022068346
81 94 8 8 0.022074526
469 152 6 6 0.02251258
401 136 7 7 0.023374172
607 221 37 63 0.024892738
317 393 25 15 0.02511211
278 391 10 12 0.026750045
23 116 14 17 0.027993694
383 392 21 18 0.02882957
452 137 7 6 0.034075126
304 111 10 10 0.034326285
450 151 7 6 0.034938496
450 126 6 7 0.035520002
295 115 13 16 0.0389374
186 169 38 61 0.04124683
639 225 13 20 0.042299617
55 102 10 12 0.0501258
171 104 20 20 0.050329063
716 146 21 18 0.05948051
438 140 6 7 0.060057152
678 137 8 11 0.06659045
63 101 11 12 0.07486469
551 121 28 47 0.07512709
391 136 7 7 0.106420554
299 113 20 18 0.12706171
296 117 9 11 0.13523164
54 99 13 18 0.13713725
60 97 14 18 0.16195288
219 96 14 18 0.20584844
29 106 20 20 0.27652577
213 98 14 17 0.39281654
26 111 21 19 0.39962378
361 121 9 12 0.4727228
547 127 35 60 0.52974117
365 121 10 12 0.5528911
304 116 11 12 0.564915
758 147 32 38 0.8756696
834 62 74 143 0.98851705

