53_Raid_policeraid_53_736
41
186 221 23 19 0.010289723
291 233 34 68 0.010558707
175 220 19 32 0.010616469
114 237 39 59 0.010814939
184 236 22 21 0.010835393
1000 47 20 56 0.010918475
338 267 38 69 0.011926227
195 211 12 8 0.012670777
366 186 28 43 0.014020721
831 331 44 61 0.014740056
252 237 24 17 0.015507644
378 167 28 41 0.015511226
99 237 41 57 0.015962401
251 234 37 62 0.016322946
188 210 26 15 0.016497293
631 317 30 43 0.017939761
475 209 32 39 0.018348515
124 226 18 34 0.021156017
444 243 38 61 0.022294618
631 329 41 61 0.0228283
271 207 21 21 0.023764126
190 240 27 45 0.025056534
278 264 38 72 0.026086973
682 199 7 12 0.028312534
324 262 36 72 0.029413233
611 326 43 64 0.029714864
613 313 31 42 0.03236489
692 190 7 12 0.035594452
264 213 27 43 0.036166247
470 200 42 55 0.038435094
185 232 36 62 0.04281439
626 310 38 60 0.053104535
274 199 17 36 0.07461424
282 196 27 44 0.103555575
107 218 26 43 0.12006584
502 191 27 45 0.13807891
189 223 25 45 0.1593839
609 305 40 60 0.18693757
281 201 35 62 0.1877613
482 184 37 57 0.43284455
380 182 29 42 0.7185875

