53_Raid_policeraid_53_770
90
998 132 5 7 0.010046088
838 150 5 6 0.010062576
967 215 6 7 0.010172557
645 165 6 5 0.010228448
692 168 5 5 0.01047559
518 197 7 6 0.010580343
729 167 6 6 0.011108412
534 176 5 7 0.011577483
919 179 6 7 0.011684378
933 208 6 8 0.011820443
546 165 6 7 0.011830171
945 193 6 8 0.012034931
902 208 7 7 0.012278525
980 209 6 7 0.012345912
576 195 8 5 0.012642037
966 220 8 9 0.0126716
616 163 6 6 0.013248424
831 219 32 40 0.013524875
644 194 6 5 0.01370508
850 150 7 8 0.014690867
599 196 6 5 0.014730358
673 165 5 5 0.015801728
617 177 5 6 0.015816802
820 193 7 6 0.01618887
805 193 7 6 0.016667705
629 195 6 6 0.016910227
560 181 7 7 0.017038025
536 161 5 8 0.017250836
788 193 6 6 0.017253987
825 233 47 54 0.01804115
821 242 7 8 0.01836032
838 239 8 9 0.018778829
969 192 6 7 0.019687368
937 150 5 7 0.019806968
774 167 5 7 0.019838227
966 143 5 6 0.021376302
915 198 6 7 0.021522649
627 163 6 6 0.021817792
728 209 5 5 0.023869872
536 196 6 7 0.025530746
850 157 7 8 0.025632879
758 163 6 6 0.026620738
664 193 5 5 0.027037285
664 165 4 6 0.027275465
838 161 6 6 0.030718751
626 178 6 6 0.033371933
551 192 7 7 0.033437137
758 208 5 6 0.033793375
901 196 6 7 0.034197662
772 211 5 6 0.035766207
647 179 6 5 0.036161408
946 149 5 7 0.037194066
759 196 5 6 0.03992716
611 198 5 6 0.041895866
935 194 6 8 0.04339103
824 212 44 57 0.045128807
819 166 5 6 0.04861732
773 194 5 6 0.048738714
758 177 6 6 0.05040042
563 194 8 7 0.053696487
695 208 6 6 0.05767329
519 165 6 7 0.061021585
818 174 6 7 0.063330084
706 206 6 6 0.0645079
981 180 5 7 0.07010848
790 164 6 7 0.07329619
915 206 7 8 0.082394995
805 163 6 7 0.08312939
742 207 5 5 0.084176704
550 176 6 7 0.08438364
710 184 5 5 0.08504497
726 193 5 5 0.08805926
978 191 5 8 0.08967606
805 176 6 7 0.0909119
739 165 5 6 0.107267834
679 182 5 5 0.12727898
726 178 5 6 0.12785104
739 178 6 7 0.12866935
939 177 6 8 0.13440588
739 196 6 5 0.13469121
693 180 5 4 0.14447197
660 177 5 5 0.16144873
677 191 5 5 0.16971663
775 175 6 7 0.20651676
692 193 5 5 0.20949188
787 174 7 8 0.25548834
710 191 5 6 0.2982663
203 43 46 94 0.3389631
944 174 5 9 0.40578777
393 89 40 63 0.4579771

