53_Raid_policeraid_53_43
24
12 206 12 23 0.010241305
8 207 10 27 0.013775476
4 193 12 49 0.013840303
479 128 22 36 0.015381864
264 128 42 92 0.015710654
473 256 54 92 0.015865369
195 127 31 41 0.020691236
316 153 29 41 0.022563769
3 142 32 72 0.024365067
622 136 18 43 0.02689806
312 145 39 58 0.030689396
259 142 41 60 0.033893615
253 100 39 56 0.038296405
664 45 20 35 0.038825676
629 134 29 46 0.04624113
322 140 18 35 0.051044036
188 118 41 56 0.056999166
142 179 58 88 0.3807064
258 120 38 59 0.5653053
90 91 33 41 0.8506094
621 128 27 63 0.8681836
654 38 26 44 0.9728746
771 86 36 63 0.9765696
471 121 34 41 0.9841526

