53_Raid_policeraid_53_489
47
297 364 23 56 0.0104498
379 354 36 61 0.010468449
390 310 8 11 0.010620521
345 156 6 10 0.010876961
320 280 8 12 0.011145921
994 307 7 11 0.011410935
393 322 52 99 0.011900766
544 52 20 20 0.011921671
542 55 18 34 0.012143159
342 163 12 19 0.013375685
542 67 21 20 0.013695145
64 233 24 19 0.01369622
695 168 8 14 0.014273699
405 300 42 56 0.014605571
344 265 24 43 0.015872093
436 277 12 11 0.01593449
689 152 12 21 0.016325641
552 353 97 144 0.018216575
537 70 25 48 0.023315964
383 58 6 8 0.023482462
318 276 12 21 0.025705256
573 256 22 20 0.027151693
429 273 20 30 0.027194828
448 276 11 12 0.030895319
672 174 20 22 0.034105435
371 166 12 16 0.03489304
675 165 19 23 0.037258
334 269 17 35 0.038917404
294 357 32 73 0.03911214
685 169 18 30 0.03923793
338 271 21 22 0.040110115
66 232 21 32 0.04665439
583 252 20 32 0.065599196
345 274 21 22 0.06852471
330 264 22 20 0.07084134
355 179 6 10 0.07168642
386 183 6 8 0.07896239
345 167 7 10 0.08755725
432 274 22 19 0.088124804
370 78 7 9 0.11296473
442 273 21 19 0.11537882
353 169 7 9 0.1457216
692 163 12 24 0.18333218
683 160 17 33 0.26100928
60 221 27 39 0.5365577
373 169 8 10 0.82154083
54 134 41 57 0.96197635

