53_Raid_policeraid_53_445
61
26 73 24 52 0.010064158
143 165 44 59 0.0102440175
444 224 36 67 0.010452541
316 207 22 34 0.01093658
356 109 40 59 0.011127683
962 155 19 37 0.013427996
339 257 34 72 0.013443475
335 259 52 87 0.01345685
825 112 47 56 0.013592106
427 165 31 44 0.013750201
469 193 50 93 0.014408465
814 67 81 134 0.0155616
701 521 73 97 0.016228119
942 154 26 44 0.016385732
517 184 30 45 0.016507726
775 143 53 79 0.017264817
901 228 37 67 0.018176816
218 280 27 44 0.020270946
215 208 36 39 0.021117847
415 142 37 67 0.022441491
5 253 32 80 0.023003038
327 249 35 69 0.023036776
86 147 52 89 0.023568368
528 267 72 110 0.024760054
769 265 19 35 0.02492304
316 178 39 54 0.025106
714 171 28 43 0.026446138
325 227 35 66 0.028218124
623 152 41 69 0.029225731
0 30 57 192 0.030651424
20 64 34 72 0.03270729
453 154 53 81 0.03493128
5 104 42 122 0.038701817
302 205 30 39 0.038990613
949 156 38 56 0.04898605
683 511 112 137 0.050820187
217 282 32 67 0.057130996
156 107 26 42 0.065745756
507 193 51 86 0.071091615
937 158 36 60 0.07738645
961 148 34 55 0.08142361
124 144 48 85 0.08252157
0 119 37 74 0.14609396
415 233 36 69 0.1759706
378 129 57 76 0.19969824
825 94 56 95 0.20278141
2 52 39 141 0.22909354
309 197 37 55 0.2799537
511 184 42 65 0.36792043
821 130 50 59 0.4449746
622 124 52 92 0.45403457
616 138 39 73 0.45452896
433 155 38 65 0.4848321
368 125 43 69 0.52068627
9 403 61 109 0.5214085
65 175 40 62 0.645285
117 161 47 61 0.7102615
983 145 32 61 0.77481246
210 196 44 59 0.8311902
766 158 41 55 0.9140709
542 269 83 157 0.9783741

