53_Raid_policeraid_53_827
34
199 63 67 87 0.010707075
995 177 26 45 0.011053297
592 240 46 56 0.011104516
199 34 67 77 0.011365706
634 181 24 20 0.011455398
568 200 35 34 0.012603664
369 71 46 62 0.012812907
4 148 88 191 0.013175974
648 190 51 87 0.014401937
561 192 25 18 0.014405674
954 148 43 109 0.014534105
667 193 40 61 0.015168648
706 172 30 38 0.016779847
537 227 48 53 0.017203858
646 180 21 34 0.01773046
915 174 49 50 0.01909342
656 262 60 94 0.020990457
918 193 65 69 0.021369109
977 326 42 126 0.02259922
556 181 32 34 0.022688452
561 191 46 51 0.022960652
632 189 46 54 0.024037668
602 210 27 16 0.02458269
671 228 40 63 0.025695162
893 176 40 52 0.030084213
636 158 52 75 0.03794351
957 181 46 53 0.04233166
666 174 38 56 0.05379723
372 77 54 92 0.073238835
566 192 28 19 0.1086595
955 192 46 62 0.40669236
568 184 32 36 0.7189218
637 171 40 53 0.7218677
859 188 38 54 0.88847953

