53_Raid_policeraid_53_858
41
99 207 21 30 0.010451899
166 238 29 41 0.011014454
365 216 20 20 0.01107906
255 237 20 28 0.0114589995
506 142 30 44 0.012080714
98 205 30 38 0.013018075
192 244 53 81 0.014072291
65 193 20 20 0.014147252
837 315 50 130 0.014626711
72 193 19 30 0.014754725
505 154 41 68 0.015555927
72 185 21 19 0.01600624
824 298 78 183 0.017394554
362 270 18 30 0.018991528
364 273 20 21 0.021442775
361 222 20 21 0.021740336
73 190 22 19 0.022899408
187 242 33 40 0.02401662
932 79 26 53 0.024346506
159 229 39 60 0.027776424
376 214 21 20 0.028349819
200 224 53 79 0.028623203
181 253 48 54 0.029439278
492 139 25 46 0.039730098
360 237 17 33 0.049533002
501 135 39 62 0.06177519
354 222 19 22 0.06801847
740 154 34 67 0.069920056
299 22 103 202 0.0900127
732 141 25 50 0.10101094
58 209 18 31 0.115660526
409 248 24 20 0.12328533
359 220 16 34 0.1710182
180 234 44 57 0.1784759
945 73 50 98 0.19813655
930 69 34 74 0.27838755
115 219 51 64 0.43095845
51 211 18 32 0.6314055
414 238 18 34 0.8276232
296 223 20 35 0.9044551
835 121 36 66 0.9709916

