53_Raid_policeraid_53_696
70
483 265 28 41 0.01002003
864 289 24 17 0.010040873
356 391 14 20 0.01010139
348 184 20 31 0.010299552
638 338 31 38 0.010716023
346 231 22 20 0.010815714
833 291 13 19 0.010993142
125 223 14 22 0.011238423
188 352 19 31 0.0112664085
848 273 14 18 0.01179112
644 273 20 19 0.011822815
338 210 13 19 0.011945538
411 224 37 54 0.012115375
286 208 17 33 0.012267197
665 369 26 18 0.012822771
602 265 20 19 0.013579064
550 256 13 24 0.013747795
497 257 14 23 0.013862645
862 281 24 18 0.014332118
416 214 34 52 0.014552959
646 258 18 32 0.014566903
446 278 20 31 0.015029924
366 240 22 21 0.015242078
677 272 20 31 0.015948124
423 215 25 19 0.01632333
158 363 34 69 0.017277785
278 349 57 84 0.01754442
342 361 13 21 0.017633887
827 29 40 65 0.018296184
556 247 20 23 0.018869184
439 282 25 18 0.019351663
199 211 28 16 0.019899003
332 210 25 45 0.020228524
199 394 19 33 0.02025032
194 360 13 22 0.020373825
221 394 17 34 0.020445585
215 393 22 21 0.021253401
591 304 20 21 0.021566337
890 283 24 17 0.022800786
449 247 22 20 0.02333442
817 23 54 92 0.023837958
38 334 21 30 0.023967167
964 0 43 57 0.024394674
418 229 21 21 0.02447601
155 383 36 66 0.026098939
530 333 41 60 0.028945398
962 201 45 115 0.029236587
672 265 30 40 0.03336557
455 247 23 20 0.03343588
459 391 23 47 0.034812585
650 265 21 20 0.03684068
492 248 23 19 0.037712082
728 259 28 16 0.040491097
219 384 18 34 0.044324983
123 222 21 29 0.045023486
417 230 28 39 0.055944957
201 380 18 34 0.0639999
668 239 37 64 0.08606367
363 230 26 44 0.09229191
354 217 25 43 0.107788056
130 380 41 66 0.11275872
981 2 38 69 0.123814575
650 271 22 22 0.1278088
661 334 41 55 0.14694475
66 339 29 42 0.1569801
135 372 63 84 0.1829777
492 253 19 32 0.2897732
423 223 21 33 0.40920565
554 248 18 33 0.44431442
268 201 24 44 0.6032237

