53_Raid_policeraid_53_256
38
947 53 77 146 0.0101848515
570 96 84 106 0.0106618125
908 145 53 90 0.010914001
667 0 19 31 0.012140712
86 66 36 70 0.012461471
831 180 23 54 0.0139046805
497 265 66 95 0.014068262
638 105 45 63 0.015020482
395 128 58 94 0.015115252
370 77 90 125 0.0155857615
575 121 47 66 0.01651911
86 26 36 63 0.016557874
70 71 39 72 0.017470602
377 114 27 48 0.018703777
665 84 43 68 0.018967718
783 145 49 90 0.021894768
453 88 54 86 0.022490092
828 166 31 77 0.028118769
72 38 46 86 0.02853488
790 135 37 75 0.02975893
93 52 26 51 0.02987757
44 185 71 174 0.035340786
850 129 35 74 0.035712294
698 83 50 89 0.038786806
962 97 38 72 0.04092354
467 111 43 60 0.041518234
979 78 35 81 0.054778457
765 134 37 70 0.058406558
744 55 35 67 0.067757934
52 245 61 95 0.09668699
838 104 44 98 0.10275568
373 103 36 69 0.12946358
384 92 57 91 0.1625974
87 42 35 70 0.20351802
837 127 33 79 0.32319686
962 75 50 102 0.49013284
656 87 58 87 0.5696596
577 122 62 85 0.73918325

