53_Raid_policeraid_53_805
40
915 32 12 25 0.010776818
649 32 20 22 0.011031025
381 154 12 23 0.01122944
454 186 18 33 0.012106679
40 57 20 34 0.01245105
334 218 12 24 0.012584973
47 54 43 56 0.01262152
491 180 24 19 0.013668531
900 221 28 47 0.014350797
384 147 9 16 0.014867713
700 196 17 35 0.0152297085
586 66 18 33 0.015301202
329 202 18 35 0.016178962
377 143 11 23 0.016655354
584 293 97 148 0.018199079
3 28 23 50 0.018367257
5 33 16 39 0.022330053
281 310 58 95 0.022708537
494 187 22 21 0.023883592
295 210 37 59 0.024230575
593 47 13 23 0.025849445
34 45 36 60 0.026267586
413 159 40 58 0.027649265
578 151 31 60 0.03578279
490 183 19 36 0.04687914
588 177 24 47 0.04698649
293 91 22 53 0.052428145
682 192 25 47 0.05483061
383 137 18 33 0.05575919
503 186 25 48 0.06354589
382 152 19 34 0.07495872
676 201 32 69 0.08213055
895 215 37 65 0.09496227
321 214 26 43 0.10490782
381 145 13 22 0.13577555
585 159 18 37 0.31323248
484 171 36 57 0.340657
488 164 27 45 0.4593691
192 211 26 41 0.9091788
415 181 31 43 0.9151392

