53_Raid_policeraid_53_6
37
722 284 20 22 0.011042335
1012 224 11 24 0.011390448
845 372 17 34 0.012188471
1013 231 10 27 0.013651037
1006 225 18 22 0.013692885
593 240 10 12 0.014870235
840 359 12 27 0.015039804
718 287 18 34 0.015391138
984 239 21 24 0.015507075
562 229 17 31 0.01582411
794 285 18 35 0.01743669
549 271 18 22 0.017473402
795 382 13 19 0.02050303
616 250 17 30 0.020689769
729 283 20 22 0.02378367
734 287 17 33 0.02394949
989 222 24 18 0.025456086
973 240 19 25 0.027624758
552 282 21 21 0.029038856
988 228 17 34 0.029706785
974 238 24 41 0.030118955
547 283 19 22 0.03552325
388 245 27 19 0.040575065
387 248 15 21 0.059386417
630 252 12 23 0.08160121
389 250 25 20 0.11533476
555 263 17 33 0.117738314
552 276 18 34 0.14947592
570 228 23 20 0.15123498
577 226 18 29 0.15600754
586 235 20 21 0.19547498
384 244 21 21 0.1961124
842 359 17 34 0.34187117
388 244 18 32 0.37481177
977 232 17 37 0.4254597
945 226 16 40 0.78087217
778 278 25 44 0.84328425

