53_Raid_policeraid_53_674
63
307 48 49 76 0.010141942
328 107 23 27 0.010445712
342 68 23 18 0.0111042755
209 101 11 9 0.011169522
176 87 9 10 0.01129172
202 89 24 16 0.0114709865
261 59 44 50 0.01219431
153 111 24 17 0.012757067
175 100 11 11 0.013090009
311 70 26 18 0.013117288
340 89 42 50 0.0133495135
94 70 17 32 0.013459852
196 103 11 10 0.014511331
347 77 21 29 0.014803951
795 129 24 19 0.014942368
117 87 14 17 0.015122566
95 89 9 10 0.015557027
88 85 21 19 0.016401393
539 130 28 16 0.016440177
210 92 10 8 0.016924622
126 100 10 11 0.017155832
631 186 25 45 0.01786943
896 100 15 15 0.018004134
649 81 20 30 0.018509762
802 128 18 34 0.019273372
346 110 26 18 0.019625926
163 105 12 10 0.01988253
672 132 23 17 0.020000335
315 117 25 17 0.020089654
335 68 24 17 0.020310748
119 102 11 11 0.020314468
123 89 15 16 0.02058408
119 97 21 18 0.021270579
356 102 32 14 0.023403754
644 252 30 66 0.02394928
858 65 20 30 0.024446165
320 64 22 31 0.025524762
118 98 14 18 0.026028063
689 134 13 10 0.027397072
126 91 10 10 0.028482018
202 98 24 17 0.03077781
190 100 24 17 0.03128484
1014 116 8 14 0.033067226
76 61 20 22 0.03614617
1012 113 11 22 0.038341723
119 90 9 10 0.04045717
201 99 21 29 0.043587916
679 127 20 30 0.049793188
897 101 12 10 0.05801701
508 86 32 42 0.07008538
638 96 22 21 0.071424544
166 97 24 18 0.080047034
682 131 24 17 0.15668657
351 98 23 28 0.21429218
305 53 40 52 0.2680726
346 103 26 18 0.26968032
158 101 22 19 0.34236887
162 95 21 30 0.49604788
640 93 29 38 0.6437604
286 55 45 52 0.71455216
74 57 19 36 0.8362027
842 66 30 39 0.89699227
504 63 39 56 0.89974993

