3_Riot_Riot_3_106
27
225 257 10 9 0.010933005
374 269 9 10 0.011584148
240 253 9 9 0.011776039
370 244 10 9 0.011990505
664 166 231 356 0.01216907
308 243 9 7 0.015904168
86 282 45 51 0.016514432
352 285 13 18 0.017118959
354 287 9 12 0.018094333
320 241 9 9 0.018132724
343 240 8 10 0.018562147
720 186 129 191 0.018643416
351 243 11 9 0.02377606
291 255 9 10 0.023827696
288 234 8 7 0.023859367
214 259 10 8 0.024182718
294 298 12 20 0.024428084
257 240 8 8 0.027702183
244 245 8 8 0.028176311
306 257 9 9 0.030441709
232 312 22 19 0.03307875
274 243 8 7 0.033495475
329 230 9 9 0.03495174
335 228 9 10 0.1379927
681 187 136 207 0.20904198
289 237 9 9 0.23551346
648 149 205 275 0.5741355

