3_Riot_Riot_3_438
126
465 218 10 9 0.010190636
160 168 6 11 0.010540389
996 161 28 67 0.01055249
860 214 31 38 0.010565727
671 150 13 17 0.010606376
458 150 14 18 0.011033574
6 277 17 40 0.011067002
681 158 19 29 0.011077566
225 169 9 9 0.011449497
326 217 6 9 0.011976927
732 171 43 48 0.012159152
261 184 8 8 0.012172343
257 216 33 35 0.012237874
527 217 14 17 0.012258827
334 188 20 30 0.012279173
532 229 9 9 0.012544012
159 188 17 31 0.012790694
570 184 7 11 0.012946337
348 197 11 22 0.013205972
592 181 9 11 0.01337116
516 233 9 9 0.013673423
273 218 9 9 0.014412622
570 171 6 10 0.014505461
417 165 8 11 0.014569394
641 181 7 10 0.014786693
159 205 19 33 0.014820408
271 193 14 17 0.014929446
155 201 27 42 0.015018684
754 166 10 10 0.015711421
551 242 22 20 0.01629818
153 167 6 11 0.016460469
575 179 13 18 0.01653492
244 184 9 8 0.016974788
268 181 21 27 0.01699681
202 173 20 30 0.017706135
262 169 8 8 0.018054781
514 218 7 8 0.018756134
188 155 20 19 0.01876118
718 153 22 16 0.018857207
799 202 24 17 0.019046882
216 164 22 19 0.019405415
737 167 11 9 0.02016934
149 181 10 24 0.02027059
243 174 8 7 0.020270593
487 219 9 9 0.020480962
151 186 6 13 0.021325799
695 173 9 10 0.021512574
575 168 13 18 0.021611834
548 221 9 9 0.02164593
0 242 40 120 0.022044515
723 168 11 10 0.022413244
756 173 31 36 0.022495188
405 151 8 10 0.02262775
740 157 21 27 0.02271239
705 161 21 28 0.023047397
548 237 19 30 0.023064313
758 143 7 8 0.023401886
597 157 7 9 0.023682332
694 181 10 12 0.024504535
152 196 6 14 0.025384527
160 183 7 11 0.025672771
750 152 14 16 0.02597382
153 158 6 9 0.026333673
689 149 14 16 0.026987186
290 187 14 16 0.027285637
747 163 23 17 0.027623758
260 218 8 8 0.02842792
639 165 13 20 0.028653087
399 147 20 20 0.030898677
652 147 18 28 0.031391535
579 154 6 8 0.031528924
685 175 21 30 0.031609323
717 164 23 18 0.032030776
773 148 14 17 0.03304695
145 187 16 34 0.035674583
641 171 8 11 0.035696216
1007 172 15 41 0.036027014
291 192 13 16 0.03665462
675 154 8 9 0.0366925
693 170 13 18 0.037343152
760 182 24 18 0.03977014
344 199 7 13 0.040625826
708 169 10 10 0.04071092
653 140 14 17 0.044275727
731 162 23 17 0.044511102
702 150 14 16 0.04466676
656 142 9 11 0.047779262
701 177 22 28 0.049651626
495 217 8 10 0.050917886
150 193 11 24 0.05133625
413 151 13 18 0.052847486
578 182 8 11 0.056080062
574 212 22 20 0.056386657
416 154 9 11 0.062381916
724 156 9 8 0.06513948
649 150 9 13 0.066258974
578 172 8 10 0.06673361
1 265 34 67 0.067276254
590 167 13 18 0.07132316
753 155 9 9 0.07223808
530 221 9 10 0.07467808
274 197 9 9 0.07649478
695 178 22 20 0.0805522
342 195 12 22 0.08078655
775 152 9 9 0.08248537
206 164 22 19 0.085000895
657 148 10 13 0.09040098
739 155 11 10 0.09617908
648 147 13 19 0.100646086
691 177 19 21 0.10229422
270 185 14 16 0.1087701
593 170 9 11 0.11133609
701 166 21 19 0.12464413
692 151 9 10 0.124736875
733 152 23 17 0.12497938
744 180 23 27 0.13945931
197 159 19 30 0.15147716
735 182 23 19 0.16134556
293 190 8 10 0.16134569
705 152 9 9 0.19210915
292 195 10 10 0.20118777
273 187 9 11 0.2966133
189 159 19 22 0.31173962
654 145 14 19 0.48162213
450 150 20 21 0.7740148
834 204 39 52 0.9624155

