3_Riot_Riot_3_354
145
922 108 14 20 0.010138816
679 138 22 20 0.010211175
974 144 23 18 0.010429174
780 121 18 31 0.010537559
158 233 38 62 0.0106170755
542 135 19 21 0.010642575
468 137 13 20 0.010720952
661 95 10 10 0.011034215
572 123 12 21 0.01108105
515 180 13 25 0.011296517
521 168 20 22 0.011795427
456 154 18 30 0.011826203
957 137 22 19 0.011886851
479 153 19 22 0.011899381
681 124 21 18 0.012151875
704 67 7 8 0.012350924
642 47 6 7 0.0124263065
526 158 13 20 0.0124421995
567 128 8 13 0.012461636
425 136 21 20 0.0127625875
673 118 8 8 0.012860478
528 161 9 11 0.012863736
794 79 21 18 0.012974575
533 97 13 17 0.013030888
519 111 7 10 0.013790429
968 125 22 18 0.01386857
690 93 13 19 0.0139182145
705 109 11 11 0.013934237
662 126 14 17 0.014182949
648 67 8 7 0.014272546
365 143 13 18 0.0142919
988 150 18 33 0.014511236
241 153 14 21 0.01543055
663 231 25 18 0.015521817
470 115 7 9 0.015802521
812 120 19 22 0.016122626
753 78 8 7 0.016285213
674 95 9 10 0.016357457
365 152 13 19 0.01712912
817 99 9 11 0.01721798
918 80 8 9 0.017367762
85 241 46 53 0.017685812
653 138 21 20 0.018348815
236 146 26 15 0.018402195
721 95 8 10 0.018564098
359 222 20 35 0.018582871
193 244 37 60 0.01882932
664 128 10 10 0.018975778
694 110 9 10 0.019181564
195 273 27 46 0.019246424
706 98 9 10 0.019391641
496 115 7 9 0.01951086
802 95 9 10 0.019519864
835 116 18 33 0.019938305
814 95 13 19 0.019988371
795 91 21 19 0.020061214
965 129 11 10 0.020077407
535 99 9 11 0.02008368
515 168 18 31 0.020239763
785 93 13 17 0.021474328
544 108 9 13 0.022241024
673 89 19 28 0.022317054
757 69 7 7 0.022509627
406 166 22 21 0.023238558
424 124 9 12 0.023411985
690 60 13 18 0.024019077
656 64 7 8 0.0241025
817 109 8 11 0.02423641
554 152 18 30 0.02477504
484 125 7 12 0.024804015
481 137 18 22 0.025168931
541 105 13 18 0.025407912
664 225 25 17 0.025630439
107 193 23 27 0.025873866
490 134 19 22 0.026243782
710 225 25 16 0.026255887
691 105 20 19 0.026271775
723 78 7 7 0.027098743
499 129 8 12 0.028044209
692 97 8 9 0.02834624
534 110 9 12 0.028347036
976 151 21 21 0.029549884
118 189 25 18 0.03034237
738 69 8 8 0.03058721
353 240 31 41 0.030922871
670 122 14 17 0.03279545
1011 110 6 12 0.032972742
533 106 12 19 0.033154983
715 179 27 15 0.034266416
803 106 19 20 0.036136903
814 105 13 20 0.037208155
960 126 22 17 0.039383993
798 132 18 24 0.04031052
807 102 17 32 0.04068231
693 82 7 8 0.0412904
111 191 23 17 0.041936748
965 136 22 29 0.04227788
699 96 21 19 0.04677885
657 90 20 19 0.047259074
706 234 23 17 0.047429062
709 232 24 26 0.0480324
703 100 18 30 0.04813935
482 122 12 21 0.04816996
556 130 17 31 0.049659118
405 159 14 24 0.049839556
470 123 12 20 0.05024762
595 306 35 66 0.050334197
706 80 8 8 0.050678197
471 126 8 12 0.050838884
190 264 36 64 0.05205063
544 93 13 18 0.057296842
565 126 12 21 0.057660747
249 155 23 26 0.058060545
692 64 8 10 0.059034277
584 305 36 66 0.059825465
423 120 13 19 0.06145502
787 96 9 10 0.06172869
974 149 20 31 0.06550221
546 96 9 11 0.06554663
666 90 21 20 0.065843046
672 124 10 10 0.06788375
922 103 18 28 0.06832781
742 76 8 9 0.06926756
349 232 41 55 0.07558809
496 126 12 21 0.07912504
424 123 19 29 0.07917344
433 123 10 13 0.0842495
712 184 27 17 0.08577421
428 115 14 16 0.08934533
487 115 7 10 0.104684
422 114 14 17 0.11614728
507 178 20 31 0.12285829
492 167 17 35 0.14367668
563 134 13 22 0.15570621
803 119 17 34 0.17548925
430 120 14 18 0.21158215
698 104 22 20 0.23582383
384 248 29 43 0.25198907
350 214 37 57 0.25357634
410 156 20 32 0.2601293
402 158 19 32 0.33710474
237 150 22 28 0.35304683
497 175 19 33 0.41312397
616 94 20 22 0.5468769
914 108 21 20 0.59272444

