3_Riot_Riot_3_1037
42
114 203 46 59 0.0102464445
474 173 31 73 0.011600489
440 165 33 68 0.01173127
64 724 39 58 0.01196678
323 445 9 13 0.012015703
321 442 13 19 0.012149075
518 189 43 96 0.012513923
290 444 19 35 0.013040236
244 585 40 68 0.013532084
986 213 20 33 0.014120084
772 565 55 86 0.014175004
83 156 48 56 0.014987452
448 452 8 11 0.018279461
447 161 16 37 0.018376002
106 602 32 59 0.018628007
759 576 32 79 0.021423396
435 447 8 11 0.024654454
429 160 17 36 0.025209233
196 530 33 72 0.02723693
236 555 47 90 0.028895129
446 440 25 45 0.02982028
507 205 44 60 0.030004716
967 192 37 53 0.031837616
422 455 8 11 0.035702806
276 444 11 22 0.03671341
71 156 68 89 0.040527415
282 433 37 58 0.041827194
714 158 25 20 0.042785503
49 115 100 130 0.045360312
4 693 37 71 0.04602811
537 203 39 58 0.0763559
66 129 63 92 0.07795003
218 561 54 86 0.16609024
7 675 86 136 0.6321362
57 493 48 66 0.6753122
717 152 19 34 0.72834444
773 169 24 40 0.7954428
971 209 31 40 0.9243135
676 410 38 59 0.9317865
677 137 29 42 0.9493388
603 176 27 41 0.95388925
300 153 25 44 0.9767213

