3_Riot_Riot_3_765
45
990 816 17 36 0.010023057
944 807 17 33 0.01005114
930 651 19 21 0.010147281
907 586 19 22 0.010177129
1015 785 8 32 0.01021036
595 556 71 180 0.010638294
1014 1078 9 25 0.011031489
833 860 24 46 0.012226247
932 641 18 34 0.012794114
991 622 21 54 0.013211154
1015 599 8 30 0.013783407
930 894 18 34 0.013850792
612 563 112 176 0.014524485
1014 890 9 30 0.015325196
994 629 16 39 0.016282486
936 417 23 18 0.016703757
931 817 17 33 0.017533535
984 984 11 22 0.017862838
963 544 18 33 0.01890007
992 435 23 50 0.020205101
1000 886 15 37 0.020333674
951 988 12 22 0.020782383
715 341 68 104 0.020810455
998 604 16 37 0.020855043
949 1067 13 20 0.021602742
996 629 12 25 0.022951303
746 370 53 120 0.0287943
959 542 21 18 0.030118411
991 544 22 18 0.030524509
957 814 17 34 0.03071791
994 531 17 36 0.03130152
959 893 19 32 0.034995504
981 1068 12 18 0.036036074
960 631 17 37 0.040033117
995 794 17 35 0.04168447
959 566 20 21 0.042179756
907 502 19 30 0.049263835
959 807 18 32 0.05023181
800 583 25 50 0.08658371
899 824 17 37 0.08920348
903 585 24 43 0.08949617
905 581 18 37 0.12734936
122 172 163 254 0.20994559
130 208 105 206 0.8755968
715 350 79 146 0.93986404

