3_Riot_Riot_3_184
72
129 109 33 35 0.010744435
306 93 13 19 0.010804956
88 97 45 54 0.01111221
785 182 9 10 0.011301343
25 196 32 76 0.011372748
995 173 22 49 0.011536379
34 227 24 53 0.011629655
675 176 12 22 0.0117813395
546 180 24 46 0.012131909
329 132 56 93 0.012673987
350 90 35 72 0.01287521
88 77 32 40 0.013467901
777 178 21 18 0.015152395
146 146 49 91 0.015226842
122 103 44 51 0.015495615
161 106 40 58 0.016084617
394 136 58 97 0.016224442
3 230 36 145 0.017233342
155 177 25 49 0.017385315
190 163 31 73 0.017549863
3 177 37 135 0.017709013
769 169 18 31 0.018268151
183 133 26 48 0.018559206
204 81 31 42 0.018753527
308 95 9 13 0.018785112
745 173 22 21 0.019388173
609 188 12 23 0.019868467
697 167 20 22 0.020029983
307 88 12 17 0.02104296
927 242 37 56 0.021503055
705 161 16 33 0.021892732
550 185 17 35 0.023651607
219 102 26 50 0.024269503
155 181 34 74 0.024314325
913 165 19 35 0.024749037
580 174 17 34 0.029835057
29 217 32 73 0.030803965
598 176 11 27 0.030828936
189 98 39 62 0.03204525
269 184 18 36 0.035840552
274 107 6 8 0.038562674
179 123 34 66 0.03969605
687 160 15 35 0.042646635
373 154 97 166 0.043210328
1004 176 15 40 0.048208944
152 166 33 68 0.04823909
196 78 51 81 0.05194168
608 174 16 33 0.053949147
309 90 8 12 0.055577163
81 68 43 57 0.06329475
295 97 7 10 0.069344
758 165 24 21 0.06949404
607 236 33 64 0.0713933
213 92 35 67 0.073338754
62 46 56 87 0.08384133
649 228 30 66 0.08492817
720 181 19 22 0.08909474
697 173 20 24 0.09438286
167 130 37 60 0.095622614
122 155 37 61 0.1229811
730 175 19 23 0.13593957
735 167 18 30 0.14082481
912 147 27 57 0.17748605
54 29 50 93 0.19541165
930 255 37 59 0.2094589
199 71 40 62 0.21645965
703 170 16 33 0.2175017
762 158 17 32 0.27563912
691 167 16 37 0.5947866
753 159 17 34 0.6324251
968 169 26 42 0.85529757
917 157 27 42 0.897773

