3_Riot_Riot_3_725
136
743 236 24 17 0.010102592
752 247 22 18 0.010102807
837 125 11 20 0.010464557
433 229 21 19 0.010665867
267 236 24 20 0.010699667
898 151 19 28 0.01074114
713 251 19 30 0.010898276
715 247 22 19 0.0109510515
1016 168 7 13 0.011036364
461 219 12 19 0.011067332
400 232 14 22 0.011163062
886 187 10 13 0.011187216
245 201 9 13 0.011211601
253 235 20 20 0.011382788
851 184 10 12 0.011739815
853 172 8 12 0.011909168
307 224 12 12 0.012090135
538 252 23 18 0.012499514
911 154 9 13 0.012574992
373 243 14 18 0.01277414
418 207 9 9 0.013001923
843 149 17 33 0.013098402
908 151 13 17 0.013139877
812 251 22 21 0.013150404
845 222 19 32 0.01343896
778 266 21 20 0.013695511
664 242 21 22 0.014298047
398 216 23 18 0.014379159
952 170 9 11 0.014490841
696 245 21 19 0.014566485
959 174 9 10 0.014796157
494 67 23 17 0.014842313
740 268 21 30 0.01511379
888 185 20 20 0.015153326
415 274 20 22 0.015514553
511 283 22 21 0.015913507
839 151 7 14 0.015972862
863 150 18 29 0.016058905
292 42 10 11 0.016980732
444 243 20 19 0.016988559
678 273 21 31 0.01722053
531 137 8 13 0.017495003
927 139 13 20 0.017599046
270 203 20 20 0.017618282
491 259 22 19 0.017870845
395 239 18 29 0.018055098
375 240 9 11 0.018218191
938 147 18 27 0.018292934
853 155 13 20 0.018918263
731 82 21 20 0.019123267
961 187 9 12 0.019657692
919 140 9 14 0.019788058
424 282 22 20 0.02016223
737 230 15 21 0.020570816
940 143 14 18 0.02122523
557 275 22 19 0.02175051
855 159 8 12 0.021941055
429 246 23 19 0.022078084
849 180 13 19 0.022272546
556 272 19 30 0.023783261
885 184 13 19 0.023907267
304 201 11 13 0.024278678
378 245 23 19 0.024330495
532 128 9 13 0.024375174
289 203 13 19 0.024506725
644 233 29 39 0.024818024
850 168 13 20 0.026081426
647 220 20 37 0.026221871
836 147 11 22 0.026224859
958 184 13 18 0.026546784
244 197 12 21 0.029045137
528 133 12 20 0.029777454
689 247 21 20 0.03006757
918 138 12 19 0.03008441
770 249 11 11 0.030413652
312 221 22 19 0.031919077
539 262 23 19 0.032048568
412 268 21 20 0.032064456
546 122 10 14 0.035160884
331 243 14 18 0.035333067
840 129 7 13 0.03560804
423 270 17 32 0.037149746
440 221 20 19 0.037475213
771 249 19 30 0.03860679
547 259 20 31 0.038609978
296 198 17 31 0.04038787
436 220 10 12 0.04078418
253 244 22 21 0.040841177
420 254 18 31 0.04178749
374 236 13 20 0.041920956
531 125 13 19 0.044578515
764 247 22 18 0.045411065
471 246 21 21 0.04737308
448 227 16 31 0.050116982
861 148 13 18 0.06267237
327 239 17 30 0.06287627
837 134 11 21 0.063718095
443 232 19 22 0.06997302
866 142 9 14 0.081315696
681 248 20 31 0.09051028
775 278 20 30 0.093704306
488 246 18 29 0.09772192
417 217 20 19 0.09788432
416 225 17 28 0.09878392
298 198 20 20 0.09915292
321 241 20 20 0.09915616
937 148 12 19 0.10268353
491 249 21 20 0.102784984
864 141 13 18 0.10781356
383 232 22 21 0.108281694
301 222 22 18 0.10934761
327 237 21 20 0.11184877
256 200 19 21 0.1156883
839 136 7 14 0.12096038
293 215 17 32 0.12898487
305 227 23 20 0.14397912
544 120 13 19 0.14551367
827 245 19 32 0.14725822
408 232 21 22 0.14758779
321 228 17 31 0.15483099
315 236 22 20 0.17039706
430 217 20 20 0.266973
276 213 20 21 0.28563675
266 227 18 32 0.3671662
733 228 23 27 0.41909444
940 149 14 17 0.46983632
898 152 14 18 0.47162867
639 212 35 56 0.4813938
301 241 18 31 0.48918638
265 236 19 31 0.49376422
520 280 20 32 0.54506767
390 274 20 35 0.58522093
393 230 20 30 0.6242426
464 240 18 32 0.63447016
730 254 27 38 0.700969
816 245 21 32 0.7480888

