3_Riot_Riot_3_522
77
312 153 6 9 0.010289389
231 211 22 22 0.010377448
736 151 19 30 0.01053003
878 186 26 42 0.011322697
13 147 12 26 0.011350852
109 166 21 21 0.011558106
454 204 8 10 0.011585785
224 191 17 32 0.011676104
370 162 7 13 0.012228926
743 181 20 32 0.012535019
187 196 23 20 0.013219761
201 152 7 10 0.014470486
888 208 24 22 0.014778074
218 140 6 9 0.015038307
512 156 8 9 0.016947009
478 190 13 22 0.017008271
625 309 55 89 0.01936852
266 173 7 11 0.019726647
459 183 22 30 0.019755874
496 163 11 10 0.020706397
269 174 12 17 0.020979006
125 167 23 21 0.02248439
445 160 13 17 0.024080316
466 167 9 10 0.024089852
314 167 6 10 0.02570035
215 188 7 10 0.02647128
266 179 7 10 0.026619585
481 187 9 11 0.02810071
890 194 20 33 0.028481359
487 162 13 17 0.029533742
950 350 40 65 0.02981397
515 167 8 8 0.03011489
214 167 7 10 0.030995272
361 154 6 12 0.031964708
503 151 21 19 0.033115327
478 186 21 30 0.0347099
163 182 18 31 0.037378393
211 183 14 19 0.03774242
464 182 9 11 0.038876697
461 180 13 18 0.042414237
478 184 13 19 0.04279147
212 153 5 9 0.047115356
437 160 14 17 0.04748669
488 165 9 11 0.048502177
207 213 21 20 0.049823202
129 168 20 29 0.051339075
189 183 22 20 0.056487415
224 210 14 23 0.061886463
157 178 21 21 0.0656673
480 149 14 17 0.069816105
880 199 26 40 0.07010157
440 156 10 12 0.07011761
438 154 14 17 0.079917565
622 208 27 41 0.086412765
448 164 9 11 0.09168526
189 189 19 33 0.099160396
116 160 18 32 0.11739115
482 152 8 10 0.12987673
438 163 11 10 0.15469739
5 137 21 52 0.21830375
489 158 22 19 0.22707115
191 203 19 33 0.23353997
272 177 8 11 0.24549156
461 151 14 16 0.24826843
224 134 6 11 0.25437135
464 153 10 11 0.26597527
270 174 9 12 0.27224365
452 154 9 11 0.27528575
449 151 14 17 0.2852956
630 212 29 39 0.32828787
225 205 17 32 0.44526356
374 153 8 14 0.45354939
492 154 23 19 0.50016874
409 210 30 40 0.6562146
886 200 28 36 0.69902265
121 163 22 31 0.7933959
413 150 14 17 0.8245787

