3_Riot_Riot_3_306
52
104 145 20 20 0.010074786
37 185 19 31 0.010305746
913 93 49 62 0.010923419
187 154 19 29 0.011122632
227 197 29 44 0.011732712
131 229 37 63 0.012022525
11 3 44 127 0.01283114
327 139 18 32 0.012847204
495 194 37 63 0.012907696
465 135 26 16 0.014061889
99 163 18 23 0.01445052
644 165 42 65 0.014984397
638 191 48 62 0.016289353
588 316 59 93 0.016426206
549 85 13 19 0.016724389
256 155 8 9 0.017276788
0 0 70 233 0.017576175
551 88 9 12 0.017610807
23 129 38 62 0.019217566
478 116 26 15 0.019853085
524 140 20 31 0.022051804
70 207 17 37 0.02257553
546 124 20 33 0.022838047
467 162 45 84 0.02324505
175 159 21 19 0.026460124
484 143 20 35 0.02761587
150 153 23 19 0.028611902
657 128 12 23 0.03200275
183 150 21 20 0.032890487
412 146 23 20 0.03370014
108 171 17 32 0.036119435
415 129 19 31 0.0366467
652 126 19 31 0.04099359
223 189 39 61 0.044942826
326 131 21 22 0.054379083
255 260 47 90 0.05768425
416 142 20 31 0.06538062
174 153 19 29 0.06770037
107 159 17 33 0.10041295
480 128 22 31 0.11484415
234 183 26 43 0.124254055
324 127 18 31 0.16194631
177 152 21 20 0.17995936
471 135 26 19 0.18377236
473 133 37 59 0.20555134
656 168 55 78 0.20737237
270 138 43 72 0.34113997
293 232 30 76 0.34552896
143 152 22 21 0.4505146
919 66 65 81 0.64264166
485 188 37 63 0.8830055
750 80 55 89 0.94787085

