3_Riot_Riot_3_506
22
543 264 29 78 0.0100395605
543 230 32 72 0.010664997
385 293 26 42 0.011002784
576 208 26 46 0.011150611
846 202 58 92 0.01193088
315 210 38 63 0.012015092
445 305 31 39 0.013927177
408 301 45 52 0.015249567
544 210 35 65 0.018133115
470 292 25 43 0.018266253
388 306 29 39 0.020018606
81 331 41 64 0.02003016
451 257 21 35 0.020613676
541 308 22 55 0.02487341
457 281 28 43 0.025230037
440 297 42 56 0.03056904
471 302 26 45 0.037603285
451 272 37 60 0.04408365
851 221 63 88 0.07265071
864 229 46 63 0.07453367
444 247 35 57 0.3888156
198 141 74 138 0.7631721

