3_Riot_Riot_3_790
113
482 297 11 24 0.01062951
978 262 18 28 0.010773569
883 308 8 10 0.010804741
318 349 26 46 0.010947969
901 283 13 18 0.0109780915
472 255 9 11 0.011372078
283 287 19 21 0.011590515
1017 243 6 10 0.011882887
335 267 10 13 0.011959098
470 273 13 17 0.011986365
501 305 42 57 0.012235845
427 275 26 42 0.012861913
896 268 12 17 0.012884248
134 286 19 33 0.012994282
760 300 6 13 0.013183961
710 271 6 8 0.013424503
869 292 8 9 0.013525696
790 255 21 19 0.013626102
864 271 8 9 0.014193681
395 256 23 18 0.014203658
495 256 14 17 0.014806127
990 277 12 10 0.014927503
417 285 14 17 0.014944572
315 340 34 65 0.0149968825
806 275 10 9 0.015169496
787 257 13 12 0.015855478
980 245 7 6 0.016020996
446 286 14 17 0.01617173
838 271 9 10 0.016274637
429 280 19 32 0.016930223
403 288 8 10 0.017084453
793 227 7 8 0.017423708
313 286 19 20 0.017694447
511 261 20 28 0.017784862
985 279 24 17 0.018149465
352 400 39 64 0.019391792
830 266 20 19 0.020120345
757 263 7 9 0.020733604
513 297 13 23 0.020840336
1013 290 8 11 0.021688074
322 289 17 32 0.024003021
1011 268 13 19 0.024331069
244 256 11 15 0.024467615
608 224 7 7 0.025569187
432 275 11 11 0.026261268
263 238 19 20 0.0264161
500 332 42 59 0.027233513
472 275 9 12 0.027559252
449 289 10 10 0.02823894
419 288 9 11 0.02840623
803 270 22 17 0.02882945
1011 254 13 19 0.029693589
232 266 21 20 0.030201763
326 311 19 32 0.030891765
612 260 20 32 0.03145347
226 269 18 22 0.031524338
848 261 9 11 0.033063456
326 266 10 13 0.033066183
904 286 8 11 0.034254465
851 269 10 11 0.034309197
332 263 13 19 0.03585985
310 288 13 21 0.037047263
498 259 9 10 0.03914308
770 271 8 9 0.03938144
991 258 11 8 0.04001811
261 240 10 14 0.04031673
982 255 14 17 0.04154494
333 312 13 21 0.04222238
205 262 17 33 0.042468566
898 271 8 11 0.04259506
990 258 18 31 0.04340334
208 251 20 21 0.04395667
379 253 21 19 0.044252407
481 263 13 17 0.04541125
844 264 20 19 0.04930497
601 241 7 9 0.04993145
758 270 7 10 0.05387493
515 259 10 11 0.054726545
1015 273 8 9 0.057228807
984 257 9 9 0.05829371
984 273 11 12 0.058883905
248 248 21 22 0.059577473
325 259 10 14 0.06851422
514 268 11 12 0.07037617
323 261 18 21 0.07538201
256 248 17 31 0.07746932
1014 258 8 10 0.07809374
838 258 14 17 0.08197381
840 260 9 11 0.08312108
434 289 10 12 0.08467627
222 252 19 23 0.08571586
983 255 23 17 0.10046651
483 266 9 12 0.10566803
842 257 20 20 0.105864085
775 257 8 12 0.1101921
431 285 14 17 0.11558273
513 256 14 19 0.12836815
774 253 14 18 0.13544087
512 265 14 18 0.1477041
327 258 20 21 0.16703975
983 270 15 17 0.21664795
239 251 16 32 0.21805374
426 271 21 19 0.31313768
931 275 10 13 0.33566055
982 273 23 19 0.39965573
242 254 15 21 0.46681482
481 259 13 16 0.46935803
259 238 14 20 0.48387823
324 258 14 19 0.6218869
808 271 24 20 0.68064857
207 273 18 37 0.83985853
784 252 20 20 0.86172825
929 272 14 17 0.8637855

