3_Riot_Riot_3_186
35
661 89 31 39 0.011324741
549 66 25 21 0.011371268
562 49 42 55 0.0122933965
997 106 26 80 0.012374912
1003 81 19 65 0.012571227
645 81 43 53 0.01292826
834 164 7 9 0.01421458
754 170 9 14 0.014535005
753 174 12 21 0.014990776
736 110 37 64 0.018370597
610 4 32 15 0.021156384
641 48 66 78 0.021524642
401 302 71 92 0.02333218
470 149 35 68 0.024632975
757 113 12 20 0.02508509
749 167 19 29 0.025956864
1003 116 18 60 0.02604162
744 92 34 65 0.032525063
656 63 45 58 0.03318747
579 28 31 38 0.03466888
311 93 41 57 0.03505467
997 69 27 84 0.035529304
642 59 44 60 0.04005778
1006 123 13 47 0.04596336
989 47 31 84 0.047126856
979 36 39 130 0.047527242
752 167 12 21 0.051111095
759 116 7 11 0.06114254
614 0 30 30 0.09327878
549 37 35 56 0.120524414
790 142 21 22 0.16171488
787 134 17 32 0.27195987
548 55 29 40 0.4915505
211 23 58 80 0.51420856
389 44 35 59 0.9810131

