3_Riot_Riot_3_393
97
163 118 6 8 0.010062291
848 170 20 16 0.010076664
228 126 18 25 0.010109719
334 127 12 18 0.010336495
326 128 12 19 0.01040043
148 109 8 9 0.010457992
649 126 20 31 0.010492848
1012 92 8 32 0.010637034
846 173 19 18 0.010670366
658 106 7 8 0.010988274
90 307 20 28 0.011134297
983 133 5 10 0.011141539
235 164 21 17 0.01124516
740 119 5 6 0.011354395
77 136 28 43 0.011834153
664 117 8 9 0.0119888615
103 149 7 10 0.012310912
242 167 10 9 0.012683722
816 159 8 9 0.012699029
0 198 8 37 0.012826049
738 85 7 9 0.01284273
870 213 7 9 0.013064666
215 134 14 15 0.013095604
554 131 25 17 0.013219437
770 182 8 11 0.0147811435
304 199 20 20 0.014877215
148 114 8 11 0.014906446
113 176 12 19 0.015350357
338 123 8 11 0.01564279
327 121 7 10 0.015818821
140 105 22 18 0.01619398
215 138 9 10 0.016800024
337 132 8 11 0.016897382
619 146 21 32 0.016987085
208 166 9 9 0.017150791
840 186 9 9 0.017271122
115 180 9 12 0.017842235
726 121 5 6 0.017974447
79 115 21 21 0.017984366
5 186 15 38 0.01942863
208 151 8 8 0.019917667
0 199 13 40 0.020087644
798 155 8 11 0.021411281
328 132 8 12 0.021541515
673 158 13 18 0.022012413
637 150 21 20 0.022272559
774 196 7 11 0.02231665
293 138 7 10 0.022884123
119 147 8 11 0.024735644
671 153 12 18 0.024887832
734 199 13 18 0.026884416
324 116 13 21 0.028669124
92 128 18 29 0.02993724
227 107 7 8 0.03187183
110 132 13 18 0.03255906
737 201 9 13 0.034979623
729 174 9 12 0.03548929
179 160 13 16 0.039411407
81 119 19 32 0.042606473
334 119 13 20 0.046405096
190 145 13 16 0.048756752
758 118 6 8 0.049535062
348 151 9 13 0.050514054
167 162 9 10 0.05402839
575 152 20 31 0.056476798
805 163 9 11 0.05819819
195 165 8 9 0.058510166
636 142 27 43 0.059514314
173 154 14 15 0.06776252
99 129 12 19 0.075140536
225 134 13 11 0.093823865
789 159 11 13 0.09523763
676 162 7 10 0.09785966
102 133 8 12 0.10622336
609 137 42 54 0.11580663
112 135 8 11 0.11717188
674 157 7 11 0.12012506
732 177 10 13 0.12252325
789 137 6 6 0.15209636
192 143 9 9 0.16072746
816 163 12 15 0.19618809
176 157 9 10 0.26127702
181 162 9 10 0.315232
852 176 10 11 0.34148213
788 154 10 14 0.3492062
129 143 11 13 0.46221486
193 147 8 10 0.4888169
126 139 13 16 0.51802623
853 173 10 13 0.5973534
344 151 9 14 0.63238925
729 178 9 13 0.65797603
167 155 10 12 0.7024946
817 164 10 12 0.72937703
543 116 24 29 0.7513428
220 128 20 20 0.81902134
786 152 14 19 0.90521985
445 130 32 41 0.9620482

