3_Riot_Riot_3_415
87
516 271 14 27 0.010038229
1000 282 12 20 0.010209368
223 264 22 19 0.010233561
330 297 17 35 0.010378784
295 235 20 22 0.010735553
366 268 24 18 0.010941192
1002 284 8 13 0.011232258
840 421 20 23 0.012140026
427 286 19 32 0.012201304
707 321 17 37 0.0122521715
900 420 18 33 0.012326791
698 308 32 67 0.012826617
800 359 16 36 0.012941519
692 242 12 23 0.013086737
132 212 21 19 0.013189918
279 187 12 21 0.013192811
987 361 18 32 0.013274182
656 237 13 24 0.013466198
710 241 13 25 0.013689722
511 247 20 20 0.013720764
279 204 26 43 0.013738378
276 196 12 21 0.014047318
657 258 15 38 0.0143134985
902 260 21 28 0.0144294575
675 352 17 40 0.0146176275
924 421 18 35 0.01469944
385 251 31 58 0.014938937
441 229 12 26 0.015339486
615 318 18 34 0.015343151
318 268 17 34 0.015468803
674 329 17 38 0.015588234
616 315 12 24 0.015714945
703 316 23 49 0.016119579
429 270 17 34 0.016602494
450 262 16 35 0.017103177
865 294 21 29 0.01776837
894 401 17 34 0.01797285
361 273 18 33 0.018363526
294 253 26 44 0.01915577
904 218 13 19 0.019813376
896 236 13 22 0.020079002
278 219 33 60 0.021106796
905 221 10 12 0.021267595
447 215 16 34 0.021946913
431 279 12 25 0.022087393
867 392 19 22 0.024610363
349 270 23 17 0.024953568
655 294 15 40 0.02652273
299 258 18 33 0.026525846
384 266 20 22 0.027864283
670 326 23 50 0.028413065
617 307 17 35 0.030494526
711 233 12 26 0.031273823
551 260 13 23 0.031987987
288 242 19 25 0.034148395
620 314 12 24 0.034922116
906 212 18 30 0.035337202
860 297 25 18 0.039460283
785 364 16 36 0.04658049
1010 284 8 13 0.050657198
269 203 24 46 0.050974626
1008 281 11 21 0.052594926
557 261 14 23 0.053337105
911 218 11 13 0.05441778
511 266 19 25 0.05494217
436 230 17 34 0.06605969
747 262 18 33 0.06853219
668 335 31 69 0.07002239
895 244 13 23 0.0823682
872 390 16 37 0.10596482
749 267 13 23 0.1299703
134 205 24 20 0.14369959
900 229 19 32 0.15847068
909 216 14 18 0.16840416
290 230 18 35 0.19315779
978 356 17 32 0.2194579
800 239 13 26 0.29788235
557 261 18 33 0.36117908
270 219 25 47 0.38680473
844 416 17 35 0.49003372
655 242 13 26 0.49741703
801 233 16 33 0.5399526
138 205 18 31 0.5526158
392 260 19 36 0.5923148
446 224 16 37 0.67313933
715 232 16 33 0.7514298
516 261 18 35 0.75523365

