3_Riot_Riot_3_101
33
17 244 43 62 0.010218874
570 227 54 91 0.010414318
698 337 49 55 0.0105939945
183 205 43 61 0.011293722
159 206 42 62 0.011471403
159 50 44 61 0.011647525
895 178 37 61 0.012514319
286 143 40 61 0.012566753
17 264 41 63 0.012726248
261 99 50 100 0.013295532
184 54 47 56 0.013538891
277 110 41 64 0.01480644
835 208 43 67 0.015082258
417 274 38 65 0.015854197
530 234 46 54 0.017538859
432 292 43 63 0.02216709
531 230 52 97 0.023566717
767 46 38 71 0.028141275
856 229 37 66 0.028405972
508 236 45 54 0.031341445
155 58 58 89 0.037196875
789 56 39 66 0.04310182
189 58 55 89 0.07362664
4 238 35 77 0.07409999
770 54 53 89 0.07854842
839 220 57 84 0.07858305
656 133 47 59 0.08380006
1 262 40 66 0.10137372
637 121 45 65 0.10434835
850 200 55 91 0.14444184
6 237 46 104 0.18557762
720 320 57 82 0.20758262
642 115 56 79 0.3613349

