3_Riot_Riot_3_273
26
408 233 59 81 0.010153519
290 341 20 31 0.010697643
382 28 16 35 0.011182691
3 11 19 59 0.011874446
3 16 14 46 0.013255763
394 102 36 62 0.013600107
326 429 36 60 0.014587445
367 316 22 18 0.01658221
291 309 21 28 0.020170419
390 379 19 33 0.022400323
331 350 19 31 0.025039813
388 31 11 28 0.02506308
322 313 21 28 0.026156057
432 231 60 86 0.028286716
464 388 42 62 0.033257574
345 340 22 21 0.04084196
178 104 34 39 0.088644534
366 317 20 30 0.10374109
404 97 35 61 0.14211878
248 321 23 32 0.16000324
347 332 26 41 0.32654777
375 322 22 20 0.44845542
164 97 47 52 0.48590288
302 235 29 33 0.51751673
102 416 37 55 0.5760886
238 318 27 40 0.8597448

