3_Riot_Riot_3_958
164
113 5 13 7 0.010579704
904 52 22 20 0.010634966
274 67 21 18 0.010644413
609 51 14 11 0.010644458
307 39 11 12 0.010743203
184 50 25 18 0.010743901
932 21 20 32 0.010769658
820 45 10 7 0.010782259
821 39 42 50 0.011059907
502 37 24 19 0.01106033
131 0 33 50 0.011202614
1002 73 15 38 0.011248389
961 11 33 58 0.01132109
669 61 14 20 0.011404702
567 42 9 8 0.011455014
385 21 25 17 0.011650798
359 3 28 15 0.0117566055
554 48 18 30 0.011891994
944 53 22 20 0.012451734
840 35 25 17 0.012578575
1005 64 17 24 0.01279965
759 67 23 18 0.013544649
303 0 22 11 0.013724946
520 51 24 21 0.013762188
195 4 12 9 0.0137730455
903 18 26 43 0.0137957735
379 36 23 21 0.013886882
617 52 23 17 0.014063978
921 11 39 56 0.014235247
577 44 9 8 0.014436403
797 49 24 17 0.014496705
135 8 29 18 0.014544079
292 45 20 28 0.014790104
494 26 24 16 0.014836938
285 50 23 17 0.015011251
927 18 29 40 0.015072422
895 42 34 60 0.015321749
771 125 21 30 0.01551749
235 0 18 33 0.015546414
263 4 9 8 0.015609689
658 63 14 20 0.015734924
188 33 24 19 0.01574636
872 78 19 32 0.015768243
546 28 19 31 0.016291218
805 51 21 29 0.016330237
832 45 10 8 0.016546402
569 41 24 17 0.016716331
908 20 19 33 0.017396674
538 23 25 17 0.01772919
806 52 9 8 0.017896589
771 51 10 12 0.018920222
463 44 20 21 0.018946856
1013 54 9 14 0.019698994
314 45 23 19 0.020206412
175 34 15 20 0.020271938
837 25 21 30 0.020372579
417 39 20 35 0.02160882
479 50 21 20 0.021916617
215 23 24 19 0.0221441
953 54 21 22 0.02227125
227 3 11 10 0.022986878
299 25 21 18 0.02323909
768 133 26 16 0.023406403
638 64 22 19 0.023761285
825 43 25 15 0.024142051
255 1 22 17 0.024488047
661 59 9 9 0.024575058
832 15 43 51 0.025557458
640 54 15 16 0.025924891
499 32 15 21 0.026396614
835 23 32 37 0.028514866
754 52 14 19 0.029317325
970 73 17 33 0.029510379
107 1 27 15 0.029628957
578 53 11 11 0.029762896
830 53 13 10 0.030022984
870 72 23 19 0.030242488
363 36 23 20 0.030630222
487 40 20 32 0.0309562
968 62 21 21 0.030994385
628 54 8 9 0.031748306
753 66 21 18 0.03209586
293 41 12 11 0.03241909
756 56 9 10 0.0331786
923 79 20 23 0.034320947
823 54 12 10 0.035939854
864 40 31 42 0.03656015
386 40 20 30 0.036869626
456 42 19 31 0.03863478
330 46 24 18 0.04030569
768 41 22 18 0.041584566
189 2 23 16 0.04207502
692 54 8 9 0.042413395
955 63 21 22 0.04376304
704 42 20 30 0.04448329
279 68 24 18 0.044640854
308 0 14 15 0.048177853
905 53 18 34 0.052679222
830 49 21 29 0.052872207
181 20 15 19 0.053081904
325 37 28 35 0.053109627
960 18 20 21 0.0535676
684 50 21 19 0.055203166
418 25 20 35 0.059614886
1011 51 12 22 0.061367474
706 34 20 21 0.0661666
599 102 39 64 0.06668987
0 16 9 33 0.06724351
657 55 22 19 0.06742573
334 37 14 22 0.067740105
701 51 15 17 0.07091345
508 31 20 32 0.0718665
745 58 21 30 0.07471243
392 20 23 21 0.07601428
214 31 24 20 0.07906058
222 0 23 17 0.08239963
654 56 19 30 0.09953097
466 37 13 24 0.10288294
590 49 24 19 0.1112264
776 38 25 19 0.11578198
64 2 27 17 0.116340734
819 51 22 17 0.116551645
704 54 10 10 0.11983478
773 31 28 38 0.12552676
1003 49 15 38 0.14600334
929 58 25 43 0.14840376
767 46 21 20 0.15014058
581 49 20 30 0.15824789
173 24 19 31 0.17684597
610 47 19 31 0.18013139
573 49 22 19 0.18202321
290 37 22 18 0.19827986
643 56 9 9 0.20043512
29 14 29 38 0.21475513
183 20 23 21 0.21615632
972 19 21 21 0.26178116
665 56 22 20 0.26712057
823 49 24 18 0.27681527
969 18 19 33 0.29946238
312 38 21 22 0.3073965
205 29 23 21 0.31807563
302 35 22 20 0.32394987
368 30 22 30 0.32871506
462 29 19 33 0.39927712
68 3 24 25 0.43156195
569 106 43 66 0.4508539
957 48 24 45 0.49026108
602 46 23 20 0.4928414
670 55 21 30 0.52746767
380 26 29 36 0.532029
4 12 28 38 0.53232634
495 30 21 34 0.53299844
926 70 19 36 0.5463072
712 30 22 31 0.5756166
60 20 22 32 0.6329506
524 43 21 33 0.6468377
202 24 19 31 0.6637009
109 27 22 32 0.6668705
328 34 21 29 0.67923063
856 16 43 56 0.7272817
405 20 37 55 0.73724246
138 1 22 33 0.7449286
774 40 30 39 0.78516227
238 13 22 32 0.83750904

