3_Riot_Riot_3_137
349
791 242 5 6 0.01003911
493 300 22 18 0.0101147825
904 321 23 18 0.010211257
146 352 9 10 0.010304225
883 291 9 7 0.010323041
1000 265 7 5 0.0103595145
834 305 11 8 0.010373354
628 308 9 9 0.010478367
121 364 22 19 0.010491141
366 316 22 17 0.010632237
582 278 5 6 0.010660158
997 362 26 80 0.010671237
341 339 44 50 0.010764528
244 279 4 5 0.010816158
906 301 24 17 0.010844847
290 305 8 9 0.01090206
419 305 14 17 0.011021572
991 273 13 16 0.011097632
657 299 12 18 0.011101075
309 292 6 7 0.011133956
902 296 21 28 0.0113639375
744 321 20 28 0.011474973
609 321 7 11 0.011733902
446 302 12 19 0.011779402
594 322 12 20 0.011971461
947 286 14 16 0.01202857
964 291 20 27 0.012133914
1000 286 18 32 0.012228166
990 331 21 21 0.0122483345
273 324 8 10 0.0123065645
706 306 14 18 0.01236976
148 409 37 57 0.0124775255
547 318 11 11 0.012533225
756 326 11 8 0.012541648
974 286 14 17 0.012625246
92 336 24 16 0.012634101
0 388 16 36 0.012869992
972 328 22 22 0.012977128
117 356 10 8 0.013236548
892 290 23 17 0.013290904
968 311 30 59 0.01332229
348 340 34 35 0.01335021
4 351 19 30 0.013360521
1009 290 13 18 0.013374326
671 289 12 19 0.013411234
778 299 20 27 0.0134118525
750 322 22 17 0.013426588
4 409 15 42 0.013428148
34 358 11 9 0.0135813905
290 295 7 7 0.013962819
921 320 25 18 0.014050133
659 325 8 10 0.014100296
132 355 8 9 0.014174019
551 298 21 27 0.014241245
1012 319 11 24 0.0143901445
191 331 21 29 0.014401289
710 294 8 8 0.014464871
96 0 12 21 0.01458103
542 313 20 19 0.014658392
890 305 34 56 0.014742951
726 280 5 7 0.015012789
745 348 22 28 0.015014246
433 319 8 10 0.01504542
216 279 4 5 0.015278896
583 331 13 24 0.0152981775
786 324 11 11 0.015413158
707 316 13 17 0.015446771
184 339 8 9 0.015465817
65 340 10 6 0.015472812
478 285 13 17 0.015494619
689 303 8 11 0.015508524
278 294 6 6 0.015852718
83 341 10 7 0.015879126
970 322 23 20 0.015938094
5 354 10 11 0.015957197
822 320 10 12 0.016235763
814 346 13 21 0.016291287
870 292 9 7 0.016392935
400 321 10 10 0.01643957
461 311 19 20 0.016535658
4 349 12 20 0.016560996
750 306 14 15 0.016783066
599 277 5 7 0.017014371
597 325 8 11 0.017085606
306 309 9 9 0.01712058
25 362 24 18 0.017206632
856 305 39 52 0.017419118
347 323 23 18 0.017482607
624 313 20 20 0.01757564
612 305 7 9 0.01774676
868 300 22 28 0.017811028
422 320 10 10 0.017874964
613 278 5 6 0.018027691
227 278 5 5 0.018045688
260 338 9 10 0.01814258
834 323 21 29 0.018269906
407 326 30 40 0.018314809
259 329 21 31 0.018378118
391 298 8 7 0.01853626
958 315 22 18 0.01864059
795 331 22 20 0.01868831
180 376 13 22 0.018752862
626 277 6 8 0.018779978
41 340 24 15 0.019464517
849 290 9 7 0.01961039
389 326 9 9 0.019697452
34 351 23 28 0.019703614
278 306 7 7 0.01980669
773 322 12 10 0.019859498
10 354 25 17 0.020173406
48 351 12 9 0.020345703
324 309 8 7 0.020354144
243 323 7 7 0.02035799
108 366 23 18 0.020467905
802 291 14 15 0.020766446
818 305 10 9 0.020996882
992 320 20 21 0.02100712
997 290 7 7 0.021207957
449 294 8 9 0.021215951
325 376 40 59 0.021460665
435 303 13 18 0.021529863
803 264 5 5 0.021628447
116 409 29 44 0.021637013
582 328 21 27 0.02167389
759 350 22 19 0.021899337
261 295 6 6 0.022082182
190 334 14 18 0.022263115
518 302 13 19 0.022387302
183 324 6 7 0.022436807
919 265 6 6 0.022715015
345 328 31 35 0.022778338
82 355 13 8 0.022960344
802 303 10 9 0.02312653
325 292 6 6 0.023137892
737 321 9 9 0.023211833
339 326 9 9 0.02336399
1015 325 7 11 0.023449065
40 348 25 16 0.02365479
337 329 21 19 0.02403962
644 305 7 9 0.024066485
686 290 12 18 0.024207616
893 325 22 18 0.024469703
822 264 5 6 0.024578178
357 295 6 7 0.024602937
162 339 7 7 0.02470334
260 322 8 9 0.024932347
148 295 4 6 0.02508447
75 352 26 15 0.025552316
389 337 24 18 0.025581434
28 355 23 17 0.02584822
355 326 10 8 0.025917565
574 303 13 18 0.025937492
813 291 14 15 0.026544666
135 325 6 6 0.026596813
1002 316 16 35 0.027002973
1000 307 8 9 0.027148563
482 320 9 9 0.027682802
114 338 9 7 0.028158657
739 278 6 6 0.028326718
709 310 8 9 0.028557485
792 260 4 5 0.028827282
563 277 5 7 0.028873688
1012 264 7 8 0.028976504
807 343 22 29 0.029260352
932 262 6 5 0.029490387
553 277 5 7 0.030200275
902 332 23 19 0.03041894
253 334 23 18 0.030540599
229 323 7 7 0.031109143
659 303 7 11 0.03156217
373 320 10 9 0.031607047
564 301 13 19 0.03197091
5 323 7 10 0.03203815
905 290 24 16 0.032264896
500 293 8 8 0.03229789
622 305 21 21 0.032574203
149 309 5 6 0.032588534
345 332 23 18 0.032986496
389 341 11 11 0.033414826
191 345 28 39 0.03447638
213 322 7 7 0.034724772
448 306 8 10 0.035045903
784 320 14 18 0.03504659
243 309 6 6 0.035645153
133 308 5 6 0.035898216
340 291 6 6 0.036115367
519 305 9 10 0.036235083
674 291 7 10 0.036458187
964 267 7 6 0.03682004
0 333 11 19 0.03722899
899 294 9 8 0.037382606
708 319 10 10 0.037795633
181 293 5 6 0.038475797
748 332 22 19 0.038679756
721 322 14 16 0.039108716
164 325 6 7 0.03946553
659 288 12 19 0.03952473
101 294 5 6 0.03953552
181 309 5 6 0.039856456
949 262 6 5 0.04018695
595 304 7 9 0.040257633
213 309 5 6 0.04047914
467 315 9 12 0.04078933
398 301 13 16 0.041165676
212 293 5 6 0.04187187
825 321 22 19 0.04240234
787 293 14 15 0.042713705
645 292 7 8 0.04332481
166 308 5 6 0.043754622
771 309 9 9 0.043887537
49 343 10 8 0.0441876
55 295 5 6 0.045577865
861 302 22 19 0.04649609
261 309 6 7 0.04701118
36 323 7 7 0.04741112
816 317 20 19 0.047884658
589 331 12 22 0.047940917
499 303 10 8 0.04822427
246 295 5 5 0.04833264
956 306 23 17 0.049215015
338 309 8 8 0.049347322
963 310 9 10 0.049827907
167 295 5 6 0.04984175
630 292 7 8 0.04985504
392 306 8 9 0.050749958
193 336 8 10 0.051754538
1012 299 11 21 0.05176132
753 353 21 20 0.051790994
195 311 6 6 0.05212416
470 292 7 9 0.052376475
404 297 8 7 0.052384324
230 308 5 6 0.05258812
102 309 5 5 0.053786367
86 291 5 5 0.053823948
483 309 8 9 0.054159313
1 336 9 12 0.054825917
728 309 7 9 0.055689048
915 274 7 6 0.056496844
70 292 4 5 0.05701562
20 310 6 7 0.058055915
355 309 7 7 0.059961114
933 275 7 6 0.060187276
198 294 5 6 0.060865346
230 296 5 6 0.061448995
914 293 10 8 0.06164391
101 325 7 6 0.061650436
791 230 5 7 0.06256372
54 325 6 6 0.063244686
147 325 6 7 0.063956216
838 293 8 7 0.063959114
861 310 29 38 0.064462595
21 325 8 9 0.06449809
86 326 6 6 0.06450815
567 305 7 11 0.065412454
1015 304 7 12 0.06559638
806 321 20 31 0.06695599
759 278 5 6 0.067104824
675 302 9 14 0.06741068
67 324 7 6 0.06744273
135 294 5 6 0.06772066
115 325 7 7 0.068454556
69 309 5 6 0.07185949
768 317 22 18 0.071970284
118 310 5 6 0.07391141
423 308 7 9 0.07465691
53 308 5 5 0.07567218
727 289 6 7 0.07592695
384 338 22 18 0.076488115
793 322 22 19 0.077092126
933 291 9 8 0.07838839
529 308 8 12 0.078727156
372 311 9 8 0.07955911
194 322 8 8 0.079886176
518 292 6 8 0.08010953
964 292 9 8 0.08168783
118 294 5 6 0.082299985
482 288 7 10 0.0825931
734 305 15 17 0.08275668
99 340 11 8 0.087456085
578 307 7 10 0.09040263
133 340 8 7 0.090826884
149 336 8 8 0.09132523
787 301 13 10 0.091329634
594 292 6 8 0.09322802
548 308 9 11 0.09399684
550 291 6 8 0.0942588
689 292 8 11 0.094411775
467 310 9 12 0.097693056
389 328 30 38 0.097699255
437 292 6 9 0.10002465
82 308 6 5 0.10206686
899 275 8 5 0.10382986
5 309 6 8 0.10673359
723 325 9 10 0.10694577
823 276 6 5 0.110679895
782 298 23 17 0.111195885
753 309 9 9 0.11147455
1010 274 7 8 0.11352159
37 309 5 6 0.11394534
1013 293 7 10 0.11406422
780 315 20 29 0.118092634
948 279 7 6 0.11870832
331 373 60 68 0.12078849
534 291 7 8 0.12111304
437 307 8 9 0.12317987
258 347 37 58 0.124070585
546 305 13 20 0.1254357
771 279 6 7 0.12733601
526 305 13 19 0.1278198
950 289 8 8 0.12844214
742 294 6 7 0.12999213
394 337 33 36 0.13108695
978 289 8 8 0.1316304
267 369 33 39 0.1392337
979 273 8 7 0.14106326
868 275 7 6 0.14151199
418 293 7 8 0.1424809
834 277 7 6 0.14413995
886 274 7 6 0.145077
787 280 6 6 0.14828104
769 290 8 8 0.15439163
401 304 9 9 0.15626688
804 294 10 9 0.15819359
897 315 19 33 0.1652511
816 294 9 8 0.16665554
583 292 7 7 0.17596063
789 295 10 9 0.1761304
921 337 51 78 0.17857146
852 275 7 6 0.18217513
661 290 7 12 0.18578848
564 292 7 8 0.18858056
758 289 8 8 0.20225385
965 272 7 7 0.20835605
333 389 46 62 0.21032447
464 307 13 19 0.21051453
806 275 6 6 0.2253573
738 309 9 9 0.23405913
400 330 38 53 0.24579489
609 292 7 10 0.26299667
895 329 22 21 0.26561114
923 310 27 41 0.27755678
975 320 20 35 0.3007042
994 276 8 9 0.31866303
672 300 14 18 0.33336177
667 348 41 65 0.36385742
269 360 43 51 0.49482548
107 403 33 52 0.59944683
62 379 36 54 0.6373764
486 317 37 61 0.68348753

