3_Riot_Riot_3_710
61
960 68 44 119 0.010017628
216 97 25 16 0.010959655
285 98 45 55 0.010968357
9 209 25 16 0.011183065
99 189 9 6 0.011707814
0 237 11 45 0.012003398
117 215 12 9 0.0121101085
33 172 9 8 0.012415036
43 209 23 17 0.01257411
276 72 49 87 0.013795332
646 199 61 83 0.01387433
0 181 20 17 0.014577913
141 194 21 26 0.015456028
473 148 34 35 0.017307011
77 186 14 15 0.017343877
66 182 14 16 0.020096146
470 143 45 51 0.020264037
100 213 12 8 0.02060712
94 209 23 17 0.020651553
0 253 8 28 0.021000694
3 182 10 9 0.021991877
146 185 9 8 0.022290269
8 202 17 31 0.026580298
479 156 51 84 0.027124489
36 201 11 10 0.029349063
116 188 8 6 0.029959647
22 184 13 10 0.030011926
492 170 49 65 0.037779767
112 210 23 17 0.038382806
111 199 23 16 0.03928111
120 209 23 18 0.042030804
158 201 11 10 0.04223266
93 201 23 16 0.04578321
8 198 26 18 0.046655767
739 22 28 41 0.047528606
310 85 27 41 0.04940462
69 198 10 8 0.05301108
151 197 22 18 0.05468857
31 184 13 9 0.05917497
50 187 10 7 0.06039852
145 197 22 17 0.06093844
120 200 23 17 0.07018109
49 204 11 8 0.07828197
150 201 12 9 0.07903205
81 196 10 9 0.08180668
127 204 11 9 0.08256081
32 185 20 29 0.08262647
28 197 24 17 0.08431801
132 187 9 7 0.090008184
41 200 23 17 0.09892419
17 182 23 17 0.10438358
80 190 9 8 0.119204395
99 204 11 9 0.13121097
68 186 9 8 0.14214703
0 197 22 20 0.14507414
117 202 10 8 0.14613077
23 181 25 16 0.21899322
293 73 38 57 0.22187671
495 175 58 83 0.45575568
6 191 19 32 0.47391155
613 80 48 59 0.6954661

