3_Riot_Riot_3_199
414
31 313 36 61 0.010025741
336 182 12 13 0.010027265
157 192 12 19 0.010200467
745 203 20 21 0.01020549
62 178 14 19 0.010208823
597 115 6 7 0.010221701
812 234 19 22 0.010279464
433 102 6 8 0.0102898115
343 150 9 10 0.010296428
218 282 25 47 0.010341862
806 193 10 11 0.010351872
392 155 18 32 0.0103906235
357 145 13 17 0.010455717
88 86 7 11 0.010592765
304 212 14 18 0.010593034
105 198 19 30 0.010628591
712 134 5 5 0.010681914
164 366 35 75 0.010741784
980 153 8 9 0.010752799
162 87 7 6 0.010799208
802 149 9 9 0.010912745
127 118 9 11 0.0109438505
176 256 20 21 0.011018849
242 123 12 20 0.011024665
525 180 23 18 0.011106731
694 135 6 7 0.011306812
102 191 13 21 0.011321821
868 178 10 11 0.011363011
979 174 13 20 0.011387582
979 196 11 13 0.011439204
199 176 10 13 0.011558171
418 323 33 67 0.011559773
259 205 21 30 0.011574374
591 159 14 17 0.011753193
805 190 14 17 0.011772494
321 177 13 18 0.011870396
55 110 11 20 0.011885754
447 189 12 22 0.011958902
225 99 6 9 0.011961256
564 119 6 7 0.011983282
909 243 24 17 0.012057028
994 342 18 35 0.012070872
688 198 9 12 0.0121050095
229 82 5 8 0.012173031
543 267 22 20 0.012291712
144 69 6 7 0.012323169
685 196 13 17 0.012478054
531 190 14 13 0.012480623
417 270 23 19 0.012487118
557 220 21 20 0.01270632
718 163 14 17 0.012778574
641 142 12 17 0.012781009
257 132 8 10 0.012903438
653 146 13 17 0.0129437605
308 111 8 11 0.013033469
216 87 5 7 0.013082077
36 97 6 10 0.013120469
902 186 19 26 0.013250625
897 224 14 11 0.013254253
350 158 13 18 0.013307555
1006 161 11 21 0.013353678
810 228 21 19 0.013474727
929 164 13 17 0.013523088
429 221 13 20 0.013638683
754 135 6 6 0.013648179
201 186 21 27 0.013648905
739 194 9 11 0.013690108
177 125 12 18 0.013699074
598 179 10 11 0.013728787
487 282 21 22 0.013780768
388 105 9 10 0.013806878
200 165 22 28 0.01385902
533 141 13 16 0.013877541
295 220 13 21 0.014076494
327 183 19 30 0.01414424
836 224 18 30 0.014191239
879 147 9 10 0.014219191
205 187 21 19 0.014248127
983 176 8 11 0.014297422
206 143 13 17 0.01461155
726 146 5 7 0.01467764
542 142 14 16 0.014763142
204 348 49 92 0.014913759
151 190 12 21 0.015080127
912 192 21 18 0.015125435
401 114 8 8 0.015211613
79 117 13 17 0.015364995
958 184 20 19 0.015435454
181 103 6 7 0.015512842
82 118 9 12 0.015596988
97 204 20 20 0.015665252
32 53 6 7 0.015726427
543 160 14 16 0.015828796
150 387 46 105 0.01590607
534 189 23 18 0.015935916
801 225 19 30 0.016069584
320 306 33 69 0.016097995
478 334 33 66 0.01615326
338 125 10 11 0.01618397
949 162 13 17 0.016280882
678 206 12 20 0.01635772
230 326 33 77 0.016391674
348 279 33 67 0.016861625
900 175 11 11 0.017066943
454 114 6 8 0.017240532
795 224 20 20 0.017497249
183 366 31 75 0.017543172
706 163 13 18 0.017710125
540 276 27 41 0.017932167
927 195 12 12 0.018004425
516 204 13 19 0.018485285
485 132 7 8 0.018589595
363 168 19 29 0.018624661
895 173 21 19 0.018634956
446 140 12 18 0.019009618
1006 175 12 20 0.01905176
869 195 13 12 0.019053813
1014 192 8 15 0.019123908
249 81 5 7 0.019230666
499 131 7 9 0.019231947
322 113 8 11 0.019265926
848 198 17 30 0.01944367
90 157 14 19 0.01961591
446 130 13 17 0.019827701
259 214 20 30 0.019837996
989 323 19 38 0.01988095
466 115 6 9 0.019890295
124 193 12 20 0.019906277
577 161 14 16 0.02011942
879 173 14 16 0.020171508
715 172 18 29 0.020381203
957 158 13 17 0.020489125
196 101 6 7 0.020607738
293 82 7 7 0.020679297
684 203 13 20 0.020741962
514 165 9 10 0.020898022
685 164 13 17 0.02093614
335 184 14 19 0.02106821
64 100 8 10 0.021360194
420 113 6 8 0.021424972
387 108 13 18 0.021572467
112 117 19 18 0.021678085
210 112 7 10 0.021704363
565 165 8 9 0.022000821
66 84 7 10 0.02216909
209 146 9 12 0.022401854
517 116 6 8 0.022403155
554 210 21 19 0.022473201
115 192 13 20 0.022529285
960 180 10 14 0.022740593
858 204 15 17 0.022753006
840 222 22 19 0.022813369
222 164 13 17 0.022980401
212 180 9 11 0.023136681
224 166 10 12 0.023259869
534 165 9 10 0.023341333
689 171 13 17 0.023380078
352 221 13 18 0.02363727
611 158 14 17 0.023698876
258 115 7 9 0.02370889
225 176 9 12 0.023784796
163 101 6 6 0.023822417
500 331 31 66 0.024128182
529 117 6 8 0.024164496
193 130 12 19 0.024198268
849 153 10 9 0.024246009
693 148 6 8 0.024491578
961 151 7 8 0.024493607
627 160 13 17 0.024517562
1006 184 17 29 0.024696447
150 100 7 8 0.024963856
193 236 20 22 0.025052749
6 65 5 9 0.025115997
244 127 8 12 0.025579544
166 67 6 6 0.025679665
256 72 6 8 0.025877748
673 175 9 11 0.026095623
867 160 14 17 0.026185235
656 159 13 18 0.026211955
334 116 13 18 0.026296878
1008 166 8 12 0.026299896
962 173 16 27 0.026547255
468 146 13 18 0.026582273
675 151 7 8 0.026824724
389 152 9 10 0.02709394
352 160 10 12 0.027536618
292 99 8 9 0.027583102
23 62 6 8 0.02785262
93 86 13 17 0.028042343
337 119 9 11 0.02817229
198 114 6 8 0.028345333
373 132 8 10 0.02855124
227 66 6 9 0.028948562
661 134 7 9 0.028958108
920 240 24 17 0.028996643
906 255 24 18 0.029279822
404 148 9 8 0.029287955
705 171 13 18 0.02954376
308 103 8 9 0.029694729
993 195 8 13 0.02999986
51 84 5 9 0.030085208
278 80 6 7 0.030951915
736 177 14 18 0.031040782
829 164 14 16 0.031082917
368 148 8 10 0.031185497
274 144 12 19 0.031234384
423 135 7 9 0.031245425
488 115 7 9 0.03128996
819 173 13 10 0.031853113
213 100 6 9 0.031871166
344 293 32 70 0.031917732
906 271 26 19 0.03251586
56 114 7 12 0.03341026
163 394 37 74 0.03344396
372 158 13 18 0.033790167
477 145 14 17 0.033960395
357 117 8 10 0.034062445
198 173 13 20 0.03420197
53 53 5 7 0.034221616
877 193 12 12 0.034433186
814 166 21 16 0.035105497
297 220 21 19 0.03513219
1000 173 8 13 0.035264216
1009 177 8 11 0.03553911
790 176 11 12 0.035587505
517 132 7 8 0.035810977
799 175 11 12 0.03588953
770 163 9 9 0.036425572
278 73 6 7 0.036879517
786 163 14 17 0.037330024
510 173 13 18 0.037757386
833 222 20 20 0.038279098
261 83 5 7 0.038443174
275 117 7 10 0.03910068
418 148 8 9 0.039126128
90 93 9 13 0.03939877
454 102 5 7 0.039433066
912 174 10 13 0.04018438
707 151 6 7 0.04019116
814 170 22 17 0.040327035
517 146 8 9 0.040491145
222 172 13 19 0.040561054
243 118 7 11 0.040582605
170 260 19 34 0.04225719
772 188 12 12 0.042317152
897 162 13 17 0.04276972
309 176 10 13 0.042876907
199 144 9 13 0.042961817
439 316 23 50 0.043055225
866 146 13 16 0.04310784
195 133 8 11 0.04315081
96 88 9 13 0.04351778
206 176 20 20 0.04359453
656 148 9 11 0.04373189
998 170 12 20 0.04412592
249 71 6 8 0.04428186
833 174 14 17 0.044750195
869 163 10 11 0.04488161
640 137 8 9 0.045056004
932 175 13 18 0.045482524
497 114 7 10 0.045699134
600 329 36 62 0.046376783
846 158 14 17 0.0472434
579 132 6 8 0.047470376
387 157 13 17 0.047484893
261 96 5 8 0.04844683
906 264 20 30 0.04866392
550 135 7 8 0.04880411
370 175 19 20 0.049460497
720 185 13 18 0.04975037
150 112 7 10 0.049991444
792 172 21 19 0.050058473
423 272 25 20 0.050149634
637 159 12 17 0.05030002
245 325 34 76 0.05094912
480 148 10 11 0.050991293
54 101 6 9 0.05102394
754 150 7 8 0.051417653
359 148 8 11 0.0521894
768 184 20 20 0.05227263
503 148 8 10 0.05234211
990 192 12 20 0.05342889
437 142 8 11 0.054026127
933 177 10 12 0.054491807
849 249 19 32 0.054793134
738 132 6 6 0.05523034
374 114 8 9 0.055668313
465 132 8 10 0.055749584
631 136 8 9 0.056205098
789 173 14 18 0.05632072
470 150 8 11 0.05638511
659 161 9 11 0.057620697
832 165 9 11 0.057665363
465 98 5 8 0.058122497
197 140 13 19 0.058619067
997 162 12 18 0.059318285
909 173 14 17 0.059589382
594 161 9 10 0.06012168
630 145 8 9 0.06032538
864 194 22 17 0.060656406
800 165 10 11 0.060710803
798 164 14 17 0.06117241
773 183 10 12 0.06121606
909 160 13 18 0.06128343
136 68 7 7 0.0628661
677 160 12 18 0.0636267
116 119 11 13 0.0646009
277 147 8 12 0.064996235
130 254 24 49 0.06545228
388 160 10 10 0.06559631
2 50 5 10 0.06686921
944 176 9 12 0.06778098
722 181 9 12 0.06788019
643 144 8 11 0.068269186
847 177 13 12 0.06854469
449 143 8 11 0.069112994
438 135 7 10 0.06969617
307 174 13 18 0.070163354
567 131 7 8 0.0702904
531 135 7 9 0.070726335
872 191 21 18 0.07245521
689 166 8 11 0.07283907
389 111 9 11 0.07347881
596 147 7 8 0.07350825
900 165 9 11 0.073858015
179 128 7 10 0.07601651
741 151 7 7 0.076245636
755 162 9 9 0.07637836
629 162 9 11 0.077301785
595 135 7 8 0.077460065
943 174 13 18 0.07827194
163 116 7 9 0.078574724
182 114 7 9 0.07899561
719 179 13 18 0.08081618
546 163 9 10 0.08124249
432 161 9 13 0.08134844
724 134 5 6 0.08195476
739 180 8 10 0.08364038
613 151 8 9 0.083726116
707 174 8 11 0.08464888
892 221 23 17 0.08473463
147 85 6 8 0.08550813
406 159 14 17 0.08737213
951 164 8 11 0.09027232
449 133 8 11 0.09084917
691 173 9 12 0.09121127
117 81 8 11 0.09197659
33 266 34 65 0.09240374
756 176 10 12 0.09323126
980 157 13 18 0.0943116
429 159 13 18 0.09522064
739 164 8 9 0.095862135
912 162 9 12 0.09602563
408 162 10 11 0.09631461
708 166 8 10 0.09646491
612 135 7 9 0.096874684
535 143 9 10 0.09767114
639 161 9 12 0.09779899
613 160 10 10 0.09825593
960 159 9 11 0.099625155
123 271 22 47 0.10078762
787 164 10 11 0.10148459
374 160 9 11 0.1040928
722 166 8 10 0.108244665
580 164 9 10 0.10840874
932 167 8 10 0.10860147
425 267 20 34 0.10963831
133 81 7 9 0.11016283
679 161 8 13 0.11174867
771 181 14 18 0.112016074
779 227 21 20 0.11420481
580 145 8 8 0.114848904
64 113 9 14 0.11518446
62 111 12 19 0.115420386
849 160 11 10 0.115496285
33 332 36 61 0.1197893
975 323 27 45 0.12013317
973 192 21 21 0.12016449
81 124 13 18 0.121477455
881 164 14 17 0.12193344
561 145 8 9 0.123431236
545 145 9 9 0.12558112
483 274 25 41 0.12728654
115 121 13 17 0.1281218
754 174 14 17 0.13078406
413 158 13 17 0.1357736
428 313 25 49 0.13892643
416 160 9 13 0.14014636
999 164 8 11 0.14470537
868 148 9 11 0.14834675
660 172 13 17 0.14853254
819 167 12 12 0.15355912
197 230 21 32 0.16246162
422 270 25 46 0.16673791
162 173 12 18 0.16691324
24 54 6 10 0.16836055
978 311 34 62 0.17329271
859 249 19 33 0.17523293
606 172 14 17 0.17687578
398 195 20 20 0.18108924
921 193 21 19 0.18201542
330 180 21 20 0.18626745
982 159 9 12 0.18677564
53 64 5 7 0.19688533
851 205 20 20 0.2050427
812 190 23 18 0.20879237
95 91 10 15 0.21786447
71 284 27 65 0.23671076
841 174 21 18 0.24423379
528 187 21 19 0.25886822
892 190 23 19 0.2605503
957 179 14 19 0.342453
1011 187 13 23 0.35262105
82 157 19 22 0.39973938

