39_Ice_Skating_Ice_Skating_39_417
32
355 174 14 17 0.010008981
356 177 10 10 0.010209108
311 181 9 10 0.010586469
981 174 7 10 0.0114654405
272 241 40 69 0.012489711
319 180 8 10 0.012900329
372 165 25 17 0.013378541
231 189 34 34 0.014643385
369 165 17 32 0.019019425
423 208 7 11 0.022343663
246 192 32 36 0.022576718
317 258 51 63 0.022699794
407 229 11 28 0.023186954
0 249 8 33 0.025482621
465 207 6 11 0.031389542
991 163 6 8 0.033996716
371 168 14 19 0.03533835
385 214 34 64 0.040937416
393 219 24 48 0.046234883
371 165 12 12 0.05982695
240 190 24 19 0.079661325
246 192 24 19 0.088517286
978 160 12 16 0.113307804
868 180 10 13 0.16123632
368 163 20 19 0.4194741
252 245 64 75 0.64512616
478 165 15 20 0.7286981
980 162 8 11 0.776008
507 277 61 97 0.80853164
318 240 67 75 0.86418396
865 176 15 18 0.8832744
620 199 58 101 0.96572

