39_Ice_Skating_Ice_Skating_39_388
22
109 417 45 57 0.011861283
974 367 48 89 0.0135526415
503 311 62 97 0.0147834625
480 300 88 131 0.023537504
240 306 74 76 0.025071464
985 365 37 55 0.029267706
991 374 19 22 0.030561035
988 559 28 107 0.034239702
1006 403 15 49 0.03482337
643 366 41 67 0.046661995
977 412 45 105 0.065304555
1006 409 18 68 0.10439665
990 371 28 40 0.20511928
655 377 40 70 0.21229221
195 295 67 71 0.21488523
998 391 26 77 0.3213212
890 341 62 86 0.85682607
41 286 56 102 0.8740662
387 309 65 95 0.9560153
778 357 70 85 0.9704245
457 316 83 128 0.9883387
244 332 80 121 0.98938584

