39_Ice_Skating_Ice_Skating_39_252
96
523 149 22 19 0.010068159
894 141 19 22 0.010150294
405 137 9 9 0.010242945
3 181 28 89 0.010676857
400 157 9 9 0.0107212365
760 173 7 10 0.010799293
436 171 9 9 0.010911515
557 292 12 21 0.01151364
393 154 22 17 0.011617762
262 169 12 21 0.011650309
418 173 15 21 0.0123356
372 154 10 8 0.0126891695
522 344 6 9 0.0126919765
468 158 9 9 0.013762383
294 159 13 21 0.013766474
451 158 17 32 0.01401423
476 155 23 16 0.014150585
299 193 22 19 0.014852538
330 268 19 33 0.015106276
900 136 13 21 0.015188293
658 266 16 33 0.015338167
636 188 17 32 0.015384688
815 170 24 17 0.01564392
608 184 14 18 0.016251925
562 349 8 9 0.016493922
282 207 22 29 0.016802883
387 157 9 8 0.016935026
448 170 9 10 0.017255774
511 150 22 17 0.017269252
527 163 21 19 0.017534265
470 165 10 10 0.018190345
196 187 20 37 0.018245298
272 208 21 20 0.018272487
898 129 17 32 0.01850868
465 162 21 18 0.018511314
481 163 19 27 0.019010227
391 164 11 10 0.01974821
629 195 23 19 0.02054869
304 179 20 21 0.021940783
523 161 18 31 0.022164594
359 163 21 30 0.023028519
500 155 9 8 0.023249498
823 170 26 18 0.023314575
519 181 23 21 0.0233874
346 167 22 20 0.023482254
897 140 18 31 0.024258541
397 165 11 11 0.02439724
482 164 12 9 0.024831668
424 176 23 18 0.026454045
483 158 9 9 0.027002428
832 171 19 31 0.027637785
440 168 22 18 0.028203573
462 180 16 32 0.028678201
538 196 22 20 0.028682835
270 207 20 31 0.030012341
824 202 34 63 0.03433801
473 185 24 20 0.03587492
517 154 9 9 0.037335318
1 166 40 131 0.038920153
829 209 26 45 0.039823987
551 164 21 20 0.04147084
304 162 20 21 0.04191683
268 177 12 21 0.045857158
415 160 25 36 0.049572576
531 345 6 8 0.049920425
385 161 23 18 0.053027347
264 179 19 30 0.05360339
264 174 11 23 0.05548879
396 159 18 30 0.059416123
426 168 23 19 0.060009543
299 162 19 30 0.0630345
344 178 21 22 0.06451897
475 161 23 18 0.06475359
511 180 24 21 0.06850284
300 177 20 31 0.06992182
838 227 33 68 0.073396444
544 173 17 32 0.07526938
543 163 21 20 0.09079637
329 181 22 21 0.09194699
391 163 22 18 0.13823123
321 181 20 22 0.15493208
818 158 20 34 0.1554447
729 183 21 33 0.17523357
550 160 18 32 0.18136759
415 170 23 20 0.2737426
825 160 20 33 0.28063217
622 188 19 32 0.30296624
623 195 22 20 0.32402715
419 169 18 33 0.45271847
367 175 19 34 0.47426492
380 176 18 33 0.54657507
190 196 30 42 0.5994797
520 173 19 35 0.6114368
325 174 20 33 0.65946877
479 182 18 34 0.75309664
718 177 28 42 0.96316

