39_Ice_Skating_Ice_Skating_39_438
21
4 472 22 54 0.010853967
317 265 92 146 0.010941435
1006 562 12 60 0.011450312
4 484 28 81 0.0127117215
868 401 27 41 0.013624808
567 473 29 17 0.013645831
705 470 34 64 0.014899791
575 593 90 150 0.016714582
0 463 32 70 0.017449064
333 257 67 94 0.019904466
321 241 95 126 0.021125063
579 606 65 94 0.021905595
592 703 58 88 0.022819402
1 464 36 146 0.024056291
1006 503 11 24 0.031259388
1008 578 16 74 0.036896456
584 576 60 101 0.045982566
998 545 23 93 0.26083118
374 255 55 114 0.88754475
626 303 62 89 0.9124856
764 372 84 129 0.9974414

