39_Ice_Skating_Ice_Skating_39_463
245
677 712 7 7 0.0105525255
483 633 5 6 0.010635579
722 697 7 7 0.010765893
690 650 5 6 0.010794277
744 686 23 18 0.010796199
501 634 5 6 0.010887225
898 711 7 10 0.010966863
934 768 11 19 0.011098506
831 737 18 19 0.011104935
600 745 5 6 0.011110377
534 604 5 7 0.011110686
325 632 5 6 0.011312207
932 729 8 11 0.0113801705
342 633 5 5 0.011649777
454 697 6 6 0.011951111
308 648 6 6 0.0119538475
419 635 5 7 0.012274229
310 632 6 6 0.012549718
546 757 5 8 0.012553057
534 758 6 8 0.012732217
469 665 6 6 0.013321482
696 704 12 17 0.013435345
470 647 5 6 0.013621463
792 753 12 17 0.013647358
790 711 6 8 0.013723049
627 727 5 8 0.013778611
563 664 5 5 0.013945242
568 648 4 5 0.014143967
484 649 5 6 0.014163203
375 695 5 5 0.0142442295
865 664 6 6 0.014473283
456 709 5 6 0.01455144
341 664 5 5 0.014643489
483 661 7 7 0.014871493
898 695 6 9 0.015026756
928 690 6 9 0.015070547
647 753 6 8 0.015132128
375 631 5 6 0.015245421
533 742 5 7 0.015474003
935 760 8 12 0.015588433
311 693 6 6 0.015595187
357 631 5 6 0.015742503
438 633 5 6 0.015812721
388 633 5 6 0.015920341
856 587 6 7 0.016243428
616 743 5 8 0.016423317
517 633 5 5 0.01649854
773 652 5 6 0.016593007
651 737 12 18 0.01667596
804 693 5 6 0.016682232
819 757 13 16 0.016846556
837 691 5 7 0.016940719
496 679 6 8 0.017233254
436 663 5 6 0.01742618
356 648 5 5 0.017540362
511 690 11 19 0.018019715
853 724 7 9 0.018428734
452 632 5 6 0.01843789
341 648 5 6 0.01847473
325 648 5 6 0.018998684
578 745 5 6 0.01900681
453 663 5 7 0.01935014
888 694 6 8 0.019577228
855 597 5 7 0.01960692
746 675 21 19 0.019911999
452 677 6 7 0.020645803
918 771 7 12 0.02100491
930 737 7 11 0.021186266
790 696 6 5 0.021314878
896 674 6 8 0.021606239
714 650 5 6 0.021646868
377 710 5 6 0.021909606
946 774 7 12 0.022335311
470 633 5 7 0.022658769
534 680 4 7 0.022781081
700 704 12 16 0.022956014
774 708 6 7 0.023157267
616 724 6 9 0.023267517
662 709 6 7 0.023269072
915 739 7 11 0.02328247
329 684 6 6 0.023449145
838 727 7 9 0.02383031
786 770 11 18 0.024317205
674 694 7 6 0.024338936
439 648 4 6 0.024583783
838 667 5 6 0.024727393
792 653 5 6 0.025039671
934 786 6 12 0.025058927
596 710 6 7 0.025556775
423 662 5 7 0.025627848
921 683 6 8 0.025857285
516 649 5 8 0.025857532
582 693 5 7 0.026871108
534 633 5 6 0.027130239
655 729 6 8 0.028801234
628 664 5 5 0.029524371
706 698 6 8 0.029971365
921 692 6 9 0.03020268
803 679 6 6 0.030571591
946 736 8 12 0.03064658
818 766 12 17 0.031297624
613 648 5 5 0.031533904
564 680 5 6 0.031998783
741 649 5 5 0.0321022
505 659 6 9 0.032344356
451 649 6 6 0.032434456
647 739 11 18 0.0329527
660 647 6 5 0.033142705
504 648 6 7 0.033200685
787 677 6 7 0.033291146
531 648 5 6 0.033422045
697 696 6 7 0.03354875
830 758 13 17 0.03394285
797 746 13 15 0.034029916
550 651 4 6 0.034244925
375 648 5 5 0.034635115
386 647 5 6 0.034867767
407 647 5 6 0.03499116
390 679 5 6 0.035755318
777 746 7 8 0.035905413
649 729 6 8 0.035915468
390 710 5 6 0.036320962
895 667 6 8 0.036891952
391 695 5 6 0.03694176
467 680 6 7 0.037479796
519 678 5 8 0.037862416
775 754 7 9 0.037912197
788 743 8 10 0.038271412
361 665 5 6 0.038317684
599 694 5 7 0.038552925
738 709 6 7 0.03860309
646 646 5 6 0.038873315
693 665 5 5 0.03985543
800 664 6 6 0.040500008
822 677 5 6 0.04059158
514 661 6 8 0.04224675
536 726 5 7 0.043964796
900 725 12 18 0.045750704
755 679 6 8 0.046335876
675 680 6 6 0.0470784
753 691 9 8 0.047708448
433 680 6 7 0.047741085
488 680 7 8 0.048620827
582 648 4 5 0.049981296
598 650 4 5 0.050759364
647 668 6 6 0.05127489
562 698 5 7 0.051806383
327 696 6 6 0.052340623
676 661 6 6 0.053095724
418 647 5 6 0.053225383
659 666 5 6 0.05360311
584 664 5 6 0.05431286
633 709 6 7 0.05562643
773 696 6 5 0.05562836
329 709 6 7 0.055802573
549 679 5 6 0.05835906
388 663 5 7 0.05863724
935 772 8 12 0.0586513
743 694 6 8 0.06005162
438 708 6 7 0.060815465
725 665 5 6 0.06108496
628 648 5 5 0.062133987
355 696 6 7 0.06432514
865 677 6 7 0.064425595
677 651 5 6 0.065715425
596 665 5 6 0.0661508
821 759 8 10 0.066693254
550 662 5 7 0.06822138
503 698 6 9 0.06887237
340 696 5 5 0.068977855
832 761 10 12 0.06968767
775 680 5 7 0.07013638
725 723 7 8 0.0715588
725 710 7 7 0.07234403
371 679 5 6 0.074737854
712 664 5 6 0.07560362
371 665 5 6 0.07628396
404 663 6 7 0.07797166
561 707 6 8 0.07897086
406 697 6 7 0.07911135
693 680 5 6 0.07920166
615 665 4 5 0.07955724
516 706 6 8 0.08040631
911 755 11 18 0.08041169
420 682 5 7 0.0813059
551 697 5 7 0.082030386
654 740 7 13 0.0833231
642 707 6 7 0.0846399
711 679 5 7 0.086965434
408 683 6 7 0.08781183
433 696 6 8 0.089274585
337 707 7 7 0.0915105
630 695 6 7 0.09215193
340 682 6 7 0.09333475
499 707 5 8 0.094326526
534 665 5 7 0.09528119
820 768 9 12 0.095535144
355 681 6 6 0.0957872
743 678 5 6 0.10151936
744 664 4 6 0.106221244
889 668 6 9 0.10760007
724 646 4 6 0.11027331
794 755 7 11 0.113006525
473 707 5 8 0.12336136
486 708 6 7 0.12345523
647 677 6 6 0.12355175
887 674 7 8 0.12364866
629 681 5 5 0.12562522
613 681 5 5 0.1270552
643 697 6 7 0.12899148
423 698 6 7 0.1293498
406 707 6 6 0.1294059
597 678 5 7 0.13506435
659 691 6 8 0.1351787
902 727 8 13 0.14067128
421 706 6 7 0.14098147
659 681 6 6 0.14100157
788 774 7 12 0.1438111
612 707 6 8 0.1439521
534 695 5 8 0.14399077
757 664 6 5 0.14570169
481 696 6 9 0.14620669
584 710 7 10 0.15183535
726 676 5 7 0.1583279
777 661 5 6 0.16332865
472 696 7 8 0.16507833
612 698 5 7 0.16519584
836 678 5 7 0.16676776
854 676 7 8 0.17085318
582 679 5 7 0.17569111
790 663 5 7 0.18842947
913 757 8 13 0.18910024
536 711 6 8 0.23325309
515 694 6 11 0.24640316
965 773 9 14 0.26076877
698 706 8 11 0.26602823
649 743 7 12 0.28226396
548 708 6 9 0.29203945
854 664 5 7 0.2981095
957 723 9 14 0.32197225
953 726 7 13 0.3372468
902 735 8 13 0.4268196
799 750 10 13 0.46130246
703 706 8 10 0.4669767
835 740 10 13 0.6251966

