39_Ice_Skating_Ice_Skating_39_504
47
982 164 17 19 0.011450538
176 201 10 9 0.012119575
833 155 6 8 0.013602333
417 166 21 37 0.014577112
518 303 18 33 0.017042954
256 136 13 20 0.01882472
345 149 10 20 0.022049405
260 140 7 9 0.022771195
106 177 13 17 0.024790112
908 143 12 18 0.029005108
877 164 12 20 0.029972937
911 146 8 13 0.030544925
185 222 21 35 0.031544566
249 122 6 8 0.031616
882 158 7 9 0.03205232
610 144 10 19 0.036381572
103 175 10 12 0.040245797
910 140 9 13 0.043799512
280 125 6 7 0.050349254
902 143 13 18 0.053331602
903 146 9 12 0.054757882
874 170 6 10 0.055210877
288 137 6 8 0.07189279
615 144 7 10 0.074259035
880 166 7 11 0.08362638
907 138 13 18 0.0850305
1011 188 8 10 0.08866445
346 151 7 12 0.0890592
349 149 12 19 0.09195674
904 140 9 13 0.09455455
625 129 12 16 0.104907915
281 136 6 8 0.1285671
690 133 11 17 0.16193186
352 150 8 13 0.17142929
626 128 10 11 0.17392151
903 138 13 18 0.20701481
257 122 7 8 0.22463313
988 167 11 14 0.3420274
612 147 7 12 0.49442837
985 167 10 14 0.5253212
940 155 15 19 0.7536228
627 131 8 12 0.78670967
101 177 14 17 0.7886247
692 135 7 11 0.8228138
173 216 32 41 0.8866594
621 224 23 44 0.91869897
409 159 33 43 0.96157914

