39_Ice_Skating_Ice_Skating_39_1047
139
547 179 17 30 0.010036386
13 21 15 17 0.010189005
834 57 20 20 0.010282656
48 11 10 9 0.010633652
486 107 10 9 0.010681667
925 166 22 19 0.010710989
502 200 22 21 0.010742057
252 236 49 90 0.010847185
317 90 23 19 0.010863339
178 2 10 8 0.010881076
25 8 21 18 0.010961805
677 0 28 14 0.011340898
458 217 17 34 0.011381393
958 150 20 28 0.011451835
740 5 15 22 0.011477899
129 15 12 8 0.011818655
969 189 27 17 0.01228597
5 16 9 12 0.012611927
451 0 14 14 0.012651916
894 0 18 25 0.012889811
284 44 23 15 0.013034855
606 128 14 21 0.013219015
224 50 10 8 0.01323603
530 177 14 23 0.01337537
336 0 10 8 0.0133758485
148 0 10 8 0.013730227
150 15 10 11 0.01374108
909 49 14 17 0.014246413
314 19 18 30 0.0142569505
116 13 10 9 0.014384925
912 52 9 10 0.015365672
704 0 18 26 0.015415119
1015 173 8 12 0.015422794
66 12 13 6 0.015567256
550 167 18 28 0.015628861
2 1 10 11 0.015912633
280 59 31 37 0.01611561
195 2 11 8 0.016823014
558 158 21 18 0.017343154
546 0 13 5 0.018115863
593 130 18 27 0.01842023
940 2 25 16 0.018686956
464 159 14 22 0.01909694
30 2 15 14 0.019195123
58 12 26 15 0.019231057
654 75 27 16 0.020347433
114 24 22 16 0.020365939
913 57 10 13 0.020705359
109 0 23 15 0.020799128
33 11 10 9 0.02084067
673 0 15 20 0.02169954
78 13 23 17 0.021718947
894 168 21 20 0.022163356
934 135 19 31 0.023107374
452 0 11 10 0.024949005
698 1 26 16 0.025227388
207 3 11 7 0.025518304
1 24 20 20 0.025762282
160 13 10 11 0.026318455
323 57 21 29 0.026549064
738 145 47 57 0.026876356
283 65 25 16 0.027040383
283 71 25 17 0.0275323
186 20 20 26 0.027825197
1003 153 17 33 0.028117692
886 9 23 20 0.028257206
1013 167 11 23 0.028350871
99 28 12 9 0.029740047
100 2 11 7 0.030390752
966 199 26 20 0.030882616
82 0 8 6 0.031124499
85 16 10 9 0.032146666
840 54 21 20 0.032332096
128 27 16 11 0.033412587
315 8 17 30 0.03526567
145 12 20 18 0.0364877
911 54 13 19 0.036503267
901 158 19 31 0.036875486
937 77 24 21 0.037346717
116 28 11 10 0.038664978
173 17 23 19 0.039826084
122 15 23 17 0.04165454
540 169 23 20 0.042031534
552 167 21 19 0.043145496
728 81 21 29 0.043214068
9 20 18 28 0.046691984
310 16 24 19 0.048508435
945 150 14 23 0.049254056
700 6 24 17 0.050766822
1009 78 14 36 0.052520134
32 4 12 10 0.053427357
115 3 11 9 0.05461453
321 55 22 19 0.056218483
229 0 10 6 0.058048002
811 27 14 21 0.0647607
805 27 15 21 0.06937505
43 0 22 14 0.070547745
667 4 25 19 0.07389259
732 72 20 31 0.07491506
3 12 19 20 0.079876974
95 18 12 9 0.08141729
188 15 23 18 0.08403672
49 2 12 10 0.08422368
912 143 14 19 0.10289482
155 10 21 19 0.10591708
89 14 22 16 0.120826766
329 54 21 20 0.127152
523 177 17 31 0.15567738
1004 69 16 33 0.18322733
879 10 21 21 0.21213481
965 188 30 35 0.21575351
1011 76 12 27 0.22431266
527 175 21 21 0.22502919
719 79 22 29 0.24058941
305 20 23 19 0.25030893
938 148 21 29 0.2602905
879 42 21 21 0.26826233
806 22 19 28 0.279388
458 159 18 29 0.28262904
591 194 19 30 0.30906227
496 193 19 33 0.3240254
246 109 54 64 0.33148947
530 132 20 21 0.36442813
456 163 24 21 0.3716799
8 15 23 20 0.38253886
599 132 23 20 0.38932347
305 9 18 31 0.3916645
673 0 20 25 0.47134522
877 174 24 30 0.47613335
750 141 48 80 0.5450843
940 70 18 32 0.5557217
941 7 24 20 0.5778376
737 3 21 29 0.5971897
832 145 22 30 0.60588586
815 71 19 33 0.6957206
178 21 24 19 0.70643896
57 25 24 19 0.7662556
239 21 24 19 0.7809776
124 22 21 19 0.79014516

