39_Ice_Skating_iceskiing_39_778
28
691 345 21 19 0.010870652
649 302 20 31 0.0127908075
635 302 23 18 0.013539089
689 340 22 18 0.013806645
548 354 8 9 0.013909957
685 291 26 16 0.015589347
696 340 22 19 0.015801875
715 396 21 30 0.018216511
996 284 24 52 0.020054435
811 304 22 18 0.021124365
648 319 23 18 0.021287045
563 349 10 10 0.021511022
576 321 8 9 0.027203135
780 308 24 17 0.029933305
566 326 8 9 0.032123536
697 345 20 22 0.0396273
698 304 18 30 0.04111174
702 339 20 30 0.044702616
695 302 25 19 0.044885196
992 266 32 63 0.050489374
547 343 8 9 0.05127068
935 302 30 36 0.064529635
685 306 24 20 0.06657867
684 314 24 20 0.109161876
563 341 10 11 0.27300164
561 339 15 16 0.33206156
572 338 15 16 0.39841956
689 301 19 33 0.55146766

