39_Ice_Skating_Ice_Skating_39_794
87
236 856 29 40 0.01010387
200 1167 29 43 0.01041504
998 925 16 38 0.010457479
33 1021 34 59 0.010574813
309 940 12 22 0.010991659
784 514 60 88 0.011068516
217 842 23 18 0.011074725
44 843 23 18 0.011126602
47 815 10 11 0.011886184
110 803 20 27 0.012126697
333 946 12 22 0.012126989
77 808 12 19 0.012344214
247 859 33 37 0.0124453455
707 990 19 35 0.012630068
671 1006 39 62 0.012686057
208 843 21 18 0.01320673
972 1050 45 121 0.01324901
346 1017 24 26 0.013482488
60 1152 33 42 0.013802969
7 807 12 19 0.013957639
544 941 12 19 0.014156372
414 898 17 32 0.014264853
241 815 11 11 0.014901204
8 810 9 14 0.01516471
14 808 10 15 0.015463799
79 811 9 13 0.015731756
239 812 14 16 0.0158557
631 974 21 20 0.016257422
163 830 7 9 0.016964702
207 805 8 9 0.01706587
79 804 8 13 0.017076375
679 512 12 21 0.017968448
34 967 38 59 0.018222801
327 940 16 30 0.019038891
693 998 37 64 0.019436168
128 815 13 17 0.019695481
72 811 9 12 0.020879786
8 802 12 19 0.022139184
620 963 21 19 0.022941815
178 815 13 17 0.023340197
211 830 9 10 0.023541663
76 801 12 19 0.025256256
737 1016 22 20 0.02569055
179 831 9 8 0.026849905
706 956 18 33 0.028037524
131 802 6 9 0.029562337
240 856 45 54 0.029778246
30 951 40 59 0.029874489
699 986 27 46 0.030758457
56 1043 21 36 0.031080427
225 817 10 9 0.031651672
240 872 50 55 0.034251515
117 800 13 20 0.03658678
117 811 13 19 0.039621465
12 803 12 18 0.040337253
33 808 13 16 0.041594584
178 887 48 54 0.042133685
120 803 7 12 0.043875534
209 820 9 9 0.046506267
195 817 7 9 0.04931582
146 807 7 8 0.04972854
71 803 13 18 0.052728094
119 816 8 12 0.053834803
701 953 21 20 0.059672035
102 813 9 13 0.062802136
693 978 36 63 0.063018784
179 802 7 7 0.0657835
328 951 12 23 0.06939051
319 943 13 24 0.071209334
928 976 40 59 0.072192185
168 803 6 8 0.0781782
561 933 17 28 0.08280115
100 810 12 20 0.08697376
198 804 7 8 0.08905646
148 815 7 9 0.09957944
131 819 8 10 0.102727965
568 935 17 22 0.105831385
163 819 7 9 0.14652549
180 818 9 9 0.18568479
30 803 14 18 0.20078282
194 1144 41 58 0.23685734
51 1160 43 66 0.30308986
333 953 13 21 0.32178405
622 970 21 21 0.3353474
47 1039 27 43 0.4091009
565 936 14 21 0.6529673
364 942 20 22 0.6859519

