39_Ice_Skating_iceskiing_39_541
24
447 298 113 126 0.010090668
536 126 57 94 0.010224851
962 49 30 44 0.010240822
957 58 40 63 0.0113879675
828 0 61 88 0.0118333995
496 43 44 66 0.012152407
969 41 44 119 0.012761531
317 25 49 95 0.01340045
321 49 50 107 0.013623116
954 11 39 63 0.013662708
932 31 44 60 0.014037943
594 169 43 60 0.0141358245
915 16 65 79 0.015672812
936 16 31 41 0.016959025
552 115 95 127 0.018502086
323 55 35 75 0.019084342
463 254 140 145 0.019650998
510 65 49 102 0.020600136
583 151 33 39 0.022428704
322 37 34 72 0.02379752
932 10 40 57 0.042121604
578 144 42 58 0.121340185
567 132 60 91 0.15573932
951 25 52 90 0.16958916

