39_Ice_Skating_iceskiing_39_583
139
395 99 18 33 0.010291084
33 77 33 75 0.010292599
199 137 31 76 0.010468237
497 154 23 18 0.01062009
264 21 23 49 0.010651164
581 133 6 7 0.010762817
53 18 29 14 0.010840285
596 133 6 7 0.010852374
161 18 27 44 0.010975937
645 99 6 6 0.011040658
42 21 29 14 0.0110841915
36 10 20 32 0.011247996
653 193 14 16 0.011305256
964 148 5 6 0.011419453
236 36 16 37 0.011433943
371 95 9 13 0.011490295
741 208 11 19 0.011601331
630 241 23 16 0.011716635
8 108 31 82 0.012063487
683 245 31 38 0.012098875
677 224 9 8 0.012121563
644 133 5 6 0.012157485
630 242 15 16 0.012507355
854 181 5 7 0.01269129
275 63 13 19 0.012712661
399 106 13 20 0.012795241
690 161 6 8 0.01283984
309 62 12 20 0.012842693
661 135 5 7 0.013103827
232 32 23 50 0.013118406
14 74 39 131 0.013352284
201 47 33 68 0.01345168
421 97 27 42 0.013466616
425 102 19 33 0.01351559
756 181 5 7 0.013686742
206 41 50 81 0.013760984
631 245 11 11 0.013773836
661 146 6 6 0.013917632
274 76 13 20 0.013991372
658 207 14 15 0.014018605
406 278 46 51 0.014713336
659 169 6 6 0.014960537
61 10 37 61 0.015062438
472 240 29 44 0.015290946
671 180 7 8 0.015330328
332 200 20 30 0.015355619
609 178 13 18 0.0154904
597 173 12 20 0.015533369
324 80 13 23 0.01581759
384 95 8 14 0.016058061
856 210 6 10 0.016677156
262 155 18 33 0.016855089
155 11 36 63 0.017003799
132 49 37 62 0.017014578
353 92 13 20 0.017159797
656 226 10 9 0.01728138
642 149 6 7 0.017304644
402 100 8 14 0.018073626
327 124 21 20 0.018132657
277 67 9 11 0.018252589
350 182 19 19 0.01829624
597 151 6 7 0.019465853
612 189 13 17 0.019853937
450 233 44 58 0.020330364
218 64 34 74 0.020788051
521 123 21 23 0.021284789
680 162 6 7 0.021891264
641 165 7 8 0.022217974
631 116 6 7 0.022519395
369 91 12 21 0.023065956
752 208 6 9 0.02351911
693 203 13 16 0.023818078
642 181 7 6 0.02447462
382 92 11 21 0.024741305
600 178 7 10 0.025277277
599 258 28 15 0.025439708
713 183 5 7 0.025611134
303 175 19 22 0.025814442
337 209 20 20 0.02667326
351 186 20 29 0.026956446
741 183 4 7 0.026963212
320 77 17 31 0.027283678
399 97 12 21 0.027551131
7 133 32 78 0.028276341
627 134 6 6 0.029289128
611 135 7 8 0.029502856
629 148 5 7 0.029650746
597 162 7 8 0.030368617
260 153 12 23 0.030497683
299 172 20 29 0.03078986
630 212 14 17 0.03096416
328 89 20 21 0.032348678
3 114 38 131 0.033012483
632 214 22 17 0.03325433
741 222 6 11 0.03487596
753 197 6 8 0.036632326
612 147 5 7 0.03953562
497 144 21 20 0.043415297
631 218 14 16 0.044887833
727 182 6 7 0.04637464
503 154 29 37 0.04691947
487 145 28 39 0.047007546
629 167 7 8 0.04882146
631 215 10 10 0.050243154
611 164 6 7 0.050592456
629 179 6 7 0.054118793
490 139 20 32 0.06042735
614 193 9 10 0.061184313
320 88 20 22 0.06283039
794 151 21 30 0.06342753
453 135 19 36 0.06429787
539 209 38 57 0.06863044
745 195 5 7 0.07643717
612 182 8 9 0.08185571
721 195 6 8 0.088011645
707 207 7 9 0.09374464
647 196 8 9 0.09453393
325 86 18 30 0.09477459
640 217 10 10 0.09502146
626 197 8 9 0.09661624
636 218 15 16 0.10421818
712 195 7 9 0.11817278
695 202 8 10 0.12348877
673 201 7 8 0.1261579
743 212 7 9 0.12804195
727 208 7 10 0.15654716
455 213 38 61 0.17138903
661 209 9 10 0.17347763
662 181 7 8 0.18018644
676 207 9 9 0.18645662
657 197 8 9 0.19743097
352 185 14 18 0.21462563
231 51 23 52 0.23836853
305 87 17 32 0.2683613
446 142 28 43 0.28682685
466 217 35 62 0.2952275
694 205 10 10 0.35905737
518 115 27 38 0.5161509
781 147 27 37 0.7913284

