39_Ice_Skating_iceskiing_39_138
38
258 199 92 123 0.010359735
609 136 109 141 0.0104957605
501 461 72 75 0.011150285
632 150 64 94 0.011463279
509 457 39 32 0.011497126
293 215 33 40 0.011689864
352 403 23 32 0.011850932
720 90 54 103 0.01227001
7 191 37 146 0.012703292
404 412 43 50 0.01308393
330 389 57 76 0.014893779
327 402 33 39 0.017333858
384 340 25 18 0.020452289
83 321 56 89 0.02112239
23 94 43 102 0.021378871
24 258 34 68 0.021618474
0 223 28 92 0.02179078
409 418 32 35 0.022483237
718 131 58 104 0.025256332
123 341 56 94 0.027049504
702 114 91 155 0.029388087
390 339 29 17 0.029532291
578 174 98 164 0.035276387
509 469 42 31 0.035394363
142 397 59 88 0.036008157
95 309 40 66 0.04232858
390 466 28 17 0.04265489
609 162 103 183 0.046181895
150 399 42 64 0.04638602
389 459 23 29 0.04764193
323 394 43 53 0.053489566
389 338 30 36 0.05684518
287 206 44 58 0.076942936
504 462 53 44 0.078410394
391 332 23 29 0.08040157
275 205 63 90 0.084238596
340 393 41 50 0.20155044
27 113 39 57 0.57485145

