39_Ice_Skating_iceskiing_39_901
53
784 244 13 22 0.010509134
496 514 66 42 0.011399231
917 301 13 22 0.011492862
666 371 25 17 0.011644732
921 366 42 58 0.01177639
872 311 23 19 0.011797589
650 370 23 17 0.011818961
909 368 56 90 0.0121897105
888 233 24 18 0.012565688
665 358 25 16 0.012630325
637 368 23 27 0.013649881
921 294 22 21 0.013686896
752 273 19 32 0.013999236
637 417 23 19 0.014158183
526 497 46 54 0.014614633
890 238 23 18 0.015179352
1004 330 15 39 0.015366539
920 302 22 20 0.017029593
962 308 13 20 0.01729657
967 323 25 42 0.017352387
908 232 25 17 0.01787087
1014 330 9 28 0.018291423
615 402 22 19 0.018578159
774 340 21 29 0.019837124
715 356 23 17 0.02028286
592 281 21 19 0.020494824
766 338 22 19 0.020527193
896 362 42 58 0.020887293
915 290 14 22 0.020958541
812 275 24 19 0.023777826
969 326 21 21 0.02382701
797 270 22 19 0.026324145
797 265 21 18 0.028032808
617 404 21 30 0.029123653
571 247 13 23 0.029392594
920 293 24 44 0.030694041
912 348 56 84 0.033091847
764 278 29 41 0.03514315
914 297 18 33 0.03618172
643 413 21 30 0.038997132
732 386 44 52 0.039767366
655 328 23 17 0.040503327
875 321 22 19 0.044624038
802 266 30 37 0.044707198
510 495 48 60 0.047679406
279 134 60 92 0.048529096
912 287 19 34 0.05268812
290 137 42 63 0.08342673
874 312 19 33 0.092412174
563 246 17 32 0.10089194
966 318 18 34 0.11611655
570 248 17 32 0.12587443
663 413 30 35 0.4875381

