39_Ice_Skating_iceskiing_39_342
62
922 651 22 18 0.010094818
885 708 7 9 0.010667825
616 673 7 8 0.01110681
533 717 7 10 0.011621886
930 655 10 9 0.011671929
967 692 8 7 0.011687396
744 696 21 24 0.012140706
907 663 23 17 0.012368403
913 657 21 17 0.012407858
885 673 32 35 0.01313995
623 719 8 8 0.015658151
312 708 6 8 0.015756628
879 649 19 26 0.016378846
1011 653 10 23 0.01658382
425 50 123 156 0.01690102
577 707 8 8 0.017294843
325 708 6 9 0.017339025
879 645 11 12 0.017592823
289 139 29 44 0.018411051
1014 659 6 13 0.02095748
979 703 7 7 0.02236486
51 689 5 6 0.02506258
806 702 13 12 0.025277149
311 713 11 17 0.025825435
951 708 8 7 0.026333673
1014 669 6 11 0.028374484
319 715 7 11 0.028542554
577 719 9 8 0.02889686
595 720 8 7 0.030494729
99 563 9 11 0.034196142
481 689 6 8 0.035298172
980 688 7 7 0.037373703
994 674 6 8 0.03770254
567 717 8 10 0.038250577
422 25 132 129 0.040306456
984 677 7 8 0.04327609
272 117 61 80 0.045424685
872 648 14 17 0.046755806
966 704 7 7 0.05960228
759 707 9 12 0.06496863
736 690 19 19 0.06650335
615 720 8 8 0.08141252
757 704 14 19 0.082637355
760 713 10 13 0.08609109
284 131 39 63 0.08903536
766 712 11 13 0.094341904
676 670 10 14 0.1029128
759 711 14 17 0.103223115
741 697 9 15 0.103837274
557 701 10 13 0.115364805
312 715 8 12 0.12764452
741 692 10 12 0.14470898
873 643 21 18 0.17469932
552 700 9 13 0.19690831
761 709 18 19 0.20809865
554 699 14 17 0.22030713
763 706 14 17 0.4364184
551 697 13 19 0.54281
878 648 15 16 0.63638556
805 697 19 20 0.69437414
738 694 14 20 0.79523623
673 666 15 19 0.88291585

