39_Ice_Skating_Ice_Skating_39_568
49
585 132 24 17 0.010023848
963 105 7 6 0.010453251
892 339 29 44 0.010974623
568 2 48 47 0.011186609
574 139 23 18 0.011365769
34 169 12 19 0.011870514
588 141 24 18 0.012586608
985 104 6 8 0.012676367
586 134 22 28 0.01268371
949 120 7 8 0.014910117
900 313 37 59 0.014970947
246 106 5 7 0.015469246
604 140 24 18 0.015629528
152 20 6 8 0.015752865
105 18 7 12 0.015861975
980 114 7 9 0.016357506
964 114 7 7 0.016558193
233 128 7 9 0.017367493
36 172 9 12 0.017431317
578 20 36 34 0.018374875
104 128 23 22 0.018496454
36 166 8 11 0.01876723
900 133 12 15 0.019818673
1017 131 6 12 0.0246426
539 131 22 17 0.026752852
697 110 12 24 0.028915854
744 149 7 10 0.030311586
161 20 6 8 0.030657977
37 17 11 21 0.031619992
257 114 6 6 0.03680292
182 163 10 13 0.03864573
887 331 38 61 0.040113203
872 332 38 58 0.04262796
183 160 22 20 0.042823367
604 132 25 17 0.050218094
225 22 5 8 0.052339047
176 156 19 30 0.056427214
899 136 9 11 0.09374634
896 138 12 19 0.097295456
754 148 7 8 0.10419533
898 141 9 13 0.13049734
286 113 6 7 0.13692988
180 160 14 21 0.30044138
247 113 7 9 0.42458263
702 113 13 25 0.5013882
281 114 7 9 0.6292046
909 118 14 17 0.83046705
108 121 19 35 0.9074327
361 115 30 44 0.97507703

