39_Ice_Skating_Ice_Skating_39_546
53
472 250 12 21 0.010407273
607 302 13 19 0.011320039
46 275 7 10 0.0118039455
478 260 17 29 0.011949867
535 278 8 12 0.012031404
623 320 19 33 0.012089378
619 317 22 20 0.012848317
23 289 7 8 0.0132216895
631 327 43 56 0.013630377
82 283 11 18 0.014423118
579 300 8 14 0.015433722
598 269 12 22 0.016215015
281 304 31 41 0.016257681
734 308 27 46 0.016879277
513 293 7 11 0.016914653
604 270 12 22 0.01706355
610 306 8 10 0.017187057
621 317 28 43 0.01822133
543 287 8 14 0.019947467
104 307 5 8 0.023557896
527 282 18 29 0.027642477
473 252 20 21 0.030449852
98 289 6 9 0.03399312
533 276 12 21 0.037088662
500 300 8 14 0.038015306
84 281 7 11 0.03865812
575 296 13 20 0.039172165
534 285 10 15 0.04281486
443 313 23 18 0.04390784
116 289 7 10 0.044688504
642 321 21 34 0.04650355
580 291 8 14 0.047686033
578 284 17 30 0.04954432
729 298 36 64 0.054416664
539 284 13 20 0.057335198
563 286 12 20 0.057338018
564 289 7 12 0.0608181
277 285 39 55 0.060941372
497 290 12 20 0.062593855
443 308 23 17 0.0630773
38 284 8 11 0.0686653
595 308 8 13 0.079479806
498 297 12 20 0.08499734
500 293 8 12 0.088396996
592 305 13 19 0.12272527
34 274 12 16 0.12642066
218 240 53 85 0.4095546
632 312 36 56 0.4382859
85 286 6 11 0.46803686
384 289 47 67 0.50368786
577 288 13 22 0.621454
532 281 14 21 0.66574603
36 277 8 12 0.68102145

