39_Ice_Skating_Ice_Skating_39_389
137
831 363 6 5 0.010053085
458 362 5 7 0.010177816
604 355 12 15 0.010605915
664 358 6 7 0.0106168445
792 401 5 6 0.0106284665
387 376 6 5 0.010734514
289 403 5 6 0.011190229
149 369 8 7 0.011212589
197 369 8 8 0.011248161
457 366 11 18 0.011735949
508 355 12 16 0.011754623
60 426 11 22 0.011878996
48 356 12 19 0.0120990295
739 329 6 6 0.012684934
231 420 7 9 0.01364205
457 401 5 8 0.013979792
131 354 8 7 0.014045872
44 356 18 28 0.014432997
502 401 6 9 0.014462967
466 403 5 8 0.014512545
677 384 5 7 0.01483498
771 404 5 6 0.0150764305
271 382 13 15 0.015339032
435 388 6 6 0.015704365
159 352 22 25 0.016318336
160 355 11 8 0.016615344
772 340 5 5 0.017007353
232 401 6 7 0.01713731
757 359 5 4 0.017508041
542 363 13 16 0.017793762
55 430 8 14 0.018867254
129 344 8 7 0.019752186
564 388 5 7 0.020045761
323 374 13 13 0.022053845
273 379 6 6 0.022335457
484 370 5 6 0.022501988
406 399 6 7 0.022620616
804 340 6 5 0.023688534
514 386 6 7 0.023819048
130 369 8 7 0.024256503
422 399 7 8 0.025057541
791 358 6 5 0.025309533
835 383 6 6 0.025983458
757 340 5 5 0.026033197
489 387 6 8 0.026234364
728 381 5 7 0.026318958
151 355 9 9 0.026602559
43 423 17 33 0.026747722
145 350 23 18 0.02678039
326 400 5 6 0.027949885
538 358 7 8 0.030574508
817 337 6 6 0.030894157
336 387 6 6 0.030961469
386 402 6 7 0.031063065
313 398 5 7 0.031504072
461 367 11 18 0.03163297
567 363 13 18 0.03257576
969 339 6 7 0.03329236
542 355 12 16 0.033744
467 361 6 8 0.03509084
118 369 6 7 0.03608999
461 378 12 20 0.03740681
500 386 5 7 0.038554195
42 367 8 13 0.040624686
744 384 4 6 0.043506138
237 378 7 8 0.04381003
375 401 5 6 0.04506392
823 383 6 6 0.045492087
53 427 11 22 0.04583873
39 429 11 24 0.048145294
267 385 7 8 0.052401215
41 363 11 20 0.05386708
241 399 7 8 0.054258708
804 383 5 6 0.05649757
791 341 5 4 0.059775665
803 362 6 5 0.06491389
601 366 7 8 0.06644587
314 392 6 6 0.06969758
280 399 6 8 0.07098922
667 368 6 8 0.07122151
740 336 5 6 0.074357204
454 386 6 8 0.076718554
362 387 7 6 0.08054168
538 370 7 8 0.08341184
792 386 5 5 0.08695377
465 381 6 11 0.09517173
969 353 5 8 0.09523481
760 385 4 5 0.107618496
50 366 9 14 0.13078372
773 383 5 6 0.13437885
609 364 7 9 0.15179354
153 351 24 18 0.15823701
513 368 6 7 0.16404356
771 361 5 5 0.17106438
634 360 8 9 0.17274635
506 358 6 10 0.18513115
574 360 7 8 0.19233122
603 359 7 10 0.19587186
414 372 7 8 0.19673727
408 387 6 7 0.20258681
823 363 7 5 0.20800349
504 369 6 7 0.20994973
742 363 5 6 0.21136159
511 359 7 9 0.21384059
760 373 5 5 0.2162585
385 387 6 6 0.22480641
575 366 8 9 0.22915687
419 388 7 7 0.24400285
633 366 7 9 0.2472709
234 377 7 10 0.26447532
546 365 7 10 0.27500755
794 372 6 5 0.28628302
369 378 7 7 0.29413715
459 369 6 9 0.30553514
833 372 7 5 0.31743693
569 366 8 10 0.31908053
569 359 7 9 0.34500146
234 381 8 10 0.35960215
729 375 6 6 0.37586612
640 364 7 9 0.38854295
545 358 8 10 0.43554142
47 363 13 19 0.4417557
463 369 7 10 0.44546014
409 373 7 8 0.46398646
238 385 8 9 0.48480815
771 370 6 5 0.4981722
822 370 7 6 0.50643915
672 362 7 9 0.5132417
325 382 8 8 0.5715332
802 369 7 6 0.6031984
325 377 8 9 0.61732703
371 383 7 8 0.6397954
639 360 7 8 0.69847906
606 359 9 9 0.70866084
673 364 7 9 0.7355781
741 367 6 7 0.7670858
274 384 8 8 0.88226485

