39_Ice_Skating_Ice_Skating_39_103
40
145 223 12 20 0.010876664
148 227 8 12 0.011271455
367 207 9 11 0.01238417
441 165 27 16 0.012442069
542 188 10 22 0.012537563
240 219 13 18 0.012936678
328 175 9 12 0.013020215
711 236 20 31 0.013134757
120 150 6 9 0.013451864
325 217 18 31 0.014157751
238 214 9 12 0.014928983
326 225 12 24 0.015487114
364 203 13 19 0.017315181
370 196 8 11 0.017578678
313 193 5 9 0.017888026
253 223 12 18 0.018831117
367 192 13 19 0.021947455
244 223 9 12 0.022191672
186 186 14 18 0.02355378
328 171 13 18 0.024801474
545 192 6 14 0.02899532
83 162 6 10 0.032990277
373 33 5 9 0.034555245
544 218 11 27 0.036337696
180 181 15 19 0.03690547
231 211 19 20 0.037574183
228 214 12 13 0.041138556
528 171 14 32 0.044142544
256 226 7 11 0.047043227
535 186 7 19 0.07397254
534 178 7 19 0.082820415
332 165 19 20 0.18709052
447 170 17 30 0.40625632
439 173 26 19 0.5908637
711 242 28 39 0.6014525
178 185 21 20 0.7366892
227 212 15 19 0.73908246
533 181 11 25 0.7731877
334 169 15 19 0.7782285
418 187 27 42 0.8148532

