39_Ice_Skating_Ice_Skating_39_1029
183
322 252 17 20 0.010045671
687 272 12 20 0.010082216
21 60 12 22 0.010184996
210 287 5 8 0.010772863
723 258 7 10 0.010801908
181 73 6 7 0.010870611
693 230 13 17 0.010946405
665 258 7 11 0.010960766
398 256 12 17 0.011170223
431 257 12 17 0.011752882
737 269 7 11 0.011757907
599 230 8 9 0.011768029
273 249 8 11 0.0121071655
568 229 8 10 0.012134657
749 222 19 26 0.012234531
709 257 7 10 0.012313724
605 228 14 16 0.012328121
192 256 12 17 0.012926191
1 22 8 31 0.013350066
312 310 5 8 0.013541331
646 52 7 10 0.013911672
480 214 6 9 0.014018237
675 272 6 10 0.014295716
322 272 6 8 0.014490275
153 272 6 8 0.014855385
999 255 5 9 0.014912722
788 245 13 16 0.014986594
755 237 10 11 0.01498777
175 246 12 16 0.015187102
214 278 6 9 0.015601053
951 267 10 24 0.015830971
211 246 11 16 0.016205767
605 252 12 17 0.01630699
199 81 6 8 0.017012145
359 63 8 11 0.017287971
702 235 12 17 0.017758751
766 210 8 10 0.018061575
3 255 7 10 0.018247366
527 231 8 10 0.018297367
576 232 9 9 0.018320499
222 246 8 11 0.018578855
483 226 6 9 0.018601168
670 240 12 18 0.018823972
597 253 14 17 0.019006012
211 69 7 8 0.019312326
738 259 7 11 0.019700684
820 253 8 10 0.02000913
753 46 9 10 0.020424958
760 213 8 10 0.020751117
767 227 9 11 0.021022601
200 291 5 9 0.021049723
36 259 6 7 0.022128303
341 257 11 17 0.022213293
213 80 7 9 0.024317555
738 221 18 20 0.025066938
194 247 7 9 0.02559871
717 228 12 17 0.027473882
837 258 8 8 0.027516449
519 259 7 10 0.027549388
802 245 7 10 0.027707113
296 248 8 12 0.029885475
345 270 6 9 0.031123143
722 238 8 11 0.031186918
170 248 6 9 0.031796534
243 263 7 9 0.031966638
599 239 13 18 0.03198342
672 253 12 17 0.032683752
738 242 8 10 0.03281835
696 232 8 12 0.033296306
376 270 6 9 0.034489907
162 270 6 9 0.034692492
707 226 12 17 0.03602175
648 235 11 18 0.03749994
53 257 6 7 0.03801697
921 210 12 17 0.03845955
290 272 7 10 0.038524427
608 231 9 10 0.039176635
789 251 12 16 0.03969223
354 271 6 9 0.040723763
194 271 6 9 0.042716485
950 291 5 10 0.043030724
260 273 6 9 0.043533698
280 273 7 11 0.04354463
693 259 8 9 0.044452854
263 254 12 17 0.04504623
247 70 7 10 0.045542117
206 250 12 16 0.04575501
650 230 9 14 0.04673347
579 256 8 10 0.04938769
488 241 11 17 0.049809333
536 256 7 11 0.050084066
937 307 5 10 0.052723855
238 270 12 17 0.05291378
468 272 6 8 0.054037157
601 243 9 11 0.057483744
312 272 6 10 0.057612754
690 276 7 11 0.058320746
300 253 11 17 0.05872292
91 260 6 9 0.06058367
552 255 7 10 0.061732788
408 245 6 8 0.06365992
799 254 8 10 0.06398074
720 231 8 11 0.06399042
558 249 12 18 0.06409227
410 272 6 8 0.064540684
229 261 6 8 0.06503618
599 256 9 11 0.067132205
608 254 8 12 0.06739527
578 240 8 10 0.06871481
553 241 7 11 0.06886509
642 256 7 11 0.07003565
421 255 12 18 0.073504254
486 258 7 9 0.074919745
790 248 9 11 0.07576716
181 84 6 7 0.07580288
386 244 6 8 0.07640526
496 254 7 10 0.07716403
630 258 7 11 0.07814114
649 237 8 14 0.07818783
672 243 8 11 0.08067254
558 244 12 16 0.08077234
326 248 7 10 0.08155858
817 242 12 16 0.08380555
431 246 7 8 0.08586002
390 254 12 16 0.089867935
705 238 8 12 0.09372746
106 247 7 11 0.09375015
351 254 12 16 0.0996416
137 246 7 10 0.10023852
423 248 7 9 0.10529891
212 249 8 11 0.11930935
756 227 10 13 0.12272722
605 237 13 17 0.13107018
450 273 6 7 0.13427189
233 272 7 11 0.14080644
51 246 6 9 0.14289843
694 235 12 17 0.14709653
675 255 8 11 0.15285905
143 248 7 10 0.16978918
709 229 8 11 0.17086972
451 262 7 9 0.17432012
434 261 7 10 0.1745778
113 252 7 10 0.18439369
303 255 7 13 0.19197549
401 259 7 11 0.19705787
608 239 9 12 0.20035027
561 252 8 12 0.20195326
468 249 7 10 0.20392963
136 254 8 9 0.20810579
440 273 6 8 0.20981641
165 260 6 8 0.21164294
560 246 9 12 0.21765946
178 249 7 11 0.22582462
145 255 7 9 0.23655555
372 263 6 9 0.24651328
791 253 8 11 0.25586542
658 234 9 15 0.2693545
494 245 8 14 0.27206057
695 238 9 12 0.2756682
489 244 8 13 0.29860055
98 255 7 9 0.30684915
466 254 7 10 0.3249407
343 261 7 11 0.33549398
522 240 8 14 0.35163915
264 256 8 12 0.35260677
741 224 9 13 0.36179382
652 229 13 18 0.38143173
420 270 7 8 0.38356683
526 240 9 14 0.39012137
195 258 6 11 0.3922887
422 258 7 11 0.40262485
110 247 10 13 0.41957372
754 225 14 18 0.44927973
180 253 7 10 0.47593924
326 256 8 13 0.4857738
271 254 9 13 0.542514
295 254 9 13 0.56527865
391 256 9 12 0.5980268
819 245 8 11 0.60068464
240 272 8 12 0.61376595
353 256 8 12 0.6327053
208 252 9 11 0.7238695
924 211 14 17 0.8236973

