39_Ice_Skating_Ice_Skating_39_169
68
607 253 6 10 0.010193912
580 880 5 6 0.010395857
711 861 5 6 0.010581137
533 878 4 6 0.010751486
202 818 20 31 0.01086811
645 837 6 7 0.010998358
220 812 14 18 0.011116643
385 830 7 13 0.011176071
627 857 5 8 0.011277685
223 815 9 11 0.011337225
602 255 5 10 0.011554048
182 848 7 7 0.012001819
164 844 7 7 0.01208788
214 824 12 20 0.012921196
385 847 8 10 0.012959775
579 849 6 6 0.013545827
350 840 17 36 0.013549926
151 843 7 7 0.014130762
743 842 6 8 0.014237664
271 845 14 17 0.014462784
906 716 63 88 0.015443044
486 866 7 5 0.015676152
693 830 6 7 0.015816225
401 865 7 9 0.016306998
216 830 7 11 0.016509647
382 825 12 22 0.018202586
211 846 6 9 0.019429058
683 1139 63 80 0.019469624
385 237 5 10 0.020680139
696 845 6 7 0.020751057
647 883 4 7 0.021568798
596 877 5 6 0.022127662
725 849 5 6 0.022330161
663 1135 39 69 0.022690265
521 248 6 13 0.023067646
381 855 13 17 0.025126928
376 859 9 11 0.025525754
343 835 25 48 0.025568146
405 846 7 11 0.026081953
507 287 5 11 0.027640574
892 703 49 53 0.028004738
273 848 10 9 0.028611602
118 849 7 7 0.03274397
503 859 6 6 0.040852785
917 700 53 52 0.042915765
910 689 65 79 0.043106984
534 860 5 5 0.04609455
296 232 6 11 0.04838321
504 849 6 5 0.05006576
564 861 5 5 0.052717917
564 850 6 6 0.058736023
662 837 6 8 0.059977964
649 843 5 7 0.066966966
582 861 5 6 0.073457554
532 850 5 6 0.07486748
594 863 5 6 0.08278426
665 1119 39 58 0.084072895
400 873 8 10 0.0895346
552 847 5 6 0.08972074
384 858 8 11 0.091087826
551 862 4 5 0.11499057
238 782 21 19 0.1232684
200 848 7 10 0.15839171
517 858 5 7 0.19301978
518 850 5 6 0.22849512
662 841 6 8 0.25816646
333 833 27 44 0.2621605
627 848 5 8 0.30652162

