39_Ice_Skating_Ice_Skating_39_992
122
287 651 83 138 0.0100431675
87 353 52 96 0.01013553
601 224 39 64 0.010181939
551 40 29 41 0.010260866
355 904 38 58 0.010386604
546 33 37 57 0.010395322
665 6 28 43 0.010464789
271 418 57 77 0.010684117
313 72 40 56 0.010819295
840 739 58 84 0.010892598
661 54 31 70 0.011494656
695 18 36 69 0.011555525
665 39 25 48 0.012067819
68 508 80 159 0.012145819
662 31 33 66 0.01298705
663 0 36 60 0.01308113
945 221 44 89 0.013101133
876 401 28 40 0.013158234
531 6 40 54 0.0131955175
844 123 44 67 0.013369223
91 155 35 69 0.013740194
652 448 46 88 0.01376492
633 601 56 80 0.013776628
610 822 42 64 0.013931931
831 742 44 53 0.014203325
922 760 43 58 0.014768365
722 329 48 51 0.014923794
6 716 41 125 0.015546932
92 285 39 60 0.016034842
276 46 47 87 0.016151963
599 244 55 75 0.016189165
577 90 44 52 0.01666572
682 849 65 82 0.01704276
584 593 52 93 0.017272586
608 809 41 59 0.017274229
212 356 44 62 0.017368738
150 273 53 81 0.017743602
80 519 55 116 0.017768135
420 350 38 54 0.017831309
278 103 52 81 0.018049214
915 30 30 48 0.018556574
218 831 49 49 0.019079234
857 427 35 57 0.01928306
4 145 30 85 0.020027377
734 678 45 55 0.02018234
526 695 57 95 0.020376785
53 159 35 68 0.02084494
376 364 39 60 0.021476824
884 609 40 53 0.022308951
190 2 37 57 0.023634253
1 57 10 65 0.023859804
389 366 48 83 0.02564948
442 420 37 62 0.026494741
536 13 29 38 0.026803926
10 347 42 101 0.028874476
284 831 58 78 0.02944417
657 835 57 97 0.031155722
430 343 42 64 0.031210633
3 356 15 45 0.0327698
221 181 40 65 0.033090997
513 0 46 51 0.034766093
329 423 48 90 0.035864387
181 445 43 60 0.03610331
755 731 60 74 0.037982743
179 244 46 89 0.039673205
853 437 34 61 0.04225636
930 230 41 64 0.042891566
6 465 39 145 0.04478116
111 351 50 97 0.044814274
1 505 18 139 0.04775995
3 564 73 158 0.04924568
0 485 58 229 0.051922884
717 704 49 86 0.0568341
907 699 52 85 0.059623875
255 206 27 42 0.060833197
315 370 32 37 0.061815232
696 0 34 64 0.06628618
850 672 44 54 0.068321
3 350 21 58 0.08415568
1 508 41 151 0.08469527
481 151 42 63 0.08752205
430 14 53 77 0.098639496
740 0 45 58 0.10259543
0 28 14 82 0.113490336
648 815 49 109 0.11734958
210 613 42 67 0.11779677
339 408 36 72 0.12750392
335 465 40 76 0.15408954
0 36 19 102 0.17227784
766 590 61 78 0.20799267
342 361 33 38 0.22051714
305 251 52 80 0.23076311
727 359 46 67 0.24765792
661 466 59 75 0.2574425
9 595 53 109 0.26635104
275 674 71 85 0.2687926
214 163 42 67 0.28985485
955 568 47 85 0.30083925
821 475 45 67 0.34193125
166 275 46 61 0.35737064
575 356 38 73 0.36007947
723 720 59 80 0.36791325
828 111 53 83 0.37741125
114 36 47 69 0.38564774
289 421 35 69 0.4106734
161 802 42 73 0.4186053
28 374 42 68 0.4228047
745 0 57 60 0.42308062
901 711 41 67 0.44514424
419 19 51 62 0.45028114
936 242 41 70 0.47766328
289 42 36 65 0.54783815
386 374 37 66 0.54883516
299 838 61 84 0.55657864
614 258 38 73 0.575366
997 114 26 82 0.57862735
463 257 42 65 0.5886227
381 132 45 68 0.60805637
802 250 41 61 0.714619
993 452 31 76 0.7399311
903 19 40 64 0.8233643
528 717 81 91 0.82974476

