39_Ice_Skating_Ice_Skating_39_661
275
311 206 5 7 0.01001012
790 415 12 22 0.010200549
782 369 13 17 0.010408089
10 357 17 32 0.010632036
422 328 12 20 0.01064361
870 196 5 7 0.010753358
754 350 12 18 0.010762603
240 270 8 11 0.010764142
776 226 6 8 0.010798454
714 194 5 7 0.01084851
611 209 5 8 0.0108530745
688 301 7 12 0.010956006
370 243 7 8 0.010956492
421 184 5 6 0.011019338
30 258 14 16 0.0110698575
42 263 21 18 0.01122457
7 303 8 11 0.011283923
411 380 18 31 0.011310304
1 352 9 12 0.011314661
113 190 7 9 0.011441443
930 302 7 9 0.011695555
774 200 5 6 0.011847057
16 335 13 19 0.011932404
788 240 5 7 0.012099644
200 209 6 6 0.012189642
216 179 5 6 0.0121913655
4 288 12 19 0.012270061
980 499 6 7 0.0123662725
547 404 7 11 0.012424136
786 201 6 6 0.012482327
21 366 13 20 0.012593022
0 373 19 21 0.012683095
34 301 8 11 0.012784145
48 268 11 10 0.013137798
769 327 9 13 0.0131555535
28 365 13 20 0.013160389
73 231 8 12 0.013477758
758 197 5 6 0.013491781
145 333 6 11 0.0135722
1010 510 7 10 0.013822241
871 243 7 7 0.013876582
357 229 5 6 0.013882253
32 271 9 10 0.013910696
970 305 7 9 0.013951078
72 231 18 21 0.01399074
305 178 5 7 0.014001902
152 178 6 7 0.014200101
422 322 13 19 0.014207519
312 241 6 8 0.014339463
549 190 5 8 0.014393954
852 256 7 9 0.014467352
977 286 14 15 0.014736795
472 207 6 7 0.015164026
430 327 13 22 0.015236968
399 269 7 12 0.015252495
755 181 5 7 0.015269185
78 227 13 17 0.015544787
537 258 11 18 0.015638208
21 273 9 9 0.015669163
769 349 8 13 0.015713654
396 265 12 20 0.01632692
328 206 5 7 0.016334588
178 224 7 7 0.01653545
423 210 6 7 0.016699143
498 181 5 6 0.0167502
816 436 20 30 0.016769411
439 208 5 6 0.016796557
788 424 12 23 0.016973387
506 254 7 14 0.017163262
209 222 6 8 0.017251683
401 357 17 32 0.017756082
766 345 12 19 0.01790136
445 309 9 13 0.017983204
411 358 19 30 0.018195603
445 315 9 14 0.018196275
828 442 13 20 0.018746281
85 193 7 10 0.018783472
23 261 9 11 0.01976961
97 330 10 12 0.019876463
596 213 5 7 0.019899225
990 303 14 16 0.020042853
649 136 10 23 0.020087669
357 259 6 10 0.020261496
835 213 5 6 0.020740567
812 362 12 15 0.020774156
727 243 6 8 0.021544509
6 291 8 11 0.021642733
368 266 12 20 0.021980658
594 191 5 9 0.022290405
277 208 5 8 0.022816181
676 191 5 7 0.02287478
505 210 5 7 0.022999963
920 301 6 9 0.023204397
161 196 5 6 0.023590911
211 209 5 7 0.024322731
569 223 6 9 0.02438905
402 207 6 6 0.024444794
422 226 5 7 0.024515731
627 195 5 8 0.024765955
728 211 6 8 0.024930242
650 140 7 15 0.025068413
807 415 25 19 0.02534317
713 270 9 13 0.026040703
32 261 9 9 0.026391713
819 215 6 6 0.026433928
540 264 12 20 0.026667781
160 208 7 6 0.026784204
407 363 12 26 0.02728946
958 254 8 9 0.027577251
0 263 11 20 0.027728563
16 296 13 18 0.027767869
623 174 6 12 0.028107438
91 321 19 17 0.028588613
150 200 6 7 0.029557195
475 301 12 18 0.029605597
630 214 6 8 0.030577054
593 179 6 11 0.031173866
738 195 5 7 0.031304345
16 289 13 17 0.031379372
742 244 6 7 0.0315493
756 353 7 11 0.032152347
543 266 8 15 0.032621957
737 210 6 8 0.033059735
249 248 7 11 0.033098884
711 267 13 19 0.03430325
853 378 9 14 0.034370795
80 229 9 12 0.03458736
795 413 20 21 0.034590725
758 241 6 7 0.03474126
699 227 5 9 0.03519929
509 251 11 20 0.035206098
355 241 6 8 0.035399176
819 441 21 19 0.035915237
393 269 7 12 0.03601863
109 240 13 17 0.036187667
411 417 22 19 0.036215812
992 292 9 8 0.03633002
4 372 9 15 0.03705637
358 210 5 5 0.037175875
657 182 6 7 0.0375182
262 204 6 9 0.038249042
1014 291 8 10 0.038433958
537 271 7 14 0.039029405
29 288 13 17 0.039422877
649 182 6 9 0.039820474
140 381 22 19 0.040484633
811 415 19 32 0.04103765
105 243 8 10 0.04130366
536 268 11 21 0.041750073
177 296 12 18 0.04262286
722 184 6 7 0.042796776
803 223 6 7 0.042925775
321 238 5 8 0.043103732
740 225 6 8 0.04344484
974 301 13 17 0.043948345
19 300 9 11 0.045790635
296 179 5 7 0.04594614
112 243 9 11 0.046055656
230 208 6 9 0.04696483
540 258 12 17 0.047111697
681 178 5 8 0.047329362
412 365 13 26 0.047786813
357 270 7 11 0.0488741
657 191 6 8 0.050182216
453 205 6 6 0.051291615
836 257 7 8 0.051503256
339 209 5 6 0.05160069
249 192 6 8 0.05249557
716 268 12 18 0.05254713
993 307 10 9 0.052956965
647 213 5 8 0.05398341
311 198 5 7 0.054079957
437 317 9 13 0.05444211
718 270 9 13 0.054540705
850 230 6 7 0.0562286
840 240 6 8 0.056613244
345 184 5 5 0.057746075
567 194 4 7 0.05810778
849 239 7 7 0.061224915
357 183 5 5 0.061637353
19 292 8 10 0.061678052
449 182 6 7 0.061686005
976 317 8 11 0.06331737
584 179 5 9 0.06359273
578 211 5 7 0.065376565
391 208 6 6 0.065507844
803 214 6 7 0.06597099
836 226 5 7 0.06731485
176 294 9 13 0.06805225
371 270 8 11 0.06912784
824 225 6 7 0.06942051
613 192 5 8 0.06960592
441 183 6 7 0.06977872
50 259 11 11 0.07303013
768 330 12 18 0.07333282
439 309 10 14 0.07406653
373 194 5 5 0.074987866
772 208 6 7 0.07598721
791 226 5 7 0.07937812
401 197 6 6 0.07972611
374 208 6 6 0.08161287
436 314 12 19 0.08186834
855 369 12 19 0.08295159
1 267 8 12 0.08316614
0 258 10 18 0.08405114
218 267 9 14 0.0840951
760 207 6 7 0.08757319
538 260 7 13 0.09056584
930 292 6 7 0.0924576
723 190 5 8 0.093611464
512 254 7 13 0.09487263
392 197 5 6 0.09692183
410 426 22 20 0.09995953
585 226 6 8 0.101168595
744 350 6 9 0.10161397
977 304 9 10 0.10176765
385 182 6 6 0.104352064
32 291 9 11 0.106150016
689 177 6 7 0.10839729
968 288 8 8 0.11118519
643 221 5 8 0.11184274
373 183 5 5 0.11195224
357 193 5 7 0.11394715
277 192 5 8 0.11491101
216 196 5 6 0.11928438
325 198 5 7 0.12009078
583 192 5 7 0.12111518
161 294 9 13 0.12343185
616 171 10 20 0.123446815
542 259 8 13 0.12425709
291 204 6 8 0.12826955
495 191 7 7 0.13239834
473 302 9 14 0.13560535
455 195 5 6 0.13725296
614 227 5 7 0.14356454
292 198 5 8 0.14522062
565 179 4 7 0.14778295
253 251 8 11 0.15396093
789 208 6 7 0.15687138
917 294 7 8 0.15779333
569 211 5 8 0.15792058
770 332 8 13 0.15822795
551 179 4 7 0.15928894
1 261 8 13 0.16374208
179 298 8 13 0.16656488
721 226 7 10 0.17879292
648 193 6 9 0.1922254
2 370 13 20 0.19951841
485 182 6 7 0.20122173
952 256 8 9 0.20787889
228 262 9 11 0.20936972
980 288 8 8 0.21595831
708 226 7 10 0.21848324
96 323 10 13 0.22411163
342 196 6 7 0.22575417
631 222 5 8 0.23046918
226 196 5 7 0.23683493
163 300 9 13 0.2441719
438 193 5 6 0.24829012
77 234 10 13 0.2517418
594 224 6 8 0.25429064
148 205 6 8 0.2560081
47 257 15 17 0.25888902
469 189 6 7 0.3168421
261 196 6 8 0.32422686
468 184 6 8 0.3253205
73 235 10 13 0.33234903
487 190 7 8 0.34695303
617 175 7 14 0.3610432
422 192 5 6 0.36808762
806 360 15 18 0.41998672
514 211 6 9 0.42024028
195 259 10 14 0.5092495
248 251 9 12 0.54478663
224 267 9 14 0.6468065

