50_Celebration_Or_Party_birthdayparty_50_75
52
182 468 13 17 0.010209305
45 527 23 18 0.010605006
685 441 17 33 0.010624876
548 219 39 55 0.010670985
787 148 6 7 0.010702605
761 151 6 7 0.010945084
123 466 22 17 0.010962426
644 182 33 39 0.010972636
40 592 35 59 0.011375171
824 399 7 11 0.013617607
757 162 5 7 0.014308783
177 474 21 18 0.015317627
364 405 28 15 0.015352014
314 364 40 60 0.016678032
105 384 24 18 0.017616384
297 466 28 39 0.018029846
648 159 55 86 0.020403903
362 406 22 27 0.023306465
643 159 15 15 0.023706246
7 127 31 88 0.024542788
298 478 28 15 0.025022553
633 167 8 10 0.025100114
6 514 26 16 0.025273792
771 147 5 7 0.026513776
187 474 14 18 0.027428309
229 454 39 57 0.029413061
639 173 44 56 0.03586608
177 384 21 34 0.036478095
321 498 38 55 0.03756892
644 161 11 10 0.039370656
562 215 40 57 0.039929077
246 448 25 44 0.046892717
110 594 27 41 0.050940428
0 130 35 154 0.06015738
57 529 25 18 0.06410208
616 466 26 43 0.06560241
62 525 22 29 0.07409106
58 530 29 37 0.077277645
367 410 25 17 0.083553344
111 384 24 29 0.09031272
667 127 22 30 0.1054867
179 386 30 38 0.2182928
154 471 22 19 0.21923089
115 382 31 34 0.27849007
237 452 28 43 0.30302706
58 604 29 43 0.3295034
55 385 23 19 0.38675043
238 384 29 42 0.48736233
179 595 30 34 0.548463
54 458 33 33 0.5719185
118 601 30 36 0.58340085
406 196 70 105 0.86706126

