50_Celebration_Or_Party_houseparty_50_493
21
401 459 42 63 0.010507652
177 422 109 139 0.012314512
739 366 6 8 0.0128558
89 394 37 35 0.013413702
247 405 63 85 0.013739037
806 335 6 9 0.014008196
638 450 41 46 0.015537315
994 264 25 114 0.01701855
377 452 53 93 0.017568339
183 393 110 116 0.023213029
181 388 43 68 0.023278885
758 344 5 8 0.023611663
743 345 4 7 0.030206785
111 405 70 78 0.03481675
83 395 65 84 0.041447833
729 343 5 9 0.053296644
645 458 23 30 0.059225682
83 386 47 53 0.06303416
202 402 72 84 0.066439986
647 447 28 39 0.84935045
491 452 36 53 0.9422445

