50_Celebration_Or_Party_houseparty_50_173
55
515 349 58 79 0.010147219
240 218 19 28 0.010148157
765 326 14 18 0.01018601
1000 219 10 9 0.010253663
250 237 31 36 0.010607633
1007 266 13 45 0.010795521
242 213 10 9 0.010878121
733 293 23 19 0.010922049
1003 259 20 58 0.011024836
393 402 17 33 0.011137825
231 220 7 8 0.011240681
567 198 8 9 0.011254399
376 331 28 46 0.01147865
318 424 23 20 0.012017186
1017 470 7 40 0.012037255
301 446 22 20 0.012055751
406 359 40 61 0.012115283
434 263 30 14 0.012116254
274 214 11 10 0.01224789
796 277 12 23 0.012451665
1011 217 9 9 0.012781009
873 312 18 31 0.01340359
873 326 21 19 0.014502898
254 204 15 14 0.016161771
299 440 19 31 0.016254913
987 241 25 17 0.016494209
27 230 25 16 0.017736383
706 235 18 34 0.017883837
156 32 137 146 0.018405152
988 232 25 16 0.019245155
705 303 21 21 0.019411288
863 295 11 14 0.019658215
517 389 64 83 0.0261866
256 206 12 10 0.02906444
428 257 20 31 0.033143185
856 290 13 22 0.033369295
642 385 63 84 0.035383224
593 172 38 36 0.038774475
401 277 20 31 0.044198733
266 212 24 17 0.04777191
525 392 51 52 0.048133217
253 214 24 18 0.059453215
430 261 24 17 0.063201465
370 323 40 63 0.065218315
577 149 55 83 0.066068284
766 227 20 32 0.08063304
282 461 25 46 0.10412589
254 217 23 28 0.11896162
411 272 22 30 0.27184546
577 164 50 49 0.310693
858 292 19 20 0.3903627
250 223 23 20 0.46781668
326 415 18 38 0.53901917
713 296 19 33 0.6260182
771 234 20 33 0.77508116

