50_Celebration_Or_Party_birthdayparty_50_374
19
0 380 23 105 0.010033979
830 62 61 88 0.010105177
301 13 60 84 0.010203284
175 338 42 61 0.010836006
267 20 91 136 0.011407729
966 241 45 113 0.012317389
260 0 98 111 0.0140308505
278 30 63 100 0.014076797
0 345 30 145 0.0141114835
0 351 22 106 0.015057431
319 397 40 69 0.017333835
283 28 47 59 0.0330882
275 11 64 86 0.067759305
876 111 96 120 0.63048315
591 284 63 88 0.8792308
262 313 64 86 0.8977346
728 305 70 83 0.9164946
137 337 66 89 0.93121797
430 320 62 84 0.944223

