50_Celebration_Or_Party_birthdayparty_50_479
153
824 495 6 9 0.010039451
645 126 8 11 0.01009467
500 101 7 7 0.010237676
564 77 13 18 0.010244617
898 147 7 9 0.010378403
16 63 15 43 0.010573586
722 468 8 9 0.010601479
472 81 7 9 0.010678856
150 386 6 7 0.010697583
773 22 6 7 0.010724625
223 419 7 10 0.010920021
329 91 19 31 0.01094671
689 485 7 10 0.011152571
119 387 5 8 0.01120805
748 451 22 18 0.011283732
330 67 19 32 0.011302857
214 341 5 8 0.011323615
661 485 7 10 0.011403182
756 437 9 10 0.011523526
89 88 26 51 0.011587625
618 543 6 10 0.011607303
646 120 7 9 0.011611122
578 81 7 8 0.011656587
540 67 13 17 0.011682665
724 144 8 10 0.012010966
431 77 13 18 0.012133696
724 439 11 7 0.012531124
418 27 19 29 0.012585157
369 97 9 7 0.012591166
366 79 23 17 0.012733786
198 375 5 7 0.012745026
417 47 12 20 0.012750638
722 451 11 8 0.0127514005
933 87 8 9 0.01279271
470 112 8 10 0.012840294
724 17 6 7 0.0129229175
727 35 5 7 0.013066534
662 493 8 11 0.013307585
804 418 9 11 0.013325963
296 597 7 10 0.013385159
681 120 8 9 0.013457098
200 659 28 15 0.01354077
349 83 40 53 0.013806645
218 323 6 10 0.0139635
676 477 12 19 0.014052814
404 67 8 9 0.014153738
266 57 34 60 0.01432562
906 83 22 18 0.014526709
804 133 8 8 0.014560852
704 441 10 7 0.014658571
715 446 24 17 0.015111739
756 38 5 7 0.015116707
215 371 5 7 0.015231325
418 63 8 10 0.015550975
148 356 6 8 0.015560015
420 52 7 12 0.015844112
372 83 10 9 0.015876578
222 31 12 9 0.016050316
680 139 20 20 0.016250202
678 143 10 12 0.016399449
537 274 40 67 0.016725957
876 140 21 19 0.01674622
882 96 7 9 0.017023496
772 469 7 9 0.017487457
351 66 8 9 0.017885095
877 430 13 18 0.017921288
596 80 8 8 0.018010223
544 78 8 10 0.018094676
373 71 8 8 0.018137828
230 388 7 8 0.01834232
115 375 5 7 0.018609332
151 53 39 61 0.018651668
751 457 21 19 0.01913736
449 65 8 9 0.019682854
434 66 13 18 0.019847585
658 566 6 9 0.019894544
25 76 24 55 0.020169467
19 53 50 95 0.020306299
498 78 7 9 0.020434985
149 372 6 9 0.020593407
341 65 14 18 0.02088675
728 126 21 20 0.021036394
884 41 13 17 0.021119794
740 374 19 30 0.021332152
290 344 5 7 0.021351032
469 70 8 9 0.02144071
515 100 7 8 0.02158765
435 99 8 9 0.021622306
484 73 13 18 0.021660844
526 289 54 92 0.021715261
672 493 8 11 0.021832911
534 67 12 17 0.022228971
129 393 6 8 0.022343623
625 68 6 7 0.022436347
629 536 6 10 0.023316251
755 453 8 9 0.023352342
133 370 6 9 0.023677696
519 115 7 8 0.023867333
911 44 10 11 0.024680873
136 397 6 10 0.025306419
678 481 8 11 0.02582267
515 80 7 9 0.025865298
341 77 14 18 0.026178202
62 47 52 95 0.02681101
677 140 13 18 0.027333384
483 69 12 16 0.027626961
134 357 6 7 0.028505687
434 81 8 11 0.02908444
536 77 7 10 0.029518327
469 103 8 9 0.030630711
499 72 7 9 0.030977204
567 81 8 9 0.031067902
902 44 9 11 0.031644683
343 81 9 10 0.03210919
224 322 6 9 0.032231666
879 431 9 12 0.032780502
23 62 24 52 0.03302576
354 88 30 38 0.03362401
388 67 8 8 0.034680363
628 540 8 11 0.03543683
721 8 7 8 0.03547968
424 87 28 42 0.03554757
949 238 47 54 0.036825594
544 70 8 10 0.0376286
437 69 8 11 0.0414694
74 70 31 75 0.04673102
720 126 21 19 0.047055505
516 69 7 8 0.048149727
343 68 9 11 0.050637685
482 98 7 9 0.054067995
158 572 25 18 0.054961562
582 70 7 8 0.06367798
821 482 7 11 0.06714681
851 493 8 10 0.06768311
837 495 7 9 0.073324986
536 70 8 11 0.07350094
614 69 7 7 0.07734964
13 52 30 70 0.078812666
386 91 30 39 0.08300406
902 36 14 16 0.092607506
885 37 12 16 0.09504199
565 70 7 9 0.09506883
21 64 32 75 0.09535302
83 77 35 72 0.11648241
904 38 10 12 0.12785922
885 44 9 11 0.14169247
486 76 8 11 0.1439905
596 70 7 8 0.14774014
485 72 8 11 0.15740941
907 37 14 15 0.27634674
887 40 9 12 0.28421998
277 62 35 58 0.5059988
367 558 90 135 0.9858315

