50_Celebration_Or_Party_houseparty_50_345
18
998 125 23 107 0.0110577075
3 168 68 183 0.011281866
954 77 70 143 0.013429745
9 177 29 91 0.013717937
913 97 40 74 0.021195995
967 81 33 79 0.024306074
316 150 120 159 0.026153395
986 78 29 97 0.03593104
898 113 46 69 0.051631816
17 195 42 70 0.05545885
993 101 26 105 0.06742037
576 144 187 179 0.081875056
12 186 43 122 0.1949604
967 90 48 111 0.42370602
275 152 205 210 0.6208323
906 97 57 97 0.68865824
335 143 116 246 0.9910274
610 142 120 242 0.9985298

