50_Celebration_Or_Party_birthdayparty_50_43
25
718 91 20 40 0.010318303
759 183 33 35 0.010935523
191 391 26 16 0.015985616
473 411 31 36 0.018492913
530 420 47 47 0.01976772
206 157 18 35 0.02175597
198 389 27 17 0.030322399
197 384 20 30 0.030998526
210 80 33 41 0.042473007
396 320 24 19 0.06118961
402 261 32 43 0.13712603
486 442 39 57 0.640078
643 247 31 55 0.65850776
521 258 32 41 0.69634515
394 254 36 57 0.70966655
753 238 40 51 0.76342064
353 413 38 57 0.7727352
298 109 35 52 0.8180625
713 97 33 42 0.8613508
625 405 45 56 0.8617871
206 264 42 60 0.87537634
460 98 33 38 0.87569016
772 414 38 50 0.9057997
200 69 38 61 0.9482538
583 41 31 41 0.96018803

