50_Celebration_Or_Party_houseparty_50_715
74
278 394 5 5 0.010092654
117 443 6 7 0.010096223
438 444 4 6 0.010125029
422 410 5 5 0.010153864
230 409 5 6 0.010156092
308 411 6 6 0.010165247
182 395 5 5 0.0102536045
214 427 5 5 0.010275156
261 395 5 5 0.010393178
389 394 5 6 0.010432314
406 427 5 5 0.010472421
181 425 5 6 0.01058244
133 457 6 7 0.010671363
342 394 5 6 0.010712728
195 442 5 6 0.0107142795
342 409 5 5 0.010724878
391 473 6 7 0.010831949
470 458 4 6 0.011013732
292 443 5 6 0.011038212
134 442 5 6 0.01105973
213 394 5 5 0.011137401
214 458 6 7 0.011174253
130 472 8 8 0.011291023
384 534 7 10 0.011344656
181 412 5 5 0.011349237
390 410 4 6 0.011365711
358 459 6 6 0.011395309
165 426 5 5 0.011418188
309 425 6 6 0.011468527
377 533 7 13 0.011682269
197 426 5 6 0.012003131
198 410 4 6 0.012023976
374 443 5 5 0.012043897
213 442 6 6 0.012164915
421 427 4 6 0.0122074885
357 411 5 6 0.012244833
402 472 6 8 0.012270045
419 503 6 9 0.012388153
373 394 5 6 0.012422843
372 556 7 11 0.012908973
328 425 6 7 0.012950543
197 394 5 5 0.013421611
293 392 5 6 0.013448858
198 473 7 8 0.013527044
358 394 4 5 0.013539502
616 105 28 15 0.013730795
406 458 6 6 0.013774996
596 114 44 50 0.013918724
423 473 6 7 0.014006642
166 442 5 6 0.014127772
164 460 6 7 0.01492908
359 503 7 10 0.015034641
806 123 30 14 0.015183936
390 460 5 6 0.015206948
453 507 6 9 0.01537141
803 125 27 23 0.015868802
747 117 23 17 0.015986148
422 455 5 6 0.015999805
164 473 7 8 0.016100654
388 425 5 5 0.016198417
601 124 28 14 0.01694261
183 442 5 6 0.017139945
470 491 5 8 0.017471863
388 443 5 6 0.017766772
422 491 6 8 0.017920442
151 442 5 7 0.018441439
602 120 33 35 0.019020492
434 472 6 7 0.01911733
422 445 5 6 0.019165082
405 443 5 5 0.019196004
668 135 25 16 0.02151914
454 488 5 7 0.023261575
492 88 27 14 0.024139727
799 127 24 17 0.06222892

