50_Celebration_Or_Party_houseparty_50_609
231
97 221 12 29 0.010254984
152 216 23 18 0.010309468
10 208 16 36 0.01031669
829 132 18 20 0.01034527
29 193 34 61 0.010449833
774 150 9 13 0.010736855
451 132 9 13 0.010802188
872 169 10 15 0.01085884
426 166 26 43 0.01088605
337 153 8 10 0.010910038
472 167 30 62 0.010925697
664 188 35 60 0.010927846
995 128 10 14 0.011192081
932 123 8 14 0.011379429
840 146 19 26 0.011385611
529 150 9 14 0.011390787
519 179 12 23 0.011391592
806 159 18 29 0.011433873
918 149 13 20 0.011512988
589 155 19 30 0.011612785
723 255 36 69 0.011620056
614 134 8 13 0.011662895
585 227 33 71 0.011870586
829 192 21 20 0.011893064
736 190 20 21 0.011911924
567 149 10 13 0.011972712
161 176 20 30 0.012001893
201 210 21 21 0.012041623
388 190 12 22 0.012077459
953 206 19 25 0.01215398
331 188 18 33 0.012230406
646 156 20 27 0.012242157
900 153 17 29 0.01224935
226 225 27 41 0.012288829
449 129 12 20 0.01255457
525 176 13 22 0.012596023
224 148 9 12 0.012728292
566 135 8 12 0.013022769
85 356 27 46 0.013077953
741 153 9 13 0.013107108
404 149 8 15 0.013127039
517 160 12 20 0.013130123
847 193 15 23 0.013306703
546 162 12 21 0.013437083
918 161 13 19 0.0135486
997 183 16 36 0.013706427
52 208 11 21 0.013825017
714 241 19 36 0.013826877
185 176 30 36 0.01387585
566 247 52 82 0.0139610255
740 160 10 14 0.014027902
3 355 16 71 0.014125249
799 166 10 13 0.014215141
740 172 27 42 0.0142622385
732 230 33 63 0.014300621
871 175 12 14 0.0143293645
540 132 13 18 0.014475859
646 117 12 19 0.014512388
566 147 13 19 0.014606883
723 145 12 20 0.014647913
771 328 46 110 0.014662532
926 149 18 30 0.014732122
649 245 23 49 0.014772397
671 204 20 21 0.014919749
878 166 9 14 0.014960789
612 132 12 19 0.01496419
871 137 8 11 0.01497044
930 121 11 19 0.015099708
837 199 18 32 0.0153144775
927 153 10 14 0.015373084
748 180 18 23 0.015424451
647 147 12 20 0.015528536
432 114 11 21 0.015563083
684 194 12 22 0.015621887
873 219 20 32 0.015957003
801 191 20 20 0.016470863
429 172 18 32 0.016745362
141 223 23 20 0.016760545
585 203 18 35 0.01683339
543 134 9 13 0.01692132
468 148 13 21 0.01697482
745 157 20 21 0.017135357
589 179 18 33 0.017700521
183 213 14 20 0.018483499
179 221 21 20 0.018545123
669 194 26 44 0.018772665
459 154 19 33 0.018854527
140 211 22 19 0.018990833
317 327 52 90 0.019579286
847 145 12 18 0.019586258
573 147 12 19 0.019815098
849 147 9 14 0.019874983
591 174 13 21 0.020356312
869 227 24 48 0.020683624
783 177 19 22 0.020927005
531 126 12 18 0.020966008
40 205 18 35 0.021013007
434 118 7 14 0.021185124
266 180 20 20 0.02123947
936 81 6 11 0.021360006
35 200 25 45 0.02156835
536 221 33 73 0.02228963
407 129 11 20 0.0223158
631 165 13 19 0.02243508
443 162 20 21 0.02266292
350 210 19 33 0.02272245
903 231 25 47 0.022753738
983 129 12 20 0.023022914
80 218 18 36 0.023282336
877 158 17 29 0.023338659
984 132 8 14 0.023518588
582 132 8 13 0.023642018
834 176 11 12 0.023936331
527 148 12 19 0.02397212
647 120 9 12 0.024057426
598 191 12 21 0.02495652
154 191 22 18 0.02512451
744 178 19 32 0.025400665
703 202 19 32 0.025517967
999 203 16 40 0.02561827
958 190 17 34 0.025857959
218 185 29 34 0.025863137
773 146 12 20 0.026089463
993 125 13 19 0.026192032
706 265 52 85 0.026515424
541 206 24 49 0.02691595
786 153 10 14 0.026960865
532 129 9 13 0.027405001
604 190 12 21 0.027432634
939 187 18 32 0.027682237
402 146 12 22 0.02790265
139 196 22 19 0.028340416
520 171 18 36 0.028467074
580 129 12 20 0.028605284
661 255 34 64 0.029732963
879 169 17 31 0.030119374
527 368 48 117 0.03018062
705 231 33 64 0.030340737
807 179 16 31 0.030643744
846 130 12 19 0.031049216
712 189 19 23 0.031233652
888 135 8 14 0.032003578
797 165 13 18 0.03261267
266 183 20 32 0.032850966
678 194 13 22 0.0331134
151 246 30 41 0.033447348
922 157 19 21 0.0339897
307 329 40 65 0.035028394
994 196 23 52 0.036185864
994 83 6 12 0.036432125
483 128 9 13 0.036677778
744 150 20 21 0.036769956
409 131 7 14 0.037766844
677 189 19 33 0.03800218
174 166 14 18 0.039023742
939 203 19 32 0.039460085
579 121 7 11 0.041346062
833 173 14 18 0.041413795
745 59 5 10 0.041461505
740 150 21 29 0.04160272
648 252 31 64 0.04227991
1010 149 9 13 0.043610442
795 180 20 20 0.046456765
93 225 23 45 0.04782708
444 168 23 48 0.048241425
777 150 20 27 0.04887453
183 215 22 20 0.0502499
542 255 34 78 0.052230548
770 132 13 18 0.053130824
598 144 12 21 0.053287506
739 156 13 20 0.05380184
887 133 12 19 0.053852633
871 168 13 20 0.05447797
255 200 25 44 0.055034496
740 151 13 20 0.055451367
849 132 8 12 0.05581534
925 151 12 19 0.057103187
895 135 8 14 0.057659205
810 193 21 20 0.058329158
589 166 13 20 0.058661357
654 143 13 19 0.06122545
604 144 12 20 0.06156556
70 351 32 65 0.063628204
884 150 8 13 0.06518119
875 165 14 20 0.06614694
175 213 20 31 0.06700533
188 180 23 18 0.067280345
834 170 10 13 0.06980312
707 193 19 23 0.06998425
783 152 14 18 0.07369179
188 210 27 40 0.0740165
882 147 13 19 0.075785905
223 192 22 20 0.07765214
535 270 51 91 0.07999459
706 262 33 68 0.08266581
1007 146 13 20 0.08333675
772 134 9 13 0.08574508
892 134 12 19 0.08690589
892 141 13 20 0.088634
140 215 18 35 0.08990476
141 259 29 43 0.090256564
873 172 21 21 0.093334086
959 201 18 35 0.099465154
868 172 19 20 0.10388973
76 228 25 48 0.12222345
871 264 31 70 0.13390703
831 168 14 17 0.13890705
786 158 13 20 0.14003563
803 119 10 12 0.1475976
531 122 10 13 0.15865006
479 177 18 36 0.16658674
895 172 18 32 0.20686302
834 135 9 13 0.21236669
929 126 12 20 0.22113672
995 120 12 18 0.23649038
90 221 18 36 0.24936922
801 205 18 34 0.26249784
768 186 20 31 0.26366478
333 203 19 33 0.27696627
636 166 13 19 0.29009882
888 177 23 21 0.30938548
599 232 31 71 0.31057784
818 165 14 18 0.3138252
410 227 27 42 0.31612286
144 251 36 55 0.31853682
844 188 18 33 0.36803767
993 247 30 69 0.4750809
123 232 26 44 0.5030471
217 212 28 43 0.53109825
289 235 37 68 0.67471474
214 350 66 77 0.7162572

