50_Celebration_Or_Party_houseparty_50_165
21
708 371 11 26 0.010057989
699 363 36 57 0.011657652
541 409 21 33 0.012878239
288 369 36 63 0.013277116
503 404 24 18 0.0138088325
373 419 8 13 0.014247564
495 403 12 12 0.019885927
523 407 23 34 0.02279055
299 396 34 41 0.025699442
185 391 23 18 0.026688565
371 414 12 21 0.030057825
702 368 27 43 0.030951034
488 402 20 29 0.032360993
487 400 14 18 0.28728855
531 405 32 39 0.30813056
488 399 22 19 0.39492884
481 449 36 52 0.9068517
591 391 40 50 0.91280097
302 382 41 61 0.9388493
520 398 36 50 0.9393177
402 412 46 59 0.9541733

