50_Celebration_Or_Party_birthdayparty_50_134
167
832 291 14 17 0.010163963
543 351 13 17 0.010697962
387 371 7 12 0.010730308
888 309 23 17 0.010785828
706 303 13 16 0.010922858
717 328 14 17 0.010970085
447 332 7 8 0.010989057
146 387 9 14 0.011305965
793 396 23 48 0.011364039
849 284 22 28 0.011581778
805 327 13 18 0.011593318
422 335 6 8 0.012216007
801 309 23 24 0.0123851495
273 390 6 7 0.012413615
79 346 15 18 0.012532227
720 331 9 9 0.012684289
291 377 6 7 0.0127488915
473 332 7 9 0.012762
554 340 20 28 0.013550856
710 341 14 18 0.013765528
487 358 7 10 0.013869353
556 321 13 16 0.014613775
511 339 12 17 0.014682564
325 374 5 7 0.014958872
692 329 8 9 0.015099452
712 332 28 38 0.015240618
406 367 11 19 0.015280087
421 359 7 12 0.015331242
87 353 20 20 0.015389456
25 374 23 18 0.015466159
766 297 10 10 0.015481443
562 354 10 11 0.01622693
536 355 8 10 0.016566852
712 345 9 11 0.016983693
444 350 12 18 0.017064502
615 308 12 15 0.017214786
676 314 9 7 0.018087717
764 307 14 17 0.018177638
652 304 14 16 0.018531073
500 338 13 17 0.018609485
793 296 19 17 0.018620007
577 355 13 17 0.01870545
808 311 22 17 0.019029882
645 299 14 15 0.019614434
292 362 6 8 0.019898366
611 326 8 9 0.02036615
640 360 7 9 0.020613782
626 342 14 17 0.020647112
578 321 13 16 0.020667588
874 302 22 28 0.021040047
437 355 13 18 0.021724267
578 343 13 17 0.021862524
470 337 12 18 0.022227531
144 384 12 21 0.02248827
796 357 21 21 0.022510303
924 350 44 58 0.023032483
875 323 21 20 0.024174256
514 355 7 10 0.024832807
690 314 7 7 0.025424704
546 354 9 11 0.025810707
722 340 10 12 0.025920058
637 339 13 18 0.027293693
923 338 22 20 0.027940875
555 312 13 15 0.028124645
616 372 9 9 0.028566143
900 341 14 22 0.028887782
309 375 6 7 0.029446706
588 343 20 30 0.029689722
651 297 14 15 0.030175978
703 297 14 15 0.03041444
768 308 9 11 0.030958287
641 329 7 8 0.032426365
834 294 9 9 0.03414744
375 343 6 10 0.034154218
792 299 11 12 0.03446435
790 306 13 17 0.035774577
578 308 14 16 0.035911907
594 339 13 17 0.03595885
641 305 13 15 0.03652553
579 358 9 11 0.036697477
482 321 13 17 0.037708547
797 306 14 16 0.038719296
407 370 8 12 0.039954238
497 329 14 15 0.04150377
805 338 11 12 0.04154815
528 337 13 17 0.041738443
737 300 9 9 0.042006936
641 344 8 10 0.042746298
596 354 13 17 0.044505987
79 344 18 29 0.044521187
408 363 7 11 0.045007978
2 337 19 21 0.045503195
501 357 7 8 0.04611976
609 348 9 9 0.04694699
804 336 14 17 0.048816454
447 352 9 12 0.052723948
815 314 10 9 0.053115085
802 355 24 42 0.053754732
580 346 9 10 0.054845598
593 328 13 16 0.055158615
722 308 9 9 0.055974208
438 341 13 17 0.057114277
740 306 14 16 0.057396013
560 323 8 11 0.06074363
543 343 14 17 0.06131158
385 344 7 10 0.062031947
715 336 21 20 0.06525317
612 359 8 8 0.065276645
756 298 9 9 0.06596153
444 344 13 16 0.0668192
418 339 12 16 0.067996025
800 309 9 11 0.06915622
931 333 27 42 0.07060445
753 306 14 16 0.07129875
486 319 7 9 0.07291065
551 312 13 17 0.075413
580 323 9 11 0.078440964
721 293 14 15 0.07894166
792 308 9 11 0.082131356
647 302 10 10 0.08431273
439 358 8 10 0.08607746
598 357 9 10 0.08841851
596 343 9 10 0.090101264
628 359 8 8 0.09252588
629 347 7 9 0.0987627
471 340 8 11 0.10104341
511 333 7 8 0.10249468
630 327 7 9 0.1028639
708 306 9 10 0.105223306
897 338 19 32 0.1108821
755 308 10 10 0.11420752
482 341 8 12 0.119116865
654 300 10 10 0.12157724
655 306 9 10 0.124578856
384 357 11 20 0.12918937
624 311 7 9 0.13061851
478 338 13 19 0.13300349
545 346 9 10 0.13858113
549 322 13 17 0.1409488
530 333 8 10 0.14352688
557 313 10 11 0.14486745
386 359 8 14 0.14597474
562 345 10 12 0.16762945
741 308 10 9 0.17284773
805 351 20 33 0.17845155
559 343 14 17 0.18063697
550 325 9 12 0.2006242
8 337 26 19 0.20369555
595 330 9 11 0.21075377
553 314 9 11 0.21172681
447 346 9 12 0.22277674
514 342 7 9 0.23046234
439 343 9 11 0.24295494
531 339 8 11 0.25788838
8 333 19 31 0.260549
723 295 10 10 0.27597323
503 341 7 9 0.28207704
797 298 11 12 0.28531605
500 332 8 9 0.3153887
706 300 9 10 0.32889545
83 351 14 19 0.33093175
643 307 9 10 0.3777907
580 310 9 10 0.42525744
420 340 8 12 0.5139945
855 284 31 32 0.5829593
617 309 8 10 0.612015
484 323 8 10 0.6245723

