50_Celebration_Or_Party_birthdayparty_50_396
24
711 76 60 92 0.010239088
242 133 84 85 0.010718505
736 35 42 53 0.011902061
679 141 35 79 0.012308633
322 933 62 105 0.012837145
752 90 91 130 0.014808158
789 112 38 77 0.015595553
664 120 60 95 0.018632716
317 122 58 102 0.019883841
313 770 37 59 0.023312375
680 98 102 126 0.024233134
319 893 58 114 0.025809478
187 136 164 172 0.03216524
303 867 90 173 0.033643343
696 111 65 92 0.051572926
222 858 118 173 0.09487995
767 100 59 98 0.10115806
0 768 21 111 0.24404427
219 123 113 143 0.43369597
167 808 25 45 0.4834499
760 1033 80 99 0.92217153
724 806 76 138 0.98913366
180 854 110 191 0.98946977
197 141 99 144 0.9921565

