50_Celebration_Or_Party_houseparty_50_17
44
32 100 9 13 0.010010697
384 27 28 45 0.010921971
168 98 29 40 0.011665704
378 39 42 59 0.011840321
366 161 41 71 0.011927424
120 295 49 98 0.0134239355
127 238 44 102 0.013842321
80 117 9 14 0.013850603
15 69 15 34 0.014257988
15 95 17 35 0.01588265
78 120 12 22 0.0159859
247 18 23 20 0.017542424
43 384 64 87 0.021082278
942 406 55 93 0.021596469
29 103 19 31 0.02226582
484 376 44 59 0.022889026
193 72 39 61 0.02380965
30 105 12 21 0.023888046
378 21 38 61 0.027132021
78 116 12 19 0.028183794
30 98 12 21 0.03079747
253 8 18 33 0.031820446
7 378 59 98 0.033086978
808 111 39 64 0.036414936
253 117 38 65 0.037031434
724 325 52 106 0.037511148
313 311 56 80 0.044330496
495 377 48 67 0.056755695
254 134 42 62 0.11187511
241 74 37 69 0.11851635
20 72 12 21 0.19936115
927 350 78 144 0.26780102
355 151 43 71 0.3235813
18 67 12 19 0.3608294
818 103 45 67 0.36193085
479 108 45 70 0.43058938
227 68 43 71 0.47468904
502 371 52 87 0.60864
920 385 70 100 0.71580946
653 136 43 67 0.8152777
29 413 85 96 0.8350852
717 353 76 85 0.9130149
195 392 65 96 0.92586803
380 377 64 95 0.9267358

