14_Traffic_Traffic_14_834
266
738 455 14 19 0.010100294
597 119 11 17 0.010173024
707 435 19 31 0.010280002
680 360 5 6 0.010300617
668 455 13 21 0.010400871
670 401 12 19 0.010596708
374 330 4 6 0.010657362
581 263 6 7 0.0107047
246 373 5 6 0.010723892
596 395 7 7 0.010729052
793 376 7 8 0.01077392
854 334 5 6 0.010775353
835 358 6 7 0.010825769
961 330 6 6 0.010884407
727 374 6 8 0.01088567
609 392 7 7 0.011179544
897 388 7 10 0.0112033
501 410 8 8 0.011216043
546 410 7 7 0.011219734
472 332 6 7 0.011292763
673 403 7 13 0.011318636
436 312 6 9 0.011361232
688 390 12 19 0.011418248
849 385 13 18 0.0114686405
712 450 20 21 0.011689478
781 400 20 28 0.01169952
391 331 4 6 0.011873132
585 103 6 9 0.012043047
513 357 6 6 0.012158613
657 456 18 33 0.012168095
202 280 5 7 0.012173237
437 297 6 8 0.012180276
211 376 5 6 0.012247279
867 334 5 7 0.012346459
77 223 11 20 0.012375804
483 356 7 7 0.0125617245
417 357 6 9 0.012773341
754 347 6 7 0.0127867265
742 438 13 17 0.012932939
951 376 6 6 0.013056737
614 151 6 10 0.01307001
659 418 12 21 0.0132560115
682 317 5 6 0.01337795
948 392 7 10 0.013853912
929 328 6 7 0.013906864
580 411 8 7 0.013963206
593 405 9 9 0.014231233
79 225 8 14 0.014553808
630 331 4 6 0.014582312
195 314 5 5 0.014595253
564 124 6 8 0.014604397
692 405 8 13 0.014762359
487 378 7 8 0.0149092
854 215 8 12 0.015005436
519 346 5 6 0.015161321
548 328 4 6 0.015363603
211 314 5 5 0.01570385
546 315 5 7 0.015723813
743 441 10 12 0.015884498
899 329 6 6 0.016137982
309 333 4 5 0.016237743
229 332 4 4 0.01648182
264 329 4 5 0.01708603
652 448 17 32 0.017521948
553 395 8 8 0.017853662
734 462 21 21 0.017932294
231 361 4 4 0.018161705
853 360 5 6 0.018359838
750 438 14 17 0.018492298
116 116 5 12 0.018544639
949 313 6 6 0.018758012
212 298 4 6 0.018824918
702 384 13 19 0.018908022
980 362 10 5 0.019097302
569 358 6 6 0.01910522
630 358 6 5 0.019223154
752 441 10 11 0.019706191
213 331 4 4 0.019783236
261 392 6 8 0.020324918
689 311 5 6 0.021181129
679 392 7 10 0.021242127
743 462 21 30 0.021529764
687 428 13 22 0.021548867
705 388 8 12 0.02158291
567 379 7 6 0.022296516
213 268 4 6 0.022342289
703 410 17 31 0.022718266
533 403 8 8 0.023024052
137 102 5 12 0.023368513
535 329 4 6 0.0237248
186 315 5 6 0.023853548
160 388 6 10 0.02398128
406 328 5 7 0.024092803
852 390 8 10 0.024624927
227 281 4 5 0.024646096
597 128 7 11 0.02495097
690 402 12 21 0.025177116
185 331 4 5 0.026413094
1010 358 9 8 0.027105857
438 342 6 7 0.027173826
307 356 5 5 0.027326278
777 408 9 14 0.027383143
836 334 6 7 0.028080937
279 372 5 6 0.028332341
820 357 7 6 0.02861682
531 398 7 7 0.029508132
997 360 10 6 0.029810052
611 374 6 7 0.030567959
918 360 5 6 0.0309434
850 379 7 9 0.031072486
708 453 14 20 0.031305432
89 374 5 6 0.031725883
950 329 6 6 0.031974822
706 413 12 22 0.032841537
564 132 7 9 0.033220973
792 395 8 9 0.033380754
997 342 10 6 0.03370183
214 280 4 5 0.033824038
680 435 19 33 0.034243844
500 333 5 6 0.034564298
611 131 7 10 0.035021022
901 360 5 6 0.035401367
391 355 5 7 0.03547185
889 345 5 6 0.0363123
870 357 6 7 0.036775004
406 344 5 6 0.036994174
680 377 7 9 0.03739795
67 373 5 7 0.037826493
36 350 5 6 0.037949715
666 457 19 32 0.03821771
100 231 7 12 0.03924227
747 467 22 20 0.039497115
133 122 6 13 0.039788064
831 423 13 21 0.039804008
453 345 6 7 0.04177179
200 357 5 5 0.0423284
691 393 7 11 0.043640725
339 331 5 5 0.044030227
793 358 7 8 0.045421127
643 67 8 14 0.04568664
984 375 26 16 0.04576457
357 358 5 5 0.04582164
784 407 9 13 0.046148475
22 355 6 8 0.046509217
559 393 9 8 0.046766266
816 376 9 9 0.046852056
419 344 5 7 0.046984877
520 326 4 7 0.048025727
736 357 6 8 0.04851275
100 373 5 7 0.048987273
499 342 6 6 0.04950412
649 371 7 10 0.049737457
71 351 5 6 0.05099607
645 332 5 5 0.05151536
837 379 7 8 0.051601775
657 371 7 10 0.05296445
329 357 5 5 0.053427715
549 345 5 6 0.054106787
162 359 6 6 0.055100217
358 333 4 5 0.055298533
160 377 6 8 0.05570087
798 404 13 18 0.05653268
568 346 5 6 0.057046052
978 342 9 5 0.05806786
963 362 6 6 0.05850747
706 409 9 14 0.058511633
831 436 18 33 0.058857087
776 406 12 20 0.060963325
889 360 5 7 0.06209711
83 330 5 7 0.062325962
24 349 5 7 0.06409034
801 407 9 12 0.06462447
646 362 6 7 0.06477745
921 329 5 8 0.064939395
469 344 5 7 0.06642578
680 328 5 6 0.06801339
42 375 5 7 0.06813612
659 362 5 7 0.06813883
38 359 5 6 0.06907803
326 333 4 5 0.069372065
610 360 5 6 0.069545045
803 389 9 9 0.069825225
196 332 5 5 0.07181517
581 356 5 6 0.07374438
965 344 6 6 0.074070275
230 345 5 5 0.07655367
85 349 4 6 0.076852985
772 349 5 5 0.077560216
264 376 4 6 0.077729866
781 405 13 19 0.08029582
831 429 13 23 0.08044344
532 343 5 6 0.08063592
213 348 5 4 0.08200262
212 357 5 5 0.08248598
168 347 5 5 0.083169036
691 372 6 9 0.08388055
660 331 5 5 0.0851338
1 359 6 10 0.086159736
104 331 5 5 0.08617435
248 347 5 5 0.087287776
199 347 4 5 0.08837371
640 63 12 20 0.090883516
806 377 8 8 0.0916524
375 356 4 5 0.09298943
775 362 6 7 0.09378504
703 407 13 19 0.09648459
179 346 5 5 0.09921773
677 343 5 7 0.1047114
647 344 5 6 0.106223874
117 375 6 6 0.107574545
712 358 5 7 0.108390816
854 342 5 7 0.110243164
937 345 5 7 0.112476826
690 419 12 24 0.11649177
712 349 5 6 0.11662329
585 376 8 8 0.120106585
707 377 6 9 0.120831944
626 347 5 6 0.12146956
737 348 6 7 0.12763338
660 344 5 6 0.13119064
613 347 5 6 0.1335544
598 357 5 6 0.13794166
694 357 5 8 0.13892221
342 356 5 6 0.14054205
484 346 5 7 0.14116567
728 359 6 8 0.15171024
918 342 5 7 0.15508363
249 362 5 5 0.15560474
310 346 5 5 0.15873621
802 357 7 8 0.15895031
131 349 5 6 0.15990785
868 343 6 7 0.16602539
280 349 4 4 0.16800204
149 351 5 5 0.17450485
899 346 5 6 0.17932394
326 346 5 5 0.17991546
101 348 5 6 0.18537049
832 344 6 7 0.19220825
802 347 7 6 0.19295835
280 362 5 5 0.19541855
599 349 5 7 0.19913676
53 370 6 8 0.20364226
259 349 5 4 0.2087632
134 356 6 6 0.209094
294 351 5 5 0.20983888
578 348 6 8 0.21505034
262 360 4 5 0.21556386
357 346 5 6 0.22452913
592 374 7 7 0.22594824
791 348 6 6 0.23736185
951 342 6 8 0.2594822
376 348 4 6 0.26175347
824 348 6 7 0.26412848
725 347 5 7 0.26699534
293 356 5 5 0.27894616
117 358 5 5 0.30709696
117 350 5 5 0.33093095
148 356 7 7 0.3322796
342 348 4 5 0.3623351
53 365 6 7 0.36413226
87 358 5 6 0.37966278
390 345 4 6 0.40438607
102 358 4 6 0.41000643
696 349 5 8 0.42868915
599 123 7 11 0.46133628
69 357 6 8 0.517417

