14_Traffic_Traffic_14_644
88
321 137 7 12 0.010175886
368 0 8 7 0.010226111
280 27 7 10 0.01035176
351 31 12 18 0.010391236
433 104 6 10 0.010595064
274 38 13 20 0.010607682
424 105 6 9 0.010686628
365 19 12 18 0.0109593915
268 47 19 21 0.010996994
257 41 8 9 0.01114794
381 66 11 21 0.011271455
453 89 8 11 0.011344833
365 166 12 19 0.0114463465
525 162 14 14 0.011540529
820 181 12 21 0.012241645
261 30 19 32 0.01228033
677 130 12 18 0.012366301
357 175 11 21 0.01245038
423 45 7 11 0.012710185
778 203 23 50 0.012867981
361 0 8 9 0.013217055
383 35 12 20 0.013585223
456 57 9 12 0.014794982
796 138 14 16 0.014898551
654 93 12 13 0.01507786
370 149 9 13 0.015261652
387 29 7 8 0.015301914
403 21 12 19 0.015458348
418 135 8 10 0.015562654
354 35 8 12 0.016435066
462 174 20 20 0.016622217
775 198 11 25 0.017145278
630 134 8 13 0.017276019
813 151 10 12 0.017817486
264 43 19 31 0.017903857
277 41 7 10 0.018548692
680 134 8 11 0.018908039
417 52 7 11 0.019075964
461 151 19 31 0.019293157
482 195 13 18 0.019367563
376 41 6 10 0.019808665
485 198 9 13 0.019830376
86 21 12 22 0.023645023
444 148 20 20 0.024808643
412 149 17 28 0.025999067
368 6 8 11 0.027813049
368 146 12 19 0.027838867
644 232 14 20 0.029000059
463 168 21 20 0.031728774
440 30 9 13 0.032063585
386 59 6 9 0.03265128
386 39 7 11 0.03312216
360 5 7 10 0.033899643
485 165 9 11 0.037334163
409 94 6 11 0.037979808
799 140 9 9 0.039749376
518 153 17 27 0.04005814
649 97 13 17 0.0402586
242 8 7 10 0.045916907
406 100 7 10 0.046707813
384 69 6 12 0.05062584
344 40 6 10 0.055016316
406 158 23 18 0.05746011
628 131 12 21 0.05938635
482 161 13 20 0.06771367
406 26 7 11 0.070706494
469 86 9 13 0.081346266
807 148 19 19 0.09348362
369 22 8 10 0.09726505
804 152 11 12 0.101204306
467 84 13 18 0.10976904
475 83 13 17 0.14836489
650 91 19 19 0.15554419
443 32 12 17 0.17305216
789 142 10 12 0.22978443
585 388 23 21 0.25663504
789 146 10 13 0.26122758
789 144 13 17 0.2634983
356 24 8 14 0.28009197
404 152 19 22 0.50171566
439 32 12 18 0.52436906
588 383 17 32 0.5734166
800 149 20 19 0.6241189
640 163 20 21 0.70967394
521 157 19 21 0.7436775
353 22 13 19 0.7712373
652 96 15 17 0.8475064
336 104 15 18 0.8498519

