14_Traffic_Traffic_14_504
27
983 308 13 16 0.010670653
963 312 8 7 0.011286749
32 100 34 78 0.011733796
37 128 103 164 0.012746185
1015 322 7 9 0.013874683
993 296 6 9 0.013955324
981 314 14 17 0.01519036
332 279 60 109 0.016373087
329 314 67 96 0.019949831
59 193 59 108 0.021486312
317 269 93 146 0.021964908
992 320 9 9 0.025023047
243 267 63 112 0.026660834
9 123 49 120 0.028143061
8 152 88 195 0.030908786
0 58 73 165 0.03523465
1 95 85 192 0.039107893
37 168 97 177 0.040554002
984 311 9 10 0.04765921
993 306 7 10 0.07949195
224 244 97 171 0.079804614
780 240 34 49 0.09123071
983 317 9 10 0.0964195
785 250 22 35 0.11287932
8 79 48 115 0.15563229
349 99 36 80 0.51950735
788 246 30 37 0.950426

