14_Traffic_Traffic_14_380
116
124 139 17 31 0.010006161
528 165 21 18 0.010089305
396 131 19 30 0.010157833
225 169 14 22 0.010206756
181 236 45 54 0.010383433
344 240 39 66 0.010678886
129 158 12 26 0.010770856
414 162 26 42 0.01086461
458 187 21 22 0.010946942
199 160 24 20 0.011048429
234 163 23 19 0.0111455005
1007 148 10 12 0.011572514
713 241 35 40 0.012299535
626 167 8 7 0.012578841
365 158 23 18 0.0127309095
901 264 34 74 0.012772516
538 207 34 38 0.012937401
2 158 12 13 0.013106029
900 238 36 70 0.013314669
237 207 22 21 0.013344019
407 206 27 46 0.013656469
391 208 29 40 0.013665034
224 180 35 60 0.014108067
851 132 7 10 0.014272351
492 175 21 20 0.014410123
924 130 22 20 0.014498393
998 134 15 34 0.014738893
387 200 37 58 0.014794489
544 159 21 19 0.014986678
230 210 31 39 0.015356297
490 157 22 19 0.015535559
49 170 14 24 0.015582747
420 145 10 10 0.015955288
399 147 11 10 0.01682083
996 220 22 55 0.016913716
6 193 17 33 0.016945928
175 158 18 30 0.017086944
777 156 27 43 0.01709892
401 207 12 25 0.01810148
478 159 20 20 0.018580105
537 202 24 21 0.019721856
40 155 31 56 0.020171616
646 207 33 37 0.02019107
900 209 28 45 0.020613667
547 194 22 33 0.021081654
385 144 22 17 0.021456076
485 175 32 59 0.021662852
34 182 20 31 0.02174288
1005 78 19 54 0.021951703
391 144 24 17 0.022045152
225 203 41 55 0.022550989
999 234 21 59 0.023003375
0 101 6 35 0.02364488
70 134 6 6 0.023713062
420 164 18 33 0.024557536
109 157 18 25 0.025921598
115 168 19 22 0.026152255
509 185 29 38 0.027110273
391 147 10 10 0.027876865
642 167 9 7 0.02807989
0 149 17 19 0.028101826
233 171 23 19 0.02876116
399 165 18 33 0.029512016
456 158 21 21 0.029704424
801 179 26 44 0.030625973
523 168 19 31 0.03104125
567 126 22 18 0.031468365
280 234 45 68 0.031624738
121 169 19 23 0.033465046
511 187 20 30 0.033849556
229 187 27 41 0.033923175
791 167 29 39 0.034348566
818 203 32 66 0.03658066
955 242 48 104 0.03687607
996 152 14 19 0.037547655
402 197 36 64 0.038333856
795 230 40 60 0.039422113
549 158 30 34 0.039997272
796 173 35 62 0.044181842
117 132 6 9 0.045180198
722 207 49 84 0.047209375
924 292 42 74 0.04782301
1001 145 19 21 0.049083024
487 165 17 34 0.049294423
529 169 20 20 0.051624034
0 174 14 22 0.053543817
449 158 19 22 0.058804207
615 159 37 33 0.069841996
896 201 38 64 0.07108628
553 154 21 21 0.07944594
628 157 37 31 0.084794305
220 163 23 20 0.08622313
187 167 22 21 0.08738752
111 138 18 31 0.09097614
991 225 31 76 0.09353782
454 162 17 36 0.10493604
399 188 25 46 0.11531353
994 148 20 19 0.1289878
126 161 18 32 0.12975962
809 209 33 66 0.1378808
496 193 20 22 0.15032032
113 153 18 33 0.15928495
409 186 26 47 0.21124546
452 177 25 45 0.21998842
4 154 17 34 0.32173246
494 184 18 35 0.32527044
192 156 18 30 0.34509426
0 153 17 22 0.36280698
718 226 42 66 0.3688624
772 118 13 23 0.39485034
224 163 20 31 0.43580672
47 165 20 34 0.64324844
909 282 72 87 0.672931
535 188 40 53 0.7573862
299 230 61 84 0.7575835
647 196 30 38 0.8485898

