14_Traffic_Traffic_14_170
361
900 606 9 12 0.010030811
931 637 9 12 0.010063141
675 641 6 9 0.0101490915
292 467 6 9 0.010208077
471 278 5 6 0.010272606
252 592 12 20 0.010313171
727 686 6 9 0.010320556
344 229 5 6 0.010325531
745 610 8 11 0.010365892
298 609 6 11 0.010381317
426 709 6 8 0.010464879
391 228 5 6 0.010599358
387 340 6 7 0.010623468
255 595 7 12 0.010657426
422 342 6 7 0.010666224
905 399 6 11 0.010709741
404 342 7 8 0.010801786
883 661 7 9 0.010860163
504 406 5 7 0.010980032
391 310 6 6 0.011003022
326 407 7 8 0.011039929
946 624 8 11 0.011058891
657 583 7 9 0.011114364
295 449 6 9 0.01113928
899 680 7 9 0.0111514935
977 512 6 9 0.011171271
897 659 8 10 0.011202354
914 505 6 7 0.011230182
673 563 8 9 0.011279313
488 671 6 10 0.011356108
643 401 7 8 0.011460951
597 383 14 16 0.011490946
837 611 10 9 0.011544598
360 423 7 9 0.011547679
331 274 13 17 0.0115676215
325 547 5 7 0.011568057
435 721 6 7 0.011573195
422 324 5 7 0.011599838
784 404 9 9 0.011668712
741 356 7 7 0.011712632
784 622 9 9 0.011715696
405 244 5 5 0.011717529
902 548 7 9 0.0117297275
806 686 7 9 0.0117751295
210 389 7 8 0.011914455
627 418 8 8 0.012069405
180 355 6 10 0.01211598
344 468 6 8 0.012155573
902 639 9 12 0.012175463
656 591 7 10 0.012325984
678 480 8 9 0.01234647
313 422 6 8 0.012433179
977 557 12 18 0.012578765
884 524 13 18 0.012645627
933 549 8 8 0.012956585
296 656 5 11 0.012998388
868 575 13 19 0.013005809
612 452 9 7 0.013068908
249 447 5 8 0.0130848605
298 596 6 10 0.013092294
419 407 5 7 0.013176841
486 389 6 8 0.013257136
837 659 7 10 0.013263618
915 399 7 12 0.013276486
251 416 6 10 0.013280297
834 494 9 10 0.013295921
513 618 8 9 0.013356819
691 482 7 9 0.013557289
928 531 7 8 0.013625409
972 589 13 17 0.0137476595
250 407 6 8 0.013926717
984 614 7 10 0.013928584
1007 588 12 19 0.014033219
598 376 8 7 0.014085766
854 577 8 9 0.014092603
962 579 20 29 0.014144393
568 437 8 7 0.014170594
502 277 6 7 0.014330481
329 500 6 8 0.014357009
305 451 7 9 0.014562865
915 588 13 18 0.014607651
849 646 7 8 0.014618335
323 581 6 9 0.014673648
676 661 5 7 0.014793426
311 463 7 10 0.014803583
866 516 7 7 0.014834687
501 310 5 6 0.015022648
504 340 7 8 0.015030193
183 369 6 9 0.015182103
949 550 8 9 0.015226362
501 357 7 6 0.015234387
948 562 14 16 0.015247761
531 696 6 10 0.015252009
776 595 7 10 0.015350459
599 595 6 9 0.015378888
356 230 5 5 0.015413446
503 686 6 11 0.01553566
403 327 6 7 0.015623089
576 417 13 16 0.015899526
355 433 7 9 0.016005158
818 626 9 9 0.016021794
610 418 9 8 0.016029824
687 692 6 9 0.01604388
311 544 5 9 0.016184442
360 244 5 7 0.01633979
439 342 6 7 0.016527796
866 623 8 9 0.01657928
726 726 6 8 0.016641239
362 275 6 9 0.017022913
328 276 9 13 0.01725664
456 293 5 6 0.017259689
402 306 6 6 0.017305244
360 292 7 9 0.017329473
405 261 5 5 0.017413815
423 724 6 7 0.017416729
981 575 13 18 0.017454443
329 198 5 6 0.017489962
404 292 5 6 0.017735858
770 611 14 17 0.01778727
516 328 7 7 0.01785729
473 371 6 8 0.017876461
800 611 13 16 0.018008504
327 272 13 19 0.018032916
898 601 13 19 0.018067706
436 261 5 7 0.018154861
423 356 6 6 0.018174527
852 598 10 9 0.018238112
435 373 6 7 0.018343903
391 245 5 6 0.018373465
505 679 6 11 0.018466655
787 383 7 7 0.018520785
340 516 5 7 0.018549716
694 338 6 8 0.018645633
485 356 6 7 0.019049795
899 520 6 7 0.01912224
334 276 9 12 0.01917
900 628 14 18 0.019202258
347 608 6 9 0.01921896
467 297 5 6 0.019316204
908 633 13 20 0.019642595
644 432 9 11 0.019822916
250 440 5 8 0.019856224
884 519 7 8 0.02018125
422 418 6 8 0.020202298
374 609 7 8 0.020485297
807 386 7 7 0.020558586
422 277 5 5 0.020612525
852 608 10 10 0.020644156
902 630 9 11 0.020709408
1007 558 11 18 0.020731276
821 595 8 8 0.020889213
356 482 6 7 0.021225305
995 594 7 9 0.021259986
615 437 9 8 0.021277659
533 375 5 6 0.021287601
568 449 9 9 0.021289011
682 691 6 11 0.021347879
593 435 9 7 0.021415506
674 627 7 10 0.021486456
624 293 6 10 0.021654211
914 567 8 9 0.021658866
925 587 13 18 0.021685887
647 656 5 10 0.021714177
530 358 7 7 0.021777453
372 228 6 6 0.022041827
503 419 6 8 0.022067249
373 433 7 9 0.02214981
785 595 7 9 0.022460258
822 675 7 9 0.022769483
597 421 8 7 0.022952842
630 639 6 10 0.023282487
512 677 7 11 0.023338279
664 664 5 8 0.023372179
377 531 5 8 0.023513306
471 356 6 7 0.023571672
421 690 6 7 0.02367903
578 372 7 6 0.02376572
751 575 8 11 0.023771303
212 349 13 18 0.02383825
958 578 13 17 0.0239613
1010 628 8 11 0.023984082
898 596 14 19 0.02400888
248 564 5 9 0.024038587
912 628 9 13 0.02429073
772 623 9 9 0.024390997
846 595 22 18 0.02460843
341 498 6 7 0.024654344
310 656 6 13 0.024811113
646 392 7 8 0.02482406
373 505 6 7 0.02488045
807 679 7 10 0.024917454
614 567 8 11 0.024991505
741 574 12 19 0.02510523
578 437 8 8 0.025448373
961 548 7 8 0.025450053
360 504 6 7 0.02547319
769 371 7 6 0.025525747
297 644 5 11 0.025622489
437 279 5 5 0.025670612
387 259 6 7 0.02587275
422 263 6 6 0.025874998
255 526 6 11 0.026538813
1011 581 7 10 0.026561132
901 635 13 19 0.02695268
519 360 8 8 0.027065748
859 473 21 20 0.027116487
306 605 5 11 0.02732915
919 528 8 10 0.027336491
410 629 6 8 0.027636133
706 706 6 8 0.027688919
608 403 8 8 0.027851937
951 574 9 11 0.027975444
965 533 6 7 0.028015945
486 322 6 6 0.028066533
326 480 6 9 0.028246544
487 295 5 6 0.028389495
385 529 6 8 0.028428096
744 562 12 18 0.028655045
880 577 10 11 0.02878356
562 373 6 6 0.028985972
422 295 5 6 0.02915548
831 606 22 19 0.02918918
434 356 6 7 0.02938902
599 404 8 7 0.029402405
368 274 6 7 0.029696785
437 293 5 6 0.029838521
870 580 8 10 0.030136116
976 593 8 11 0.030153556
862 466 20 21 0.030348124
928 590 8 12 0.030364258
749 608 13 18 0.03036763
473 342 7 7 0.030514803
897 527 7 9 0.030609237
877 573 13 18 0.030629216
947 609 13 17 0.031003308
665 672 5 10 0.031143753
930 581 8 9 0.0312725
532 421 7 6 0.031615462
961 562 8 10 0.03169974
448 321 7 8 0.03176193
485 311 5 6 0.0319011
471 325 5 7 0.032346286
358 214 5 5 0.032410257
425 306 5 7 0.03311019
834 590 8 10 0.033556055
624 437 8 9 0.033819463
256 416 6 9 0.03385788
442 320 5 8 0.03465798
918 515 6 8 0.035147935
295 628 5 11 0.035324086
433 709 7 10 0.035545707
640 419 14 17 0.035613067
867 548 6 8 0.035623074
550 404 5 6 0.03576223
551 374 6 7 0.036016725
918 591 8 11 0.036513396
517 374 6 7 0.03652756
862 558 12 18 0.037598204
250 527 7 11 0.03768723
451 350 7 8 0.03843237
194 371 7 9 0.03860526
450 346 6 7 0.038768675
480 340 7 8 0.039772473
785 611 8 9 0.04027969
451 309 5 7 0.041084614
532 405 6 6 0.041160718
917 577 8 10 0.04191833
405 672 6 8 0.04196307
313 627 6 11 0.042061754
513 336 9 8 0.042636648
417 659 6 7 0.04300132
818 612 8 8 0.043060236
214 352 9 12 0.043374434
576 447 9 9 0.043536354
466 305 5 6 0.044080798
330 678 7 11 0.04475943
403 280 5 5 0.045171116
438 309 5 7 0.046691835
578 404 7 7 0.047016103
607 388 9 8 0.047685977
319 624 7 11 0.048170235
321 534 6 7 0.04882879
562 417 7 7 0.049208347
660 405 9 10 0.049437545
909 627 13 19 0.049480524
537 432 8 8 0.050216887
953 640 22 20 0.050227873
566 389 5 6 0.05047255
326 593 7 10 0.05131559
517 418 7 7 0.051331084
612 613 6 9 0.05210129
360 512 6 6 0.052237466
327 560 6 8 0.05267532
306 561 5 7 0.053320482
1010 592 8 11 0.05341567
784 580 7 10 0.053534623
711 341 6 8 0.05649259
1013 531 6 9 0.056807857
935 565 8 9 0.0591479
996 548 7 8 0.059359852
931 629 9 12 0.05942601
929 627 13 18 0.059814326
515 406 6 7 0.06028415
548 391 6 6 0.06124565
578 389 7 6 0.061410747
886 527 8 10 0.06269024
967 593 9 12 0.063272394
648 592 8 10 0.063494824
749 565 9 12 0.06405523
949 612 9 12 0.06455324
993 577 7 10 0.06609716
544 432 9 9 0.068149775
646 647 5 8 0.06895768
845 603 21 20 0.069012344
965 589 13 19 0.06932438
370 593 7 10 0.069709376
599 387 9 9 0.07054202
516 383 6 8 0.07103853
353 602 7 9 0.07168375
628 630 6 10 0.07225881
533 702 7 11 0.07321754
409 646 5 7 0.07371816
742 578 8 11 0.07415404
565 407 6 6 0.07421315
984 578 8 10 0.075366504
256 407 6 8 0.07539587
752 612 9 11 0.07636225
772 614 9 10 0.07766898
534 386 5 7 0.0777214
994 562 7 9 0.07789525
855 566 7 10 0.07813627
373 577 7 9 0.07946619
498 640 11 17 0.08083387
643 421 9 11 0.08414319
343 484 6 8 0.08464815
335 676 7 10 0.08777764
983 549 6 8 0.090944245
968 478 6 10 0.093882695
423 644 6 9 0.09833562
961 581 8 10 0.09929278
409 657 6 9 0.10542483
368 479 7 9 0.11383259
864 560 8 12 0.11453313
432 645 7 9 0.11651438
838 600 22 29 0.11770117
832 584 8 10 0.119022205
980 561 7 9 0.11993762
550 419 8 7 0.120914824
746 565 8 13 0.13135362
951 566 8 9 0.14031382
802 615 9 9 0.14820018
376 511 6 8 0.15545046
1010 561 7 11 0.17843695
579 420 8 9 0.19780123
313 534 6 10 0.21258576
370 736 8 11 0.21410945
419 626 7 8 0.2172859
513 621 8 11 0.23922592
352 605 8 9 0.25208175
305 599 6 10 0.25713593
500 642 7 13 0.59775

