14_Traffic_Traffic_14_443
92
841 124 17 36 0.010036755
532 149 9 9 0.01027777
419 155 18 30 0.010341525
397 137 11 20 0.01042975
396 132 12 19 0.01045151
450 151 8 10 0.011028836
692 148 6 9 0.0112345135
516 224 7 12 0.011243601
564 169 12 19 0.011384227
657 175 7 12 0.011425586
428 174 20 20 0.011526324
531 133 7 8 0.011597182
577 174 8 12 0.011786493
592 156 12 19 0.012033196
578 133 9 10 0.012060532
709 191 7 10 0.012537457
798 126 12 19 0.012869998
1 166 8 37 0.012979437
626 161 13 18 0.0129908705
676 175 12 19 0.013069942
823 150 6 9 0.013133929
497 160 8 10 0.0131703755
435 162 8 10 0.013181759
566 173 8 12 0.013916263
443 172 20 20 0.014999072
546 164 9 11 0.01507922
543 161 13 20 0.015109327
548 176 8 13 0.015174577
548 147 8 9 0.016105473
640 165 12 17 0.016109675
702 174 12 21 0.016255166
400 135 7 12 0.016355088
624 147 8 11 0.016808894
513 142 9 12 0.017476063
400 140 7 14 0.0179919
613 140 13 19 0.019448057
672 162 7 11 0.020313399
3 151 11 51 0.020586632
510 138 14 17 0.020589195
570 129 21 20 0.021277588
576 141 13 18 0.021398654
802 141 12 21 0.02200236
616 144 8 12 0.022157656
482 146 8 11 0.022626996
595 159 7 11 0.02454083
436 149 7 10 0.025282864
755 128 7 10 0.025611985
801 129 8 11 0.028847793
566 152 8 10 0.029166976
579 145 9 10 0.03159454
594 151 7 10 0.031690225
705 180 7 12 0.031873375
479 161 13 18 0.032169096
545 172 13 20 0.03295677
392 134 8 14 0.033087168
737 195 9 12 0.03441545
600 126 12 19 0.03498236
630 164 7 11 0.03515733
390 140 8 14 0.037579127
641 168 8 11 0.038285017
504 133 9 12 0.04099537
497 142 13 17 0.04166499
604 125 13 18 0.043031704
805 146 7 11 0.04336299
482 163 8 12 0.044673502
601 130 9 11 0.04582137
418 147 12 19 0.047262304
679 177 7 12 0.048158854
661 151 10 14 0.049002267
693 181 7 10 0.05076502
607 128 8 12 0.05307978
566 159 8 13 0.060271896
503 130 14 18 0.061514217
640 171 12 19 0.06416413
564 156 12 20 0.06775057
735 192 12 19 0.07317889
643 173 8 14 0.073604025
455 160 9 13 0.07844398
465 162 9 12 0.08033536
420 136 6 9 0.083571255
421 158 8 13 0.08571145
656 149 18 20 0.10802533
462 159 13 18 0.10821505
419 155 12 20 0.116932705
390 131 12 21 0.120345235
420 150 8 12 0.12139272
499 146 8 10 0.13567168
453 157 13 19 0.13954285
389 136 12 21 0.1457004
512 132 11 12 0.16095394
660 153 13 18 0.6441095
509 129 15 18 0.7031015

