14_Traffic_Traffic_14_840
365
913 182 9 14 0.01001133
215 245 24 19 0.010059342
287 214 22 25 0.010078068
560 182 15 15 0.010150515
797 217 13 12 0.010175775
630 193 23 17 0.0102704
981 204 9 11 0.0104791485
238 202 11 11 0.010502186
513 184 10 10 0.0105289025
414 188 9 10 0.010532858
408 219 27 36 0.0106525365
192 219 22 17 0.010674787
795 210 22 25 0.010747075
486 226 21 29 0.0108444635
462 227 22 18 0.01088681
290 202 11 9 0.010954167
458 198 22 18 0.01097981
544 170 9 9 0.011000469
481 183 9 11 0.011087924
135 234 25 17 0.011190861
748 200 21 18 0.011281285
418 215 12 9 0.011302553
666 263 28 36 0.011317307
465 203 10 10 0.011490495
375 190 8 10 0.011504634
209 217 13 11 0.011557649
208 205 11 10 0.011739238
588 185 14 15 0.011842514
336 170 7 10 0.0118940845
356 212 14 11 0.011910342
0 297 15 35 0.012028299
768 183 19 18 0.012032459
913 166 9 13 0.0120815225
52 180 13 18 0.012101435
726 488 22 20 0.012138585
531 169 15 16 0.012213413
187 276 27 17 0.012232699
1015 228 8 15 0.012334445
261 278 34 32 0.012504122
137 269 36 47 0.012689796
583 271 24 21 0.012743814
908 210 21 19 0.0127508
454 199 9 10 0.012775391
7 248 19 30 0.013205816
602 217 22 17 0.013236834
609 199 20 17 0.013259823
353 215 21 26 0.013266776
919 201 10 13 0.013315159
420 204 9 9 0.013366909
115 230 21 18 0.013376088
498 150 13 16 0.01339794
385 185 13 18 0.013420815
662 153 7 7 0.01355676
545 200 11 10 0.013571293
696 199 23 16 0.013594351
583 266 24 19 0.013705821
156 248 24 17 0.013836757
532 230 12 12 0.013949721
993 213 14 18 0.013979734
866 233 12 11 0.014024427
796 196 22 17 0.014130981
52 165 8 12 0.014215315
782 211 21 25 0.01439329
849 213 10 12 0.014518793
434 166 8 9 0.014972481
107 167 13 16 0.015038321
890 170 8 15 0.015190753
885 213 10 11 0.015335388
231 200 22 18 0.015400204
996 216 9 11 0.01542175
434 213 11 10 0.015440948
860 267 24 18 0.01562823
516 206 12 11 0.015673283
624 170 9 8 0.015780939
301 243 23 17 0.01579263
685 217 24 15 0.015869368
937 483 27 16 0.01605205
205 245 24 18 0.016059462
53 181 10 12 0.016245743
435 206 8 8 0.016421098
712 221 22 26 0.016447112
216 163 7 11 0.01647542
313 249 24 19 0.016989745
491 182 20 18 0.017040797
659 135 6 8 0.01706743
653 199 24 15 0.017094865
742 225 15 17 0.017162466
854 201 10 11 0.017410005
555 232 22 18 0.01746377
607 220 12 11 0.017495116
698 231 26 16 0.017503118
345 143 7 9 0.017559264
644 219 11 11 0.01770728
989 227 13 20 0.017737953
522 215 22 18 0.017866418
5 189 19 27 0.0178757
464 248 22 19 0.018125951
664 201 25 14 0.018162811
329 217 24 25 0.018163143
587 197 15 16 0.018288521
891 246 24 26 0.018294862
16 199 10 13 0.018377012
353 243 23 28 0.01849937
406 144 7 8 0.018559359
501 162 13 16 0.018645555
452 190 9 9 0.018959792
382 197 14 17 0.019136569
991 278 21 19 0.01928522
827 185 21 17 0.019506754
252 235 23 17 0.019624863
142 200 11 11 0.019980045
464 165 13 17 0.020163555
470 186 9 10 0.020279594
736 174 11 12 0.020529252
639 228 24 16 0.020567028
563 143 8 8 0.020594537
616 217 22 26 0.02107077
367 247 24 17 0.021095414
532 182 14 15 0.021162467
387 188 9 11 0.021239301
473 231 23 19 0.021722222
981 225 14 19 0.021794379
837 479 13 19 0.021832518
261 201 14 11 0.022015432
361 208 21 18 0.022043485
460 245 22 30 0.022060713
837 215 12 11 0.02225774
662 185 22 16 0.022365214
392 243 27 17 0.022374788
635 216 23 17 0.02253677
471 244 23 20 0.022631457
650 243 24 17 0.022847135
664 244 27 16 0.022858806
323 179 14 16 0.023308083
126 220 11 10 0.023389857
918 199 12 18 0.023579942
543 186 11 9 0.023630226
63 182 10 13 0.02391312
336 230 21 19 0.024142198
200 228 24 18 0.02416252
757 143 10 12 0.02442747
336 241 23 19 0.024585664
832 211 21 17 0.024640623
624 194 22 16 0.024772007
752 145 18 19 0.024955796
840 248 23 18 0.025036378
41 247 31 34 0.02512089
269 200 13 11 0.025140855
834 261 22 19 0.025551545
688 196 23 15 0.025626939
356 205 11 11 0.02575256
512 166 8 10 0.026048463
692 220 12 9 0.026220014
383 234 23 17 0.026640177
747 216 22 19 0.0266756
141 279 25 30 0.026783895
392 214 10 10 0.026943846
402 205 9 10 0.027046882
963 265 22 31 0.027483178
465 218 11 10 0.027516786
342 233 24 19 0.027595965
411 213 25 17 0.02796898
394 213 22 18 0.028000953
994 199 13 16 0.02806366
769 259 22 30 0.028232614
8 282 28 39 0.02834383
713 213 25 17 0.028550658
223 157 7 10 0.028601862
861 230 22 18 0.028754674
351 203 22 18 0.028774856
655 220 13 8 0.02889796
501 266 30 37 0.029308027
521 216 21 28 0.029315785
215 157 8 10 0.02992576
459 214 22 18 0.030147746
532 150 13 16 0.030263765
670 257 24 27 0.030897561
28 206 23 25 0.03183204
73 215 23 20 0.03184464
389 246 22 29 0.032092486
554 243 22 19 0.03267752
343 241 23 19 0.032798406
731 218 24 18 0.032981537
863 258 23 28 0.03310737
368 201 14 17 0.03318999
649 216 24 16 0.033421997
834 196 14 16 0.03355662
981 216 9 11 0.03356904
979 214 13 18 0.034029514
266 234 25 18 0.03406763
335 184 9 10 0.035201102
899 210 13 18 0.035753407
1012 219 9 13 0.03609241
368 212 11 10 0.036118463
23 189 10 12 0.03625791
120 231 23 19 0.03641493
879 201 9 13 0.036731437
328 174 7 9 0.037984677
636 245 23 27 0.038047306
637 195 12 11 0.038095593
121 215 21 18 0.03837793
583 189 11 10 0.03881233
877 199 12 18 0.039042972
61 180 13 19 0.039153926
495 219 14 16 0.039248586
124 224 33 31 0.039620128
703 201 11 9 0.04005858
14 197 13 19 0.04006942
396 228 24 19 0.04052268
675 218 14 9 0.04063042
836 199 11 11 0.040646657
472 240 29 37 0.04080583
125 241 24 19 0.041220907
938 166 13 17 0.041429263
718 200 15 15 0.041561358
48 152 13 17 0.04156474
486 156 7 8 0.042847864
636 191 12 10 0.04394006
406 184 13 17 0.04401332
189 226 23 17 0.04427982
669 214 24 16 0.04519269
551 243 31 37 0.045329463
667 275 26 19 0.0454104
576 264 30 35 0.04591605
400 215 10 10 0.04634084
975 185 13 15 0.04727681
860 272 24 19 0.047555335
648 229 25 17 0.0475987
572 254 30 36 0.04980984
481 168 9 11 0.050166525
595 227 20 19 0.05070993
517 154 8 8 0.051014178
591 199 10 11 0.051097877
1010 217 12 20 0.051142424
370 204 10 10 0.051307812
263 241 25 18 0.05136091
30 201 20 20 0.051597025
666 232 26 16 0.051743295
379 242 24 18 0.05202797
55 197 20 22 0.052231207
600 231 22 19 0.052345198
627 214 13 12 0.052705817
773 186 11 12 0.05274415
837 256 23 28 0.05306735
385 201 9 10 0.053178173
221 207 23 18 0.054726936
351 208 23 18 0.055258952
887 243 22 19 0.055964556
528 227 21 18 0.05638483
810 184 21 17 0.05671275
798 183 21 17 0.057092108
533 185 11 11 0.05721179
999 217 19 32 0.05805593
454 149 8 9 0.05806468
658 203 13 9 0.058168076
491 225 23 19 0.05826664
133 199 12 11 0.058522157
503 164 9 11 0.058540814
746 262 26 19 0.059068568
203 214 23 18 0.059246562
136 197 21 19 0.063901655
467 168 9 10 0.06431377
408 188 9 11 0.06531761
631 191 11 10 0.0658231
533 172 10 10 0.065937765
562 185 11 10 0.06632073
350 147 8 11 0.0666143
590 187 10 11 0.0675154
502 328 34 62 0.068495326
288 215 15 10 0.068892635
307 199 14 17 0.069387525
618 246 25 19 0.07026598
802 185 13 11 0.072244264
898 174 12 19 0.07256121
668 187 12 10 0.072799996
3 199 10 14 0.073436104
611 170 8 8 0.07398341
672 204 12 8 0.07407552
832 186 12 11 0.07482421
612 238 25 27 0.07523842
1013 223 11 25 0.075465865
630 247 25 19 0.0755031
59 208 37 29 0.07557756
433 151 8 9 0.07557773
421 148 8 10 0.07790687
815 186 13 11 0.078644834
577 151 7 8 0.07887875
708 243 23 29 0.0790574
736 178 13 16 0.08117944
857 264 30 34 0.08285983
707 215 13 11 0.083217554
996 201 9 11 0.08461626
312 187 9 9 0.084712796
422 143 8 9 0.085915305
608 240 22 19 0.08786789
134 243 25 20 0.08821586
611 181 10 10 0.08863615
576 204 15 15 0.088968754
628 154 8 8 0.090034045
629 197 13 9 0.09005241
600 171 8 10 0.090989634
721 201 11 11 0.091342516
308 202 11 11 0.09230103
571 207 22 17 0.093954936
516 211 14 17 0.09754447
710 246 28 17 0.09807962
380 275 36 54 0.10107764
258 237 24 28 0.101744525
613 201 12 11 0.10243795
567 149 8 10 0.103581816
544 153 9 9 0.10466364
406 148 7 9 0.10645752
774 266 21 30 0.10978567
217 253 23 29 0.10980739
130 196 20 18 0.112513416
28 186 14 16 0.11421817
125 236 31 32 0.12238509
322 202 10 10 0.12604526
253 240 24 20 0.12634239
702 245 26 18 0.12662517
469 156 8 9 0.12974621
408 230 26 18 0.12997982
283 212 23 17 0.13095996
319 199 15 16 0.13149469
623 211 21 18 0.13185315
325 182 9 10 0.13365957
692 198 14 9 0.1348628
661 188 13 9 0.13554181
702 213 22 17 0.13558477
610 156 8 8 0.13636751
317 254 24 29 0.13728715
865 196 9 14 0.14085892
262 197 23 18 0.14814919
380 294 31 40 0.15009369
42 196 22 25 0.15057263
742 226 24 19 0.15172878
496 184 11 13 0.15335374
958 254 28 38 0.15714276
896 169 12 19 0.15796582
344 148 8 11 0.15984544
227 203 15 17 0.16073194
500 152 9 9 0.16200356
811 283 22 33 0.16895397
100 166 14 17 0.1701672
703 272 28 37 0.172168
90 253 32 33 0.19614282
189 256 30 36 0.20257568
934 166 13 18 0.20483832
54 254 30 33 0.21278848
597 153 8 10 0.21499607
534 152 9 11 0.2152277
147 275 31 36 0.21654558
192 181 9 13 0.23191017
977 187 9 11 0.24990277
278 272 31 39 0.25164273
790 214 23 19 0.2551753
23 208 22 20 0.26589885
606 284 30 38 0.26716354
51 155 8 11 0.27731827
921 267 31 37 0.29065698
1 196 13 20 0.30133674
490 269 29 42 0.30260608
21 285 32 38 0.3207031
755 147 12 14 0.3380344
48 200 20 20 0.36163133

