14_Traffic_Traffic_14_267
96
254 468 14 17 0.0105444975
630 308 6 8 0.010588523
218 467 22 17 0.010611151
752 229 8 11 0.010670441
225 393 6 7 0.010785264
24 442 24 17 0.010890261
611 327 6 8 0.011020792
465 267 15 16 0.011030865
501 308 10 10 0.011178422
568 292 9 9 0.011484285
135 361 6 6 0.011609535
689 277 7 7 0.011842754
246 468 10 9 0.011934828
741 228 13 19 0.011978637
755 325 6 6 0.012029058
743 231 8 12 0.012299443
494 269 12 9 0.012417001
18 428 41 56 0.012493059
27 435 29 41 0.012527283
706 274 7 7 0.01253856
149 445 12 12 0.012552242
484 355 14 17 0.012587937
78 463 23 15 0.012757752
486 358 10 11 0.01281044
31 424 19 32 0.013250824
81 398 7 9 0.01336833
39 419 24 15 0.013621259
598 306 7 8 0.013704081
320 413 17 31 0.01373916
259 398 7 8 0.013903896
577 292 10 9 0.013935758
745 306 7 7 0.013980714
526 355 13 19 0.014047597
680 278 6 7 0.014358799
511 308 9 10 0.014466435
126 475 14 18 0.014524355
278 463 13 17 0.014658805
572 235 21 18 0.014741102
695 302 7 10 0.014933262
168 453 23 18 0.0149877835
306 339 7 8 0.0152966995
975 288 10 12 0.015388148
743 339 8 8 0.015511714
466 260 14 16 0.015634084
288 437 8 11 0.016310371
319 423 12 24 0.01643606
238 468 21 17 0.016572587
458 316 23 17 0.016601318
156 440 14 20 0.016789835
458 303 25 17 0.0177177
467 435 7 8 0.017727554
85 469 12 10 0.017740604
576 284 19 29 0.01903443
695 293 7 9 0.019243566
129 467 14 16 0.019319382
255 475 14 17 0.01981734
72 391 9 9 0.019822162
742 237 9 12 0.02033934
46 422 11 8 0.021023622
28 420 25 15 0.02193981
644 291 7 9 0.024346087
470 451 7 10 0.024667194
675 290 6 8 0.024863975
135 368 6 9 0.025311293
280 466 8 11 0.026183441
77 449 14 12 0.028204298
132 469 9 10 0.029179264
258 394 6 7 0.029531732
740 233 13 20 0.030142078
35 422 11 9 0.031027336
321 413 11 26 0.03334763
258 471 8 10 0.034224194
523 360 19 22 0.03536452
391 311 30 40 0.03610234
46 379 22 19 0.036370013
755 309 6 7 0.037958793
259 478 9 10 0.040478427
487 261 22 16 0.04147531
484 263 15 14 0.046189867
467 270 11 9 0.049854394
478 266 22 16 0.056673527
569 288 23 19 0.058018655
28 431 23 18 0.064616345
79 391 8 10 0.07208392
493 264 11 10 0.07271298
485 265 12 10 0.07548064
168 449 17 27 0.07802834
469 263 9 9 0.080930926
148 441 21 18 0.08541575
286 465 12 18 0.108555004
483 269 12 10 0.15903583
288 467 9 13 0.17527889
226 478 23 19 0.5502246
167 459 22 20 0.5935701
151 435 22 21 0.64900213
71 444 22 19 0.7317437

