46_Jockey_Jockey_46_779
27
719 127 48 105 0.0105115445
365 328 26 48 0.010834866
403 278 9 12 0.01104981
407 264 13 19 0.011519242
784 210 18 32 0.013696981
741 136 35 70 0.01442118
438 251 8 12 0.017203463
987 119 31 71 0.01812593
1005 174 18 64 0.01821466
903 58 34 67 0.02072678
670 102 36 68 0.022090137
494 288 14 24 0.023621604
401 273 13 20 0.028504193
415 264 10 13 0.03301291
932 210 12 22 0.035484064
795 205 19 33 0.035643786
360 317 35 69 0.039043292
895 44 24 49 0.04044442
656 298 41 61 0.049729366
490 281 19 30 0.071297735
413 262 13 19 0.07962231
996 108 23 50 0.085449755
1008 195 13 46 0.09304111
629 288 51 86 0.14629549
977 18 16 38 0.25510818
934 110 30 64 0.7705347
540 119 43 66 0.8843898

