46_Jockey_Jockey_46_352
27
555 246 35 39 0.011324865
620 418 22 19 0.015145308
812 236 34 40 0.015979705
736 427 22 19 0.017973749
654 430 23 18 0.018775564
177 242 36 42 0.021308899
783 142 39 38 0.05511544
499 182 31 44 0.6541801
562 238 35 57 0.85651064
637 140 31 56 0.86645865
170 235 38 60 0.8884842
815 219 39 64 0.89602584
612 65 31 43 0.89760315
335 121 38 51 0.90268594
676 234 37 55 0.9137732
222 45 32 54 0.9243109
304 249 40 56 0.92639965
778 129 38 56 0.9280819
90 148 42 57 0.9335569
437 247 39 55 0.9389346
338 43 34 50 0.94218886
794 60 32 42 0.947538
521 70 29 44 0.9488285
208 135 40 54 0.9552936
421 74 31 43 0.9595607
694 67 32 42 0.9658306
904 129 35 55 0.9830635

