46_Jockey_Jockey_46_909
128
310 195 13 16 0.010146362
143 99 13 19 0.010158489
450 147 7 13 0.010229587
719 231 12 20 0.010266586
368 189 9 9 0.010296772
1010 259 10 62 0.010377653
375 362 26 41 0.0104245385
517 168 8 11 0.010430739
737 253 25 40 0.0105658425
867 222 11 10 0.010570897
900 244 12 10 0.0109356465
1007 248 14 83 0.011258242
146 103 8 11 0.0114463465
906 244 22 17 0.0114807775
673 247 12 21 0.01191619
200 576 38 74 0.012038038
242 69 6 9 0.012083036
403 197 8 10 0.012345516
525 192 12 21 0.012403611
246 201 7 10 0.012410131
490 319 21 30 0.012448663
446 135 12 20 0.012653696
373 197 8 10 0.0131072
567 121 6 8 0.013180388
480 166 9 12 0.013202039
647 280 19 30 0.013737081
446 142 12 20 0.0138129955
563 155 6 9 0.01384113
821 205 10 11 0.013953709
914 279 13 25 0.014053131
898 236 10 9 0.014377105
748 264 14 20 0.014658749
598 104 13 18 0.014781699
311 186 13 16 0.014915763
735 213 12 18 0.015135924
742 173 9 13 0.015470792
737 216 9 13 0.015571114
449 138 8 11 0.015681429
750 179 9 14 0.016646702
599 116 7 9 0.017102607
467 419 32 44 0.018411895
741 265 14 20 0.018534347
786 186 13 13 0.01857533
456 197 8 11 0.018753035
934 275 24 18 0.0188632
543 153 11 17 0.018886734
528 196 7 12 0.019539207
706 90 7 10 0.02064558
343 200 8 9 0.020885127
759 198 13 19 0.020999745
526 181 12 19 0.021389479
312 191 21 18 0.022011088
895 240 22 19 0.022228148
617 268 18 31 0.024322223
295 207 7 8 0.025171421
819 213 11 13 0.025987413
727 210 9 12 0.026431506
603 272 20 21 0.026700335
202 576 53 92 0.026899202
578 150 6 10 0.027209433
508 149 11 19 0.027422165
613 149 6 9 0.027931275
257 200 6 10 0.028323831
926 275 20 22 0.0284199
767 204 10 13 0.028631378
628 273 13 22 0.029189186
566 136 5 9 0.030236736
920 287 19 24 0.032827873
739 171 13 18 0.03310396
743 269 21 21 0.03534099
473 184 8 14 0.035942845
572 340 27 44 0.03601938
316 187 14 16 0.038625173
627 262 13 21 0.040265832
344 188 8 8 0.04180951
503 150 11 18 0.04194834
610 95 9 10 0.04439114
292 214 7 8 0.044446692
862 225 14 17 0.047403775
694 184 10 14 0.048071276
544 162 8 12 0.04817701
0 207 8 29 0.049820423
319 195 10 10 0.050996546
354 192 14 17 0.054545607
738 270 19 21 0.05518827
354 183 14 17 0.055215202
609 100 9 9 0.05585528
648 245 13 22 0.062689655
600 107 8 11 0.06322562
319 189 10 10 0.064393446
578 136 7 9 0.07111111
533 159 12 17 0.07813087
311 199 8 9 0.07907821
765 202 13 18 0.07956452
511 151 8 13 0.079968825
312 189 9 10 0.08140087
817 211 14 18 0.0834783
216 576 33 80 0.08702306
549 124 5 8 0.08793748
552 138 6 10 0.092323005
500 544 49 93 0.09836365
357 195 9 11 0.09969635
536 158 8 12 0.10283953
305 214 7 7 0.1050754
529 184 8 11 0.10762849
504 153 8 12 0.11795819
356 186 9 10 0.11817002
925 280 18 33 0.1201226
480 192 9 14 0.1325387
741 265 18 32 0.13360499
545 156 7 11 0.14018632
463 403 41 58 0.19752213
696 182 18 21 0.23485844
767 208 14 18 0.2590535
724 199 13 18 0.28038183
478 185 12 18 0.28819066
652 244 13 24 0.29922906
485 154 9 14 0.31378618
912 279 18 32 0.34548593
614 140 6 8 0.37162864
534 161 9 13 0.38922974
454 411 43 59 0.44446808
508 285 26 38 0.48927408
643 188 12 17 0.60892355
738 176 13 18 0.7097409
275 180 14 18 0.72089756
693 181 14 20 0.7380909
783 183 19 20 0.7604166

