46_Jockey_Jockey_46_79
42
666 0 45 31 0.010696003
509 3 25 16 0.010911695
635 0 38 25 0.011291496
631 47 22 21 0.011350546
475 220 33 68 0.013493306
232 385 29 67 0.014063369
631 4 32 13 0.014552598
326 259 27 48 0.015112939
665 1 32 14 0.0153801525
544 32 34 34 0.015402857
660 0 30 11 0.016694015
255 363 23 52 0.016838407
289 282 27 43 0.01803237
172 332 26 46 0.021834992
560 93 21 36 0.03346855
628 38 31 34 0.035842758
670 37 30 36 0.040835183
184 328 23 47 0.0504897
583 47 28 39 0.055606015
296 296 24 47 0.060931046
417 218 27 44 0.061126117
282 329 23 49 0.06378737
636 33 23 29 0.06429461
555 80 31 55 0.07853679
322 301 25 45 0.09749654
267 337 25 47 0.10268734
681 2 28 17 0.11840674
454 148 29 39 0.18899657
415 229 22 52 0.22181611
436 169 31 44 0.3035201
677 0 26 19 0.33577678
533 101 24 43 0.38762972
527 110 26 42 0.4118551
619 29 32 32 0.43280533
563 89 28 43 0.44161507
195 398 22 51 0.44653213
394 242 33 61 0.5854335
543 43 32 40 0.69795185
600 49 31 41 0.7126393
423 167 41 53 0.78181815
664 28 32 36 0.84488124
325 238 34 64 0.9170626

