46_Jockey_Jockey_46_444
20
56 208 7 8 0.010232247
445 192 24 17 0.010593824
706 193 8 9 0.020589052
311 421 28 40 0.021168938
819 144 33 35 0.031362187
599 385 29 42 0.045675714
228 145 21 32 0.10862671
669 365 33 41 0.92772377
221 137 26 39 0.9335759
521 150 30 41 0.9506087
100 350 32 43 0.9569972
814 129 30 52 0.958141
410 170 32 38 0.96934235
486 334 33 43 0.97075146
316 145 32 41 0.974078
616 141 32 40 0.97725505
345 330 35 52 0.9779915
858 341 38 53 0.9794098
222 334 31 42 0.9837842
713 144 31 45 0.9887017

