31_Waiter_Waitress_Waiter_Waitress_31_420
181
726 232 8 11 0.010044818
883 264 7 8 0.0100696515
126 298 11 13 0.010174031
180 296 9 13 0.010235493
737 262 9 12 0.010308256
820 280 8 10 0.010410795
741 190 8 8 0.010424225
84 277 13 21 0.010750579
557 211 23 19 0.010852164
345 289 24 18 0.010895856
749 214 22 19 0.011026183
790 234 7 9 0.011115921
524 201 22 19 0.0112492535
466 70 10 9 0.011405542
687 199 22 18 0.0114084445
224 311 12 20 0.011422307
884 187 6 8 0.011644781
818 237 7 8 0.011874172
457 51 24 17 0.011879735
749 225 22 19 0.011916751
1018 271 6 38 0.012016371
722 196 13 18 0.012062641
331 294 25 17 0.012243241
226 280 13 20 0.0123174
1018 230 5 20 0.012356416
132 278 14 19 0.012426348
141 309 21 19 0.0125271
373 273 13 17 0.012641901
862 310 24 20 0.012908013
737 229 8 11 0.0129915
165 316 18 30 0.013100676
419 259 20 29 0.013218692
240 282 7 11 0.013789825
401 223 19 29 0.013830622
575 191 11 9 0.013870214
891 318 19 24 0.01424709
874 214 5 9 0.0145433545
379 276 22 20 0.014560633
743 206 18 30 0.014919449
882 214 6 8 0.015072259
119 295 10 15 0.015246531
686 241 22 21 0.015251729
753 204 9 10 0.015282039
155 260 14 21 0.015373612
187 280 19 22 0.01552162
279 323 11 13 0.015546399
899 263 6 7 0.01564152
734 224 13 19 0.015697932
463 175 19 39 0.016166199
1018 241 6 21 0.016203776
622 200 13 17 0.016238118
541 207 14 22 0.016380092
725 200 8 10 0.016478404
840 238 5 8 0.016506325
229 285 7 10 0.016766386
900 219 7 6 0.016839316
373 276 11 10 0.017086167
297 295 23 18 0.01723705
295 295 8 9 0.017571507
236 277 13 20 0.017589271
875 205 5 10 0.017597431
693 203 8 8 0.017668333
348 207 19 33 0.017751858
275 314 20 19 0.018002877
237 292 13 19 0.018002944
1014 296 8 35 0.01801146
740 225 18 30 0.018084448
326 282 6 6 0.018395988
559 201 25 16 0.018539224
229 290 13 19 0.018800234
285 313 14 21 0.019277848
197 324 19 21 0.019331178
734 259 13 19 0.019466348
881 251 6 7 0.019640189
128 303 14 20 0.019695988
756 219 8 9 0.019702736
510 210 22 19 0.020176753
737 196 13 17 0.020183131
408 230 13 22 0.02032004
851 264 7 9 0.020799818
538 234 26 17 0.021008562
882 204 6 7 0.021103712
734 217 13 18 0.021516146
908 207 30 37 0.021557001
265 344 21 18 0.021933222
834 274 20 29 0.022246977
671 212 22 20 0.023906916
420 212 13 21 0.024339775
392 289 22 20 0.025098631
241 296 8 11 0.025384326
1011 253 11 51 0.025740318
289 318 20 27 0.025887871
569 211 23 20 0.026137576
865 262 21 26 0.026279034
1000 290 10 28 0.026308427
354 284 10 9 0.02702245
536 203 26 17 0.027933687
608 213 22 20 0.028024234
1017 224 7 34 0.028712895
111 290 18 29 0.028958714
836 249 5 8 0.02908273
156 319 22 19 0.029101696
719 227 21 20 0.029226266
575 199 13 9 0.029537136
231 294 8 12 0.030119581
384 290 21 21 0.030169532
840 288 21 21 0.030220777
210 296 9 12 0.030949233
169 305 21 21 0.031208972
300 308 23 19 0.03126226
875 312 21 30 0.03177375
737 220 8 10 0.032573488
340 284 7 6 0.032731153
344 222 21 23 0.034067333
852 254 5 8 0.03439615
154 265 17 28 0.034628194
408 228 20 22 0.034925893
699 200 23 18 0.035274707
871 253 6 7 0.035561237
621 210 13 21 0.036391
530 208 22 20 0.03788283
833 292 21 20 0.038280927
348 220 20 30 0.039877735
300 306 17 29 0.040129453
40 212 17 30 0.04278334
470 174 25 42 0.045345914
849 282 10 12 0.045965854
419 208 18 35 0.04779508
739 199 8 10 0.052322116
202 291 20 20 0.05332774
869 268 7 9 0.054465596
162 294 20 20 0.056320954
904 221 21 29 0.056722723
141 272 22 19 0.058444712
838 289 19 30 0.05845639
553 230 25 20 0.061329324
375 304 23 22 0.062734455
126 295 18 30 0.067035034
492 215 21 22 0.0713529
1012 228 12 45 0.07533549
176 292 19 23 0.08197498
892 305 19 32 0.08205913
625 203 8 8 0.082129106
868 278 10 11 0.083443895
846 280 14 19 0.08758495
687 203 22 29 0.09001727
569 197 24 17 0.0969525
616 206 19 31 0.097124636
866 275 14 18 0.10111485
1015 285 8 36 0.11797572
165 302 18 31 0.118129775
527 206 19 31 0.12393698
161 310 21 21 0.1316604
146 268 18 28 0.1670149
1017 235 7 33 0.17623468
412 219 19 32 0.17889898
118 294 14 20 0.18607637
203 323 20 21 0.19128262
477 186 17 37 0.20103721
552 224 20 29 0.20601578
371 298 19 32 0.24018586
190 288 20 22 0.24433312
379 291 17 33 0.24960224
691 232 19 34 0.2542662
1005 284 15 38 0.25808004
146 262 21 20 0.26012748
239 313 17 30 0.26477283
697 205 23 28 0.28483805
583 209 21 32 0.304317
120 295 20 21 0.30502105
279 319 22 20 0.30935714
696 235 22 32 0.38367808
491 222 20 32 0.47938764
538 207 20 28 0.48443353
334 302 19 30 0.49925533
584 218 23 30 0.51825345
871 305 21 32 0.5344661
40 223 24 20 0.6115434
464 179 26 43 0.6949798
651 216 25 40 0.74722755
920 213 28 38 0.84824854

