31_Waiter_Waitress_Waiter_Waitress_31_162
38
47 717 11 11 0.010033382
222 717 8 14 0.010103861
3 714 7 13 0.010756326
2 709 10 24 0.010826463
78 725 22 18 0.011081071
251 736 27 44 0.0121521605
359 833 36 62 0.012203062
245 728 37 61 0.013243986
275 720 12 17 0.013810111
84 722 12 11 0.016465055
20 715 10 14 0.017038863
700 443 99 166 0.018806405
33 715 14 20 0.019732509
277 722 9 12 0.020013876
86 718 23 17 0.02247671
66 697 13 17 0.023342725
286 863 44 57 0.023823721
13 715 18 32 0.02402649
79 719 22 17 0.024632625
357 894 41 58 0.027883478
67 699 11 12 0.028334508
261 728 10 12 0.028935343
384 478 31 36 0.030909358
312 716 8 14 0.032555614
377 841 24 47 0.033637166
260 724 12 20 0.04127751
310 714 12 19 0.044391647
39 726 22 19 0.0486023
260 721 9 13 0.0506837
243 712 12 19 0.051743913
0 1082 36 147 0.06023553
258 719 13 18 0.07232179
41 715 20 20 0.08113187
244 714 9 13 0.124088004
215 716 8 15 0.1253649
19 712 13 20 0.17781495
543 377 121 185 0.26568708
499 387 185 243 0.8404889

