31_Waiter_Waitress_Waiter_Waitress_31_358
39
643 350 21 28 0.010106598
551 339 28 43 0.010203346
627 357 14 17 0.011128428
630 368 13 19 0.012273882
583 355 23 17 0.013360006
544 326 37 61 0.013546873
0 146 71 185 0.013797537
578 347 11 9 0.014971762
571 344 26 15 0.01554821
288 29 36 32 0.01577888
684 351 19 32 0.01759471
128 12 81 67 0.018584115
23 228 41 59 0.020030752
793 155 68 77 0.02288332
213 210 7 15 0.024040656
659 346 7 7 0.024744797
173 313 30 45 0.026274508
656 359 8 8 0.027255468
645 347 9 9 0.030079726
606 343 23 16 0.030318294
574 361 23 18 0.03421372
6 174 44 128 0.03512229
211 207 11 21 0.035880283
630 359 9 9 0.03668089
645 360 8 9 0.039307088
682 253 30 38 0.04371631
580 345 22 29 0.04444864
575 367 23 18 0.049282867
154 258 23 18 0.052693855
612 345 12 9 0.052913662
588 345 15 15 0.057511356
128 257 23 19 0.065454386
591 346 11 10 0.08599693
136 258 23 20 0.20462689
684 363 21 32 0.39365885
175 306 38 65 0.7589499
308 265 63 85 0.8970829
499 284 66 85 0.9706609
814 157 67 92 0.9776635

