31_Waiter_Waitress_Waiter_Waitress_31_327
40
752 603 8 11 0.010135821
176 557 8 8 0.0103296
147 597 14 15 0.010460772
180 596 9 8 0.010514109
238 614 23 18 0.010518114
170 618 24 17 0.011153955
0 602 7 14 0.012509422
8 636 25 16 0.012913439
751 591 8 10 0.012956987
488 356 69 92 0.013633949
100 633 37 11 0.013811332
911 592 12 11 0.014452945
964 585 11 13 0.0146429725
920 601 25 17 0.01605595
178 604 10 8 0.017022945
1 640 28 40 0.019376537
128 610 11 9 0.02050691
744 590 7 11 0.020765452
4 644 19 32 0.02138952
964 580 18 30 0.021695698
169 558 7 9 0.022538632
145 592 13 16 0.02445386
907 597 23 17 0.02475629
25 678 28 15 0.031022524
196 590 10 9 0.031213876
727 590 6 11 0.031749357
98 654 38 12 0.03250061
149 599 10 11 0.047036223
101 647 28 24 0.057827946
87 655 36 12 0.0660152
965 575 10 11 0.07079103
963 573 14 18 0.073133074
770 590 8 10 0.08993514
905 590 23 18 0.10509724
183 633 35 61 0.11315728
147 594 10 11 0.11418917
747 641 16 38 0.16832386
960 580 20 20 0.19466265
320 344 70 145 0.99403304
468 356 74 156 0.99694127

