7_Cheering_Cheering_7_404
28
38 464 8 11 0.010040148
306 466 50 47 0.010192738
537 621 20 30 0.011860875
132 472 15 21 0.011888532
834 68 70 77 0.01351922
263 340 29 43 0.013919949
133 474 25 19 0.014440067
35 461 13 20 0.014989664
438 277 27 39 0.01607515
832 172 66 110 0.018255794
258 333 40 56 0.018999022
470 549 26 16 0.019251889
477 203 22 32 0.02024402
535 633 23 21 0.02057729
128 460 26 34 0.022442205
316 173 46 57 0.024144096
303 357 23 32 0.024563786
526 620 20 30 0.032189377
596 340 28 43 0.047626853
815 74 102 199 0.056918792
134 467 24 20 0.07766249
296 346 39 50 0.17439657
133 467 18 30 0.41596937
720 457 20 34 0.4802628
818 128 90 185 0.54580075
307 354 33 38 0.8473517
586 333 33 52 0.87878597
474 208 29 38 0.95987236

