7_Cheering_Cheering_7_884
23
427 272 143 124 0.011150589
997 390 24 94 0.011185945
165 368 28 38 0.012338065
1003 336 19 24 0.015286883
16 114 49 128 0.020075621
24 262 35 74 0.021372404
3 261 31 90 0.022743741
169 368 25 20 0.029132064
1 301 19 67 0.030054128
468 124 99 128 0.033348177
481 144 69 91 0.03635227
14 85 57 111 0.07091221
3 211 69 199 0.07184576
5 71 86 149 0.073763154
1000 331 17 35 0.082863584
0 290 25 86 0.110894874
9 238 45 132 0.20213854
996 335 24 47 0.4140592
168 363 21 33 0.6024956
190 431 30 43 0.7482197
823 191 62 83 0.89810187
468 124 68 102 0.9214499
326 181 70 104 0.9582147

