7_Cheering_Cheering_7_542
25
865 296 39 62 0.010108711
888 260 57 88 0.0102583
161 386 33 72 0.01106955
81 307 52 91 0.012248623
88 329 27 49 0.012655473
990 258 30 78 0.014720707
0 289 16 71 0.016614113
894 243 39 63 0.016840445
74 304 32 66 0.01903288
915 271 35 65 0.02095085
68 325 35 65 0.022491619
0 283 22 91 0.023115307
10 284 36 135 0.023964338
131 333 38 73 0.02659478
7 330 18 66 0.030572126
788 248 33 83 0.030616174
897 263 39 65 0.044208333
5 321 35 150 0.051197954
135 344 46 106 0.057524115
84 317 35 70 0.062113803
150 345 33 80 0.0690339
4 320 26 88 0.09095318
615 211 144 253 0.096280426
578 141 210 303 0.9492028
262 314 189 285 0.985145

