7_Cheering_Cheering_7_195
22
553 473 29 40 0.010576355
548 466 38 57 0.0105928285
188 579 45 55 0.010952798
283 545 37 36 0.011105909
622 456 55 93 0.012251496
412 522 41 65 0.012673353
602 473 40 57 0.012727351
203 600 48 58 0.01665337
437 960 56 92 0.025879769
416 506 39 58 0.030415205
617 483 59 90 0.03631401
302 512 47 84 0.03704249
601 496 42 64 0.03778142
598 486 64 83 0.039829213
512 503 39 61 0.039919056
338 511 36 58 0.04018288
191 609 59 78 0.045312855
283 511 56 83 0.0788639
279 535 48 54 0.10308089
319 510 41 57 0.16866691
189 594 49 59 0.45011654
462 463 45 67 0.7642045

