7_Cheering_Cheering_7_334
50
81 57 12 20 0.0100479135
168 113 9 10 0.010111981
1015 149 9 25 0.010439597
995 163 6 10 0.010713156
296 175 9 8 0.011171672
803 117 9 7 0.012426331
168 107 26 16 0.012763075
177 142 36 40 0.013477453
838 2 12 17 0.013798946
174 102 12 8 0.015212126
882 32 14 18 0.01656682
325 176 29 14 0.016632369
146 80 12 11 0.016929239
83 59 8 13 0.017102335
317 173 28 15 0.017356575
886 161 12 18 0.018108824
72 343 30 73 0.019488582
1016 154 7 15 0.020784533
299 207 36 38 0.02082974
9 12 22 19 0.022556314
838 11 9 11 0.02299279
719 55 7 9 0.023873946
358 18 8 9 0.02432026
136 65 23 17 0.025186578
379 165 29 35 0.03162845
888 163 8 12 0.03370695
688 176 38 38 0.034142874
140 76 22 17 0.03604918
840 5 8 12 0.05123451
751 46 9 11 0.05655629
1012 144 11 19 0.06582119
778 295 36 38 0.10533319
1014 147 7 13 0.20435031
384 171 20 20 0.20782498
496 244 42 58 0.68602145
462 120 39 54 0.68964887
377 233 41 67 0.72370404
302 196 41 59 0.75815535
781 285 43 53 0.8133176
511 338 42 62 0.8275443
570 173 34 58 0.8455634
679 169 42 55 0.8522512
614 253 37 60 0.8639161
398 347 41 59 0.874012
168 132 41 64 0.8744547
706 289 37 54 0.8927431
806 140 36 61 0.9162334
294 302 35 59 0.9162869
644 374 36 57 0.9234802
197 281 39 58 0.92807776

