7_Cheering_Cheering_7_536
151
112 297 46 47 0.010152038
339 261 29 16 0.010218768
196 264 33 31 0.0102778915
432 324 41 56 0.010361608
303 223 22 27 0.010440499
992 372 26 45 0.010455605
0 333 8 42 0.010466853
444 248 16 17 0.010723361
357 243 30 14 0.0108868005
390 228 23 25 0.010926434
542 255 36 32 0.0109743895
426 257 28 15 0.011120697
638 217 58 88 0.011193262
986 363 36 61 0.011371606
118 303 34 34 0.011564569
477 252 24 25 0.01171945
446 268 42 46 0.011745386
344 290 29 15 0.011902167
406 296 27 16 0.0121026775
391 274 29 15 0.01221515
641 250 34 37 0.012305139
210 225 16 20 0.012775632
115 237 42 47 0.012828264
311 218 28 15 0.0130938785
534 267 35 33 0.013182038
247 243 28 18 0.013190569
217 263 28 16 0.013316254
977 442 39 128 0.013340736
381 244 28 14 0.013412654
131 227 24 26 0.01353609
237 243 27 16 0.013968485
611 244 33 14 0.013990141
599 279 35 34 0.013993392
632 299 58 40 0.014033067
22 297 25 18 0.0143126175
586 230 29 15 0.014698661
6 279 24 18 0.014785603
516 271 24 29 0.015002243
514 329 52 79 0.015112953
1 276 19 21 0.0152232805
362 295 28 16 0.015283158
982 469 32 88 0.015347425
187 248 26 16 0.015446626
602 310 27 17 0.0154947415
726 230 37 13 0.017240888
27 283 20 30 0.01728793
72 243 30 14 0.01731591
89 343 29 39 0.01733918
67 242 23 26 0.017761622
1005 334 18 35 0.01789307
203 220 28 15 0.017997187
526 260 47 48 0.017999038
515 248 25 28 0.0180155
831 262 25 16 0.018214762
596 268 44 51 0.018959487
135 247 27 16 0.019499313
52 234 31 14 0.020064905
98 301 30 37 0.020075522
58 223 23 28 0.020092772
382 274 22 28 0.02040537
126 259 26 16 0.020684078
711 206 55 86 0.02095165
1000 404 24 21 0.021010133
512 248 37 12 0.02181736
459 263 26 16 0.021840228
887 272 35 30 0.022324786
175 263 25 18 0.022559457
231 226 23 27 0.022949085
313 239 25 19 0.023112465
380 264 27 15 0.023245087
266 250 25 17 0.02347012
348 248 21 28 0.023591416
363 277 27 16 0.025147902
42 213 29 14 0.025320563
348 243 26 16 0.026094327
0 237 18 22 0.026370786
599 300 35 34 0.027707325
604 260 27 16 0.029352812
593 292 46 49 0.03002568
500 281 34 13 0.030083384
253 275 32 32 0.03303971
504 257 32 13 0.033932395
733 263 40 66 0.03425885
843 244 26 17 0.036347426
133 258 28 16 0.038674757
391 266 29 14 0.040010475
0 231 16 23 0.04250055
873 256 23 27 0.044517938
376 278 28 15 0.045945656
419 327 39 57 0.046678923
362 278 21 30 0.04852074
733 286 47 62 0.04929547
332 267 20 33 0.049412366
9 281 20 31 0.05098671
604 248 28 16 0.051950578
1002 396 17 37 0.052496195
838 261 26 16 0.05254242
471 262 29 15 0.05255319
388 244 22 27 0.05498058
0 230 27 36 0.058678396
732 217 32 39 0.061649494
266 257 25 18 0.06671716
508 252 29 13 0.072432525
131 233 32 14 0.073988676
94 246 27 17 0.07771928
503 248 46 46 0.07775859
727 211 41 54 0.08180084
101 246 27 19 0.082583874
730 233 31 41 0.0832303
874 266 26 17 0.09105023
442 246 24 27 0.09598312
453 272 32 34 0.09839431
604 241 32 35 0.09844226
716 255 59 87 0.09938973
393 233 28 15 0.09991111
25 245 27 18 0.10190536
41 232 29 16 0.103647046
898 244 32 17 0.10502381
846 269 28 41 0.10832301
31 235 23 28 0.11391837
393 241 27 16 0.119861476
333 262 26 19 0.12490807
122 242 32 34 0.12752147
631 252 65 76 0.13020408
460 279 26 18 0.1509713
42 223 22 30 0.16680117
223 246 32 33 0.17064853
251 228 24 28 0.18282396
437 249 28 16 0.18469307
253 304 30 37 0.1859196
185 249 33 33 0.18649463
426 246 25 27 0.19809356
839 245 29 39 0.20533548
3 224 20 34 0.22010481
173 254 24 29 0.2239936
725 226 41 57 0.22515309
210 264 34 32 0.2383152
0 338 16 39 0.3036372
330 255 23 29 0.3039909
506 259 47 46 0.38912073
248 235 31 33 0.39481235
314 224 26 26 0.4148379
855 278 32 34 0.44304
636 259 49 51 0.46755803
203 223 23 28 0.48626262
329 304 24 30 0.5183082
96 239 33 33 0.5271117
893 243 34 30 0.569447
519 329 35 62 0.63175297
930 296 40 32 0.68665546
996 240 28 37 0.73123944

