7_Cheering_Cheering_7_171
475
551 257 20 20 0.010036386
741 182 9 13 0.010069803
561 195 14 17 0.010178003
774 292 11 12 0.010186442
931 214 19 18 0.010226686
213 7 9 12 0.010335553
305 97 12 18 0.0103731975
756 159 9 11 0.010399967
668 293 12 24 0.010457553
706 248 14 18 0.010468
560 119 9 12 0.010474383
155 119 14 17 0.010510027
71 36 10 13 0.010585914
495 29 9 13 0.0106007885
608 6 9 12 0.010717545
526 41 12 17 0.010731507
661 186 14 16 0.01080472
908 355 13 17 0.010841794
224 0 9 8 0.010896421
434 181 10 14 0.010962637
727 288 13 19 0.011001242
531 21 8 12 0.01100623
823 403 13 24 0.011039909
441 140 9 15 0.011203982
688 173 11 12 0.011246008
804 132 12 18 0.0114323795
750 242 11 13 0.011548222
770 328 8 11 0.0115484465
387 316 19 30 0.011689268
66 144 12 15 0.011696041
836 194 12 19 0.011875482
1014 334 9 26 0.011902846
547 91 10 11 0.011971985
303 223 14 18 0.01202857
580 67 12 17 0.012098231
157 93 13 12 0.012197499
542 244 13 18 0.012209432
566 102 13 18 0.012332453
465 120 13 18 0.012345323
776 150 8 11 0.012383522
396 21 13 17 0.012452128
348 91 13 17 0.012460269
307 100 9 13 0.012493705
755 320 13 17 0.012538437
718 116 13 17 0.012574571
607 137 10 13 0.012743244
339 286 12 20 0.012852841
17 382 18 31 0.012893227
518 209 13 18 0.012935935
75 423 21 21 0.013011277
140 169 14 17 0.0130563
528 51 13 18 0.01306032
595 155 10 12 0.013090052
717 133 13 17 0.013094722
763 103 12 19 0.01315935
539 182 13 17 0.013230621
415 285 20 21 0.01333214
318 101 13 17 0.013349023
620 151 13 17 0.013359225
386 34 11 12 0.013393977
532 117 10 14 0.013431793
838 196 9 14 0.013584418
864 243 8 15 0.013641698
85 26 10 12 0.013657909
190 117 12 21 0.0136739565
438 55 12 17 0.013767237
855 203 9 13 0.013825069
133 90 11 12 0.014023069
129 3 8 13 0.01418621
478 25 9 12 0.0142374365
445 138 13 17 0.014278322
667 143 12 18 0.014302684
273 36 10 14 0.014347135
450 38 13 16 0.014476112
608 234 14 17 0.014504466
387 401 17 36 0.014617668
418 308 21 19 0.014666859
625 57 9 10 0.014771238
327 29 10 13 0.0147999115
249 0 9 7 0.014848924
727 282 13 18 0.014884869
510 186 13 16 0.015049124
616 71 9 11 0.015059518
708 255 13 18 0.015080155
501 196 14 17 0.015231646
509 195 13 16 0.015334739
798 164 13 18 0.015549047
418 39 13 16 0.015610641
673 41 8 10 0.01568686
496 235 21 17 0.01577646
863 290 8 14 0.015776725
702 184 11 13 0.015842557
336 123 10 13 0.016015112
297 11 9 13 0.01614504
680 73 9 14 0.016145676
701 277 13 20 0.01616928
1016 298 7 13 0.016194103
883 246 13 17 0.01627472
86 8 10 13 0.016274804
1013 315 9 13 0.016411366
96 92 12 12 0.016423238
56 84 11 16 0.01643785
561 54 13 16 0.016453654
696 120 10 13 0.016480807
668 138 11 15 0.016552174
808 185 9 12 0.016611667
324 78 10 12 0.016685681
895 229 10 12 0.016714262
339 213 13 19 0.016733676
732 287 13 17 0.01676523
705 102 13 17 0.016888354
644 47 9 10 0.016909355
727 162 10 12 0.016967302
952 235 10 12 0.01698707
951 358 13 17 0.01701402
966 218 9 11 0.017123276
62 20 10 13 0.017137067
748 280 14 16 0.017292218
551 215 13 19 0.017380575
672 116 11 13 0.017388418
896 363 14 16 0.017626513
628 181 13 16 0.01771142
862 216 12 18 0.017764749
736 164 9 12 0.017782614
27 82 12 18 0.017818337
447 81 11 14 0.017860904
567 105 10 13 0.01793688
156 201 19 21 0.018004917
340 280 13 20 0.018193308
879 217 13 18 0.018392777
549 121 13 18 0.018601699
531 99 10 14 0.018755678
798 147 12 17 0.018796735
299 264 13 21 0.018802078
830 228 11 22 0.019160064
757 323 10 12 0.019227387
785 123 8 12 0.019247891
637 324 14 21 0.019502481
589 68 13 17 0.019578567
999 354 21 21 0.019598614
428 112 12 19 0.019612743
940 272 18 20 0.01970444
334 121 13 17 0.019893982
598 84 13 17 0.01992615
254 0 8 8 0.019957844
178 134 13 18 0.020048637
747 236 13 15 0.020118272
721 118 9 13 0.020298345
702 195 11 13 0.020375434
83 37 10 12 0.020417523
417 17 13 16 0.020914331
428 102 13 16 0.021473316
515 29 9 13 0.021681063
877 196 9 14 0.021696378
569 44 9 11 0.021727318
639 207 12 16 0.021764053
337 129 12 18 0.021972233
785 189 10 12 0.022004561
587 162 13 16 0.022060823
360 29 11 13 0.022089452
402 112 12 18 0.022225972
766 116 8 15 0.02226256
365 27 10 13 0.022524623
321 103 9 13 0.02256021
784 312 9 13 0.022737117
1010 311 12 21 0.022769807
864 218 9 13 0.022896731
685 72 10 13 0.022914415
820 148 8 13 0.022970557
733 195 10 14 0.02301834
647 164 13 17 0.023057595
334 27 10 14 0.023123093
383 199 10 13 0.023148624
390 310 14 20 0.02326554
740 134 13 17 0.023317995
520 68 10 15 0.023351075
733 155 9 11 0.023440212
419 60 10 12 0.023502756
814 183 9 14 0.023567239
741 119 12 17 0.023631329
648 244 13 19 0.023684582
386 325 14 21 0.023693865
976 263 14 16 0.02405385
161 28 14 16 0.024219897
670 193 11 14 0.02424515
104 67 18 19 0.024596563
895 367 13 18 0.024724776
613 154 11 12 0.02473811
465 40 10 11 0.02509971
150 90 14 17 0.026010359
881 218 9 13 0.026131459
662 294 12 23 0.026173983
703 132 9 14 0.026349083
495 127 13 17 0.02657296
596 117 10 13 0.026645591
700 119 13 17 0.026947087
598 138 10 13 0.026990805
599 215 13 18 0.02721425
419 13 9 11 0.027337644
149 5 9 13 0.027375722
127 139 14 18 0.027389213
851 178 10 13 0.027580986
491 123 14 17 0.027678438
407 184 13 17 0.028090542
576 113 13 18 0.028453657
22 387 22 20 0.028584866
345 98 10 15 0.028608834
958 231 10 11 0.028644295
242 73 10 13 0.028680338
785 195 10 13 0.028900327
338 313 13 21 0.028946478
565 131 13 18 0.028976731
733 283 14 16 0.02925537
322 35 10 12 0.029607035
636 182 13 16 0.029746927
142 0 9 9 0.029856257
273 303 12 21 0.029956374
743 234 13 17 0.029999902
486 122 14 17 0.030455258
982 371 23 18 0.030516734
440 144 11 16 0.030588657
156 95 14 16 0.0306527
180 136 9 13 0.030843541
706 103 10 13 0.03099212
327 53 13 18 0.031001745
573 105 13 18 0.031332426
224 7 10 13 0.031834986
456 101 11 15 0.031864304
420 281 14 19 0.03193321
30 58 10 13 0.03219283
190 0 11 11 0.032430965
694 230 14 17 0.032452844
399 23 9 12 0.032637578
471 180 13 18 0.032908842
530 52 10 13 0.03317577
696 131 12 18 0.03332938
980 278 9 12 0.033630036
801 167 9 13 0.033776198
524 208 13 17 0.033819783
127 56 10 12 0.034295335
997 355 14 17 0.034424588
337 40 10 12 0.03456468
312 90 9 13 0.034633916
903 248 13 17 0.03518593
951 324 13 18 0.03565049
528 43 9 12 0.03671385
662 145 13 17 0.037278626
640 296 13 20 0.03733861
356 53 13 18 0.037614338
556 246 13 19 0.037628237
441 24 8 11 0.037906874
136 0 10 10 0.037947685
439 56 9 12 0.038806356
663 138 13 17 0.038841695
61 65 14 16 0.039271466
403 199 13 18 0.03962158
468 67 10 13 0.039711513
301 18 10 15 0.039732326
131 172 15 17 0.039750114
496 214 15 17 0.039868556
159 9 11 12 0.040176988
555 217 13 18 0.040296163
574 46 8 11 0.040754985
675 27 8 10 0.040788554
752 312 14 17 0.041132376
365 33 11 14 0.041625902
932 327 12 18 0.041748792
760 104 12 19 0.041988757
191 1 10 14 0.042192373
694 198 12 13 0.04236135
476 207 13 17 0.042545244
471 56 11 13 0.0426374
956 357 14 16 0.042859323
109 68 11 14 0.043101095
350 233 13 20 0.043479588
885 250 10 11 0.043759327
385 26 15 16 0.04405674
107 115 13 18 0.04410771
940 215 11 13 0.04414578
703 120 9 12 0.04488031
720 136 9 12 0.0454193
782 310 12 19 0.0458395
862 227 12 19 0.045970988
302 0 11 11 0.046522267
959 245 9 11 0.04679326
487 72 10 14 0.04727061
244 57 11 14 0.04731487
550 129 10 14 0.047378182
597 50 8 11 0.047703736
443 143 12 18 0.047711007
992 285 10 12 0.04777284
724 189 11 14 0.047867212
430 68 10 14 0.04792969
603 217 14 16 0.04796599
413 185 13 16 0.048025552
654 73 10 12 0.04876567
571 131 13 17 0.049249087
534 184 13 17 0.04943164
582 69 9 12 0.0495194
175 41 10 12 0.049689587
247 23 13 17 0.050262038
805 133 9 12 0.050706513
447 76 11 13 0.050804656
592 182 13 17 0.050807584
689 179 11 12 0.051444985
609 238 14 19 0.051497083
785 140 9 13 0.05177617
242 82 10 14 0.05213989
359 34 11 13 0.052625183
293 268 18 22 0.054275487
495 33 9 14 0.05466514
639 106 11 12 0.055279776
584 162 11 14 0.05583723
485 42 9 13 0.056024857
64 139 13 18 0.05604284
664 57 10 13 0.056141023
485 101 13 16 0.05632783
623 88 10 12 0.056428358
600 86 9 13 0.056510154
864 229 9 14 0.05697804
546 100 13 17 0.057098385
364 10 13 15 0.05721443
419 19 10 12 0.05752622
493 66 10 16 0.057930045
498 239 14 16 0.058442153
742 137 9 12 0.058606938
722 213 13 16 0.05880481
240 41 11 13 0.059248712
332 3 11 15 0.05935721
647 73 11 13 0.05971991
533 243 14 17 0.0597881
925 233 14 16 0.059864018
815 164 10 14 0.05989797
670 185 13 16 0.06002582
251 22 13 16 0.06022525
679 81 13 17 0.060440697
752 177 10 14 0.060815305
34 158 11 23 0.06084023
550 260 15 19 0.061179
552 293 22 19 0.06200049
400 106 13 17 0.06221951
303 3 10 14 0.06229437
786 145 10 13 0.06252219
951 243 12 13 0.06270392
760 115 12 17 0.06289103
401 153 13 17 0.06368077
853 170 10 13 0.06413103
347 96 13 18 0.06455026
329 3 11 15 0.06471915
854 209 11 19 0.06550439
461 129 13 17 0.06575394
324 82 11 13 0.06578665
178 9 11 13 0.066252425
420 41 9 12 0.0666506
656 210 13 17 0.06669932
459 102 13 16 0.067798086
848 320 12 19 0.06825269
913 231 11 13 0.068877034
447 26 10 12 0.06924607
670 55 9 13 0.0696372
800 148 9 13 0.06977916
907 249 14 16 0.07096463
636 203 14 16 0.071149595
61 59 14 16 0.07145976
592 69 9 12 0.07170244
479 82 11 14 0.07241167
158 206 13 18 0.072477005
612 185 14 16 0.07413463
103 116 13 18 0.07486015
652 161 13 17 0.07524443
152 91 21 18 0.07566784
718 102 12 18 0.076658115
510 131 11 14 0.076854475
418 98 13 17 0.07695294
716 232 14 17 0.0775521
453 39 9 12 0.07774521
620 293 14 20 0.07812661
475 181 14 17 0.07819509
791 168 10 14 0.07844919
515 104 13 17 0.07860567
899 215 10 13 0.07925009
447 54 10 13 0.08080279
204 34 11 15 0.081090994
743 121 9 13 0.082245536
728 156 10 13 0.08255628
627 227 14 16 0.08279148
541 167 11 14 0.08439648
993 290 11 12 0.084425926
480 50 10 13 0.08498436
584 295 22 19 0.0857886
774 165 9 13 0.08648379
270 67 13 17 0.08680476
977 246 8 10 0.08684435
291 73 13 17 0.087456524
798 196 12 18 0.08782547
609 87 10 13 0.08841394
685 86 12 17 0.089284204
102 68 15 16 0.08929824
524 65 13 17 0.08944262
752 258 14 17 0.0899902
598 46 8 12 0.09009446
127 174 21 19 0.090441614
722 304 14 21 0.090635695
644 92 11 11 0.090825364
576 51 9 11 0.09137321
86 89 14 18 0.09400872
418 146 14 18 0.094926864
690 247 14 18 0.0960399
301 216 21 19 0.09605111
498 159 14 16 0.09649025
661 88 11 13 0.0968193
448 210 13 18 0.09828375
871 194 9 14 0.098322615
157 147 13 17 0.098356925
332 53 14 18 0.09924449
625 69 10 12 0.09956952
200 35 12 14 0.09963224
294 19 11 13 0.09996481
725 192 12 14 0.100793086
901 321 12 18 0.10134651
884 225 13 17 0.10255722
275 87 12 18 0.10304364
645 51 10 11 0.10364459
512 259 14 18 0.10427473
580 248 14 18 0.10478932
89 89 22 18 0.10757574
424 64 12 16 0.107980214
385 120 13 20 0.11048296
563 56 10 11 0.11055311
756 165 10 13 0.11197431
58 83 14 18 0.11270039
390 248 12 22 0.113291614
600 260 20 19 0.113628715
462 227 14 19 0.11400009
322 240 14 20 0.11552764
0 82 11 19 0.11586909
433 282 20 19 0.11632634
163 33 11 14 0.11682381
651 245 14 17 0.117539816
996 245 9 11 0.11818382
875 168 13 18 0.120291136
1013 321 11 21 0.12077704
701 231 14 16 0.121932745
929 263 11 13 0.12207583
21 79 13 19 0.12248981
515 33 9 14 0.12534937
94 160 21 19 0.12687607
424 310 22 21 0.1273087
979 265 9 11 0.1290476
882 294 10 15 0.13023685
934 215 12 14 0.13176389
341 317 13 20 0.13386425
148 115 14 17 0.1342084
996 263 9 13 0.13433641
754 209 14 16 0.13744831
855 292 8 14 0.14047498
961 279 10 13 0.14112324
130 144 15 16 0.14124003
386 65 13 17 0.14145862
471 26 9 13 0.14295453
53 18 13 16 0.14301862
965 262 9 12 0.14373365
736 82 10 15 0.14531758
221 60 14 16 0.14820068
990 307 13 19 0.15059507
1009 263 12 18 0.15111643
955 324 13 18 0.15466279
351 271 13 20 0.15526593
975 297 13 17 0.15824273
945 275 10 14 0.16456942
287 38 14 17 0.16490525
264 180 11 21 0.19833468
4 8 12 18 0.20343126
117 4 13 18 0.2086534
1011 265 9 13 0.22474004

