7_Cheering_Cheering_7_530
167
121 194 8 10 0.010237686
176 166 7 9 0.010352923
808 176 12 22 0.010443578
53 157 9 9 0.010485014
158 177 13 18 0.010539415
0 167 6 12 0.010602385
128 186 8 10 0.010602974
359 250 7 7 0.010946317
734 174 21 31 0.011474615
874 246 6 11 0.011575999
678 182 17 32 0.012201677
778 212 19 21 0.012496983
169 291 7 11 0.012646164
0 224 11 22 0.012695402
214 88 8 9 0.012737655
906 120 5 9 0.012922674
177 148 7 9 0.013301815
71 231 9 10 0.0133226905
873 262 6 9 0.013510314
64 151 9 9 0.013539834
294 185 6 8 0.01358477
356 170 7 7 0.0136969155
675 149 7 10 0.013725746
548 230 7 8 0.013768695
682 146 16 34 0.013822696
737 211 31 38 0.01388997
4 109 21 19 0.013998702
39 242 11 11 0.014094524
201 217 5 7 0.014409046
584 198 7 7 0.015096687
682 146 20 21 0.015285441
727 171 31 38 0.0153023945
1015 245 5 11 0.015621577
718 157 19 21 0.015704446
52 162 13 16 0.015816173
524 192 14 15 0.015894186
343 202 6 7 0.016022388
116 220 7 9 0.016180046
114 180 12 18 0.016347457
520 185 13 15 0.016784813
374 212 7 7 0.01710388
109 162 13 17 0.017411228
86 242 9 8 0.017563673
641 118 16 37 0.017660256
210 228 5 8 0.017733226
212 216 5 7 0.01819794
247 240 12 19 0.018216409
562 217 7 7 0.018298732
953 212 8 13 0.018355846
159 165 13 16 0.01838855
133 233 10 10 0.018681247
80 180 7 9 0.0189214
270 177 7 10 0.018929383
105 166 8 10 0.019123804
904 267 7 9 0.019256007
814 159 15 33 0.019444916
687 190 13 20 0.019735053
1014 228 7 11 0.02056054
706 197 7 9 0.021308275
196 200 5 7 0.021698112
322 165 7 9 0.02179149
516 209 13 17 0.022298679
72 181 7 8 0.022320628
678 185 7 13 0.023098424
952 209 13 18 0.023315301
691 193 7 13 0.023639172
721 164 42 56 0.023671716
136 143 13 16 0.023751438
152 166 9 11 0.024655933
126 194 12 18 0.02480203
628 120 11 30 0.026257904
883 258 7 10 0.02684569
916 266 7 8 0.027325576
46 241 9 10 0.028076714
680 192 7 13 0.028235363
675 182 12 21 0.028323974
354 179 14 15 0.029502321
518 194 13 17 0.029555451
924 242 13 16 0.03033659
249 243 8 12 0.030368038
881 228 12 20 0.030417461
136 133 12 17 0.030986903
704 173 13 20 0.031375438
115 152 8 10 0.031398553
232 196 5 7 0.031599887
678 187 11 22 0.032114718
590 212 14 16 0.03243729
900 218 6 9 0.03331435
114 226 9 8 0.03343121
162 181 8 10 0.03362098
707 178 8 11 0.033850882
85 120 7 8 0.03404869
730 201 43 55 0.034789808
371 200 6 8 0.035373524
592 196 14 18 0.035834882
726 148 22 22 0.03589807
558 194 7 8 0.035992023
1010 212 12 18 0.037492797
216 196 5 7 0.038855147
434 49 38 56 0.039786533
525 211 14 16 0.040123824
99 233 9 8 0.040394172
883 244 7 10 0.042456876
63 165 8 8 0.042651378
911 228 12 17 0.0427193
547 215 8 9 0.04575842
550 190 7 8 0.047479734
364 179 13 15 0.047656253
928 230 7 8 0.048309546
707 169 7 13 0.049409077
548 192 13 14 0.0506871
137 136 19 19 0.054293454
947 243 8 9 0.056201812
585 216 8 9 0.057198677
137 145 9 12 0.058055993
259 195 6 9 0.059980884
921 242 7 10 0.061560147
260 174 12 15 0.06501721
345 182 8 9 0.068380855
117 184 7 11 0.074009895
733 145 18 32 0.081910424
595 200 8 11 0.08200355
687 181 12 19 0.08310827
932 262 7 9 0.089727744
884 232 7 12 0.09145684
11 97 18 30 0.09148352
137 135 9 11 0.096706666
112 165 9 10 0.100352995
704 165 12 21 0.10409867
901 230 6 9 0.10515358
690 184 7 13 0.108056135
360 197 7 9 0.11108653
129 197 8 11 0.11217931
142 138 10 14 0.120124735
162 168 8 9 0.122190475
1012 216 8 11 0.12554586
518 212 8 10 0.12930834
593 215 9 10 0.14109428
528 194 9 10 0.14343074
293 195 7 9 0.14392513
529 213 9 11 0.17861305
522 187 9 11 0.18279538
927 245 9 9 0.18744604
520 198 8 10 0.203751
263 173 8 12 0.23884521
722 146 17 33 0.24520135
245 193 7 9 0.24753828
54 164 9 9 0.25518703
217 186 5 8 0.26669505
224 185 6 7 0.2813219
395 12 33 70 0.2877341
817 170 16 31 0.29398042
814 174 13 25 0.30036694
357 181 8 9 0.3068687
141 141 13 16 0.32229456
402 26 39 61 0.34414944
625 110 16 38 0.35567343
245 189 7 8 0.38514888
525 187 10 11 0.39993745
8 107 24 19 0.48530582
367 181 8 10 0.4924097
914 231 7 11 0.5721731
81 133 12 16 0.7216629
261 176 9 11 0.73779577
549 193 10 10 0.7616149
303 161 13 17 0.78268886
957 208 14 18 0.787614

