7_Cheering_Cheering_7_426
157
483 56 7 9 0.010058259
89 105 7 10 0.010065559
527 72 9 10 0.010233609
738 16 7 6 0.010237938
732 1249 21 19 0.010277421
520 74 8 10 0.010298503
747 1217 13 22 0.0103506455
727 206 6 10 0.010512576
775 125 6 8 0.010560978
164 1024 9 10 0.010584197
578 1313 56 79 0.010593414
641 112 7 8 0.010605666
852 125 10 10 0.010689133
263 6 9 10 0.0110341525
724 169 12 19 0.011129573
490 369 7 9 0.011201885
133 1130 39 60 0.011305468
886 186 9 12 0.011371413
524 59 13 18 0.011681751
571 1048 65 90 0.01179636
866 139 9 10 0.012014899
294 104 6 9 0.012040407
7 997 7 15 0.012100796
775 107 5 7 0.012104844
654 166 12 18 0.012141466
47 96 7 8 0.0121427765
550 106 7 8 0.012286312
387 369 7 9 0.012338791
474 46 7 8 0.012562914
200 104 22 18 0.012663483
692 108 7 7 0.012697954
246 0 10 8 0.012784163
734 152 12 20 0.012839428
606 134 12 18 0.012903165
36 1023 9 11 0.012995237
885 149 13 19 0.013004898
564 56 7 10 0.013083284
785 122 6 8 0.013144
517 107 7 7 0.0132107325
736 170 7 11 0.013518998
368 101 13 18 0.013622348
693 23 7 7 0.013633885
163 88 14 16 0.013642903
5 988 8 14 0.0137761235
749 1114 19 33 0.013847783
596 91 7 8 0.013935547
527 61 9 10 0.01394045
370 104 9 11 0.013940835
866 1193 21 37 0.013952948
644 123 7 8 0.014094212
207 90 10 10 0.014256977
627 23 8 7 0.014294761
726 1297 26 45 0.014324086
484 391 7 9 0.014450222
519 1013 26 52 0.014670428
402 42 7 8 0.014989557
647 141 6 7 0.015142108
598 107 6 9 0.015761398
892 150 13 18 0.015811043
895 153 9 12 0.01604875
383 0 9 6 0.016443394
4 985 11 22 0.016478373
95 103 8 10 0.016506527
887 153 9 12 0.016799534
768 1128 25 46 0.016830878
885 181 12 19 0.016994214
602 138 6 10 0.017157456
776 1202 19 31 0.017305989
408 102 10 14 0.017309843
615 156 6 9 0.017378457
615 124 6 9 0.017850244
772 1156 34 72 0.018116232
96 96 7 8 0.018165367
389 59 6 6 0.018175924
628 152 13 18 0.018329097
736 155 8 11 0.018669581
717 1299 27 44 0.018673897
402 32 7 7 0.019047426
681 93 7 8 0.019117799
371 93 7 7 0.019240765
441 118 10 13 0.019377183
801 141 7 9 0.019483484
709 172 11 18 0.019931505
6 993 11 23 0.020133294
392 47 6 8 0.020508287
921 886 5 11 0.020577699
271 4 10 11 0.02079179
785 106 6 8 0.020857109
570 1017 64 82 0.020859772
565 48 7 8 0.020921359
200 86 22 18 0.021126946
453 362 8 10 0.021236803
314 75 7 9 0.02183661
411 99 13 20 0.02214836
657 155 6 8 0.022471655
200 94 20 31 0.022791801
516 96 6 6 0.022909893
695 18 7 6 0.023756662
164 78 7 8 0.024831953
596 123 6 9 0.024864465
5 1315 30 73 0.02509503
322 62 6 8 0.02558871
658 122 7 8 0.025628967
721 182 7 9 0.02618971
263 0 12 10 0.028112702
317 73 13 18 0.028226316
318 83 13 18 0.028276626
884 137 8 10 0.02895536
726 173 7 11 0.029192269
743 1217 13 22 0.030322421
269 1 12 10 0.031401873
657 169 8 11 0.032112673
328 43 6 9 0.033968233
65 1091 42 56 0.035397336
152 91 7 7 0.03594205
623 89 7 10 0.037319176
860 312 23 48 0.03732997
117 1014 7 12 0.03745707
357 12 7 7 0.0377811
375 0 8 7 0.038374208
407 99 13 19 0.038769655
641 154 7 8 0.039677914
386 373 11 20 0.03996105
552 93 7 7 0.040132593
177 61 8 9 0.04022985
441 115 12 19 0.04043068
712 108 7 7 0.040604487
705 92 8 7 0.04060667
560 91 8 9 0.045092218
617 89 7 9 0.04712391
757 118 6 8 0.04851124
741 1209 19 32 0.05127462
598 188 6 9 0.05175119
630 138 6 8 0.051807847
721 103 7 8 0.052267987
535 94 6 7 0.07428275
310 93 7 8 0.0778135
321 87 8 10 0.08349825
481 47 7 7 0.0836594
321 77 7 9 0.08650367
631 154 7 10 0.099434175
759 113 6 6 0.10015212
785 95 6 7 0.10223195
165 91 8 9 0.10312966
445 109 13 17 0.104753405
388 375 7 13 0.10555925
294 95 6 7 0.10612597
693 90 8 8 0.113623984
525 1010 60 79 0.113820955
444 114 13 18 0.12307583
610 138 7 10 0.12416467
711 180 6 11 0.14707986
723 92 7 8 0.15014303
711 176 7 11 0.22831336
517 1003 34 74 0.26657006
318 1000 52 89 0.56694657
857 1184 36 52 0.61859745

