7_Cheering_Cheering_7_313
57
977 149 17 40 0.010257253
48 2 12 10 0.011221401
332 0 22 24 0.011659604
321 288 40 62 0.011774375
339 285 40 61 0.012432178
116 246 39 72 0.012602666
196 235 42 62 0.01288557
1015 0 7 22 0.01292882
4 33 36 61 0.013374118
994 168 15 39 0.013399524
585 200 28 42 0.013987643
34 115 18 42 0.014212281
863 171 29 39 0.01454073
10 46 17 37 0.014791202
1012 116 12 50 0.015362485
193 253 43 60 0.0154151125
1016 12 7 36 0.01560193
29 237 27 47 0.015951397
477 255 36 63 0.017728483
704 268 41 63 0.01778847
903 177 27 44 0.017876169
9 40 25 46 0.020806162
315 45 44 54 0.020851966
118 232 39 63 0.021639518
757 142 28 49 0.02197558
1005 130 18 58 0.02220305
1016 26 8 30 0.022244548
180 137 36 58 0.022451265
151 110 28 18 0.022588948
1018 119 6 41 0.025285197
1016 137 8 39 0.025680926
2 314 31 81 0.026298717
1 98 22 51 0.026660364
728 153 37 61 0.027904654
329 1 29 16 0.028314782
1017 0 5 14 0.03109341
1017 0 5 8 0.031963408
843 1 24 17 0.031976134
0 103 14 43 0.03267327
969 170 27 50 0.035770338
342 35 47 54 0.04030273
1009 134 13 45 0.051929045
3 80 21 53 0.052895803
0 307 38 146 0.05321108
23 230 37 64 0.067630365
244 150 27 45 0.12197985
878 106 18 32 0.13818529
970 138 30 71 0.18750736
215 156 44 51 0.31791
963 163 35 73 0.5495027
952 182 36 68 0.67764455
27 107 28 61 0.72665596
160 122 45 59 0.89638495
229 147 37 52 0.9129665
746 133 33 67 0.9554271
347 165 33 43 0.9683422
653 148 30 55 0.9694001

