7_Cheering_Cheering_7_118
115
696 17 21 19 0.01000042
544 208 38 67 0.010035258
868 151 31 65 0.010734311
856 79 24 20 0.010748515
377 105 34 63 0.010890394
606 48 25 47 0.011083784
767 137 20 19 0.011255822
97 208 24 17 0.011372689
289 386 36 75 0.011377253
881 160 19 20 0.011407326
156 206 14 19 0.011628099
473 265 42 60 0.011740605
150 215 13 20 0.011785105
408 78 35 62 0.011817658
580 76 28 47 0.01214538
283 145 18 22 0.012240174
1002 144 20 56 0.0123339575
386 116 14 22 0.012405445
762 198 33 75 0.012831128
314 179 38 58 0.013241942
878 180 20 37 0.013444828
504 35 37 68 0.013535885
1006 212 11 26 0.014089702
874 157 24 47 0.014116772
927 144 32 67 0.014189624
379 100 27 40 0.014321918
329 126 20 35 0.014378158
210 201 13 22 0.0145051
319 149 20 21 0.014592161
188 206 20 22 0.014611426
751 161 16 38 0.015920946
193 197 18 31 0.015923852
330 141 20 21 0.01611772
668 38 20 31 0.016541103
387 103 54 83 0.017113134
416 90 18 34 0.01804423
762 166 21 20 0.01807485
657 30 12 21 0.018209403
246 331 35 68 0.018268332
412 85 26 45 0.018325837
943 216 18 35 0.01840968
29 221 28 46 0.018413533
161 190 21 19 0.01861835
169 189 20 20 0.018623387
812 146 17 34 0.019426188
827 144 22 20 0.019519854
763 183 17 36 0.01979785
319 188 28 41 0.019948518
582 54 26 49 0.020452175
164 191 19 31 0.020699887
1006 152 14 44 0.020965062
326 151 20 33 0.02131251
423 255 88 159 0.022309082
1006 93 15 40 0.023382697
997 214 19 22 0.023667105
693 54 12 22 0.024103085
418 138 30 64 0.024466516
104 210 26 44 0.024632717
903 50 23 18 0.026920984
1003 188 13 44 0.029172348
512 19 37 63 0.029364789
321 144 19 21 0.029830338
860 123 17 32 0.031757955
651 31 25 44 0.03180679
936 175 23 48 0.032036334
577 27 26 45 0.034229513
1013 102 9 31 0.03629133
264 377 52 90 0.036370248
387 117 19 34 0.03808635
326 122 27 45 0.03848766
958 25 19 31 0.038917657
278 367 37 64 0.03895303
925 97 22 19 0.03916221
285 149 13 20 0.04245686
9 215 35 65 0.043281775
5 224 34 74 0.04904962
789 141 14 21 0.051295187
840 1 20 28 0.051511154
928 90 19 32 0.0515866
238 160 17 33 0.052696355
323 145 29 42 0.053159725
435 288 62 96 0.05755238
575 49 48 96 0.057906806
226 336 34 66 0.06071268
1002 109 22 55 0.06413775
767 151 17 34 0.071118906
753 180 17 35 0.07214086
321 115 36 62 0.07274465
0 229 57 90 0.07450269
1000 210 16 36 0.07497462
318 136 39 58 0.077372916
882 165 35 65 0.082103126
22 216 37 64 0.08907337
797 136 18 33 0.095752195
762 159 20 22 0.103742935
790 142 22 22 0.10531823
382 113 21 20 0.110122964
385 158 18 35 0.12236734
577 47 35 70 0.13462597
104 209 23 20 0.14235404
425 150 17 37 0.14905618
238 160 20 21 0.15082175
846 123 16 33 0.15195179
850 122 21 21 0.17431556
826 141 23 49 0.18113682
15 291 82 104 0.19962798
873 167 33 63 0.21124943
786 135 17 33 0.21469066
400 247 85 81 0.28793293
427 247 69 100 0.8024454
789 230 73 113 0.8995433
567 237 81 136 0.89993817
877 302 94 137 0.9531509
25 283 94 135 0.9545615
296 240 87 96 0.96095425

