7_Cheering_Cheering_7_391
153
730 319 22 19 0.010106612
780 354 21 30 0.010336379
72 400 23 54 0.010541179
123 279 19 31 0.01081603
360 323 16 33 0.010818817
759 380 33 36 0.010934295
551 308 7 8 0.010966505
5 435 14 42 0.010987766
831 250 19 31 0.011033028
948 434 36 70 0.0112045305
673 256 12 19 0.011374196
671 275 8 13 0.011403998
767 255 9 12 0.011536956
356 321 13 20 0.011611691
482 288 7 8 0.011675808
293 658 98 110 0.011801837
464 311 9 13 0.01191322
576 387 20 31 0.012074688
652 317 20 31 0.012165007
503 321 7 12 0.012206465
716 178 11 13 0.012703837
501 318 12 21 0.012904652
596 368 13 19 0.013258712
495 331 11 23 0.013283964
104 460 33 73 0.013313391
190 340 13 20 0.013745655
451 314 12 20 0.013835956
198 397 35 66 0.013857358
809 357 21 29 0.013924642
326 349 18 31 0.013956714
680 312 20 30 0.01404757
653 283 13 19 0.014056641
387 333 8 13 0.014131399
461 325 17 31 0.014647425
455 347 18 33 0.01465282
889 428 108 114 0.0147733465
485 311 7 11 0.014801754
734 266 12 22 0.014851937
362 360 19 22 0.014885765
626 287 9 12 0.014938003
696 288 11 23 0.0150126675
764 259 17 32 0.015026523
383 324 12 18 0.015239782
931 439 42 65 0.015477562
292 372 17 34 0.01579567
724 269 12 21 0.015868064
517 204 7 10 0.015980965
651 284 18 30 0.016128551
220 359 14 21 0.016316585
313 324 18 21 0.016584666
829 236 11 25 0.01669325
501 306 7 10 0.016762102
630 272 13 18 0.017066086
752 374 44 53 0.01716821
8 411 22 51 0.017484292
428 315 12 20 0.017672174
385 327 8 12 0.018330565
752 261 18 32 0.018507235
100 375 16 43 0.018646654
477 439 38 61 0.018703928
382 350 13 22 0.019287443
293 365 18 23 0.019446142
950 434 51 100 0.019649578
94 339 31 68 0.019692196
480 347 8 15 0.020434916
732 357 27 43 0.020484718
9 416 15 42 0.020681953
706 290 8 16 0.02109322
761 256 8 14 0.021152286
630 251 9 15 0.021544907
623 284 13 19 0.021547139
405 319 13 22 0.021925326
461 309 12 18 0.022436142
700 293 16 26 0.022916956
563 285 8 10 0.023065973
596 198 8 9 0.023168202
123 267 19 31 0.023350738
73 369 31 73 0.023662258
632 275 9 12 0.023868147
448 358 9 13 0.024226332
647 164 9 10 0.024696678
385 330 12 20 0.024775246
480 319 11 21 0.025499571
255 361 13 21 0.025551926
630 245 8 14 0.025731752
828 231 17 33 0.026079753
484 339 8 15 0.026849184
668 271 12 20 0.026868332
425 343 16 35 0.027000742
477 341 18 31 0.027476614
534 304 7 9 0.02825195
417 331 13 24 0.028559942
509 330 13 25 0.029005954
256 352 13 22 0.029521482
764 252 13 20 0.029612858
68 389 31 74 0.029765518
710 184 13 18 0.030371197
483 321 7 12 0.031017005
806 283 20 30 0.03194797
503 110 7 10 0.03241031
465 316 8 14 0.03501589
588 379 13 21 0.035531364
939 255 23 18 0.036460146
194 452 44 66 0.036780294
108 267 20 31 0.040545635
760 254 12 20 0.04099255
685 296 19 30 0.041704573
711 179 10 14 0.042483672
637 269 13 18 0.045442957
367 303 13 19 0.046814192
445 354 14 19 0.049717184
397 341 17 35 0.05126822
462 313 12 20 0.051728692
909 440 67 84 0.052203532
640 271 9 13 0.05244647
212 352 19 22 0.052747935
628 243 12 20 0.053610697
583 379 13 21 0.053629253
511 320 19 31 0.055270225
370 305 8 13 0.058340736
561 280 8 9 0.058761813
315 329 16 31 0.060033757
366 352 19 22 0.060360927
417 323 16 35 0.060720176
423 319 8 14 0.06385401
477 343 12 21 0.06624163
401 324 16 38 0.06699352
108 277 20 31 0.067077346
352 365 19 22 0.06981991
703 284 18 32 0.07393643
728 148 7 8 0.07871452
92 361 29 72 0.08364714
187 344 20 22 0.08959238
661 273 9 13 0.093575016
202 348 18 33 0.10377263
481 327 17 31 0.10898621
546 401 40 57 0.111844264
202 430 47 96 0.11886275
298 367 19 23 0.122494735
303 349 17 33 0.12297124
470 163 8 11 0.1303776
315 328 12 22 0.14549658
421 316 12 21 0.16087122
703 288 12 24 0.17223631
660 270 13 19 0.17778337
740 374 27 43 0.17918113
714 175 14 19 0.18322782
357 353 17 34 0.19409303
220 349 17 32 0.1958607
306 329 17 32 0.2133518
311 331 13 23 0.25623158
480 336 13 24 0.37877214
710 176 14 21 0.7531644

