7_Cheering_Cheering_7_870
30
309 139 13 22 0.010594169
588 278 27 42 0.011103306
453 280 5 6 0.012306604
3 156 10 26 0.01407274
610 275 7 6 0.015076741
532 292 7 6 0.01628377
596 279 7 6 0.017326478
596 290 9 8 0.018850412
45 218 20 33 0.019181913
519 289 5 5 0.021712344
470 306 5 7 0.022503456
530 278 6 4 0.02350833
503 306 6 6 0.028296862
485 307 5 6 0.031635694
471 280 4 5 0.032930043
548 279 5 5 0.037818085
113 233 39 52 0.039275948
469 293 5 6 0.047070883
455 291 5 8 0.04749028
486 293 4 5 0.052254714
501 291 4 5 0.058518015
488 278 4 5 0.1316966
120 230 30 41 0.1548694
501 277 4 5 0.21465172
517 276 5 6 0.21749946
891 198 48 67 0.6682332
649 215 40 69 0.77936155
106 224 32 56 0.8977573
380 199 41 58 0.9587536
231 246 32 54 0.9811632

