7_Cheering_Cheering_7_29
592
47 94 12 19 0.010005576
945 94 13 16 0.010008958
1010 131 8 12 0.010033187
333 51 12 18 0.010051671
847 287 13 17 0.010071563
454 303 8 13 0.010073778
949 162 9 11 0.010077407
771 99 13 16 0.010079134
625 365 21 19 0.01012199
949 192 9 12 0.010127907
128 368 8 13 0.010154069
452 336 13 17 0.010171045
370 69 7 9 0.010207479
474 331 21 18 0.010212924
208 437 12 8 0.010231837
823 301 10 12 0.010237971
740 322 14 17 0.010273594
421 339 10 11 0.010300797
83 332 13 17 0.010328883
836 260 9 11 0.010336642
220 116 14 15 0.010338554
226 97 8 12 0.010352546
686 271 14 16 0.010420703
176 72 8 11 0.010462444
755 224 8 10 0.010482516
512 262 8 10 0.010488537
965 93 13 16 0.010492368
0 305 9 23 0.010576321
787 211 10 11 0.010627317
519 114 7 11 0.010636105
163 304 7 11 0.010643685
913 209 9 14 0.010649475
712 229 8 12 0.0106869
33 147 9 12 0.0107152285
2 325 16 36 0.010723603
974 208 13 16 0.010749204
232 325 8 12 0.010772823
415 323 10 11 0.010842801
98 112 6 10 0.010862949
689 240 9 10 0.010897351
1005 186 12 18 0.010949002
403 300 10 12 0.010951377
818 263 10 11 0.010958208
770 257 13 18 0.011001444
65 175 9 13 0.011037457
463 164 8 12 0.011072526
770 328 12 20 0.0111132
279 367 9 11 0.011121614
225 386 7 9 0.011128245
705 293 23 16 0.011133321
207 447 13 10 0.011200601
756 108 12 17 0.011202756
502 194 7 9 0.011220401
134 179 7 14 0.011223655
737 60 11 20 0.011240532
420 305 9 13 0.011245113
17 95 13 18 0.0112940045
548 128 12 17 0.011335739
82 309 10 12 0.01136406
482 166 8 11 0.011369735
240 322 8 12 0.01142529
510 81 20 18 0.011428512
819 215 9 10 0.01147744
287 447 12 9 0.011491812
853 89 7 8 0.011546328
702 298 23 16 0.01163715
758 259 8 11 0.011658702
447 164 13 18 0.01166736
679 323 8 9 0.01168902
640 355 8 10 0.01171144
660 145 8 11 0.011727053
865 223 9 13 0.011808318
650 65 6 10 0.011857897
642 324 7 9 0.011931015
1 315 7 17 0.011984959
966 241 9 12 0.012041764
196 402 9 11 0.0120661305
806 259 10 12 0.012079917
904 126 12 18 0.012108991
81 152 12 19 0.012148463
733 363 12 18 0.012159456
343 430 22 18 0.012181239
239 303 8 12 0.012288962
68 282 11 13 0.012295429
769 44 7 14 0.012318341
403 110 13 17 0.012330525
79 127 8 14 0.012365335
783 254 9 12 0.012372359
335 62 8 13 0.012386964
448 130 8 12 0.012411756
388 198 10 13 0.012489741
157 95 13 17 0.012552495
648 287 6 9 0.012660253
664 223 9 11 0.0126749
755 100 12 17 0.012678982
152 266 12 18 0.012713781
465 356 10 13 0.012720391
722 147 10 13 0.012734975
701 162 13 17 0.01275128
171 370 13 17 0.012771134
781 106 12 17 0.012781648
565 181 9 12 0.012800005
34 163 8 12 0.012802964
45 313 13 18 0.012803482
19 98 10 12 0.012848148
605 79 12 17 0.012855709
496 271 8 10 0.012989654
463 99 10 11 0.0130072795
81 306 14 18 0.013069812
888 212 10 17 0.013093669
535 240 8 10 0.013243413
337 275 10 12 0.01325623
177 436 10 9 0.013296383
647 142 9 11 0.013315721
149 255 12 19 0.013357246
376 46 12 19 0.013364224
247 40 8 12 0.013373854
833 158 8 10 0.013375174
547 160 8 12 0.013388414
212 145 9 12 0.013421617
309 271 10 13 0.0134410905
691 294 10 9 0.013485792
772 259 9 12 0.01350788
1 309 7 15 0.013547561
68 82 12 19 0.013557876
353 272 9 12 0.013567178
242 99 12 17 0.013616396
693 127 12 18 0.013617645
676 142 12 18 0.013655114
85 334 10 12 0.013688827
451 321 9 10 0.013707987
866 240 9 13 0.013727154
1001 333 8 14 0.0137602985
368 365 10 11 0.013771815
44 296 18 30 0.013781443
852 119 8 10 0.013783452
255 132 14 17 0.0138876075
804 240 9 10 0.0139122205
911 84 8 9 0.013937526
351 285 13 16 0.013945228
737 107 13 18 0.013962608
489 273 8 12 0.013974398
579 115 13 17 0.013983855
672 128 13 18 0.014020083
379 46 13 19 0.014035384
286 252 9 13 0.014067139
997 258 10 13 0.014099785
677 287 7 8 0.0141057195
213 241 10 14 0.0141276
244 237 8 12 0.014135918
369 129 8 9 0.014201115
174 286 12 18 0.0142529365
1008 90 11 20 0.014256475
240 365 7 10 0.014268534
662 287 7 9 0.014270392
920 287 9 14 0.01431288
49 163 9 11 0.014347883
374 272 9 12 0.01435865
337 325 9 10 0.014421633
837 196 9 11 0.01449434
800 280 14 18 0.014540442
546 113 8 11 0.014542145
116 115 8 10 0.014576528
454 294 7 10 0.014593567
52 131 7 11 0.014613183
707 105 13 18 0.014669926
816 267 20 18 0.014741567
850 208 13 17 0.014767137
153 324 7 15 0.0147680035
83 320 9 12 0.01478181
715 292 14 16 0.0148626715
276 95 13 17 0.014955429
771 35 7 14 0.014963046
994 211 10 10 0.01505777
278 244 12 18 0.015060896
709 108 9 13 0.015089215
728 364 9 13 0.015133435
440 170 12 18 0.015196861
354 99 7 9 0.015200123
278 132 10 10 0.015270053
388 310 10 11 0.015290164
34 269 9 13 0.015308424
849 229 9 11 0.015323168
322 131 7 10 0.015381055
30 160 13 18 0.015408499
386 196 13 18 0.015430926
953 332 9 15 0.015431746
402 338 9 10 0.015483151
414 201 11 15 0.015488291
497 182 7 9 0.015488633
735 365 9 13 0.01552538
726 361 13 19 0.015535229
190 42 11 20 0.015560695
81 318 13 17 0.015565954
978 117 14 16 0.015603154
503 264 8 9 0.015640602
688 147 8 12 0.015667
82 145 11 22 0.015775645
548 95 9 12 0.0157892
358 115 7 8 0.015812455
644 129 9 10 0.015828647
673 155 13 18 0.015832763
51 146 8 11 0.01589623
583 101 10 11 0.016012264
820 94 12 17 0.016014894
133 110 8 11 0.01603272
377 48 9 13 0.016089002
882 111 13 17 0.016106613
565 111 8 11 0.016224023
311 261 10 13 0.016274758
843 317 12 17 0.016301101
722 80 7 11 0.016302798
289 208 12 18 0.016332343
192 82 9 12 0.016378125
514 178 7 10 0.01643079
482 174 13 17 0.016553463
308 268 13 18 0.016563527
625 142 13 18 0.016595388
849 290 10 11 0.016599428
845 94 13 17 0.016618438
578 123 12 17 0.016698148
503 82 10 11 0.016767636
919 284 12 20 0.016774256
498 107 12 18 0.01678379
1000 184 10 12 0.016801497
514 148 7 10 0.01689267
212 237 12 19 0.016922923
403 100 7 9 0.016966714
913 114 9 10 0.016986959
976 96 10 11 0.0170285
695 130 9 13 0.017029257
86 113 7 10 0.017053109
214 125 10 12 0.017158374
168 80 8 12 0.017201576
40 352 12 20 0.017202262
258 134 9 11 0.017208373
128 97 12 18 0.017214729
965 227 9 12 0.017260158
518 283 10 12 0.017378433
81 349 14 18 0.01742819
79 71 8 11 0.01752864
729 67 7 12 0.017534627
688 274 11 11 0.017573137
690 158 13 18 0.01758562
1012 239 12 20 0.017684553
635 365 13 17 0.017751068
174 256 13 18 0.017807275
375 98 6 7 0.017808752
563 177 12 19 0.017883537
370 358 9 9 0.017918117
550 86 10 12 0.01806638
561 157 12 18 0.018164532
802 112 8 10 0.018172218
191 157 12 19 0.018344354
774 306 13 18 0.018415606
52 83 8 8 0.018588591
20 126 9 12 0.018641612
125 259 13 19 0.018661575
326 83 7 9 0.018835407
404 322 13 17 0.018863408
1011 94 8 13 0.018927978
373 149 8 9 0.01911365
835 228 9 11 0.019179873
560 98 9 12 0.0193496
679 280 7 8 0.019362975
529 112 9 11 0.019372102
613 414 13 18 0.019456197
40 172 10 13 0.019466894
679 307 8 7 0.01948107
101 86 7 9 0.019593306
690 322 8 9 0.019661225
930 287 8 14 0.019675655
702 126 12 18 0.01968576
453 338 10 12 0.019750673
566 130 8 11 0.019823175
1008 207 13 17 0.020058166
692 160 9 13 0.020216398
625 129 10 10 0.020216918
567 217 13 20 0.020229006
688 111 8 11 0.020264056
861 210 13 18 0.02041759
660 63 7 11 0.020441836
350 337 13 17 0.020484848
822 125 9 10 0.020489937
408 196 13 18 0.02061833
213 80 9 11 0.020707268
952 254 8 14 0.020721816
982 226 10 11 0.020793075
785 87 8 11 0.020885201
286 96 8 11 0.02103016
1007 189 9 12 0.02125182
33 258 13 18 0.02125993
73 128 7 14 0.021388741
869 87 7 9 0.021407733
199 96 10 13 0.021509944
947 87 10 9 0.021613603
487 204 8 13 0.02168856
387 319 10 10 0.021843508
456 96 22 19 0.021873726
831 294 9 11 0.021914378
721 98 8 12 0.022091862
710 295 13 11 0.02210368
839 319 14 18 0.02217389
158 260 12 18 0.022247577
832 212 10 11 0.02234318
240 260 9 12 0.022589674
968 206 9 12 0.022605082
500 110 9 12 0.022736391
374 113 7 9 0.022830533
833 236 9 12 0.022904215
457 360 22 19 0.022923896
612 363 12 12 0.023043726
335 53 9 12 0.023194894
175 76 12 17 0.023236584
309 98 8 9 0.023299437
773 109 12 17 0.023399489
846 440 11 21 0.02340181
628 146 9 11 0.023545433
352 129 8 11 0.023663921
111 74 13 19 0.023770794
98 308 10 13 0.023807729
738 100 12 17 0.023833675
71 124 12 20 0.023842596
706 319 11 12 0.023996381
742 39 7 12 0.024074186
145 142 8 12 0.024110718
257 144 12 11 0.02425437
819 119 8 10 0.024281349
35 98 8 10 0.02428452
707 301 12 9 0.024459211
976 122 13 17 0.024583697
176 288 9 12 0.024801558
950 251 12 20 0.02500564
372 83 6 8 0.025028966
151 322 11 21 0.025042968
163 291 8 12 0.025194313
20 148 14 19 0.025376836
793 61 6 11 0.025473792
405 325 11 11 0.025499968
83 352 10 12 0.025576502
929 95 8 11 0.025588173
479 333 12 12 0.02560173
533 137 12 18 0.025958164
765 126 13 17 0.025963947
222 66 8 13 0.026179884
694 64 12 19 0.026201855
660 112 8 10 0.026276039
82 81 7 10 0.026283197
738 132 13 17 0.026492478
558 85 9 13 0.026548054
927 285 12 19 0.026576707
216 71 9 11 0.026797788
630 368 11 13 0.026895918
977 211 9 11 0.027023066
386 130 8 9 0.027066855
384 118 8 10 0.027096814
678 146 9 11 0.027227975
644 114 9 8 0.027309228
385 201 13 18 0.027370077
262 100 8 11 0.0274501
353 318 9 10 0.02769474
731 160 13 18 0.027698316
0 311 9 26 0.027861778
260 80 8 10 0.02807681
517 160 7 10 0.0280887
958 332 8 14 0.028438622
497 290 9 11 0.02871795
849 236 9 13 0.02875078
154 29 7 12 0.029079143
852 211 9 11 0.029204367
529 159 7 10 0.029383672
385 339 10 10 0.029560164
223 118 10 11 0.029704375
939 112 14 17 0.030223329
166 322 7 13 0.03032635
261 111 10 11 0.030412069
293 81 7 10 0.030513385
683 174 13 18 0.030530803
404 132 9 10 0.030611912
1008 335 8 14 0.030667366
192 39 7 11 0.030798016
114 78 8 11 0.031009905
824 237 10 12 0.031264577
339 113 6 8 0.031277716
372 335 10 10 0.03147914
808 365 12 19 0.031506944
613 112 9 10 0.03185518
246 109 9 12 0.032289434
624 112 14 16 0.032339618
146 97 9 10 0.032418415
551 130 8 12 0.032684106
290 211 9 13 0.032855112
981 120 9 10 0.032965943
199 444 25 16 0.033048246
371 326 11 10 0.03305313
343 101 6 8 0.033173032
994 98 9 11 0.03318859
462 355 14 18 0.03320844
3 332 10 28 0.03347094
1005 82 12 19 0.0337102
76 124 12 20 0.033743333
929 130 8 11 0.03381523
36 85 8 10 0.03396677
280 251 10 14 0.03415544
319 255 10 13 0.034732323
370 300 11 12 0.034769338
127 265 12 18 0.034978576
674 132 9 11 0.03520013
838 128 8 11 0.035316296
325 113 7 9 0.035361078
739 133 10 13 0.035376552
341 128 12 17 0.035527196
771 318 13 20 0.035566937
607 208 12 18 0.035590623
8 53 6 11 0.03571282
86 99 7 10 0.03576323
965 84 9 10 0.03644312
1014 242 9 12 0.036488805
119 239 11 20 0.036708634
663 83 6 7 0.036827512
99 97 7 10 0.036946528
705 128 9 13 0.03740687
675 114 14 16 0.037611227
100 366 14 17 0.037718266
353 286 10 12 0.037955128
306 132 7 10 0.038110126
966 97 10 10 0.038210005
690 304 9 9 0.038660835
616 174 12 19 0.038815998
941 291 12 18 0.038974456
290 129 10 10 0.039017584
947 96 10 11 0.039298438
742 46 6 12 0.039473884
1007 84 9 12 0.039640546
571 216 13 19 0.03972024
675 157 9 12 0.039941456
194 159 8 13 0.04005826
192 44 8 14 0.040487207
518 130 7 10 0.040521204
783 99 8 10 0.04061687
675 78 8 10 0.040772192
44 350 13 18 0.04079929
167 372 10 14 0.041036606
96 305 14 18 0.0414054
1006 332 11 21 0.04149651
163 318 12 21 0.04155158
162 112 9 13 0.042608872
963 118 8 10 0.042754717
942 115 10 12 0.043019637
480 304 13 17 0.043116994
72 92 7 11 0.04317711
935 113 12 18 0.04332255
852 125 10 11 0.04332824
116 101 7 9 0.043515377
739 138 13 18 0.044592954
405 114 9 10 0.044837173
159 97 9 11 0.0452848
739 63 7 13 0.04535645
357 85 7 9 0.045543246
996 255 12 20 0.045756895
888 216 12 18 0.045996476
251 285 13 18 0.04611571
113 127 9 14 0.046597224
215 119 10 12 0.04693362
93 290 13 16 0.04729326
46 304 13 19 0.04764366
964 125 9 11 0.047946513
35 261 9 12 0.04820809
515 276 13 17 0.048341017
177 78 9 13 0.048428223
150 111 12 17 0.0484465
676 71 7 10 0.048795216
739 110 9 12 0.050063867
131 54 7 10 0.05007312
978 124 10 12 0.05018534
628 99 9 8 0.050750244
50 97 7 11 0.051079255
803 276 15 17 0.052497182
581 118 8 11 0.05284381
534 136 9 12 0.053063467
784 108 8 12 0.053188853
720 114 13 18 0.054526784
579 126 9 12 0.054809745
291 49 7 12 0.05493144
822 269 11 13 0.055097416
610 357 13 16 0.055139933
758 110 8 11 0.055456117
918 98 9 10 0.055615243
766 267 13 18 0.05600295
891 212 13 18 0.0567554
659 50 12 19 0.056841224
691 99 7 11 0.05697604
723 116 8 13 0.05705794
252 140 21 18 0.057235256
308 86 8 11 0.0574989
2 112 9 14 0.05754061
610 98 8 11 0.05831893
740 102 9 13 0.058570333
674 99 8 10 0.05863169
66 332 10 13 0.059107564
648 85 6 8 0.059467092
903 83 8 11 0.059537593
278 98 8 11 0.059816536
225 140 10 14 0.060033996
757 103 9 11 0.060304828
563 159 8 12 0.06085527
244 102 9 11 0.0616017
629 86 7 9 0.062070157
927 223 12 18 0.062182534
193 119 9 12 0.06221168
903 100 8 10 0.06237549
68 275 12 18 0.06250493
484 177 9 12 0.06294009
883 100 7 8 0.0639054
357 241 13 17 0.06472686
353 340 9 11 0.06610792
130 100 8 11 0.06627398
517 278 10 12 0.06641457
157 265 13 17 0.066492826
172 108 13 17 0.06743872
644 102 8 8 0.06816702
775 111 8 12 0.068426736
515 83 11 13 0.06882247
70 86 8 11 0.06924986
695 67 8 12 0.069592066
768 129 9 11 0.07014618
193 149 9 12 0.071000904
661 52 8 13 0.0712972
1012 210 8 10 0.07147312
371 293 11 13 0.071914114
936 115 9 13 0.07323971
784 133 8 11 0.0733333
277 86 8 11 0.0737614
927 381 9 14 0.074397534
326 102 7 9 0.07443635
17 289 13 19 0.074578844
411 196 14 18 0.075552344
699 316 22 18 0.0763466
402 291 13 17 0.076399475
311 110 8 10 0.07758712
159 28 8 13 0.07805881
865 99 8 10 0.08202574
839 96 7 11 0.08511566
195 123 10 12 0.085753836
838 336 13 18 0.0889478
661 102 7 9 0.08919619
111 124 12 20 0.090066046
773 101 8 11 0.09197864
626 114 11 9 0.09289557
992 223 14 16 0.093419306
195 268 14 17 0.09381465
304 204 13 17 0.09412524
884 114 9 11 0.09486133
836 117 8 10 0.09666529
323 272 13 18 0.09830108
591 124 14 17 0.09877232
260 71 8 11 0.09901741
677 117 10 11 0.09936116
822 97 9 11 0.099855356
678 174 13 17 0.100341134
0 109 12 20 0.10210038
247 286 12 18 0.10283338
758 127 13 17 0.10543736
151 113 10 13 0.10809624
706 100 12 18 0.1093709
848 96 8 11 0.10956874
444 169 13 18 0.11012378
878 244 13 18 0.111599766
812 365 13 18 0.11587085
999 188 11 12 0.11712729
979 195 10 11 0.11947053
592 97 10 13 0.11980219
885 366 12 19 0.12319945
725 161 14 19 0.1244553
21 153 13 19 0.12501054
534 139 8 13 0.12507258
255 226 12 18 0.12529907
272 108 9 12 0.1258179
962 297 13 19 0.12659806
246 43 9 14 0.13378352
204 92 14 17 0.13430268
607 80 9 12 0.13536315
619 176 14 18 0.13574049
99 209 12 19 0.13898893
343 131 9 12 0.1408652
437 125 13 18 0.14517298
804 101 8 11 0.15919942
607 238 14 16 0.15972003
899 348 13 19 0.1683635
909 125 13 18 0.16889586
165 146 9 13 0.19150034
976 335 13 19 0.22785363

