56_Voter_peoplevoting_56_260
57
314 148 24 18 0.010588736
295 22 12 21 0.010596969
734 254 22 28 0.010597963
1 339 8 16 0.010807591
840 135 26 42 0.011116886
291 153 21 39 0.011144576
916 424 27 42 0.011154734
2 79 13 45 0.011753409
864 41 18 33 0.012068553
289 166 22 35 0.012265128
69 113 20 37 0.013364581
507 94 21 30 0.013582661
697 163 28 16 0.013801645
843 123 19 33 0.01413389
997 274 17 38 0.015963398
1017 156 7 36 0.016300298
682 138 29 14 0.016643409
481 115 38 57 0.017486177
713 134 24 17 0.018028978
998 338 14 22 0.019201765
835 24 26 43 0.0192111
743 209 13 20 0.01979521
1004 305 15 38 0.020397402
681 213 22 19 0.020815296
0 336 9 25 0.022447132
509 107 28 40 0.023718096
318 212 22 20 0.02390142
317 145 20 33 0.02411864
742 205 22 26 0.024616452
1015 318 9 28 0.027227595
874 175 22 28 0.030812738
683 152 32 37 0.036117062
858 31 20 32 0.041419163
4 106 22 53 0.045397483
680 182 25 17 0.04925073
683 168 32 35 0.06255699
1000 330 17 37 0.0737313
851 414 28 39 0.0749527
949 216 25 39 0.14384356
693 155 31 38 0.16182046
62 101 34 58 0.18727256
690 166 34 34 0.19624877
945 219 22 33 0.23156416
80 302 19 22 0.26733056
930 122 28 38 0.2976512
1005 428 18 38 0.32599655
25 211 29 42 0.40384772
0 413 18 39 0.488741
932 317 25 40 0.5985133
856 218 30 35 0.6793225
907 426 28 39 0.7173138
44 309 26 41 0.7312367
845 413 25 42 0.7350773
58 37 28 40 0.79032826
838 322 27 38 0.8291723
476 134 31 44 0.87776804
282 149 33 53 0.90559214

