56_Voter_peoplevoting_56_528
120
797 403 26 18 0.010173345
850 95 11 11 0.0102062365
935 90 9 17 0.010287637
391 55 7 14 0.010320211
925 67 18 28 0.010390251
777 36 18 27 0.010450776
929 38 10 11 0.010818286
697 104 24 46 0.01084406
894 82 13 19 0.011079922
940 96 13 20 0.011094582
551 41 12 20 0.011205683
867 91 14 17 0.011509614
624 126 19 41 0.0116388295
451 22 12 22 0.01171262
848 93 14 16 0.011786826
599 63 12 23 0.012212296
307 57 13 20 0.0124906935
790 130 22 19 0.012793163
758 45 8 12 0.012821063
445 34 12 22 0.012882931
71 141 36 64 0.013546332
882 91 9 12 0.014097009
923 72 13 20 0.014233294
909 58 13 19 0.01423949
422 52 8 18 0.014314521
888 69 13 18 0.0144292815
788 126 14 23 0.014794955
183 65 19 23 0.014973837
641 72 33 62 0.015084894
463 21 11 23 0.0151843
889 72 9 13 0.015286373
624 126 34 55 0.016369877
262 69 8 17 0.016383888
671 34 13 19 0.016605578
558 53 8 15 0.016606139
691 93 13 25 0.01666526
683 108 18 33 0.016858479
248 71 7 15 0.017201567
759 103 12 22 0.017270174
766 92 17 31 0.017859066
620 56 12 21 0.018008357
676 28 7 12 0.01884677
933 94 17 22 0.018919108
849 104 11 12 0.019495111
918 40 8 10 0.01979916
917 74 10 15 0.019883018
422 42 12 25 0.019923234
430 36 17 33 0.020182315
776 43 8 14 0.020196082
427 48 11 23 0.020396799
261 59 12 23 0.020947365
798 392 27 42 0.021676527
390 51 11 22 0.022812067
84 78 12 25 0.023421869
614 60 8 15 0.023734111
880 88 13 18 0.02407603
791 122 21 21 0.024735149
585 56 7 14 0.024947295
457 121 28 42 0.025073815
838 102 14 19 0.026587764
556 43 12 20 0.027026938
583 52 11 21 0.027753633
431 39 11 23 0.027826617
674 38 8 11 0.02872595
46 65 12 27 0.03172597
43 63 16 35 0.03247324
596 58 7 15 0.033336986
612 68 8 16 0.035411812
466 187 32 40 0.03676749
647 77 25 45 0.036992587
94 176 20 31 0.037207402
696 87 19 23 0.03749176
766 114 19 22 0.03781631
783 43 10 15 0.038187794
76 75 18 33 0.038234416
700 89 18 34 0.03856635
674 23 12 22 0.03895526
399 51 12 24 0.03990849
782 48 12 20 0.041889302
776 40 12 20 0.045105033
556 49 11 21 0.045808557
86 70 12 28 0.047945872
766 105 13 21 0.048065998
75 65 16 35 0.049325198
247 67 11 23 0.05184068
487 25 19 24 0.058472533
939 89 13 21 0.059502345
675 18 17 33 0.06465037
784 123 20 21 0.066204436
690 89 18 23 0.06943285
897 68 9 14 0.069545105
898 61 9 14 0.0771918
594 56 11 22 0.079054415
609 58 17 31 0.08508585
551 55 8 15 0.08518516
842 101 21 19 0.10750453
518 228 41 54 0.121312305
267 66 12 24 0.12863745
896 59 12 19 0.13836426
550 52 11 20 0.1587683
610 64 12 22 0.16387911
895 66 13 19 0.172317
780 118 18 34 0.17975026
688 90 17 35 0.18039782
631 121 26 45 0.18758695
528 230 42 60 0.20525284
612 57 12 23 0.22127208
907 66 19 29 0.23991218
934 88 13 23 0.24955623
908 239 51 62 0.3484164
916 72 14 21 0.3596732
781 41 13 20 0.3929737
320 60 19 21 0.43150952
178 62 16 32 0.4816785
421 47 12 25 0.55481976
261 65 12 24 0.6013584
485 25 14 25 0.66003275
622 132 28 41 0.7002058
515 152 34 40 0.84145653
456 179 35 58 0.9233152

