56_Voter_peoplevoting_56_268
285
274 170 14 17 0.010014621
233 187 20 27 0.010535521
118 202 9 11 0.010615763
310 139 7 7 0.0106356535
302 203 13 18 0.010858016
337 211 12 18 0.011045939
243 200 14 16 0.011076139
80 212 11 13 0.011186515
467 181 13 17 0.011252951
750 229 19 25 0.011272736
275 218 14 18 0.011699757
420 224 13 24 0.011849374
424 228 20 22 0.011946838
705 201 8 9 0.012153002
333 234 20 30 0.012162274
1 178 11 20 0.0123229185
418 189 8 12 0.012350971
406 192 16 22 0.012564363
651 197 23 17 0.0126120215
550 199 12 19 0.012636663
863 239 23 19 0.012999115
339 156 7 8 0.013416517
358 227 10 14 0.013469644
1 202 8 12 0.013588623
83 206 9 11 0.013706169
453 176 8 10 0.013749994
175 186 14 17 0.013755292
846 183 13 19 0.013761814
598 301 27 15 0.013934919
705 216 18 29 0.014000617
351 221 20 29 0.014542664
574 236 20 29 0.014545316
245 161 7 6 0.014693302
211 182 13 17 0.01479141
614 245 23 19 0.014932188
567 229 13 25 0.014948005
433 214 10 12 0.014999587
573 201 12 19 0.015021006
338 213 9 12 0.015187229
426 237 19 32 0.015258692
161 196 14 17 0.015325477
73 180 18 20 0.015350113
219 208 22 18 0.015401959
988 192 19 32 0.015480993
297 155 6 6 0.016064338
321 182 13 18 0.016072473
981 200 26 18 0.016105928
395 214 19 29 0.016259946
551 202 8 13 0.016468894
50 203 9 11 0.016669877
450 217 11 12 0.016736235
352 166 8 11 0.016775979
875 242 22 19 0.016959414
985 199 26 43 0.016991792
161 183 14 17 0.01734095
642 186 20 25 0.01751401
325 202 8 11 0.017553786
127 215 9 13 0.017566947
335 182 13 17 0.017653756
209 161 6 7 0.017907228
668 215 24 18 0.017964948
952 203 23 19 0.018146304
286 182 13 17 0.018181434
687 187 15 16 0.01820989
222 249 22 20 0.018289244
527 257 12 21 0.018337302
929 206 18 22 0.018359374
20 162 14 17 0.01876856
638 191 11 11 0.018935923
223 182 14 17 0.019017195
200 161 5 6 0.019044364
305 158 6 7 0.019158162
143 224 21 20 0.0199199
483 218 14 19 0.01998368
303 212 13 14 0.020224376
338 139 8 8 0.020699568
148 159 6 5 0.0208526
566 176 8 11 0.020855565
456 215 22 20 0.020872792
245 203 10 11 0.02094539
482 225 14 20 0.020948382
202 211 21 18 0.021034755
625 228 21 20 0.021398045
658 200 12 8 0.021457367
990 204 18 34 0.021573704
358 221 9 13 0.021575103
126 195 13 18 0.021601927
278 201 10 11 0.021728616
707 187 8 9 0.021809047
102 183 8 11 0.02185588
575 213 12 20 0.022131521
78 209 13 19 0.022387646
208 201 14 17 0.022603381
697 216 23 18 0.022668032
303 180 13 18 0.022860887
857 199 22 19 0.022880713
286 200 13 18 0.023494843
578 215 8 12 0.023757335
132 157 6 6 0.02423319
42 224 18 35 0.024334222
841 216 21 20 0.024349473
252 211 20 20 0.024904333
3 182 8 12 0.024950484
150 199 9 9 0.025020158
529 206 9 13 0.025124248
468 183 8 11 0.025672484
524 209 12 18 0.025837991
142 184 13 16 0.025957147
480 188 9 12 0.026125459
872 233 21 20 0.02621778
561 223 18 32 0.027091818
260 155 6 7 0.027201446
257 205 10 11 0.027328094
451 178 13 17 0.027538115
724 175 8 10 0.027974142
188 211 20 28 0.028264893
409 195 10 16 0.028567424
733 179 12 19 0.028591871
257 185 9 10 0.028626965
165 161 5 5 0.028632935
254 202 14 17 0.028837683
195 183 14 16 0.028908042
576 204 8 13 0.029093815
593 206 17 21 0.029239785
119 215 10 13 0.02935055
294 210 14 18 0.029373141
39 229 25 44 0.029415969
115 158 6 6 0.0303924
288 202 9 12 0.030932734
117 173 6 7 0.031065455
182 158 6 6 0.031283632
4 170 7 10 0.031374786
631 194 13 14 0.032075167
50 183 9 9 0.03229009
801 218 20 21 0.032619614
50 158 7 7 0.034112584
233 245 24 19 0.03441651
562 200 8 14 0.034462772
187 227 21 20 0.035069607
674 189 15 15 0.03551764
164 200 9 9 0.035838258
210 204 9 10 0.03606258
175 195 14 18 0.037561856
435 202 13 17 0.03760308
368 201 9 13 0.037959453
224 203 11 11 0.038821355
191 263 27 41 0.0399773
190 213 22 18 0.04061258
22 159 8 10 0.0406712
726 177 12 19 0.040984493
337 200 13 18 0.041002214
632 226 22 20 0.04204346
978 200 14 20 0.042073265
869 233 17 31 0.042417288
431 212 13 19 0.0425654
323 134 7 7 0.042677417
452 210 18 31 0.042982884
813 224 21 21 0.04318622
436 204 9 12 0.0432846
104 159 5 6 0.043305505
812 217 21 21 0.044229783
631 188 14 18 0.0447237
326 160 7 8 0.046252634
969 208 24 19 0.04692849
735 182 9 12 0.046953417
638 195 13 12 0.047156304
196 256 19 33 0.04722752
277 154 6 7 0.047250368
294 171 7 7 0.048283555
65 169 7 8 0.048438046
356 218 13 20 0.048533563
233 261 36 58 0.04856179
230 248 21 32 0.048887346
559 196 12 20 0.049327135
85 161 6 7 0.04941687
339 232 13 22 0.049971074
240 180 14 17 0.050213363
188 199 22 18 0.05025249
706 168 7 9 0.050519165
370 175 10 13 0.05096066
689 198 10 10 0.051825408
825 224 23 20 0.052122384
178 198 10 11 0.052480962
354 157 9 9 0.0528838
357 223 12 21 0.053816214
938 196 18 29 0.05467992
194 203 11 10 0.05559759
277 180 13 18 0.05610153
682 194 21 18 0.05696413
290 185 7 11 0.05722037
306 183 8 11 0.058634873
576 226 12 23 0.060360055
70 157 6 7 0.06183934
35 158 8 8 0.062333982
118 212 13 18 0.062554054
258 227 21 19 0.06310612
1 156 7 10 0.0667159
278 184 10 11 0.067849286
146 170 6 7 0.06849056
86 167 7 9 0.06851569
143 216 21 21 0.06924896
128 185 13 17 0.07020916
124 212 13 19 0.07089818
341 172 7 9 0.071238846
325 167 7 8 0.07145014
36 168 8 9 0.076074846
676 191 10 10 0.078167096
944 205 18 32 0.07908466
955 210 22 21 0.081620246
242 170 7 7 0.08170047
798 223 21 22 0.0833263
930 199 13 23 0.084110476
277 172 8 9 0.08453744
134 172 7 7 0.08596819
218 201 21 19 0.086523734
324 184 7 11 0.08700955
129 197 8 11 0.08984556
226 185 8 9 0.09018721
477 185 13 19 0.09043091
449 201 10 13 0.09097709
635 189 15 17 0.09101059
691 190 8 9 0.0924356
263 227 23 19 0.09258674
727 180 8 12 0.093970366
22 164 9 11 0.09450423
31 183 11 12 0.09487747
419 219 19 31 0.095469385
339 203 9 12 0.09747053
243 182 9 11 0.098452926
444 214 22 19 0.09848063
179 189 8 9 0.09871999
338 185 8 11 0.09876877
832 213 16 32 0.10104799
335 226 19 31 0.10223707
392 183 12 17 0.10612254
943 200 20 22 0.10618402
608 244 20 19 0.107596435
23 180 14 17 0.10768541
574 223 19 31 0.10831526
668 221 23 28 0.10944217
354 199 13 17 0.109672174
828 218 22 20 0.11126082
653 221 22 31 0.11331914
307 173 6 8 0.11387675
167 170 6 7 0.11616357
396 182 12 18 0.11780019
73 183 9 13 0.11804201
214 185 8 10 0.11907124
356 201 10 14 0.1219055
453 181 8 11 0.12365694
297 209 21 20 0.123816125
54 169 9 10 0.12572253
179 171 7 6 0.12741983
673 193 21 17 0.13038525
676 196 13 10 0.13086341
446 200 14 17 0.13150707
262 171 7 9 0.13365455
198 185 8 10 0.13796766
100 170 7 9 0.139239
111 182 13 17 0.14542952
28 181 14 17 0.14732018
164 186 8 9 0.14875177
145 187 8 9 0.15286711
230 171 8 8 0.15507878
199 167 7 8 0.15602857
563 179 12 20 0.15899995
396 251 21 34 0.16969374
209 168 7 7 0.18143901
479 219 20 30 0.1895187
974 195 19 32 0.19331673
140 212 18 31 0.21230745
242 266 38 56 0.23094626
372 177 10 14 0.2310421
565 181 8 14 0.23425679
411 194 13 18 0.23890203
631 191 22 18 0.24889413
130 188 9 11 0.26243234
78 182 10 14 0.26353306
594 205 13 17 0.26365712
516 212 13 18 0.3154221
960 204 20 32 0.36039224
806 217 18 31 0.41858277
113 184 9 12 0.43025526
746 226 18 35 0.5994304
865 226 18 32 0.6350788

