56_Voter_peoplevoting_56_874
211
137 291 19 28 0.010123738
549 187 7 8 0.010156241
262 276 14 17 0.0101592755
288 263 13 17 0.010222155
527 211 13 17 0.010390688
100 315 11 10 0.010526463
616 173 7 7 0.010621609
973 257 29 48 0.010726881
670 184 14 17 0.011127736
134 336 19 30 0.011295857
644 171 6 7 0.0114384275
498 365 47 94 0.011565016
508 229 13 17 0.011569519
454 242 18 29 0.011578012
87 352 28 17 0.011590455
680 433 79 151 0.011710435
450 204 6 8 0.011801365
127 432 37 62 0.011892616
960 388 64 173 0.011893753
500 208 6 7 0.011931948
672 197 9 10 0.011984299
431 247 9 11 0.01208813
166 309 14 18 0.012181205
374 217 8 9 0.012341528
482 232 13 17 0.012354973
62 358 25 16 0.012371473
534 187 7 8 0.012610085
463 226 13 17 0.012718301
445 343 36 71 0.012757704
596 186 5 7 0.01290455
457 256 18 30 0.012938096
157 341 21 20 0.013049114
739 281 38 67 0.013393624
918 385 56 93 0.01372199
532 198 13 18 0.013735368
245 238 9 10 0.014375219
307 317 11 24 0.014499668
307 261 8 11 0.014855133
263 280 10 11 0.015047583
351 363 38 62 0.015205355
81 344 23 17 0.015237549
160 437 29 43 0.0152378
737 301 43 64 0.015574543
284 274 13 17 0.015579939
483 245 9 10 0.015633607
437 202 6 7 0.0160924
515 310 37 57 0.016189499
542 321 23 19 0.016214369
386 231 9 10 0.016259002
414 246 19 18 0.016330613
62 287 20 17 0.016348477
351 220 8 11 0.016573153
547 196 13 17 0.016637884
92 322 24 17 0.01679833
449 282 20 19 0.017099073
287 276 11 12 0.017217724
660 496 69 88 0.01728167
294 235 6 7 0.017407387
792 308 28 49 0.017607754
2 276 12 22 0.01830545
230 260 9 12 0.018614901
169 329 20 30 0.018869493
967 262 38 69 0.01910219
175 313 11 12 0.0191677
237 259 13 17 0.019194765
3 289 11 23 0.019248107
263 265 9 10 0.019259965
646 188 7 6 0.019586079
391 251 9 12 0.019666005
389 261 10 12 0.02005489
99 347 19 30 0.020138694
368 258 10 13 0.021138286
521 314 28 41 0.021505035
759 71 21 21 0.02153747
550 326 24 19 0.021652536
44 327 22 18 0.02217092
660 200 8 8 0.022249201
568 303 23 21 0.022370782
73 357 25 17 0.022746975
301 248 13 17 0.022859363
94 311 22 18 0.023546053
615 202 6 7 0.024067985
329 234 8 12 0.024861986
481 348 38 72 0.0257826
272 249 13 16 0.026461799
461 250 14 17 0.027165545
333 229 12 18 0.02745651
291 265 8 10 0.02813223
146 293 9 13 0.02954654
454 257 13 17 0.03003674
262 252 9 9 0.031696897
460 256 13 18 0.031929143
228 251 8 12 0.032288786
602 343 24 18 0.032620728
423 232 8 8 0.03312483
408 205 6 7 0.033134386
627 175 7 8 0.033347376
422 217 7 8 0.033349995
456 290 18 32 0.03345584
401 246 14 16 0.033669375
420 206 7 7 0.03373985
373 232 10 11 0.033786688
271 259 14 17 0.034134954
323 249 8 12 0.034966443
645 200 7 7 0.035358604
305 312 12 22 0.035773076
531 312 20 21 0.036853764
144 283 9 13 0.037126843
993 389 25 109 0.03776549
160 289 19 29 0.038136184
376 342 33 69 0.038545344
673 187 9 10 0.038746096
432 231 8 9 0.038779907
453 247 13 18 0.03958372
392 219 8 9 0.03964366
515 211 13 18 0.040323097
566 299 25 18 0.040518004
432 275 13 18 0.04107961
160 283 10 13 0.041162223
144 290 13 18 0.042483527
465 252 9 11 0.043423034
67 290 11 12 0.04422178
583 212 6 8 0.04427044
468 206 6 8 0.044394054
523 293 19 32 0.04580486
540 312 28 39 0.045990556
136 285 9 12 0.0464094
193 250 13 19 0.046576932
401 231 9 11 0.04757523
558 297 23 19 0.048038267
537 312 23 20 0.04807897
134 283 13 17 0.048824206
335 231 9 13 0.04894385
142 282 13 17 0.049084943
659 187 7 8 0.04967813
450 216 7 9 0.051906973
274 280 12 12 0.052285824
627 183 7 8 0.052710045
131 290 13 18 0.052914213
454 249 9 11 0.05533398
240 261 9 11 0.05542566
132 293 9 12 0.056508146
530 214 8 10 0.057279874
1000 404 21 123 0.05827768
435 220 7 9 0.059931766
561 201 7 9 0.06044548
600 333 21 31 0.06286475
357 343 33 73 0.06418834
518 205 7 9 0.06840463
452 237 8 9 0.069138244
482 218 7 8 0.070730135
304 251 8 11 0.074638955
402 267 14 17 0.07518639
274 262 10 10 0.07588703
630 198 7 7 0.07694859
363 278 13 18 0.078437366
599 215 7 9 0.07851175
242 249 9 12 0.08023445
451 288 20 20 0.080470234
240 246 13 18 0.081363246
485 361 40 74 0.08211223
692 455 52 104 0.082487464
169 310 21 19 0.08575218
335 250 12 19 0.08607914
469 219 7 9 0.086422935
403 249 10 11 0.087591015
157 412 32 66 0.08879454
511 232 8 9 0.08904754
293 248 8 9 0.09066881
505 230 7 9 0.098584816
400 220 8 9 0.10200436
772 298 42 66 0.10687276
114 294 13 17 0.114444576
485 235 8 9 0.117062
464 373 55 97 0.122905165
116 296 9 12 0.12409254
581 207 7 8 0.1250001
550 199 7 10 0.12603147
158 288 14 18 0.12760252
275 252 8 10 0.12950534
336 256 12 18 0.1350294
965 388 49 108 0.13600697
535 202 8 9 0.1471493
466 229 8 10 0.153133
590 333 22 31 0.16729242
404 272 13 16 0.1676515
555 300 20 31 0.16876267
153 387 27 39 0.16876818
88 345 25 20 0.17086658
517 214 8 11 0.17825955
367 251 13 16 0.18930101
157 282 14 18 0.196785
498 216 7 9 0.20723759
596 205 7 8 0.20986484
419 249 10 12 0.21405342
269 277 20 18 0.2324812
564 296 31 33 0.23331371
786 286 35 69 0.2387622
94 337 21 31 0.24793808
358 278 13 18 0.2646071
511 280 21 21 0.26852617
243 389 34 56 0.28713706
136 347 27 41 0.29510564
38 340 23 20 0.2951316
965 227 31 40 0.32123366
683 482 65 97 0.33106944
670 252 19 30 0.35567164
66 282 14 16 0.42051786
191 256 13 18 0.4664881
11 298 20 21 0.60275763
977 243 35 83 0.6165965

