56_Voter_peoplevoting_56_110
61
200 276 23 17 0.010461378
454 239 11 25 0.010709832
305 276 7 9 0.011072572
633 343 7 7 0.011568199
898 339 11 9 0.011979811
239 264 9 9 0.012780684
207 280 10 8 0.012958884
803 272 18 31 0.013055944
165 237 13 12 0.013315497
815 262 10 11 0.014117934
200 283 10 8 0.014501801
406 398 47 99 0.015584226
293 277 7 8 0.016416809
872 339 23 17 0.016479129
383 265 7 9 0.017370373
217 316 19 35 0.018569952
870 344 14 16 0.019385228
172 242 15 11 0.019676767
878 344 10 8 0.019805893
886 315 15 17 0.021971589
897 331 13 9 0.02216811
165 241 14 12 0.023338424
888 318 10 10 0.024472328
422 410 37 75 0.025078174
303 310 7 8 0.025135767
487 270 7 10 0.0267007
902 325 22 18 0.028651647
446 246 17 33 0.028967509
943 365 8 10 0.029728003
339 310 8 7 0.032840423
482 273 12 20 0.03395286
862 359 15 17 0.033955656
891 334 23 17 0.034278914
375 310 7 7 0.034883287
297 312 6 8 0.034891315
495 268 6 10 0.035740897
223 261 21 17 0.039586395
887 324 10 10 0.040226113
337 267 7 8 0.041221377
415 239 11 30 0.043335907
420 384 35 74 0.045377642
435 418 37 67 0.045804087
887 314 23 17 0.049876366
170 236 15 16 0.052175026
376 269 6 8 0.05624185
853 360 8 8 0.05626905
645 341 6 7 0.06111602
811 257 14 20 0.062357225
884 320 20 18 0.071572565
228 264 11 10 0.077399164
485 276 7 12 0.0820657
872 348 9 9 0.087358624
865 363 10 9 0.09085638
292 268 7 8 0.1193005
804 258 19 21 0.14407395
305 266 7 9 0.14780688
163 237 21 19 0.28353792
423 241 18 34 0.46607387
891 326 23 18 0.5380503
89 317 48 61 0.9021446
202 308 35 54 0.90767

