56_Voter_peoplevoting_56_370
23
465 321 36 70 0.010016166
471 167 12 20 0.01007461
276 341 45 72 0.010182083
544 235 21 30 0.010195794
240 591 72 115 0.011163525
517 346 60 80 0.011972261
514 179 18 32 0.012685059
405 287 25 45 0.013398105
400 476 56 99 0.014319172
453 659 40 70 0.018926792
987 116 30 73 0.02645474
220 537 103 150 0.028335774
534 345 42 58 0.02894341
208 544 67 104 0.030623116
201 359 34 59 0.032033537
66 588 51 95 0.034472868
237 535 72 83 0.047532782
296 353 65 97 0.124744594
206 567 88 141 0.24823616
453 333 43 69 0.53639454
392 276 32 55 0.8791269
271 368 80 128 0.9259059
229 561 87 177 0.98400766

