56_Voter_peoplevoting_56_339
22
476 72 49 96 0.010072071
321 155 7 10 0.010222733
348 99 46 52 0.010390879
309 144 7 9 0.01080602
338 304 12 23 0.010813439
327 310 11 21 0.01142557
678 222 8 9 0.011760395
339 314 10 16 0.012043047
486 151 12 22 0.013133675
549 144 19 43 0.013304831
669 246 21 21 0.013835059
373 120 46 54 0.014247136
597 87 43 61 0.01448606
476 67 46 58 0.014653579
311 154 7 11 0.016295757
474 84 44 64 0.06548232
375 102 44 54 0.10213464
332 305 16 31 0.11374537
336 310 13 22 0.48495656
667 235 19 34 0.52124256
658 231 18 36 0.67377156
544 138 28 57 0.9474447

