56_Voter_peoplevoting_56_350
323
414 104 13 18 0.010026909
68 71 6 8 0.0101782195
326 63 4 5 0.010285534
736 203 13 16 0.010414873
528 53 7 10 0.010417438
518 317 18 33 0.010437524
328 115 12 17 0.010497756
740 244 14 16 0.010646939
673 170 6 9 0.010727935
485 168 5 7 0.010777321
362 167 5 9 0.01091272
646 211 8 11 0.010977071
907 308 24 17 0.011105841
765 283 14 16 0.011110853
159 460 35 63 0.011140137
243 91 6 7 0.011319665
486 105 5 7 0.011504087
963 307 44 49 0.011526449
494 354 24 48 0.011549676
503 166 6 8 0.011802121
735 184 8 10 0.012001882
596 136 6 8 0.0120111415
7 333 18 40 0.012036994
562 166 12 17 0.012101093
541 185 12 16 0.0121420445
134 88 6 7 0.012380117
515 319 19 22 0.012411855
831 232 14 16 0.012492958
264 136 5 7 0.012496335
897 237 15 14 0.012616536
653 346 19 33 0.012697153
707 169 7 8 0.012717816
599 197 8 11 0.01280895
228 120 6 7 0.013000265
85 8 6 6 0.013027214
695 223 13 17 0.013041519
473 41 8 13 0.013132742
947 231 7 8 0.01314217
850 294 12 10 0.013240609
822 267 11 10 0.013380418
844 291 23 16 0.013430795
68 31 5 6 0.013503383
561 140 6 8 0.01371639
925 256 13 18 0.0137174865
483 184 6 8 0.013959891
920 239 9 9 0.013995603
562 185 12 16 0.014163355
20 30 7 8 0.014489199
961 308 10 10 0.014522777
503 45 7 11 0.015012984
792 246 9 10 0.015078144
673 202 12 17 0.015528202
629 169 7 11 0.01570351
409 167 5 7 0.01577079
53 53 6 7 0.016431708
654 196 12 19 0.016606208
900 264 10 9 0.016760679
296 59 5 7 0.016899806
518 120 6 7 0.017312486
765 201 14 15 0.017493643
412 388 23 44 0.017586676
180 61 6 6 0.017740745
331 401 26 45 0.01776251
100 88 5 7 0.017948281
196 58 5 5 0.018437978
992 310 22 19 0.01890068
119 26 6 6 0.019150276
628 185 12 18 0.019302255
214 122 6 7 0.01935947
913 262 13 17 0.01953627
868 248 14 15 0.01954551
310 119 6 8 0.020122746
103 71 5 7 0.020134954
700 217 13 16 0.02025352
642 184 12 19 0.020608814
614 122 7 11 0.020630255
766 212 14 17 0.021232087
754 215 14 16 0.0213184
708 198 9 12 0.021420417
786 230 14 16 0.02142799
594 178 12 18 0.021615984
464 147 12 17 0.021791527
825 294 42 52 0.021804327
760 205 8 9 0.021924213
903 273 22 18 0.0220596
561 154 6 7 0.022658573
788 213 13 17 0.023214186
215 57 6 6 0.023329742
550 55 9 12 0.023340076
454 124 7 9 0.023617338
706 195 14 18 0.02384485
195 73 14 15 0.023933096
714 195 21 25 0.024051886
855 259 14 16 0.024148507
388 79 5 5 0.024281457
902 302 31 37 0.024416113
829 264 15 16 0.024476478
607 192 13 18 0.02471043
759 289 24 16 0.02535779
897 273 22 18 0.025384817
660 166 7 10 0.025812972
727 187 9 10 0.026035583
526 181 12 17 0.026374906
390 149 6 8 0.026441863
421 154 6 7 0.026485415
350 131 12 16 0.026631001
572 319 18 32 0.026635477
582 154 6 8 0.02723357
702 226 10 11 0.027454453
668 180 12 18 0.027543385
835 244 14 16 0.027671045
333 115 12 16 0.027963988
262 63 5 7 0.02810311
694 218 13 17 0.028279802
245 107 7 7 0.028364278
881 243 15 15 0.028375095
608 184 13 17 0.028614135
860 259 14 15 0.029432522
418 108 7 10 0.029540392
457 136 6 9 0.029652353
605 163 12 18 0.029752582
169 88 6 8 0.030183708
404 109 5 7 0.030306043
264 90 6 7 0.030537874
742 247 9 11 0.03069092
214 101 7 7 0.031129722
695 220 9 13 0.031233305
749 296 24 17 0.03146059
928 259 9 12 0.03181442
645 188 7 11 0.031925075
926 240 9 9 0.032382082
771 229 14 16 0.032796547
725 216 9 10 0.0330573
503 135 5 7 0.033306994
579 199 8 10 0.033336848
468 125 6 8 0.03334705
402 80 6 7 0.033560216
38 53 7 7 0.033665355
662 182 12 19 0.033691138
503 127 5 7 0.033879183
148 86 7 7 0.0338883
425 167 5 7 0.033912573
53 10 6 7 0.03415283
696 226 9 12 0.03441062
595 155 7 9 0.03442641
163 74 7 7 0.034706563
798 216 9 10 0.034727216
740 206 8 10 0.03488604
742 231 14 16 0.035218805
259 119 6 8 0.035478972
670 182 9 13 0.036394905
245 74 6 6 0.03661641
737 210 14 16 0.036875527
307 78 5 6 0.03733441
484 136 6 8 0.03737117
801 245 9 10 0.037725866
916 264 9 11 0.03827445
244 58 5 6 0.038404062
703 220 9 11 0.038430803
103 29 5 6 0.03993086
675 204 9 12 0.04032209
421 136 6 8 0.040405355
516 141 6 7 0.040757127
346 133 8 11 0.042431526
328 75 4 5 0.042433105
113 44 6 7 0.04263365
879 238 10 10 0.04276352
600 169 8 11 0.04357625
374 78 4 5 0.044346895
291 76 5 6 0.04536339
797 231 14 16 0.046021663
549 156 7 8 0.046372503
229 56 6 6 0.046382573
869 237 10 9 0.048051666
3 55 6 8 0.04841683
136 72 6 7 0.049212895
249 120 6 7 0.049296923
73 55 6 8 0.049475376
484 124 5 8 0.04961076
529 140 6 8 0.050403822
182 27 4 6 0.050763223
180 89 7 8 0.051984828
612 155 7 10 0.05320747
358 75 4 5 0.054692626
499 185 7 10 0.055258203
881 262 15 16 0.05561479
630 188 8 11 0.056267533
631 194 9 11 0.058417533
434 165 6 8 0.058785606
748 231 14 16 0.05892712
657 199 7 12 0.059149016
883 264 11 11 0.05972265
533 165 6 9 0.059796453
987 308 29 40 0.061204452
163 27 5 5 0.061421283
769 215 10 10 0.06164778
278 88 5 7 0.062282607
899 239 11 10 0.06261822
725 201 9 12 0.06264131
916 243 14 15 0.062668964
134 23 5 6 0.06383892
420 121 6 8 0.0640921
822 245 9 9 0.06517185
342 74 4 5 0.065221384
135 16 6 6 0.06793005
896 243 20 16 0.06889421
563 195 8 10 0.06892359
340 92 5 6 0.06917244
819 236 9 8 0.06917876
134 44 6 7 0.069646135
924 242 13 16 0.070497625
325 104 6 8 0.070846125
664 185 8 12 0.07119685
832 267 10 9 0.072072
105 60 5 7 0.07250783
215 43 5 6 0.0730556
227 46 5 5 0.07445316
389 107 5 6 0.07564901
546 194 8 11 0.07706399
390 91 5 5 0.07762565
856 262 11 10 0.0798132
610 195 9 11 0.08213493
264 70 5 7 0.08245389
403 86 5 7 0.08274116
863 261 10 10 0.08513607
723 198 13 18 0.085850336
457 151 7 10 0.08614815
198 41 5 6 0.086678475
466 137 7 8 0.087784424
376 149 7 9 0.08949055
579 182 7 10 0.090197854
757 218 8 10 0.090225495
644 196 12 18 0.09101732
357 90 4 6 0.091099806
165 44 6 6 0.09154089
409 148 6 9 0.09156804
851 247 9 9 0.09290767
149 26 5 6 0.092946656
483 150 6 10 0.094338976
608 165 8 12 0.095029354
373 90 5 5 0.09522009
834 235 8 9 0.09532234
672 212 10 13 0.09641403
164 57 7 7 0.09665327
515 166 7 9 0.097097985
293 89 5 7 0.09710594
611 186 8 11 0.0974957
308 89 5 7 0.09903454
136 57 7 8 0.10025522
789 233 8 10 0.10334221
151 41 5 7 0.10546913
278 76 5 6 0.106674306
179 41 5 6 0.107483596
773 232 10 10 0.10764682
851 237 9 9 0.10868967
744 234 10 11 0.11073002
547 167 7 9 0.112331726
801 233 9 11 0.116597496
435 132 7 9 0.116863735
227 92 7 7 0.11967297
372 122 6 7 0.12176408
837 247 10 9 0.12190108
581 168 7 10 0.12496335
790 216 9 10 0.12588598
870 250 10 10 0.13015264
104 42 6 8 0.13031584
519 182 8 11 0.1304759
9 38 7 10 0.13233514
281 108 7 10 0.13266386
596 181 7 11 0.13515472
646 198 8 13 0.1369699
341 107 5 7 0.13779104
401 140 7 8 0.13913155
435 124 7 11 0.1416723
768 203 10 10 0.14622205
739 213 10 10 0.14754285
289 109 7 8 0.14943503
530 156 6 9 0.15002324
197 87 8 8 0.1505016
883 245 11 9 0.15782768
751 234 9 10 0.15834482
2 27 7 10 0.16181713
373 107 6 7 0.16379441
356 122 7 8 0.1663455
148 75 7 7 0.16658045
84 52 6 9 0.1685246
564 188 8 11 0.17997907
325 92 5 7 0.18234177
544 188 8 11 0.1911106
71 41 6 9 0.20266773
918 245 10 11 0.20738834
372 135 7 9 0.20939705
228 102 8 9 0.21478571
82 45 6 9 0.21621822
517 155 6 9 0.22173665
287 114 7 10 0.22365814
181 73 8 9 0.22478183
145 60 7 8 0.22496282
387 119 6 8 0.22533111
281 116 8 10 0.2291219
353 132 8 12 0.24010874
565 169 7 10 0.2420164
329 116 9 12 0.24376974
357 107 5 7 0.24859492
198 77 9 9 0.24997276
393 139 6 9 0.27143115
529 182 8 12 0.29166964
15 37 8 11 0.32005376
900 245 12 11 0.32533526
404 122 6 9 0.3292731
498 154 7 10 0.33592725
926 243 10 12 0.3384323
36 41 7 8 0.3479698
53 43 7 9 0.3714475
336 116 8 11 0.3774189
209 93 8 9 0.37789994
3 320 34 61 0.40252587
306 106 7 10 0.40343016
467 149 8 12 0.40730932
114 59 7 9 0.42300802
259 108 7 9 0.428676
437 151 8 10 0.4341366
38 364 27 46 0.4861919

