56_Voter_peoplevoting_56_118
31
763 27 105 145 0.010221146
585 72 51 95 0.010295082
812 0 118 94 0.010466023
688 99 63 87 0.0112544475
581 238 77 81 0.01255726
623 228 64 89 0.014072687
560 225 121 135 0.014572433
408 193 58 91 0.01660138
115 112 35 71 0.017406832
570 129 32 81 0.017563047
781 47 62 90 0.0182989
460 3 55 89 0.020684427
786 38 43 67 0.021213533
631 94 105 115 0.023993125
652 76 60 86 0.029528972
315 40 85 63 0.035009462
578 97 32 82 0.036670536
836 0 70 61 0.037099265
546 268 115 155 0.040680613
698 121 38 61 0.059438817
341 9 64 84 0.062965065
675 107 37 71 0.08160212
272 109 84 102 0.093372144
360 10 84 130 0.10033838
581 108 60 90 0.10069668
652 100 71 82 0.115243256
968 424 48 144 0.13456848
960 403 64 188 0.21176198
111 0 54 66 0.31323856
367 4 62 104 0.8820637
293 78 74 154 0.9893806

