56_Voter_peoplevoting_56_714
65
472 84 6 10 0.010235125
595 65 7 7 0.01040475
350 37 9 9 0.010614075
730 80 6 9 0.010933356
496 124 14 17 0.0111064585
740 83 6 8 0.011689758
677 110 14 20 0.012000756
565 54 7 8 0.012017147
208 121 21 19 0.012166508
548 67 6 9 0.012297304
562 110 8 9 0.012532051
752 45 7 9 0.012538366
528 89 12 19 0.012698307
510 88 18 29 0.013116634
656 92 22 18 0.013355562
484 133 8 7 0.013959976
473 134 6 8 0.014013604
758 144 7 8 0.0146033885
739 129 6 8 0.014944951
577 79 8 10 0.015328349
535 83 8 11 0.016046206
378 116 6 7 0.016287856
498 115 8 9 0.016772384
484 94 8 9 0.018337993
783 148 8 9 0.018444836
534 79 12 20 0.019508673
497 96 13 19 0.020193158
762 98 6 8 0.020480892
941 167 20 38 0.02097775
758 133 5 7 0.021728488
499 99 8 11 0.021739043
544 71 17 31 0.024118697
566 80 7 10 0.024242567
482 82 7 11 0.024467189
531 92 7 12 0.026342845
516 84 8 10 0.026383566
586 155 29 16 0.026623849
546 82 8 12 0.030438192
771 161 9 10 0.031069772
675 103 20 28 0.031278465
579 65 6 8 0.032485962
679 112 23 18 0.033233535
566 64 6 9 0.033263054
54 124 26 51 0.035807595
663 82 7 8 0.035996407
499 127 8 10 0.0370491
772 145 7 7 0.037506685
767 95 6 9 0.041296676
515 98 9 12 0.047043234
402 112 7 8 0.051223267
29 127 35 71 0.055912215
5 101 33 74 0.056649823
954 176 53 81 0.05927499
543 78 12 21 0.07393921
26 101 43 107 0.08061508
577 149 41 51 0.08383135
972 196 45 56 0.092908286
981 191 30 45 0.119149216
399 99 6 8 0.21667784
512 95 14 19 0.2354172
386 116 7 9 0.2606168
392 100 7 8 0.28231227
938 173 28 42 0.5839571
41 113 33 71 0.5998754
968 188 39 54 0.6551087

