56_Voter_peoplevoting_56_641
25
379 223 211 255 0.010221436
823 146 34 70 0.010422538
5 84 38 154 0.010510483
713 73 66 92 0.0115514835
698 57 102 122 0.013368752
375 272 118 129 0.014340239
499 283 65 110 0.015601053
456 255 80 90 0.016174536
364 230 114 147 0.016219793
0 45 69 233 0.019705413
648 178 59 95 0.022154922
322 186 69 79 0.023303984
309 235 72 104 0.030571185
699 104 45 64 0.035128552
737 82 87 148 0.036432274
443 298 76 96 0.0472669
475 260 103 170 0.057926808
496 252 65 96 0.082320616
751 100 57 107 0.09548189
259 246 76 102 0.11010615
436 241 119 136 0.12982208
287 219 104 162 0.2786191
715 102 77 86 0.3304613
430 273 109 139 0.3637303
256 232 99 142 0.4733225

