56_Voter_peoplevoting_56_459
38
119 51 26 42 0.010063793
45 311 18 34 0.010274904
611 108 12 21 0.010320586
589 127 13 20 0.010489863
540 110 22 19 0.010990047
968 191 22 29 0.011169907
620 95 19 30 0.011285652
864 102 39 56 0.011854299
820 135 13 20 0.011952474
88 51 11 31 0.013020882
388 149 31 38 0.013574538
582 139 13 23 0.013753493
567 202 34 72 0.01499772
951 210 41 59 0.015147493
548 113 8 9 0.015721872
613 113 7 11 0.016982269
870 110 28 41 0.01895566
809 185 21 30 0.020336153
886 208 29 16 0.021372939
349 74 31 35 0.02562827
891 202 23 28 0.026491353
187 151 19 32 0.027681438
964 152 26 37 0.033234604
586 132 17 34 0.04200731
997 111 6 10 0.05051314
102 75 35 62 0.06167077
496 72 15 40 0.090823725
510 85 18 33 0.09242721
962 156 23 19 0.09827353
237 93 32 42 0.30052286
966 158 25 19 0.37484288
637 91 29 41 0.4768715
90 46 27 41 0.49591744
867 85 26 46 0.6878565
499 78 16 37 0.68930036
353 81 28 38 0.9496889
743 89 31 45 0.97879744
243 86 32 56 0.98459005

