56_Voter_peoplevoting_56_228
30
830 374 21 29 0.010438854
968 475 5 10 0.01112258
18 222 44 52 0.013219195
499 322 39 61 0.014020122
9 195 45 92 0.017338684
696 278 32 38 0.018035041
871 353 18 34 0.018433373
1012 506 5 8 0.019264402
1013 488 5 8 0.019989131
966 488 5 11 0.023980344
0 224 46 51 0.024019789
966 501 4 10 0.02540688
544 283 42 57 0.04312701
998 490 5 7 0.043881677
987 506 5 9 0.051992066
804 381 33 31 0.054621607
482 298 27 45 0.061083004
993 505 6 8 0.06629105
469 402 25 45 0.0855192
564 274 29 46 0.14787526
877 363 19 33 0.17978002
23 215 33 41 0.26078954
9 209 37 58 0.537835
461 400 27 43 0.74936503
117 67 38 82 0.8625094
798 330 22 33 0.8877291
927 324 17 38 0.9071952
555 269 32 62 0.9335031
638 239 38 60 0.94529945
605 300 35 58 0.98009586

