56_Voter_peoplevoting_56_122
191
125 29 23 18 0.010013622
248 97 32 75 0.010034396
8 47 25 47 0.010062895
711 10 24 50 0.01009496
812 20 21 21 0.010158888
207 38 21 21 0.010165166
369 24 20 21 0.010246609
289 106 36 71 0.010328743
3 40 36 61 0.01037144
61 76 28 44 0.01039538
403 10 11 12 0.010438538
147 2 12 11 0.010496334
776 47 18 37 0.010559125
178 25 21 18 0.010594219
801 75 34 73 0.010673362
576 9 20 21 0.010675295
910 27 17 42 0.010725262
241 23 21 20 0.010763919
250 48 33 67 0.0108155655
157 54 19 35 0.010830488
203 10 23 18 0.010963588
3 16 37 57 0.011110056
297 50 26 44 0.01167867
357 0 13 11 0.011743229
923 48 34 70 0.011749367
118 67 37 61 0.0118611995
828 17 33 64 0.011908624
336 1 14 17 0.0119125135
10 9 21 20 0.012036892
240 13 22 18 0.012578836
190 0 14 12 0.012671396
455 4 18 30 0.012780012
200 26 22 21 0.01281129
62 1 12 11 0.013059822
338 3 10 11 0.0131203635
711 7 25 17 0.013637676
435 38 18 24 0.01367004
594 10 19 22 0.013726347
1007 0 14 38 0.014080822
78 58 18 36 0.01411023
41 27 21 20 0.014180849
259 11 14 23 0.014484556
51 0 15 15 0.014624346
55 0 24 14 0.01467054
2 5 10 27 0.01479622
501 135 40 55 0.01492364
390 4 32 60 0.015826648
31 0 12 10 0.015939709
263 13 23 20 0.016040899
24 0 23 14 0.01607785
300 13 22 20 0.016080912
686 53 28 45 0.016085576
376 13 22 20 0.01629812
431 4 20 20 0.016385278
695 55 31 47 0.016401187
1014 52 9 31 0.016565656
395 2 22 17 0.016919347
117 169 49 105 0.017086014
313 46 23 20 0.017115422
134 22 33 60 0.017167656
441 40 19 26 0.01718042
151 24 24 19 0.017181082
919 18 33 63 0.01741264
105 26 23 19 0.017475998
318 8 22 19 0.017633673
160 6 20 30 0.01779641
402 23 20 19 0.017886227
601 12 20 23 0.018019946
229 123 34 73 0.018624168
138 43 22 20 0.01899492
268 112 50 92 0.020339312
8 22 26 43 0.020546397
477 140 39 56 0.02076639
220 109 25 53 0.020897852
188 44 26 44 0.020902459
10 26 17 35 0.020941567
702 11 33 68 0.020978648
374 10 13 21 0.021063624
702 8 22 18 0.021201845
481 9 19 24 0.021310821
188 16 21 18 0.021315526
659 0 13 19 0.02177397
178 0 14 13 0.021808127
192 0 10 10 0.02181932
192 6 19 29 0.022174941
909 179 58 90 0.02228722
201 90 25 49 0.022342008
358 0 10 7 0.02236646
63 14 22 18 0.022592297
88 104 51 103 0.022679603
151 0 24 16 0.022812646
347 11 21 20 0.022853822
409 131 34 64 0.02287784
142 0 23 16 0.023060609
589 16 18 33 0.023717865
332 6 20 20 0.023731371
71 16 24 18 0.02392369
709 2 29 14 0.023932735
527 6 17 35 0.024148986
31 29 19 31 0.024155876
308 113 35 66 0.024198612
332 25 18 32 0.024397347
395 42 22 20 0.024551654
65 21 22 20 0.025263213
345 28 22 22 0.025277153
409 23 20 21 0.025619606
902 76 23 52 0.025862068
309 130 37 68 0.026568322
347 38 21 22 0.027149701
316 53 19 33 0.027666416
57 68 37 63 0.028027844
161 23 19 33 0.028197382
140 26 22 19 0.028414436
536 23 21 22 0.028918995
429 0 21 18 0.02954071
252 21 21 21 0.029544469
238 4 20 29 0.030676298
204 103 51 87 0.031049628
180 0 10 10 0.03109102
966 18 19 38 0.03121875
52 2 12 10 0.031262238
184 35 35 63 0.031465657
805 97 34 69 0.03185573
1002 12 19 59 0.032322355
358 7 19 31 0.032387283
221 25 18 33 0.03262964
142 5 20 29 0.033237793
1008 45 14 44 0.03417608
530 22 13 24 0.034643196
715 355 67 91 0.03478107
153 23 27 42 0.035104107
277 165 49 108 0.035188027
215 79 30 70 0.036510006
72 21 23 20 0.040946525
151 10 23 19 0.043189965
292 4 25 41 0.044402733
188 21 21 21 0.04616149
560 66 17 41 0.047990553
542 7 18 35 0.05181397
769 35 33 64 0.053328995
448 44 18 34 0.05451172
84 64 37 59 0.05499306
617 49 23 48 0.059592083
899 41 24 52 0.060447123
398 7 21 20 0.06508802
298 21 22 22 0.06586048
771 28 25 47 0.066188835
834 60 33 68 0.06798604
943 70 37 70 0.06872227
804 12 25 46 0.070675105
414 124 26 45 0.07070067
141 29 18 35 0.071402594
143 11 22 18 0.07172505
922 45 57 77 0.07289315
98 21 27 42 0.07540454
652 0 19 29 0.079899445
72 46 33 63 0.08058832
412 3 17 35 0.09691226
251 68 30 71 0.10013242
528 15 17 34 0.101161696
432 25 17 35 0.103118494
850 41 33 66 0.10652165
194 97 37 62 0.10870901
708 0 27 41 0.12500378
605 11 25 45 0.1434771
256 8 21 31 0.14856786
145 39 35 64 0.16118294
397 14 18 36 0.17049931
67 24 28 41 0.17585146
216 98 32 74 0.17643316
142 45 26 46 0.19435619
611 5 19 35 0.19742638
585 3 17 35 0.19744755
896 30 33 71 0.20905642
539 14 18 36 0.2290445
256 13 26 41 0.26309738
86 63 28 44 0.31868216
297 15 19 34 0.32223296
398 5 18 36 0.33063054
199 26 26 42 0.3682875
559 73 25 48 0.37662494
563 67 32 64 0.40625456
353 23 18 36 0.41438648
490 14 18 36 0.42660835
905 18 30 67 0.46006662
488 5 18 37 0.4721734
446 35 19 36 0.52376133
960 6 33 59 0.52641445
935 70 33 68 0.68381816
841 48 29 69 0.77801156
689 42 38 72 0.7979555

