56_Voter_peoplevoting_56_344
111
0 19 11 48 0.010281807
885 74 13 17 0.010306929
871 76 7 8 0.010505233
383 76 12 8 0.010505416
48 80 17 33 0.010629539
382 90 15 10 0.010790007
923 71 13 17 0.010852834
627 51 14 17 0.010995869
150 87 8 10 0.0111971
362 98 24 15 0.011313946
0 27 8 33 0.011665182
3 73 7 14 0.011718838
928 115 13 18 0.011743511
342 76 11 10 0.012488712
512 87 14 17 0.012600857
926 73 8 12 0.012776222
550 76 10 12 0.012865438
884 46 6 7 0.012973378
1017 102 7 12 0.012984587
2 45 12 43 0.013546197
347 100 25 15 0.013642968
656 58 11 10 0.014221222
69 64 15 30 0.01436983
279 71 9 10 0.014576441
931 119 8 11 0.014670257
162 81 14 15 0.0148805985
629 55 10 9 0.01596044
78 100 21 20 0.016148955
312 100 24 17 0.016619312
266 53 22 17 0.0166789
873 131 7 12 0.01760349
976 63 16 27 0.018584985
653 70 14 10 0.018928474
785 85 8 12 0.02039193
1009 82 15 20 0.02054986
9 84 14 37 0.020865856
480 0 9 5 0.022591833
774 80 12 18 0.022739416
287 71 10 10 0.023145992
800 75 7 7 0.023730222
643 63 11 10 0.02480034
515 90 9 9 0.025041116
47 63 17 30 0.025559952
926 83 8 12 0.025787396
273 66 21 18 0.026646854
310 53 16 21 0.027103662
289 106 23 17 0.02731366
802 92 12 14 0.02862366
559 82 11 12 0.030749409
0 67 11 24 0.030859414
788 77 6 9 0.031928033
776 84 8 11 0.032175787
371 93 11 9 0.033401746
549 82 13 12 0.034655128
899 81 19 28 0.035578657
383 84 20 25 0.039596293
868 86 7 10 0.041000422
785 82 12 19 0.04202059
550 68 18 27 0.042335473
239 104 9 11 0.042800028
887 77 8 9 0.042890858
237 103 13 17 0.043060087
61 74 19 20 0.044017006
777 77 7 10 0.046024855
274 55 8 9 0.04630262
66 84 10 15 0.04781209
350 82 20 25 0.04838911
895 75 13 17 0.049852457
339 73 22 18 0.053627197
982 72 10 14 0.05386724
377 74 23 17 0.05634702
913 73 13 17 0.05772737
649 57 21 18 0.057857104
120 103 20 20 0.058046203
48 53 18 21 0.06644772
915 76 9 11 0.075702935
367 88 24 17 0.0765187
638 60 22 17 0.07838822
280 66 23 18 0.083252795
562 76 10 12 0.10266271
897 78 9 11 0.11112896
208 67 15 31 0.11299693
909 82 19 18 0.113299966
210 75 15 19 0.11575581
296 106 24 18 0.13694525
556 78 14 18 0.13859753
64 80 17 32 0.144475
549 74 14 20 0.19380711
644 67 14 12 0.20149295
558 75 15 17 0.25464687
885 83 14 17 0.31105742
894 82 14 16 0.32713184
309 56 24 21 0.37527907
343 75 23 18 0.37688828
63 81 14 21 0.40129155
897 84 10 11 0.4207608
886 85 10 12 0.43468514
343 80 25 18 0.43999434
646 65 23 19 0.44201103
548 77 19 21 0.44549766
1014 85 8 14 0.5043036
914 85 11 12 0.5085075
643 64 20 17 0.5215043
699 66 21 21 0.72713023
205 77 24 19 0.7291122
93 56 20 22 0.79255056
377 85 23 18 0.80465615
175 81 22 20 0.85616535
460 84 21 22 0.8607816
981 68 14 20 0.91611934
800 90 15 20 0.91736776

