56_Voter_peoplevoting_56_21
26
317 296 34 71 0.010695649
853 284 56 90 0.0109335985
724 290 42 63 0.011449632
423 203 30 78 0.012321602
724 278 45 54 0.01279527
121 267 96 116 0.012813739
647 202 23 52 0.013555766
325 244 18 34 0.013679998
698 294 39 61 0.013724204
805 247 25 18 0.014257962
142 293 43 60 0.016352933
691 267 108 119 0.01909999
788 241 43 49 0.019905686
641 170 30 76 0.025075698
133 297 40 61 0.02524401
497 276 60 90 0.027291588
602 335 34 62 0.029159056
468 269 58 94 0.032585636
649 261 58 99 0.038199063
640 196 33 73 0.038950182
794 246 32 35 0.048330612
712 280 65 85 0.05811481
137 280 62 88 0.06550364
640 224 38 73 0.0664982
428 221 31 75 0.08090084
627 208 46 108 0.14999746

