56_Voter_peoplevoting_56_781
162
974 172 12 24 0.010160225
871 146 9 11 0.0103318235
438 139 25 19 0.010353059
978 95 13 20 0.010656552
908 110 13 17 0.010891067
216 146 32 16 0.011148345
260 155 31 36 0.0111792805
939 95 20 21 0.0113282595
460 212 59 80 0.011493902
166 90 32 37 0.011683448
947 133 10 12 0.011770863
978 109 13 20 0.011959655
981 100 7 11 0.011975398
24 84 34 12 0.012042667
22 95 33 13 0.012223916
434 81 13 20 0.0124316625
289 183 28 43 0.012541223
426 126 22 20 0.012958696
545 123 18 34 0.0131343
377 184 42 67 0.013222971
217 91 36 32 0.013447555
1015 157 9 29 0.013454205
246 73 35 32 0.013455706
1011 94 8 14 0.013729601
971 166 18 33 0.013861249
511 201 21 19 0.013895542
430 138 22 19 0.013930889
997 98 16 34 0.0139973145
209 86 49 46 0.014082317
390 116 28 46 0.014341539
187 119 53 46 0.014566526
753 147 9 11 0.014612985
161 84 42 53 0.014664171
435 92 13 19 0.014877298
521 100 25 46 0.014996134
832 144 9 10 0.015091208
725 130 8 10 0.015135484
782 128 13 23 0.015216776
865 141 21 19 0.01588652
495 127 21 20 0.016171806
293 118 22 35 0.016881635
344 78 23 19 0.017575566
645 144 34 53 0.017988278
738 128 20 20 0.018001148
100 58 40 60 0.01820885
956 131 14 21 0.01836091
718 127 20 20 0.018604547
999 125 16 34 0.018840771
28 88 30 40 0.019134773
332 68 28 42 0.019280395
336 78 24 18 0.019298518
777 138 22 20 0.019299222
910 157 21 20 0.01937728
911 113 9 11 0.019691054
934 131 9 11 0.019989546
87 81 51 89 0.020074077
505 240 32 72 0.020544626
808 144 8 11 0.020682923
7 188 37 138 0.020785576
681 122 23 20 0.021448096
651 110 18 33 0.021833599
118 94 33 42 0.022973688
67 117 29 43 0.023301743
119 155 43 54 0.023828145
244 83 37 13 0.024127217
22 81 41 56 0.024138574
995 126 10 14 0.024301212
105 89 31 42 0.024335364
674 111 20 23 0.024577992
414 85 31 66 0.024699377
284 174 36 61 0.025337545
648 160 24 21 0.025515191
3 172 18 133 0.025636459
607 314 14 20 0.025646018
1009 90 11 24 0.026316127
846 109 20 31 0.027970094
904 130 18 31 0.03130843
329 89 27 42 0.031850796
751 114 14 21 0.032014437
852 128 10 11 0.032695815
993 115 13 21 0.03339104
933 128 14 18 0.033576954
424 111 21 20 0.036070794
607 151 19 32 0.03616598
806 139 13 20 0.03641231
419 92 25 47 0.03647432
128 79 60 81 0.039336324
950 137 14 19 0.040018883
716 140 22 20 0.040913437
840 173 22 21 0.04107931
898 117 10 12 0.041257747
348 68 25 45 0.041659225
836 166 20 30 0.043405376
853 117 9 12 0.044531155
478 243 36 66 0.045118555
767 127 20 22 0.04673643
818 134 9 12 0.047397144
869 120 18 30 0.04785899
697 123 22 21 0.04863106
651 127 22 21 0.04882568
876 104 19 32 0.04960777
805 134 8 11 0.05250357
424 95 18 35 0.052805983
746 142 21 20 0.052948885
595 140 21 20 0.053906497
850 115 14 19 0.05613395
641 122 20 22 0.05665477
711 123 19 31 0.057230834
384 104 39 62 0.059060585
217 147 33 35 0.06303062
174 82 55 49 0.06706136
882 128 9 12 0.06858873
27 51 28 14 0.06956239
63 108 38 61 0.0720221
897 125 10 12 0.072699204
670 121 21 22 0.07389397
869 131 9 11 0.07403805
802 130 13 21 0.07885413
866 127 14 18 0.07912188
218 136 34 34 0.08119399
891 115 20 19 0.08221567
491 122 18 34 0.08539116
947 128 17 30 0.08608601
815 132 14 18 0.08636986
883 115 9 11 0.08704973
879 125 14 17 0.08715842
440 128 24 20 0.09551861
517 118 18 33 0.096010715
894 122 14 17 0.09753897
348 80 24 49 0.09946039
850 124 14 18 0.10003745
747 123 20 21 0.103895396
881 112 13 18 0.10530322
750 107 18 30 0.10819922
594 134 18 34 0.10914414
818 144 10 12 0.11446739
809 132 18 29 0.117327414
316 115 27 45 0.11760782
185 85 66 75 0.12040744
746 125 19 31 0.1226117
378 74 59 72 0.12667024
599 143 23 19 0.13025692
101 80 41 60 0.13635147
421 118 24 46 0.1365727
374 81 40 67 0.1584525
993 123 13 20 0.15936157
674 113 27 37 0.17130977
602 137 18 32 0.17803717
835 132 9 13 0.17985508
111 85 42 60 0.20248935
942 130 20 21 0.20837668
815 141 14 17 0.22601521
951 137 21 21 0.23300664
441 125 26 43 0.37958232
832 130 14 18 0.40840524
844 119 21 31 0.42549053
680 109 21 32 0.5122469
652 154 22 31 0.51256037
646 116 18 35 0.53246266
371 192 64 76 0.58085304
780 124 21 32 0.70260704
287 108 37 51 0.82269466

