25_Soldier_Patrol_Soldier_Patrol_25_18
54
773 419 9 11 0.0100698415
831 416 10 14 0.010115891
745 391 9 12 0.010867731
775 465 19 35 0.011510883
907 426 14 18 0.01160086
772 414 9 10 0.011789925
789 452 11 14 0.0118464595
586 430 17 21 0.012156879
769 410 14 18 0.012263296
945 473 10 12 0.012648742
527 474 19 34 0.013071572
901 429 10 11 0.0132693285
687 426 7 12 0.013619637
586 429 8 13 0.01365155
679 424 7 12 0.014020393
860 453 13 19 0.014055589
863 457 8 11 0.014977459
677 421 12 21 0.0155023085
771 415 13 20 0.016420128
311 192 48 116 0.017565351
766 456 36 60 0.018234331
772 462 26 44 0.019901766
684 422 12 21 0.020155832
899 427 14 18 0.0219218
522 412 19 31 0.022620134
246 92 42 56 0.02307865
815 438 9 13 0.025312176
813 436 13 19 0.025680356
591 429 8 13 0.02959142
628 423 7 9 0.030138949
857 439 7 11 0.031044362
645 383 8 8 0.03127053
780 440 17 34 0.033004873
749 396 20 20 0.03331509
942 470 14 18 0.037524063
903 436 11 14 0.042361088
744 388 13 20 0.0479503
640 386 14 17 0.048254497
610 430 6 10 0.060258042
611 435 7 11 0.062458392
244 77 42 56 0.071516566
529 417 13 22 0.07521418
641 451 35 62 0.07782141
643 389 9 10 0.080889635
507 371 13 18 0.15913677
586 432 9 16 0.16421579
784 447 19 22 0.19768655
503 371 14 19 0.20608445
903 435 20 21 0.34588107
591 433 8 14 0.35417265
902 433 15 20 0.48855308
231 37 42 69 0.5768473
751 389 19 22 0.70326155
829 408 13 17 0.7818461

