25_Soldier_Patrol_Soldier_Patrol_25_873
48
748 114 19 32 0.010060159
66 220 9 14 0.010253866
326 166 18 32 0.010395518
313 207 21 20 0.010395547
31 253 12 22 0.010679198
370 188 13 22 0.010892002
572 222 47 99 0.011022544
365 248 21 31 0.011023552
677 87 11 25 0.0118852155
608 178 43 58 0.012101503
139 219 20 21 0.012614689
291 170 12 21 0.013288891
79 227 10 12 0.014161591
674 97 17 33 0.014394351
20 196 10 12 0.016753742
328 177 13 21 0.017730692
330 188 18 32 0.018937578
677 81 12 22 0.019573603
382 181 33 33 0.019926902
104 207 11 14 0.021260064
77 224 13 18 0.021302452
39 223 13 21 0.021862023
449 194 35 32 0.025627831
571 240 40 60 0.02592064
39 246 16 38 0.027331796
63 217 13 19 0.02733305
97 191 10 12 0.028543048
222 191 22 20 0.031376198
359 187 20 32 0.0318152
109 208 12 13 0.034807876
95 190 13 18 0.035063505
288 162 18 34 0.040793106
331 179 14 18 0.041922286
19 193 13 20 0.04444744
49 227 9 13 0.050045196
497 144 36 37 0.054980084
587 56 19 32 0.070668995
749 111 24 20 0.09134093
46 224 13 19 0.10094491
65 212 10 13 0.10562479
572 132 31 41 0.11163423
567 136 40 58 0.23806925
63 210 13 19 0.2839207
104 204 20 21 0.3023266
234 186 18 31 0.6315843
751 103 19 35 0.7612146
413 144 31 35 0.8591855
487 126 39 60 0.87178355

