25_Soldier_Patrol_Soldier_Patrol_25_679
72
575 161 39 60 0.010030229
193 147 8 7 0.010147578
18 182 12 23 0.010187736
175 145 13 16 0.010976958
151 176 8 8 0.011538109
131 154 14 17 0.011871392
60 184 22 19 0.012213844
114 136 7 7 0.012250128
285 137 32 35 0.012474154
72 171 23 19 0.012639705
448 198 42 55 0.012805502
35 125 11 14 0.013308082
54 148 9 11 0.013449566
85 162 8 8 0.0136394845
10 148 17 33 0.013823632
3 166 9 30 0.014103048
51 144 14 19 0.0141244
49 155 19 20 0.014144825
13 156 13 22 0.014501263
0 138 10 26 0.014790715
29 156 20 22 0.014979309
482 158 32 35 0.0151037285
305 100 36 54 0.0152216
65 163 10 10 0.01539434
23 119 13 20 0.016718525
167 176 6 8 0.017494872
513 145 21 29 0.017707149
85 148 7 8 0.018292528
27 113 20 21 0.018443748
100 159 8 7 0.020403074
47 185 22 20 0.021337539
396 159 51 86 0.021805426
385 195 34 37 0.026263846
160 157 14 16 0.027562588
141 145 14 16 0.030353408
428 69 33 36 0.03066887
8 168 17 33 0.030809205
209 177 40 37 0.032663565
119 173 22 18 0.032733757
127 176 9 8 0.041307747
41 149 20 31 0.04478628
58 170 23 20 0.045371495
304 91 20 33 0.04582408
380 187 45 51 0.050364636
164 147 7 7 0.053843684
102 145 6 8 0.055057984
112 172 21 19 0.05818645
314 98 22 30 0.060337543
58 159 21 19 0.06489168
118 165 7 8 0.07171647
180 157 7 8 0.07235195
61 171 19 33 0.073523186
118 175 9 10 0.07393544
146 157 8 8 0.080586374
134 158 8 8 0.100422345
133 147 7 8 0.106862314
48 167 20 31 0.1444327
115 143 7 8 0.18687242
145 148 8 10 0.20179257
178 149 8 9 0.24556243
163 160 8 9 0.24558178
249 156 39 56 0.30253658
303 94 27 39 0.40757206
30 120 19 22 0.51246136
488 148 28 37 0.599675
89 178 29 35 0.8141508
199 169 42 56 0.8540684
123 198 32 42 0.8793648
306 122 40 54 0.9181598
435 62 36 39 0.9523468
593 154 86 95 0.9531866
869 31 34 57 0.9831745

