25_Soldier_Patrol_Soldier_Patrol_25_761
38
952 82 5 6 0.011391056
788 541 59 85 0.011727981
642 210 29 72 0.012561217
223 177 32 74 0.013035917
266 478 27 44 0.0135509195
987 324 31 75 0.013773681
368 528 22 20 0.01383312
135 248 51 105 0.014168076
977 69 39 102 0.0142731555
932 84 5 6 0.015160274
981 68 6 8 0.016488422
800 547 37 70 0.017359292
152 116 34 69 0.017450707
265 500 26 18 0.022119828
339 178 37 65 0.02221163
364 524 21 28 0.022661284
319 192 35 72 0.023154803
964 80 6 7 0.02352319
993 131 30 79 0.023544848
995 108 24 54 0.02489719
327 174 45 100 0.029653233
230 194 36 77 0.029930666
156 133 36 70 0.034879114
313 152 34 66 0.041897625
193 141 35 67 0.04556015
671 49 27 44 0.052655883
177 69 38 60 0.059069484
994 92 25 50 0.059598844
180 66 31 45 0.16365233
324 168 32 74 0.17331079
825 84 40 59 0.19292322
988 96 35 75 0.3318591
496 111 38 37 0.55030197
802 90 40 63 0.81878763
166 60 39 57 0.90683436
490 95 38 57 0.9462174
317 62 33 61 0.96528196
689 87 41 57 0.9745247

