25_Soldier_Patrol_Soldier_Patrol_25_174
47
100 137 26 44 0.01009346
274 118 9 9 0.010545344
524 143 18 32 0.010591025
366 96 25 17 0.011049607
565 243 13 17 0.011577057
375 96 26 17 0.011616738
254 183 20 33 0.0119119575
382 86 14 21 0.011984592
298 91 26 17 0.012064716
638 182 39 55 0.012816248
337 107 12 10 0.013451141
199 145 35 54 0.013522241
302 96 15 21 0.0144265685
169 152 20 29 0.014989396
58 143 33 63 0.015179893
344 101 24 17 0.01592726
290 98 23 19 0.016584264
116 37 27 38 0.016809745
146 112 14 19 0.016921908
165 153 25 17 0.017619528
255 124 19 30 0.01891156
400 176 23 20 0.019006547
409 172 20 30 0.019617725
253 128 13 18 0.019939255
328 94 19 30 0.02341495
599 235 9 9 0.02526905
581 237 8 8 0.027811587
257 131 8 11 0.029736292
254 121 13 17 0.030491993
348 145 20 31 0.030756725
219 157 19 32 0.032283634
566 245 9 10 0.04494173
164 155 15 17 0.04861463
120 30 19 38 0.058163557
161 158 21 18 0.06163934
257 124 8 11 0.08152188
394 155 27 42 0.0859303
368 87 24 19 0.108130865
207 155 21 32 0.14528444
374 88 26 18 0.1865765
332 103 23 19 0.2605814
370 82 19 30 0.42097977
377 82 20 30 0.43943793
395 166 28 41 0.56839937
297 91 21 32 0.72205126
639 201 33 41 0.8993848
111 27 26 46 0.9109542

