25_Soldier_Patrol_Soldier_Patrol_25_869
41
1008 592 13 29 0.0101470025
143 165 9 9 0.010421549
610 297 37 62 0.0104917595
145 263 23 50 0.010513037
41 229 22 19 0.010528142
130 183 9 9 0.0108621335
641 169 181 195 0.011041543
7 275 25 45 0.012839508
35 218 10 12 0.012915262
122 179 22 19 0.013008405
28 206 27 38 0.013016366
4 31 51 110 0.013034554
360 107 8 12 0.013087643
155 279 21 22 0.013695782
959 29 50 111 0.013866007
23 214 13 19 0.014052287
224 239 19 31 0.014117455
679 209 80 106 0.014535225
172 232 14 19 0.014641472
354 136 23 48 0.016042652
8 280 17 35 0.016463457
38 198 13 19 0.017946685
47 198 10 12 0.018139794
44 196 14 17 0.018502012
161 216 18 30 0.018923223
153 216 10 13 0.02148406
135 153 13 16 0.021527138
224 233 12 12 0.025857491
134 168 8 10 0.031044569
216 229 14 19 0.03132247
152 214 13 19 0.038549963
152 263 24 46 0.041914973
141 157 9 9 0.05815345
648 170 103 134 0.11040243
137 156 9 11 0.17591769
163 217 10 12 0.18982153
29 214 20 21 0.31196493
160 215 14 17 0.33416998
219 228 20 21 0.6241232
320 239 29 40 0.9348227
669 179 101 155 0.98022753

