25_Soldier_Patrol_Soldier_Patrol_25_325
35
826 292 34 53 0.010530925
955 171 22 19 0.011034932
886 319 35 56 0.012207896
743 298 22 30 0.0129986685
758 278 39 55 0.013663947
767 137 22 19 0.0145276785
716 268 30 37 0.014938761
843 340 20 29 0.015358547
745 301 23 19 0.016979117
768 357 35 60 0.018269481
766 129 22 19 0.018415928
812 306 20 32 0.019087674
764 286 30 39 0.019270696
850 352 21 20 0.019639473
900 330 14 22 0.023256533
850 313 21 21 0.02708131
859 307 22 20 0.038979948
893 316 19 31 0.040638372
888 323 22 20 0.043016344
826 304 24 21 0.056180947
880 323 21 21 0.06465655
729 268 28 38 0.0686432
856 313 21 23 0.07894218
879 324 19 31 0.09671415
904 336 21 22 0.1134051
896 327 20 31 0.1496197
9 377 19 33 0.15540504
428 117 53 77 0.5422184
862 311 21 32 0.5814209
834 301 21 33 0.651266
766 276 30 41 0.8744765
100 204 43 63 0.9305806
533 198 42 56 0.9585402
668 200 40 52 0.97401154
280 191 39 54 0.9770528

