25_Soldier_Patrol_Soldier_Patrol_25_614
67
932 105 7 6 0.010041385
941 162 23 18 0.010181564
804 126 22 27 0.010410494
777 101 23 17 0.010847205
1015 57 7 9 0.010893188
708 60 8 5 0.010976999
899 140 10 6 0.011091836
807 137 9 8 0.011637534
279 91 32 61 0.011834548
914 47 7 5 0.01190564
696 72 7 5 0.012089003
864 119 10 7 0.012193283
722 63 6 5 0.013296077
931 60 7 5 0.013715139
804 153 8 7 0.013968781
787 150 7 9 0.014582743
830 120 14 15 0.01475306
800 131 22 18 0.015206711
919 72 7 6 0.01620494
628 61 8 5 0.016319463
883 59 7 4 0.01661441
658 79 6 5 0.016717248
643 76 7 4 0.018605178
950 110 6 5 0.019839419
966 151 7 7 0.020212555
832 136 8 8 0.020251919
947 76 6 5 0.020317618
821 138 7 7 0.020672033
600 74 7 5 0.021276442
965 205 42 113 0.022117285
776 122 7 7 0.02252139
786 120 7 7 0.022707924
723 71 6 6 0.023348209
862 110 9 8 0.027196746
994 135 11 7 0.027234226
803 110 7 7 0.029720996
760 78 6 6 0.029741239
853 117 10 7 0.030652832
823 124 8 7 0.031457417
709 73 7 5 0.032470763
950 154 7 7 0.033817228
978 123 7 6 0.035435323
610 63 7 5 0.036262326
626 77 8 4 0.03742137
823 108 7 6 0.037839234
805 119 7 7 0.038500335
934 135 8 7 0.03851881
915 59 8 5 0.04266795
844 105 24 16 0.047456793
903 60 7 5 0.048906874
929 76 8 6 0.053558238
822 151 9 8 0.054295205
785 105 9 8 0.055141844
776 106 6 8 0.055910416
917 138 8 6 0.05812691
965 124 6 5 0.07499672
611 71 8 5 0.076503895
951 136 6 6 0.09424928
950 123 6 6 0.09584525
833 124 9 8 0.12384345
837 108 8 7 0.13567932
982 138 8 6 0.13812216
851 110 10 7 0.14900002
936 125 7 6 0.1536848
964 138 6 6 0.15609978
286 103 18 36 0.17653035
284 87 23 50 0.24671012

