25_Soldier_Patrol_Soldier_Patrol_25_59
32
74 52 22 21 0.010716139
960 446 47 123 0.011567589
523 140 57 85 0.011716309
95 20 19 33 0.012740155
1 82 22 52 0.012804797
564 158 57 84 0.013586528
456 19 84 126 0.014699358
11 58 16 38 0.015490661
3 88 14 41 0.016602347
94 68 17 35 0.017376283
567 170 41 62 0.01745756
495 68 54 104 0.019518262
72 47 22 20 0.020224914
12 54 25 45 0.02552991
8 45 36 59 0.02837367
171 61 17 36 0.029099554
136 67 17 38 0.030273424
466 104 50 71 0.033196684
412 616 32 75 0.033230953
481 22 46 61 0.037505005
71 39 19 34 0.041567273
494 31 56 81 0.04213952
939 447 81 246 0.045567773
65 89 19 33 0.045940038
441 199 50 101 0.0555852
446 196 37 76 0.06633002
465 26 66 89 0.07329313
90 79 19 34 0.09870011
135 72 23 49 0.18347803
73 46 19 34 0.24272615
23 52 29 43 0.38547945
465 73 62 106 0.90232104

