25_Soldier_Patrol_Soldier_Patrol_25_700
78
66 390 10 12 0.01024629
538 367 35 55 0.0103244
501 417 8 11 0.01151327
149 384 13 22 0.011843479
563 399 8 15 0.012141432
385 426 11 23 0.012162984
34 382 8 12 0.012407491
403 425 12 22 0.012683812
561 382 12 22 0.012759565
522 379 19 23 0.012843739
577 381 9 13 0.0140687395
686 352 65 47 0.014329432
610 417 21 30 0.014375997
228 402 13 21 0.014385236
226 408 14 23 0.014782754
314 416 21 20 0.015299256
107 410 20 22 0.016068717
207 403 20 21 0.016674466
169 405 20 30 0.016784577
574 382 18 34 0.017561048
98 409 20 21 0.01863064
174 379 21 21 0.018742923
619 419 23 18 0.019061051
453 423 19 27 0.019078143
496 413 14 19 0.01910911
89 434 22 21 0.019698769
575 377 12 20 0.020515524
45 418 18 33 0.021086426
325 293 29 16 0.02284871
31 378 12 21 0.02314913
401 418 9 12 0.023499783
120 395 19 23 0.024844974
36 380 18 31 0.024957607
707 437 39 30 0.025194693
98 402 20 21 0.02690118
176 398 20 21 0.02708282
464 420 9 12 0.027339134
421 419 8 13 0.02808912
451 434 10 11 0.029031025
330 289 22 29 0.029151006
232 413 21 20 0.029868118
399 416 13 19 0.030040193
506 411 20 20 0.031370882
454 422 9 11 0.032017667
674 312 116 118 0.033737782
446 430 21 18 0.036045585
589 413 13 21 0.03852372
434 418 10 13 0.040292956
451 418 14 19 0.040781222
387 414 12 19 0.041704945
526 378 18 31 0.04451579
686 368 63 44 0.047720205
128 393 19 31 0.049295224
50 397 20 20 0.05222925
559 395 13 22 0.052919578
223 395 20 31 0.053602595
189 394 19 31 0.056558058
204 405 20 30 0.057721935
208 409 21 21 0.061124478
693 361 81 78 0.061357394
420 417 13 19 0.06163851
60 388 21 19 0.06394228
462 417 13 18 0.0660571
577 417 19 22 0.06725137
688 337 76 75 0.0771074
58 393 21 21 0.083709754
674 343 114 137 0.0926348
112 397 18 23 0.097114556
583 408 20 31 0.10603107
389 416 8 12 0.11712073
107 394 20 28 0.12315434
173 390 19 32 0.12482801
223 406 21 30 0.14374343
548 375 19 33 0.17122881
88 419 28 39 0.17747554
76 420 26 40 0.33946043
428 414 19 21 0.3499424
476 415 22 20 0.5119109

