25_Soldier_Patrol_Soldier_Patrol_25_1029
64
550 164 6 11 0.010408845
857 182 55 52 0.010651667
656 197 13 28 0.010679516
406 160 12 18 0.010692023
385 177 12 16 0.010699803
456 151 6 8 0.011824548
267 373 47 56 0.012794963
431 169 13 19 0.013102785
727 190 28 41 0.013516086
210 320 39 57 0.014112969
378 180 6 7 0.014695401
448 173 13 20 0.015924197
474 177 32 44 0.016976738
621 227 23 17 0.017646851
418 174 12 18 0.017833164
510 190 20 36 0.017957369
964 290 41 128 0.017993884
544 168 12 19 0.01819398
465 150 6 8 0.0182899
741 366 24 20 0.019893488
654 306 29 40 0.021097817
721 181 39 55 0.021708468
421 163 6 9 0.024027815
546 171 8 12 0.025505845
421 188 6 10 0.025599966
457 179 33 41 0.026117058
740 135 41 67 0.03202119
435 173 7 11 0.034602165
965 259 42 118 0.039480682
713 184 19 37 0.05191461
451 177 7 10 0.05305037
739 357 19 32 0.0555979
465 157 7 8 0.056647453
620 132 19 35 0.058067143
389 187 7 9 0.066250935
742 167 31 42 0.071185894
408 165 7 10 0.07427439
455 158 7 9 0.078387
881 175 37 39 0.08353944
649 181 26 43 0.0878017
405 187 6 9 0.13836452
432 160 13 16 0.1615567
747 149 46 62 0.1671614
420 178 7 9 0.252894
665 197 27 42 0.26238513
408 181 6 8 0.2922633
653 190 26 40 0.35341534
259 349 50 79 0.38955218
463 178 42 60 0.45045638
505 179 28 44 0.45534194
454 171 41 60 0.45581478
388 181 7 9 0.45948428
714 188 28 38 0.5126422
435 161 8 12 0.5357484
738 156 39 62 0.58050334
662 310 31 40 0.59507436
122 431 56 81 0.6604663
612 296 33 41 0.6818348
516 380 35 70 0.73793
554 325 27 41 0.7588067
868 169 47 51 0.82592344
580 142 28 45 0.86377376
244 178 43 48 0.8986045
154 197 46 62 0.9192767

