25_Soldier_Patrol_Soldier_Patrol_25_9
72
164 321 10 9 0.010116468
171 304 23 17 0.010295451
147 317 9 10 0.010602844
209 320 10 9 0.010831332
202 337 23 17 0.01087735
382 349 14 18 0.01094243
255 317 11 10 0.011011929
235 277 14 15 0.011259797
147 294 42 50 0.011455651
238 339 21 26 0.011503485
274 353 10 8 0.011663884
102 302 9 10 0.012035754
238 279 10 10 0.012272426
173 314 22 17 0.012316931
220 352 23 16 0.012332307
117 252 6 8 0.012387682
193 304 14 17 0.012789936
230 276 14 17 0.013264098
247 350 12 12 0.014031168
232 278 10 11 0.0140477475
112 235 11 20 0.014354668
340 309 9 10 0.014839008
252 340 12 11 0.015121238
209 307 8 9 0.015747521
162 308 11 8 0.015769582
354 337 9 11 0.020754425
385 351 9 11 0.021294884
191 315 14 17 0.02150133
714 165 64 110 0.023139864
352 334 12 19 0.023218965
226 356 11 9 0.023380404
200 292 7 7 0.023934983
592 144 82 141 0.024506798
148 243 6 8 0.02610799
277 280 11 9 0.026144508
325 334 8 10 0.028219746
209 290 8 9 0.028254366
148 307 9 9 0.029945686
324 319 8 10 0.032362774
140 312 22 19 0.038565133
255 354 12 11 0.03857132
620 167 57 100 0.04001941
246 341 13 11 0.04020554
145 307 19 31 0.040372107
743 127 121 160 0.041389976
180 308 8 8 0.041992277
320 310 9 9 0.042301446
143 304 22 18 0.042381104
258 289 11 8 0.043602727
230 284 12 11 0.047300536
256 309 11 9 0.048097566
180 318 9 9 0.049215622
239 285 11 10 0.049348664
232 281 21 17 0.05134962
604 160 57 104 0.05308551
193 318 10 10 0.055791847
250 305 23 17 0.059705082
153 227 6 8 0.061336532
269 281 23 17 0.061733123
719 197 62 101 0.06364946
244 346 21 18 0.064453565
309 307 9 8 0.06739887
195 308 9 8 0.06969242
246 337 22 18 0.07290362
274 285 12 9 0.09957861
705 148 93 150 0.120351866
227 280 20 19 0.120601445
157 304 23 28 0.1557892
153 303 25 18 0.16343723
112 230 7 10 0.17872015
115 239 6 11 0.21085313
248 350 22 19 0.27555415

