25_Soldier_Patrol_Soldier_Patrol_25_436
23
603 20 49 50 0.010248936
481 17 41 60 0.010374524
514 27 29 42 0.015694808
571 21 111 131 0.015779568
944 263 80 180 0.019477159
961 291 51 117 0.02077791
60 43 39 70 0.021679621
472 34 60 84 0.02379413
374 110 48 56 0.024974544
484 38 42 61 0.025254723
502 63 37 69 0.025630534
502 5 55 86 0.027783642
899 51 72 86 0.028440513
18 37 55 95 0.029459162
60 66 38 69 0.03085572
777 205 97 145 0.031379823
511 44 28 44 0.032238584
509 19 38 61 0.035709284
881 39 110 126 0.040685963
369 92 61 90 0.053932466
55 41 51 101 0.06374231
506 36 36 64 0.06601712
498 23 55 94 0.09393779

