25_Soldier_Patrol_Soldier_Patrol_25_747
28
851 288 10 11 0.010042433
392 179 49 86 0.010259481
833 314 57 79 0.010824665
333 131 41 62 0.010828291
201 230 37 70 0.011659317
927 258 14 18 0.012359
876 319 13 23 0.013291049
870 305 19 34 0.015054242
858 301 36 62 0.015360458
205 242 51 103 0.016491748
206 218 46 96 0.018470522
865 304 26 45 0.01907501
958 288 12 19 0.01919388
920 261 8 10 0.020582022
925 246 13 15 0.024227899
930 261 9 10 0.033927966
836 325 44 56 0.03428047
961 291 8 11 0.04471308
918 246 13 17 0.05086018
916 280 8 12 0.06648835
914 277 12 20 0.07417253
928 249 8 9 0.15977342
852 318 38 64 0.1906568
850 279 10 13 0.1960913
920 250 8 10 0.3606668
848 277 14 17 0.4999534
321 122 45 66 0.68406844
408 188 40 58 0.9650141

