57_Angler_peoplefishing_57_401
334
766 106 13 7 0.010055558
498 155 16 5 0.010110186
402 330 14 6 0.010159237
257 265 15 6 0.010172634
680 197 29 13 0.010197708
354 139 16 5 0.010199797
336 389 20 6 0.010254834
390 294 34 11 0.0102604255
615 224 28 17 0.010283418
273 139 18 6 0.010329064
726 246 28 13 0.010354842
448 352 23 16 0.010373457
537 215 36 10 0.01050734
723 139 13 5 0.010543338
466 206 14 5 0.010551983
604 213 27 16 0.0106587745
912 234 13 5 0.010723957
325 261 34 11 0.010738379
760 155 32 12 0.010805383
625 289 57 85 0.010815918
550 228 37 11 0.010838604
659 231 11 8 0.010917167
397 158 18 5 0.010936487
586 227 31 13 0.011041997
414 270 15 5 0.011070897
360 293 33 11 0.011136066
272 216 17 5 0.011155191
466 233 15 5 0.011287776
530 155 14 5 0.011301456
463 316 15 5 0.011331578
336 284 17 6 0.011386895
981 168 12 5 0.011395921
848 141 11 4 0.011432369
452 350 13 8 0.011440428
943 171 11 5 0.0114422785
946 142 10 5 0.011446983
342 283 32 11 0.0114589995
767 207 15 5 0.011546073
768 185 16 6 0.01155882
181 91 8 4 0.011579634
239 266 17 5 0.011600833
775 215 34 11 0.0116194375
548 124 14 6 0.011680431
635 215 25 17 0.011741092
459 372 25 16 0.011775413
259 280 33 11 0.011801599
399 345 26 13 0.011847688
306 267 16 5 0.011903497
516 170 14 6 0.011929913
711 212 30 13 0.011933135
97 283 12 9 0.011939929
385 186 17 4 0.011956259
500 389 34 12 0.011957661
402 250 15 5 0.012029869
704 154 14 5 0.0120397
660 249 11 7 0.012135869
811 232 18 7 0.01214089
367 220 14 4 0.012162331
447 332 14 7 0.012174087
511 156 14 5 0.012207804
399 140 17 5 0.012244931
257 283 19 6 0.012301418
486 216 36 11 0.012309595
442 311 30 13 0.012319809
799 171 14 5 0.012331623
929 155 10 5 0.01236141
563 230 37 11 0.012386684
929 140 10 5 0.012389577
606 140 15 5 0.012407344
342 264 35 11 0.012435492
402 316 14 5 0.012497901
948 155 10 5 0.012611131
689 142 11 4 0.012635891
199 315 26 14 0.012699257
544 142 13 5 0.012713852
416 249 15 5 0.012838909
762 250 31 12 0.0129953595
833 172 12 5 0.013106904
647 216 25 15 0.013120005
382 252 16 5 0.013145783
245 397 9 6 0.013159875
641 136 14 6 0.013178329
974 201 15 5 0.0132113155
561 142 16 5 0.013212343
166 93 9 5 0.013216215
786 172 15 5 0.013238167
689 192 15 6 0.013340157
435 205 14 5 0.0133564295
793 263 33 12 0.013374111
263 388 29 13 0.013384113
463 135 16 5 0.013388465
431 282 17 5 0.013456186
96 291 25 15 0.013468415
838 231 30 13 0.013489453
576 138 18 5 0.013501769
404 343 30 13 0.013503885
735 138 13 5 0.013508668
450 315 15 7 0.0135908285
752 141 14 6 0.013597715
713 244 29 13 0.013607273
881 171 12 5 0.013646421
481 234 15 5 0.013675849
632 309 42 56 0.01367815
284 294 25 5 0.013696214
407 294 33 11 0.013733669
729 200 30 12 0.013835442
408 313 33 12 0.013957036
479 138 16 6 0.013966107
753 154 16 6 0.014044809
914 188 12 5 0.014048864
124 291 26 24 0.014141547
948 234 14 6 0.014153073
446 299 16 5 0.014193322
401 217 14 4 0.014302873
705 186 19 6 0.01430569
401 206 15 4 0.014341296
432 235 14 4 0.014345961
399 175 18 5 0.014369356
963 191 14 6 0.014374274
548 119 32 12 0.014384769
471 376 28 14 0.01438986
704 252 14 7 0.014392911
758 215 32 11 0.014438818
511 222 19 6 0.014543566
271 206 17 5 0.0145801185
272 390 14 8 0.014603506
899 189 11 4 0.014738539
750 204 16 6 0.014781609
185 363 23 26 0.014875713
704 205 15 6 0.0149446
473 359 29 14 0.015008719
785 139 11 5 0.0151197035
898 171 11 5 0.015127013
912 173 11 5 0.015171976
898 219 13 5 0.01519691
633 282 42 57 0.015288915
961 201 17 5 0.015298135
775 230 35 11 0.015383648
687 154 14 5 0.015431418
834 139 11 4 0.015451571
288 251 20 4 0.015475934
730 230 29 13 0.015577657
246 410 8 7 0.015582404
417 236 14 5 0.015619239
369 252 15 4 0.015621365
384 296 18 5 0.015624862
720 154 14 5 0.015630364
367 126 17 5 0.015671745
786 207 16 5 0.015722692
960 253 17 7 0.01576722
819 175 12 5 0.015830725
336 153 16 6 0.015891217
703 172 15 6 0.016019719
850 186 12 5 0.016117636
658 137 12 6 0.016177276
463 185 15 6 0.016205616
798 186 16 4 0.016281523
655 328 22 19 0.01634866
857 235 31 12 0.016352057
754 220 15 6 0.016359553
319 308 18 9 0.01646297
835 237 16 7 0.016477052
464 219 15 5 0.016539397
813 217 17 5 0.016569866
287 204 16 5 0.01657481
317 249 18 5 0.01659773
712 202 31 13 0.016598782
338 205 13 5 0.016628962
287 287 20 6 0.016629593
398 183 18 5 0.016632799
312 265 33 10 0.016646523
961 155 12 4 0.016769672
977 191 13 6 0.016810274
917 154 10 6 0.016837753
470 313 36 11 0.016905917
349 293 19 6 0.01710078
784 124 11 5 0.01712326
528 139 14 5 0.017397163
253 247 20 5 0.017409148
799 219 16 5 0.01742174
664 154 28 14 0.017633615
455 356 26 15 0.017694496
448 201 14 5 0.017716272
350 251 18 5 0.017720189
883 159 11 5 0.017829398
337 220 16 4 0.017860806
934 171 10 6 0.017942222
475 390 28 14 0.018007522
207 220 17 6 0.018088631
514 143 14 5 0.018118141
93 372 25 19 0.018155567
423 295 32 12 0.018308157
309 281 31 12 0.018311303
368 202 13 5 0.018337006
320 234 17 4 0.018355787
478 169 16 5 0.018373718
913 204 14 6 0.018509494
755 125 12 6 0.018530505
101 281 30 14 0.01854692
239 218 17 6 0.018563967
277 291 39 10 0.018649131
169 356 34 36 0.018708505
194 252 18 6 0.018755818
799 205 16 5 0.018788636
451 268 16 5 0.018793205
337 251 16 5 0.01885757
87 350 44 51 0.018869838
288 222 16 5 0.018914877
92 356 33 36 0.01896964
353 233 17 6 0.01903803
878 220 13 6 0.019084167
106 339 22 19 0.019107353
161 349 46 48 0.019236341
802 229 32 12 0.019396335
484 392 31 13 0.019464526
222 218 17 6 0.019484773
338 174 16 6 0.01969103
863 173 12 5 0.019972334
353 206 13 5 0.02005172
269 247 18 5 0.02009156
896 201 13 4 0.020127224
678 220 11 7 0.020307075
882 184 12 5 0.02046164
721 206 15 6 0.02046226
319 220 16 5 0.020558082
454 264 28 13 0.020665985
689 171 15 6 0.020751517
415 281 15 5 0.021031754
847 234 15 6 0.021276705
384 219 14 4 0.021670219
399 298 17 6 0.021939505
494 124 15 6 0.022141868
351 268 18 6 0.022159314
333 295 19 6 0.022215497
846 216 15 6 0.022240546
707 181 33 12 0.022297887
734 249 14 6 0.022314755
800 141 12 5 0.022413785
655 220 11 7 0.02264423
254 239 16 6 0.022669453
963 221 14 6 0.022873612
405 349 13 7 0.0232013
688 200 15 7 0.023225164
705 220 13 6 0.023314858
766 233 16 6 0.023681648
556 220 19 7 0.023917066
76 362 22 18 0.023920918
307 221 15 5 0.024042994
721 248 14 7 0.024136463
768 166 15 6 0.024413671
432 269 16 6 0.024458641
449 235 13 6 0.024622401
720 216 15 6 0.024820259
863 155 12 5 0.024885248
816 183 15 6 0.024886645
783 220 18 5 0.024913868
103 287 33 30 0.025186883
304 238 16 5 0.025701866
716 184 19 6 0.025864745
628 127 12 6 0.02624248
865 189 11 5 0.026301114
465 253 13 6 0.026533473
884 203 12 5 0.026810724
783 233 19 5 0.02694286
832 154 11 5 0.026963908
368 295 18 6 0.02702432
822 264 34 12 0.027317092
777 267 31 13 0.027911453
784 185 17 6 0.028213954
738 204 15 6 0.028454911
866 238 15 7 0.02879826
205 252 17 6 0.02928882
267 284 18 6 0.03090358
350 287 17 6 0.031093137
288 231 19 5 0.031551406
350 175 15 6 0.031732645
834 214 17 6 0.031916037
400 283 16 5 0.031980466
558 123 15 6 0.032000158
852 157 11 5 0.03301046
368 287 18 5 0.033276938
416 297 16 5 0.033674333
240 246 20 5 0.03418995
382 286 17 5 0.035162542
819 135 12 5 0.035329703
866 215 14 6 0.03568344
305 299 21 8 0.035897896
548 216 34 12 0.035900578
782 154 14 5 0.035952758
928 199 14 5 0.036237612
431 299 16 6 0.036441833
304 247 17 5 0.036886226
818 155 13 5 0.03700304
865 205 11 5 0.037010044
255 396 11 7 0.03729462
681 213 26 14 0.037512742
317 285 17 6 0.037519533
706 232 13 6 0.03778308
802 233 17 8 0.038107153
334 264 18 5 0.038206737
337 236 16 5 0.038430866
118 291 26 17 0.03853583
777 246 32 13 0.03967758
804 154 12 5 0.04105777
769 158 15 7 0.041546337
184 373 26 18 0.04170349
504 217 33 12 0.041784115
313 305 27 13 0.042770546
91 280 26 15 0.044032134
320 206 14 6 0.044346135
836 207 14 7 0.04550587
672 158 13 7 0.045797482
688 217 14 7 0.046102025
847 207 14 6 0.04634261
852 174 11 5 0.046416793
320 268 18 6 0.047476448
351 217 15 5 0.047491897
795 230 30 12 0.048301183
767 218 16 6 0.04967619
711 234 29 13 0.050668582
222 248 19 5 0.05073952
738 234 14 6 0.052558184
271 238 17 6 0.052641086
666 231 26 14 0.05282972
461 268 15 7 0.054207712
736 216 14 7 0.059492115
315 299 20 7 0.06865276
751 234 16 7 0.08717263
719 237 14 7 0.09469846
744 230 28 13 0.10759387
672 236 13 7 0.10906393
106 292 27 18 0.12728064
308 297 30 12 0.18189393
616 212 24 28 0.5801489

