57_Angler_peoplefishing_57_251
19
995 129 27 98 0.010703645
987 255 25 44 0.010998467
858 250 25 16 0.011986285
708 228 12 18 0.012995304
727 230 8 13 0.015301433
712 226 19 27 0.015918212
710 231 8 11 0.017060488
731 235 12 18 0.017328637
1001 203 22 51 0.018990133
697 269 21 20 0.019474631
984 157 40 117 0.02481911
1009 188 14 47 0.025009027
724 228 13 19 0.031988602
999 172 25 75 0.042491443
711 241 9 13 0.044825226
710 237 12 19 0.08167355
725 235 13 18 0.326031
420 293 33 61 0.984304
538 220 37 54 0.9905302

