57_Angler_peoplefishing_57_566
62
511 435 8 9 0.0104073025
579 457 6 8 0.010536795
453 421 13 16 0.011386197
417 432 20 16 0.011898046
580 409 11 22 0.012201855
380 422 14 15 0.012223604
437 423 8 9 0.012395973
505 451 8 14 0.012733002
285 450 12 18 0.013141168
581 401 11 22 0.013516028
535 260 7 9 0.0141715
382 426 14 15 0.014809467
567 418 6 10 0.015385352
501 214 12 17 0.01555914
500 464 7 11 0.016097715
455 449 12 19 0.016367996
324 415 18 19 0.017151635
462 461 11 21 0.01872992
430 431 9 10 0.018765306
456 463 7 11 0.019470006
609 401 11 23 0.02020864
582 414 7 12 0.020306617
461 444 12 21 0.021571811
465 466 7 12 0.023379909
462 423 8 9 0.025246061
435 463 7 10 0.02665777
401 430 13 15 0.027193654
465 447 7 12 0.027698373
376 424 9 10 0.029467318
580 464 6 8 0.030345626
376 431 9 8 0.030560458
496 445 20 29 0.035182428
610 412 8 17 0.03620972
455 429 13 17 0.03765621
457 452 7 11 0.039490394
460 433 13 17 0.04140377
330 417 13 15 0.043300144
237 447 12 23 0.04512382
288 452 8 12 0.04790475
499 426 14 17 0.048130203
383 425 10 10 0.05838916
255 408 9 13 0.05874172
476 384 11 12 0.076526016
456 424 8 10 0.078176714
608 409 11 21 0.120338924
502 429 8 11 0.1283142
248 405 11 18 0.12989832
566 465 6 8 0.13190469
498 418 14 17 0.13387002
501 422 10 11 0.1554027
504 447 19 23 0.15745139
385 429 9 10 0.17639773
249 410 8 15 0.23781009
268 414 10 13 0.25503805
463 435 8 10 0.28497148
457 431 8 11 0.30215374
503 219 9 13 0.33767596
403 432 9 9 0.4179292
471 382 13 17 0.5846181
264 414 8 14 0.60113114
421 435 10 11 0.72244674
327 418 10 14 0.75341755

