57_Angler_peoplefishing_57_139
227
614 394 6 9 0.010019103
861 343 13 18 0.010109132
816 131 21 18 0.0102217635
399 376 10 11 0.01027861
414 331 14 15 0.010319437
547 298 9 11 0.010345675
768 282 13 18 0.010459201
516 345 10 12 0.010699375
860 376 12 18 0.010704645
304 317 7 7 0.010741905
652 355 13 17 0.0108466735
788 445 9 7 0.010931923
686 375 13 17 0.011303849
693 296 13 17 0.011314965
961 418 20 33 0.011398253
767 389 8 14 0.011857098
648 348 10 13 0.01190639
548 391 8 11 0.011949338
114 351 15 7 0.012045781
468 386 12 20 0.012112327
287 361 13 18 0.012114085
613 319 13 16 0.012328115
659 257 18 19 0.012500279
106 358 22 27 0.012538112
884 349 8 10 0.012819609
562 393 9 11 0.012937195
899 314 8 11 0.012957567
645 332 9 11 0.013039518
882 326 13 18 0.013089276
323 373 13 17 0.013105498
658 329 13 16 0.013253237
968 350 22 28 0.013270385
813 345 14 16 0.013321387
977 348 9 12 0.01353868
495 327 9 13 0.013606453
832 359 10 11 0.01369307
623 321 9 11 0.01369374
751 298 9 11 0.013808437
595 316 10 11 0.0138937
280 399 7 8 0.013907407
358 329 13 17 0.013993832
533 428 7 8 0.014054975
375 414 9 10 0.014244484
356 352 7 9 0.014315436
237 336 20 16 0.014368519
815 448 10 6 0.014435215
307 397 7 7 0.014479471
274 366 8 9 0.014603046
659 300 13 16 0.014872358
722 267 9 11 0.015064101
203 318 12 14 0.015160602
764 387 12 19 0.015276514
734 313 12 18 0.015335107
231 349 10 12 0.015340746
719 327 9 13 0.015430252
629 282 10 9 0.015528938
384 331 10 8 0.015530075
526 372 13 18 0.016051875
837 349 8 11 0.016164243
427 374 13 18 0.016254846
689 331 9 12 0.016393349
686 390 9 12 0.016565625
563 424 8 10 0.016708331
709 271 9 11 0.016926574
704 442 7 9 0.016967397
511 296 18 19 0.017111707
661 312 9 11 0.017134989
975 347 12 20 0.017388565
495 315 12 17 0.017668307
868 331 13 17 0.017847434
405 333 9 8 0.017987465
376 397 9 10 0.018251382
701 297 13 17 0.018297024
962 239 8 9 0.018363956
639 411 9 10 0.018525979
807 344 12 18 0.018543145
964 356 12 21 0.01877357
852 337 8 9 0.01888395
590 342 13 17 0.01923382
781 301 13 16 0.019355007
831 333 9 9 0.020005438
642 363 10 12 0.020725193
704 414 7 11 0.020819908
289 333 19 18 0.02104049
543 380 13 17 0.021480251
672 411 9 11 0.021787737
395 362 14 15 0.022338295
530 398 7 10 0.022508005
241 338 12 11 0.022990782
303 332 8 11 0.023323078
777 249 12 19 0.023732344
549 349 8 12 0.024019424
864 347 9 10 0.024299657
797 410 22 18 0.024448179
655 348 10 13 0.024664208
665 431 7 8 0.024708822
660 331 9 11 0.024746012
819 358 12 18 0.024821123
786 311 9 11 0.024830544
671 264 8 12 0.025370963
529 376 9 11 0.025879642
884 330 9 10 0.026393035
679 286 9 10 0.02686771
778 249 18 20 0.027645001
819 329 14 17 0.02874136
647 346 13 18 0.02875411
669 294 20 18 0.028916731
688 377 10 12 0.029206162
614 320 10 12 0.029307665
773 301 7 11 0.029422438
104 360 29 15 0.02957202
678 383 13 16 0.03004852
497 317 9 13 0.030217906
807 310 13 18 0.030573307
640 359 14 18 0.03144825
881 318 8 9 0.03186797
740 298 13 16 0.031875044
870 236 8 12 0.03205052
788 351 8 13 0.032618307
973 353 12 22 0.03291168
593 344 9 13 0.033054467
816 349 9 10 0.03339451
695 298 10 12 0.03415533
326 369 8 9 0.034486823
513 398 8 10 0.034545418
808 347 9 12 0.03479685
812 311 13 17 0.03523516
584 330 10 12 0.03537984
894 233 9 13 0.036012784
321 397 8 8 0.036168475
383 395 9 10 0.036345948
695 361 13 17 0.037084144
642 284 14 16 0.037311014
642 313 9 11 0.037883118
736 316 9 12 0.037942592
830 285 9 12 0.038480796
416 332 10 10 0.038578484
778 252 8 13 0.038886145
398 365 10 11 0.03943262
670 317 13 16 0.040882457
290 364 7 10 0.042580564
326 376 8 11 0.044430614
806 447 11 7 0.04464319
913 229 13 17 0.044993237
703 300 10 11 0.046149366
784 303 9 12 0.047068197
341 365 8 8 0.047097098
390 364 14 15 0.047353446
352 361 8 9 0.049409267
386 375 14 17 0.049449615
621 325 10 13 0.049538314
589 328 13 16 0.05063151
965 326 10 13 0.05155459
642 296 9 11 0.051776126
106 349 29 14 0.05183267
652 281 13 16 0.05248463
793 380 9 14 0.053422783
555 311 12 17 0.053424183
373 377 10 10 0.053858317
699 356 13 17 0.054551087
672 325 9 12 0.05546433
815 314 9 12 0.055553142
808 313 10 12 0.05807609
700 349 13 17 0.058480594
821 361 9 12 0.058700774
869 316 8 11 0.060967818
870 334 8 10 0.06145048
334 376 13 16 0.062357098
473 334 12 18 0.064003184
474 340 8 15 0.06473741
546 382 8 11 0.065333255
476 379 12 18 0.065354265
661 303 9 11 0.066358715
771 285 8 11 0.06672169
852 342 12 18 0.06884545
293 338 12 17 0.069532335
915 231 9 13 0.072949626
796 379 13 17 0.0754533
757 351 9 15 0.0776009
715 278 13 17 0.077624686
742 301 9 11 0.07787136
470 378 12 19 0.0781842
404 347 14 15 0.082198314
369 334 8 8 0.0827229
691 276 10 13 0.08313473
644 286 10 11 0.08449061
822 332 9 11 0.085684806
661 256 11 14 0.086416624
819 296 13 16 0.08687476
756 355 9 15 0.09200435
652 346 14 18 0.093704194
679 389 10 13 0.09385436
592 329 9 12 0.094486475
479 339 9 16 0.09527466
853 344 10 13 0.097503506
422 375 13 17 0.10078932
689 270 13 17 0.10223786
434 308 9 13 0.1042697
414 348 13 12 0.11012568
616 325 10 13 0.11128075
404 349 12 11 0.11161378
352 378 14 16 0.111937165
655 284 9 11 0.1171669
675 297 10 12 0.12016105
710 277 14 17 0.12243039
888 232 9 14 0.13055566
662 259 11 15 0.1371675
361 332 7 10 0.14640419
672 319 10 11 0.14823024
294 341 9 12 0.14844723
391 367 10 10 0.15455776
388 379 9 10 0.17025523
783 252 10 13 0.17634171
337 378 9 11 0.18915766
477 333 12 18 0.22744869
560 301 9 12 0.2396523
820 297 10 12 0.25336957
294 335 10 13 0.27790374
355 380 10 11 0.29505375
433 304 10 12 0.32531437
624 297 15 16 0.35038018
409 346 21 17 0.3577733
551 313 12 17 0.3997099
515 298 10 14 0.40341672
179 338 14 17 0.8058231
240 339 15 15 0.83438784
198 315 14 18 0.84165335

