57_Angler_peoplefishing_57_661
91
370 394 7 10 0.010301909
391 414 8 9 0.010724286
212 384 7 6 0.010965476
257 398 8 8 0.010966567
167 443 7 10 0.011097077
369 426 9 11 0.012176713
231 395 9 8 0.012180585
240 443 10 9 0.012327743
402 426 8 10 0.012355566
2 388 11 20 0.01245401
309 410 8 10 0.012576715
50 410 6 13 0.012581181
319 403 12 18 0.013089762
309 395 7 10 0.013562053
232 384 8 6 0.014157537
199 382 6 6 0.014255389
39 422 7 13 0.014495029
82 455 8 12 0.0149357235
388 447 8 9 0.015818309
472 399 6 8 0.016470416
284 418 13 17 0.01803993
342 369 5 7 0.018786572
385 424 10 10 0.018830026
421 380 5 5 0.019828318
323 396 7 12 0.020719968
407 440 9 10 0.020792544
320 393 11 21 0.021175832
240 383 14 14 0.021353558
23 386 6 9 0.022620665
326 430 7 10 0.023201419
46 406 12 22 0.023360223
212 394 9 8 0.023630828
227 408 19 17 0.027329916
495 402 12 17 0.02761978
88 385 7 8 0.028656712
288 393 8 10 0.029431554
338 413 7 10 0.0315595
34 384 5 9 0.031855084
257 409 10 8 0.033637073
176 382 6 8 0.034883287
322 406 8 12 0.035480734
471 408 6 8 0.03573473
274 381 6 5 0.03576448
200 421 9 12 0.036035676
278 418 13 16 0.036352586
369 439 8 10 0.03667622
342 378 5 7 0.040727366
240 387 13 16 0.040789507
232 406 20 18 0.04219725
262 382 7 6 0.04413503
338 422 8 11 0.04500515
200 415 9 12 0.046686433
577 363 6 9 0.047828145
356 380 5 6 0.04789193
485 401 7 8 0.049111977
286 420 10 12 0.050204664
207 420 12 12 0.051279213
488 406 7 9 0.05287133
149 384 6 7 0.05326445
447 410 11 16 0.056765754
55 385 5 8 0.057351496
39 393 5 8 0.06829982
54 391 6 8 0.06873688
372 378 5 7 0.083793916
292 380 5 6 0.08658867
199 413 13 18 0.09259257
4 384 7 10 0.09484148
325 378 5 7 0.0999183
401 408 12 16 0.10521529
201 416 20 19 0.108605176
4 392 7 10 0.111361384
441 413 8 9 0.13079147
166 426 6 8 0.13690586
279 421 10 11 0.14359629
285 416 10 12 0.16589482
20 390 8 10 0.17645954
309 378 5 7 0.19158319
106 425 13 18 0.22465453
280 416 10 11 0.2499815
232 410 11 11 0.2734626
242 389 10 11 0.2899646
238 408 11 11 0.30120972
365 411 9 12 0.3550489
203 415 16 15 0.38013795
361 411 9 13 0.41094613
497 402 7 10 0.5056031
497 404 8 11 0.53586966
243 386 9 9 0.57531565
449 412 8 11 0.5825439
101 427 14 18 0.6482168
403 410 9 11 0.7613343

