57_Angler_peoplefishing_57_924
77
775 72 8 13 0.011211643
609 76 12 20 0.011296241
482 286 16 35 0.011302782
179 275 5 11 0.01148463
192 333 20 21 0.011550052
567 275 5 11 0.011568723
166 274 6 11 0.0121617755
504 324 21 22 0.012247544
591 71 9 14 0.012249777
755 70 11 19 0.012454221
888 315 75 80 0.012683435
608 69 11 20 0.012970301
100 256 10 24 0.01314045
133 274 5 12 0.013657786
757 72 8 13 0.014661222
244 276 5 9 0.014730779
610 72 8 13 0.015061561
51 281 11 22 0.016039198
677 78 8 14 0.016121637
54 274 10 24 0.016871596
84 254 10 25 0.016907098
102 260 6 15 0.017092895
214 277 5 10 0.017482376
646 78 8 14 0.018256512
678 69 19 28 0.018394917
611 79 8 13 0.018579733
589 69 12 20 0.018998813
689 76 8 16 0.019380605
679 71 9 14 0.019657727
736 170 20 32 0.020503718
663 78 8 14 0.02075223
150 274 5 11 0.021122586
739 72 8 13 0.021937095
688 71 9 14 0.02249858
644 74 12 21 0.02250531
859 294 134 140 0.02277307
704 75 12 20 0.023102185
534 277 5 10 0.024452915
798 70 12 20 0.025135463
721 76 12 19 0.02557892
629 78 9 13 0.026276417
629 72 8 14 0.027510682
628 74 11 20 0.028431324
646 72 8 13 0.029422212
826 276 198 275 0.0305919
523 285 16 36 0.030601026
736 69 12 20 0.031477407
817 81 8 15 0.03169599
663 72 8 13 0.031903714
675 74 12 21 0.03252717
707 79 7 13 0.032570463
722 71 8 14 0.03353481
724 79 8 13 0.036137793
661 75 12 21 0.04025593
864 333 130 162 0.04141761
706 71 8 14 0.04160157
784 80 8 15 0.04174034
720 69 11 19 0.045091473
742 80 8 13 0.04728392
776 80 8 15 0.04774838
627 70 12 19 0.051181976
740 76 12 20 0.052171346
801 78 8 15 0.05756497
678 69 12 20 0.058709916
815 78 11 20 0.06211861
781 78 12 20 0.062140886
660 69 12 20 0.06478285
703 69 12 19 0.06820721
643 69 13 20 0.073125474
774 77 12 20 0.0732918
759 80 8 15 0.07621983
506 317 17 34 0.09472557
799 75 12 20 0.09544958
193 317 17 33 0.11057485
685 69 13 20 0.11067876
757 77 11 20 0.12878735
498 318 17 35 0.514438

