57_Angler_peoplefishing_57_206
57
896 742 10 11 0.010745924
174 717 15 19 0.011991431
612 732 31 41 0.012002499
838 738 29 41 0.012059937
728 664 12 19 0.012184424
733 652 12 18 0.012366325
917 757 42 65 0.012496948
804 741 29 43 0.0127249425
613 686 20 31 0.012728836
231 424 29 15 0.013033769
157 911 11 12 0.013120567
740 681 8 14 0.013710714
917 706 39 55 0.014042723
285 869 43 50 0.016349282
816 751 56 83 0.016418457
848 758 24 17 0.017211212
607 703 38 59 0.018079588
831 771 32 39 0.018879516
806 683 20 30 0.018910674
799 659 13 17 0.01947011
293 810 23 34 0.020103045
730 667 8 11 0.020578591
831 733 39 59 0.02131382
922 710 30 39 0.021317596
735 662 8 13 0.02161615
823 695 21 19 0.021997852
798 653 14 15 0.022656241
970 668 29 39 0.024063997
452 740 57 81 0.024543663
794 750 56 86 0.024563346
913 726 43 60 0.024964508
454 740 34 39 0.026393777
134 303 11 26 0.027981006
799 735 39 60 0.028022727
817 693 21 19 0.028535174
732 659 12 21 0.028609548
457 709 28 42 0.031477626
446 756 53 50 0.03149849
800 759 44 59 0.03243728
606 724 41 58 0.034946337
798 678 21 19 0.03844313
619 677 14 17 0.039529454
987 614 13 18 0.040716827
289 878 32 35 0.041736774
615 678 13 17 0.0420062
801 662 10 10 0.045214172
825 762 43 56 0.050901722
923 711 24 18 0.05464791
490 701 28 41 0.055656593
738 676 12 22 0.05650077
736 655 7 11 0.076987326
169 720 23 20 0.10022725
462 724 54 84 0.12681116
450 733 45 55 0.14616561
801 656 9 10 0.17093211
982 612 13 18 0.19753133
285 801 39 48 0.91182584

