57_Angler_peoplefishing_57_51
29
374 235 10 12 0.010258794
371 123 34 12 0.0103349835
427 198 26 17 0.010945765
419 188 24 27 0.012108785
482 131 32 44 0.014190151
337 153 10 10 0.014768157
409 191 21 21 0.015416314
315 322 29 14 0.016562479
297 155 7 8 0.016828708
61 77 35 65 0.017830474
375 237 13 20 0.018481376
252 246 24 17 0.018847348
372 233 14 18 0.020512924
233 49 21 20 0.021426411
323 152 7 8 0.023258558
354 22 6 13 0.02435422
472 99 43 89 0.024684021
364 144 23 18 0.024697851
227 41 8 9 0.024893593
43 61 94 128 0.027115833
67 90 38 67 0.027366314
307 154 7 7 0.04691917
268 53 23 20 0.060962595
267 52 20 30 0.07438507
59 79 60 91 0.0784016
825 130 68 74 0.30565223
701 56 57 84 0.6539806
480 112 43 67 0.6957948
139 196 33 57 0.92734694

