26_Soldier_Drilling_Soldiers_Drilling_26_262
232
151 255 13 13 0.010102525
260 250 18 29 0.010120127
421 516 36 65 0.010166121
83 217 20 18 0.010191627
218 260 21 20 0.010461877
834 256 14 10 0.010503489
515 240 14 19 0.01068343
119 240 13 12 0.010724984
472 313 22 23 0.010946704
780 279 19 28 0.011034984
287 50 7 11 0.011142237
470 236 10 12 0.011203991
60 264 22 20 0.0112919435
842 255 25 17 0.011427762
205 236 19 27 0.011495366
142 227 13 16 0.011590193
395 264 15 20 0.011590269
207 254 11 15 0.011675895
717 285 22 21 0.011839534
13 260 20 21 0.011879747
261 619 39 65 0.011911211
927 243 21 19 0.011937622
64 214 12 11 0.011940654
373 215 10 14 0.011948763
264 189 11 21 0.012221273
828 289 22 20 0.0123403715
649 265 17 31 0.012796927
899 254 19 20 0.012900735
829 270 24 18 0.013158965
38 211 9 12 0.013192159
319 266 23 18 0.013413695
827 245 24 15 0.01372021
38 219 14 19 0.013857366
276 618 40 61 0.013858812
146 244 11 12 0.013870561
135 82 22 19 0.013918091
129 236 20 25 0.013997123
127 41 12 17 0.014193627
803 252 13 13 0.0142689105
271 211 8 15 0.014516206
268 187 11 22 0.01452116
214 227 14 19 0.014699939
572 274 22 22 0.0147184245
759 252 14 21 0.014756616
486 242 11 14 0.014951081
176 222 10 14 0.015098544
594 243 11 13 0.015528318
349 488 32 70 0.015800755
808 288 24 21 0.01608559
45 253 22 19 0.016162932
190 52 8 9 0.016560405
49 212 10 12 0.01659002
470 233 13 18 0.016831147
690 254 13 13 0.017403204
896 273 22 19 0.017571738
698 251 21 18 0.017990641
200 251 13 21 0.01811362
323 260 13 12 0.018245976
458 272 21 22 0.018334007
977 280 19 23 0.018348677
518 229 21 24 0.018722631
913 278 19 30 0.018763516
250 214 16 22 0.018796854
807 241 22 18 0.01879972
57 218 22 19 0.018844087
414 238 14 17 0.01913634
304 212 10 15 0.020037616
591 226 11 13 0.020117369
709 242 14 18 0.020246724
321 213 14 18 0.020396003
842 288 21 21 0.020550735
28 251 21 20 0.02123828
713 268 22 21 0.021421771
715 257 22 18 0.022221694
841 272 22 20 0.022463324
173 212 9 13 0.023822272
323 222 14 13 0.024474343
375 289 23 20 0.024712866
763 245 21 19 0.024847286
234 264 22 20 0.024856936
38 276 18 30 0.02558192
319 47 7 11 0.02570377
300 261 22 19 0.025847368
327 218 20 20 0.026312415
454 277 21 27 0.027183702
384 215 9 14 0.027970813
654 229 12 19 0.028322794
746 261 18 29 0.028538188
354 234 14 19 0.028997367
215 237 13 19 0.029239455
936 251 22 20 0.02964072
144 242 14 18 0.029737776
279 237 12 20 0.030013293
36 208 14 19 0.030088278
116 237 20 18 0.030121645
530 215 10 12 0.030508665
4 261 11 28 0.030811848
753 323 20 32 0.030875996
392 261 19 30 0.03149957
273 177 5 10 0.032097425
33 275 21 20 0.032601144
97 258 23 19 0.032874808
90 216 20 19 0.03398516
248 214 10 15 0.03474282
173 219 14 18 0.03520945
268 208 12 21 0.037242346
39 273 23 21 0.037765782
144 229 10 10 0.03780798
222 228 19 26 0.03841825
254 253 20 20 0.039551385
333 260 20 29 0.040500343
284 235 12 20 0.04076411
585 229 21 26 0.04125139
364 286 23 20 0.043004725
909 254 21 21 0.044003684
0 254 10 27 0.044247426
648 233 12 19 0.04450332
901 194 5 10 0.044980135
389 491 37 70 0.0456331
690 264 17 32 0.045735136
807 255 24 18 0.04582631
930 253 20 30 0.047269724
240 259 21 21 0.047899313
803 244 15 18 0.04913775
521 239 21 19 0.049464982
43 224 22 18 0.049527325
319 259 21 17 0.05161201
58 212 21 18 0.052264314
355 229 10 12 0.052286983
795 289 24 20 0.0535676
109 223 20 18 0.053795177
354 227 13 18 0.054763332
428 264 21 21 0.05526846
43 236 22 20 0.05737394
470 227 13 18 0.062226914
294 257 19 28 0.063096605
686 252 20 18 0.063235015
167 216 13 18 0.063716896
907 260 19 31 0.06413463
405 257 14 20 0.064630754
486 238 22 19 0.06588824
127 241 13 12 0.068576895
700 267 19 31 0.0686739
712 239 23 19 0.06882499
104 257 21 19 0.06949066
521 259 19 31 0.07002157
184 51 8 10 0.07028312
927 251 22 21 0.072629444
585 224 21 19 0.07299469
216 206 13 19 0.074221835
362 286 20 32 0.074912965
282 289 20 32 0.0751093
336 258 22 19 0.07544957
43 209 21 19 0.07641643
387 265 20 20 0.07654047
443 273 22 22 0.07666523
348 255 19 29 0.080879875
683 221 14 18 0.08438423
87 211 14 18 0.084501095
381 217 13 17 0.08689416
963 237 21 20 0.08797077
445 529 34 59 0.08850649
475 227 14 17 0.09030732
58 257 22 22 0.091642775
425 259 20 20 0.09260096
221 229 15 19 0.09329106
37 262 19 30 0.101922736
539 264 20 30 0.10317214
398 225 13 18 0.10474795
642 279 18 31 0.105118945
859 290 20 30 0.10554741
329 268 24 18 0.10719099
701 276 19 30 0.10918748
584 225 13 18 0.11170966
510 266 21 22 0.112615734
147 252 21 19 0.11539751
577 268 19 32 0.11688638
248 217 12 19 0.11787224
7 258 19 31 0.11985024
453 267 21 31 0.12256031
828 253 24 18 0.12634616
761 322 22 33 0.13203755
691 276 18 30 0.13336909
273 290 20 33 0.13437666
411 256 21 20 0.13690405
848 288 19 31 0.1388384
222 264 22 21 0.13987558
679 219 13 19 0.1425935
114 225 11 12 0.14447469
497 224 14 17 0.14675534
202 251 19 21 0.1496474
775 260 19 27 0.15184186
800 249 21 19 0.15376395
484 239 15 20 0.15383218
129 43 9 12 0.15469171
438 217 14 18 0.15913293
217 232 20 20 0.15923107
633 282 24 22 0.16309975
529 219 14 17 0.16466027
254 213 12 18 0.1680679
604 222 14 17 0.16888773
588 240 21 19 0.17171054
231 257 19 31 0.17305563
652 232 13 20 0.18377812
130 258 18 29 0.1853209
343 256 23 19 0.19602062
611 268 18 32 0.19806266
804 284 20 30 0.2020726
123 267 24 21 0.20348972
72 255 20 32 0.20754835
409 491 32 72 0.20764588
220 207 13 18 0.21526714
169 260 20 32 0.21901514
730 279 21 29 0.22234488
477 307 20 32 0.22349672
920 273 25 42 0.24517156
439 217 21 20 0.25122452
620 312 19 32 0.25410038
958 289 20 33 0.2774006
296 265 24 20 0.27879122
121 239 22 17 0.28558338
968 236 20 28 0.2855837
372 217 14 18 0.29845315
760 250 22 22 0.32109612
321 218 20 20 0.3308915
90 213 15 17 0.34205228
1002 261 19 34 0.3491518
168 211 12 19 0.38007224
780 274 21 22 0.3893187
404 192 13 18 0.46082988
864 254 22 20 0.48051798
302 210 13 21 0.5252969

