26_Soldier_Drilling_Soldiers_Drilling_26_991
222
928 54 12 18 0.010028274
167 157 4 9 0.010149278
459 59 5 9 0.010165929
823 60 12 18 0.010211025
388 73 5 10 0.010364053
420 74 5 10 0.010373554
728 61 6 11 0.010421284
903 113 5 7 0.010528311
115 97 5 9 0.010557316
934 48 7 10 0.010583539
963 56 8 10 0.010877926
629 58 10 20 0.011074803
212 93 6 11 0.01110452
777 91 7 13 0.011179364
261 109 10 19 0.011213907
661 60 6 10 0.011261995
750 52 11 20 0.011556178
548 100 10 23 0.011587757
609 59 5 12 0.0116295945
398 103 11 21 0.011818376
673 105 7 13 0.012058477
210 107 11 22 0.012112419
324 106 7 13 0.012289361
232 79 5 9 0.012334201
151 174 4 8 0.012433489
881 99 6 7 0.0126150325
801 64 7 10 0.012658304
423 63 5 9 0.012676897
303 98 11 19 0.012702743
530 49 5 9 0.012868853
166 172 4 9 0.0129339015
296 90 10 20 0.013135295
174 118 10 20 0.013256324
444 100 11 19 0.013283597
778 74 7 11 0.013446714
884 126 6 9 0.013675257
227 108 7 13 0.013966166
545 59 5 9 0.014010113
253 116 11 18 0.014012214
466 76 5 10 0.01405191
438 117 10 22 0.01407491
935 107 6 10 0.014257841
179 139 6 10 0.014323068
88 125 5 10 0.014762289
499 73 6 11 0.014798555
846 62 8 11 0.014969
638 84 11 18 0.015014945
105 112 5 10 0.015119384
180 114 5 9 0.015172866
691 84 11 19 0.015232634
342 94 6 12 0.015332293
469 123 7 13 0.015925847
455 82 5 9 0.016001374
274 97 7 11 0.016146872
56 152 5 10 0.016202012
945 52 13 17 0.016228728
696 107 7 14 0.016273247
196 117 10 21 0.016742175
825 91 7 13 0.016916754
117 107 4 9 0.017078072
698 42 7 12 0.01710175
220 116 11 20 0.017140467
401 88 10 21 0.017488996
417 116 10 20 0.017883092
169 110 5 9 0.01837771
832 58 18 19 0.01841836
440 120 6 15 0.018578338
423 94 5 10 0.018641027
579 107 6 12 0.018670868
533 57 5 9 0.018688159
372 74 6 10 0.018849503
370 109 7 12 0.019294724
67 126 5 10 0.019416342
565 76 5 10 0.019616997
515 79 5 11 0.019744415
562 99 10 21 0.019780356
247 113 6 12 0.020069495
917 125 5 9 0.020080533
516 105 6 11 0.020123944
676 60 6 10 0.020189663
328 78 6 12 0.020315101
103 156 4 7 0.020339873
608 47 6 10 0.021164048
835 71 8 11 0.022098409
213 110 6 13 0.022418423
321 87 10 20 0.022479244
464 59 5 9 0.02275905
726 82 11 19 0.023138572
676 90 7 12 0.023619745
195 112 6 13 0.023683976
825 63 8 12 0.023731371
582 71 10 21 0.024127485
403 119 7 12 0.02484226
582 66 6 11 0.025058502
352 89 10 22 0.02513735
384 117 11 20 0.025491705
290 120 6 12 0.025809094
228 87 10 22 0.02590529
369 91 6 11 0.026511068
502 105 6 10 0.026847446
275 114 11 18 0.026852012
733 82 11 19 0.026967017
640 81 7 12 0.027155366
296 94 7 13 0.027184492
147 108 4 9 0.027301203
466 135 10 22 0.027927088
375 121 7 12 0.028254457
599 106 7 12 0.02859748
480 98 11 18 0.02863535
196 138 6 12 0.029471751
707 87 7 11 0.029545592
873 107 6 9 0.029789044
568 61 6 10 0.030274242
262 112 7 13 0.031438172
382 135 11 22 0.032222416
306 101 7 14 0.032273427
591 78 10 19 0.032454744
150 128 5 9 0.032568794
330 58 6 11 0.032626875
385 140 7 14 0.032658827
904 123 6 8 0.033168137
421 111 6 12 0.03427958
944 45 12 17 0.034355186
407 74 5 11 0.034416765
118 155 4 9 0.037761018
801 71 8 12 0.038905915
610 87 11 18 0.039028365
384 62 6 10 0.039043326
103 141 4 9 0.03970909
505 94 6 12 0.03977037
404 93 6 12 0.041031897
164 139 4 9 0.04131076
84 144 5 9 0.043314107
230 90 6 14 0.0436221
662 86 7 12 0.04362922
401 107 7 13 0.043733995
440 98 6 12 0.044692036
534 95 5 12 0.04599703
512 86 10 21 0.046578024
224 119 6 14 0.04670281
378 64 6 10 0.04831594
550 105 6 13 0.049127232
115 130 5 9 0.049620695
547 78 5 11 0.050332192
386 120 7 13 0.05159158
469 139 6 15 0.052287076
355 91 6 12 0.053233057
728 78 11 17 0.053676102
472 105 6 12 0.054038923
536 105 5 11 0.056434527
549 90 9 20 0.05762504
103 124 5 10 0.057969596
610 77 6 13 0.058409944
447 102 7 13 0.05853249
946 48 9 11 0.058740385
469 95 7 12 0.059605885
85 153 5 8 0.06000972
504 60 5 9 0.060327906
784 66 11 19 0.06321704
390 106 10 20 0.063290074
663 76 11 18 0.06376661
695 80 7 12 0.067254424
564 91 10 21 0.069117896
631 63 7 11 0.07520316
357 81 5 9 0.075213246
293 107 6 12 0.08105343
931 57 7 10 0.08424054
753 55 7 12 0.087664105
419 119 7 13 0.0944042
565 102 6 14 0.09568343
131 131 5 9 0.09665682
256 118 7 13 0.10421437
948 55 8 10 0.10422875
323 89 7 13 0.10471465
593 81 6 13 0.105363056
641 87 7 12 0.10586471
198 121 6 12 0.11732209
589 83 10 19 0.11963796
169 125 5 10 0.13014743
585 84 9 20 0.1304903
72 152 4 10 0.13069177
152 138 4 9 0.13164486
482 101 8 13 0.14249545
735 84 7 13 0.14464545
515 90 6 13 0.15175788
454 91 6 11 0.15905951
54 144 5 10 0.1637657
693 86 7 12 0.16405214
584 73 6 13 0.16574042
71 144 5 11 0.1666386
566 95 6 13 0.18183838
727 85 8 12 0.18577944
133 137 4 9 0.18974754
116 137 5 9 0.21108021
277 116 7 13 0.21319158
391 110 7 13 0.22159027
630 79 11 18 0.22657555
886 105 5 9 0.25411603
664 79 8 13 0.25788325
177 122 6 11 0.25793746
786 69 8 13 0.25934482
586 86 6 16 0.2661979
438 101 10 20 0.27895793
612 89 7 13 0.2964212
729 80 8 13 0.3045463
869 94 7 9 0.33729038
630 84 9 14 0.35835367
592 85 7 15 0.3920655
550 94 6 13 0.41449726
734 80 8 14 0.44023097
836 62 9 13 0.45167863
345 99 11 21 0.48341006
215 119 8 15 0.5041748
478 93 12 19 0.5074279
674 75 8 14 0.51704025
348 99 11 21 0.52106595
276 110 7 16 0.56870776
785 64 9 14 0.5943296
246 119 8 14 0.608017
439 103 7 15 0.60881406
704 77 8 15 0.6162693
306 91 11 20 0.64125365

