26_Soldier_Drilling_Soldiers_Drilling_26_85
68
242 416 8 10 0.01055149
397 601 50 48 0.010567876
228 414 8 11 0.010674857
264 418 9 11 0.01082753
441 449 6 9 0.010957231
419 418 5 7 0.012556373
269 638 18 34 0.012580665
283 635 17 34 0.013328923
2 607 18 43 0.014405207
0 360 25 83 0.014700926
192 415 6 11 0.014789889
227 408 7 9 0.015610501
273 430 8 11 0.01801947
271 423 9 10 0.019421373
371 398 6 9 0.022578366
234 377 20 31 0.022642829
186 421 7 10 0.023116896
246 389 13 18 0.023709672
248 392 9 11 0.024331136
473 435 5 6 0.02679299
256 694 47 93 0.027935836
251 389 13 16 0.0286137
377 391 6 10 0.028884688
381 607 41 35 0.029209023
313 392 6 7 0.030922951
471 393 5 5 0.031304788
328 398 6 7 0.031305935
496 418 6 6 0.031906337
388 398 6 10 0.032049388
311 399 5 8 0.032397535
453 393 5 5 0.03617199
68 760 33 66 0.037160408
254 391 9 12 0.037392903
406 419 6 8 0.038418185
483 435 5 6 0.042032223
252 398 14 16 0.051665053
485 393 5 6 0.05369987
596 393 18 35 0.056738287
263 715 36 62 0.0636528
472 418 5 6 0.084717326
454 431 5 6 0.08608447
255 400 9 12 0.09863507
246 398 10 12 0.10216905
385 377 9 12 0.115230486
453 423 5 6 0.11639851
196 405 6 8 0.1175193
403 389 6 9 0.11830756
422 401 6 7 0.12675239
245 395 13 18 0.12790416
434 392 5 6 0.15309903
485 418 6 6 0.15650935
483 406 5 6 0.16153143
469 406 5 6 0.17266203
452 404 5 6 0.1801862
420 389 6 7 0.18070076
339 392 6 7 0.1813047
353 394 6 8 0.2043478
435 401 6 6 0.2198703
405 399 6 10 0.22421668
344 398 6 7 0.27527595
356 398 6 7 0.28632054
377 599 51 51 0.36825773
328 388 6 8 0.5850904
386 380 9 13 0.8065959
0 597 26 57 0.8329207
218 356 27 38 0.8849805
599 393 26 40 0.9071987
58 350 27 43 0.9722473

