26_Soldier_Drilling_Soldiers_Drilling_26_345
42
823 227 8 10 0.010121952
512 272 35 68 0.010312155
461 177 29 58 0.010404342
671 235 35 70 0.01071432
438 263 8 11 0.010728815
665 267 48 98 0.011847196
416 242 8 11 0.012132514
324 356 34 70 0.012361154
854 193 24 21 0.012839344
322 339 33 70 0.013213461
290 255 16 36 0.013365469
450 225 6 9 0.013375748
292 260 6 9 0.013525199
484 216 18 33 0.014391301
290 267 12 25 0.014399372
639 244 36 64 0.014432828
455 241 7 11 0.014648237
677 297 36 69 0.015043603
830 234 13 21 0.017334988
161 187 13 28 0.01971792
448 217 5 9 0.020076577
343 194 23 21 0.021238687
442 217 6 9 0.021413337
677 269 33 72 0.024833951
643 265 35 70 0.028022777
830 226 21 20 0.03212138
440 224 6 9 0.03869937
422 229 6 8 0.05422621
353 212 18 35 0.06249874
166 212 18 35 0.071829215
670 210 27 45 0.073188394
834 216 17 36 0.076433666
852 194 17 36 0.08738537
658 180 24 44 0.08852448
340 199 18 34 0.15795812
856 209 28 43 0.1595435
855 191 26 42 0.19046378
470 190 25 42 0.4369794
664 185 25 43 0.4868251
347 198 18 36 0.6003208
467 188 18 37 0.6014994
165 193 18 36 0.66052955

