26_Soldier_Drilling_Soldiers_Drilling_26_393
21
401 121 49 68 0.013367072
409 103 44 68 0.014792641
537 123 38 77 0.017373491
781 77 30 44 0.018524773
714 73 49 85 0.018826567
879 137 48 89 0.01882791
772 43 39 65 0.019987684
73 169 50 96 0.021517185
788 80 30 46 0.03323234
708 99 30 43 0.03439126
784 88 39 66 0.041067496
540 93 39 74 0.044234227
208 239 63 91 0.09091729
704 76 40 63 0.1472156
521 106 50 103 0.15398544
777 65 39 65 0.30273592
767 51 51 98 0.4205008
526 87 53 100 0.60984904
86 139 52 105 0.6253858
854 140 60 85 0.6521067
392 89 62 101 0.90189826

