26_Soldier_Drilling_Soldiers_Drilling_26_719
48
702 233 21 29 0.010029931
362 281 22 30 0.010050405
771 286 15 8 0.010154727
968 322 8 9 0.010962943
727 242 9 11 0.010999246
689 250 21 19 0.011236316
432 268 45 55 0.0116547905
817 231 14 10 0.012211249
193 71 38 62 0.012243604
207 133 19 32 0.012794999
756 302 31 14 0.012900456
698 244 21 18 0.013057105
124 239 24 17 0.013084878
119 257 25 18 0.013220307
57 251 24 19 0.013555401
679 188 13 17 0.01430764
748 302 28 14 0.014612079
110 256 23 18 0.015295757
700 293 23 28 0.0153542785
375 251 14 19 0.015777482
471 219 27 18 0.016862834
786 304 11 8 0.01749361
688 243 21 19 0.01873781
181 56 86 154 0.022559794
819 231 32 13 0.02332336
699 288 23 19 0.024862772
772 280 13 10 0.025504328
361 277 25 16 0.026159614
365 250 19 30 0.026749004
766 277 24 15 0.026845714
686 284 21 20 0.027472347
826 237 19 30 0.027579015
684 287 21 30 0.027599392
822 239 28 16 0.029192073
688 190 10 10 0.03368749
429 254 24 17 0.038058184
826 245 21 28 0.04258576
197 76 56 104 0.042678956
376 244 27 35 0.042962607
681 190 9 10 0.045014497
362 282 25 17 0.04661487
378 245 24 18 0.046945978
812 229 26 14 0.060592465
813 239 25 19 0.06963727
468 212 30 37 0.19883995
814 244 22 29 0.22294524
376 250 24 20 0.47598332
457 212 31 36 0.7446728

