26_Soldier_Drilling_Soldiers_Drilling_26_405
29
561 194 49 51 0.010043514
980 71 12 10 0.01040308
947 300 7 7 0.010850859
946 63 10 7 0.011373901
1013 58 11 21 0.0116429925
963 154 21 29 0.011649985
945 152 21 19 0.011707627
212 207 47 51 0.011912535
856 276 21 22 0.013046123
837 329 24 48 0.0134018995
850 268 17 31 0.013687161
927 60 12 8 0.014228544
948 77 10 10 0.014954341
882 387 40 60 0.015035079
980 64 10 7 0.015717534
126 454 42 54 0.016644586
973 68 23 17 0.020223118
941 75 23 17 0.023143567
1015 62 8 12 0.025780259
553 190 37 38 0.03141628
919 63 10 10 0.036187913
973 327 44 119 0.039933484
864 387 44 64 0.049048476
849 374 60 90 0.07674784
853 260 16 35 0.42722574
858 261 16 34 0.6062088
144 346 18 36 0.87063265
556 179 46 55 0.90921575
401 200 43 54 0.9822717

