26_Soldier_Drilling_Soldiers_Drilling_26_178
21
644 150 44 30 0.010042148
204 129 45 64 0.010503083
444 142 60 75 0.010585756
994 65 28 80 0.0118291015
659 146 38 38 0.01399917
758 107 55 92 0.019326808
302 128 55 70 0.03403167
770 154 47 54 0.04095159
507 99 116 99 0.04159946
971 279 50 116 0.051391505
780 141 47 54 0.08697933
143 105 56 75 0.12078959
653 138 47 56 0.30479196
127 96 46 66 0.5786262
188 116 56 79 0.70103157
292 132 43 69 0.74032265
353 161 73 74 0.929616
451 114 75 82 0.9529414
694 91 91 91 0.9676395
888 138 82 131 0.987884
552 114 86 90 0.99212366

