26_Soldier_Drilling_Soldiers_Drilling_26_307
57
734 353 18 30 0.010235271
674 364 12 25 0.0102383625
402 338 18 30 0.010754631
927 332 25 43 0.011103248
535 368 21 22 0.011106887
269 350 13 27 0.011307691
416 327 8 7 0.012120341
402 323 14 17 0.01222132
282 358 20 24 0.012603557
0 289 16 66 0.012739796
0 298 12 51 0.013557768
174 376 24 21 0.014960571
543 352 17 33 0.015410141
741 368 18 32 0.015533531
532 359 12 25 0.01650378
75 393 26 18 0.018318556
38 390 34 66 0.019153269
264 359 27 42 0.019698298
671 358 12 22 0.019993939
260 352 19 23 0.020285657
290 366 19 23 0.021872716
722 346 8 8 0.021975756
284 355 33 59 0.022556793
394 314 19 31 0.0230956
295 367 21 22 0.023740409
288 351 16 35 0.025391648
721 357 21 18 0.025693294
222 368 18 32 0.025726307
71 383 19 34 0.026822204
7 249 13 44 0.027097547
668 360 35 60 0.028058926
726 360 9 9 0.028532075
930 334 17 34 0.031205643
915 342 13 25 0.034160726
424 359 18 31 0.03440349
540 363 19 33 0.03842304
407 299 6 7 0.039091006
415 314 7 7 0.040418465
735 359 10 11 0.04115302
218 370 23 19 0.04160563
753 374 13 18 0.044884175
186 377 18 34 0.04669411
74 389 25 43 0.047044
527 353 16 35 0.054776814
8 266 14 43 0.06610801
673 365 26 45 0.06704119
406 313 7 8 0.08863535
728 356 21 19 0.108703464
756 376 8 11 0.12770213
405 326 8 8 0.1302561
413 359 26 20 0.1394474
293 361 18 35 0.21054016
530 360 16 35 0.29783878
910 341 17 34 0.3335666
265 346 18 35 0.4505947
174 371 25 43 0.6270255
418 351 20 34 0.8136083

