26_Soldier_Drilling_Soldiers_Drilling_26_236
32
1017 407 7 32 0.010139774
176 303 7 10 0.010455456
407 360 45 62 0.010601845
0 319 7 17 0.010787686
756 180 35 11 0.011040576
507 217 60 73 0.011380202
171 291 13 18 0.012614955
1018 413 5 19 0.013144044
471 205 53 78 0.014897389
698 167 67 83 0.015412391
365 344 86 131 0.016110832
992 249 25 54 0.01613163
174 294 8 11 0.016300384
149 273 7 8 0.016814584
972 229 37 64 0.018143484
460 360 63 79 0.019124592
596 174 66 92 0.019697042
555 235 19 39 0.019763393
0 313 7 28 0.022174798
582 165 103 118 0.024075694
584 253 35 63 0.025939653
378 381 46 65 0.026588498
167 300 7 12 0.042165127
625 168 78 90 0.067205176
164 277 6 8 0.18821436
379 356 55 97 0.20826158
164 290 11 19 0.23689914
165 293 8 13 0.30177194
608 154 110 138 0.31469402
549 224 32 62 0.3718499
478 194 33 82 0.7340813
982 229 35 71 0.85694796

