26_Soldier_Drilling_Soldiers_Drilling_26_204
248
720 122 8 11 0.010033889
321 56 7 10 0.010090444
831 116 9 10 0.010172447
865 130 9 12 0.010196587
212 84 8 8 0.010244346
901 205 29 39 0.010284185
454 130 19 27 0.010339457
898 130 9 10 0.010374779
887 103 7 10 0.010393199
761 250 37 65 0.010458451
721 84 8 10 0.010517329
818 146 10 10 0.010524492
163 80 14 18 0.010569472
469 87 6 8 0.010604415
921 211 21 19 0.010649009
995 216 11 11 0.010652581
653 78 13 18 0.010755508
402 71 7 9 0.010862847
363 190 24 17 0.0109454915
275 81 8 11 0.011085957
471 134 10 12 0.011105327
671 87 12 18 0.011121488
420 70 7 10 0.011127138
919 228 22 19 0.011212003
899 209 20 20 0.011273135
436 73 6 9 0.01127803
623 152 13 19 0.011317291
436 96 12 21 0.011353153
775 230 25 51 0.01152577
469 103 8 9 0.011574334
391 88 7 9 0.011622028
515 70 8 8 0.011668722
802 135 9 11 0.011679026
845 126 19 29 0.011725118
672 119 9 12 0.011837877
292 43 8 11 0.011844122
648 74 9 12 0.011858583
965 134 11 10 0.011932111
588 144 12 22 0.01202423
483 105 8 9 0.012459501
337 67 12 20 0.012483979
691 115 13 20 0.012505641
813 302 24 49 0.012514313
656 82 9 12 0.012551555
647 71 12 19 0.01266771
693 118 9 12 0.012680014
603 111 12 18 0.012775367
450 136 13 20 0.012847585
639 162 12 20 0.0129112685
775 198 31 74 0.012933262
726 22 10 10 0.012993353
153 69 8 9 0.013058562
945 169 13 13 0.013067101
560 53 7 9 0.013131209
655 74 9 12 0.013147935
319 66 12 20 0.013209514
308 70 7 12 0.013288897
711 125 12 20 0.013714584
886 150 10 12 0.013839255
993 186 15 15 0.0138918385
621 154 17 35 0.0139206685
1009 238 12 23 0.014120835
340 71 7 12 0.014150585
755 84 8 10 0.014285909
627 77 12 18 0.014365994
390 70 7 9 0.014421199
968 150 21 28 0.014448959
826 225 24 50 0.014485679
578 82 19 19 0.014532268
726 254 39 63 0.014542746
370 60 8 10 0.01455945
717 119 12 19 0.014576016
368 261 19 35 0.014635159
752 75 8 10 0.014720492
887 119 7 10 0.014879654
494 194 12 21 0.01502658
676 99 8 11 0.015033404
907 176 14 18 0.015070676
582 37 8 12 0.015077613
647 78 12 18 0.015205099
391 99 7 14 0.015532677
735 103 13 18 0.01561004
838 179 26 45 0.015756296
717 126 13 20 0.015841823
486 86 8 8 0.01590463
643 117 12 18 0.016272195
421 88 6 9 0.016440764
419 100 7 12 0.016854448
453 146 11 15 0.016887927
368 79 12 21 0.016915785
1012 120 12 17 0.016960455
852 129 13 19 0.016990947
984 162 22 17 0.017301181
365 96 12 22 0.017329449
498 71 7 8 0.017397905
889 273 23 18 0.017482214
995 188 12 11 0.01751608
652 72 13 18 0.017625678
196 100 9 9 0.017687155
214 74 7 7 0.018005949
750 133 13 19 0.018034952
534 54 7 8 0.018082064
499 113 11 11 0.018127479
981 110 8 8 0.018193938
589 82 9 13 0.018294413
371 83 8 11 0.018456468
951 274 22 21 0.018469429
669 115 12 20 0.018483987
902 177 20 29 0.018638374
322 70 8 12 0.018659776
905 210 22 20 0.018721763
648 81 9 13 0.019017419
575 99 13 17 0.019197593
739 90 7 9 0.019207863
897 106 8 9 0.019300133
755 99 13 19 0.019337928
658 106 8 10 0.019355247
644 120 9 12 0.019358976
369 101 6 13 0.019587448
693 89 8 10 0.019605193
996 131 11 9 0.019720927
371 70 8 10 0.019813523
820 217 33 67 0.019824015
499 58 7 7 0.020002147
166 84 9 9 0.020023849
862 125 13 20 0.020433169
854 134 8 11 0.020475172
498 109 13 18 0.020575728
735 359 36 63 0.020612536
963 116 14 15 0.020724447
930 134 14 17 0.021517485
341 52 12 18 0.021812897
855 292 35 64 0.021982161
994 196 12 11 0.022054844
389 94 11 23 0.022385433
709 119 8 12 0.022604715
796 232 27 50 0.022905074
913 115 13 17 0.02301025
275 73 7 10 0.023091663
287 48 12 17 0.023426855
757 102 8 12 0.024352418
975 201 22 17 0.024399811
957 268 18 33 0.024621548
432 192 20 29 0.024654446
485 72 7 8 0.024929421
626 159 13 21 0.024967512
258 67 6 8 0.025072446
469 133 14 18 0.025145466
862 126 19 29 0.025150627
1010 145 12 18 0.025632313
945 173 14 18 0.025757909
1012 127 12 18 0.025828207
673 90 9 11 0.02635408
459 144 13 19 0.026537102
918 108 9 9 0.026555486
604 102 12 18 0.02727031
738 105 8 11 0.027625691
416 95 11 22 0.027638061
990 165 12 11 0.027682742
975 130 14 15 0.02817851
629 76 8 12 0.028255858
335 95 12 23 0.028334541
661 117 9 13 0.028887732
497 87 7 8 0.028901506
968 148 22 17 0.029077291
247 58 7 8 0.029610323
898 121 8 10 0.030532263
1004 283 16 38 0.031207258
885 146 13 19 0.031219848
584 151 7 15 0.03239844
311 55 7 11 0.03457098
864 120 9 12 0.03475728
856 121 9 13 0.034999758
988 117 14 16 0.035481803
977 114 14 16 0.035493392
692 100 8 11 0.035509106
707 116 13 20 0.03571474
1014 295 9 34 0.035744272
855 119 13 18 0.03586864
820 137 10 12 0.036498964
1011 177 12 19 0.036757857
942 115 14 15 0.038598474
1013 181 10 12 0.04002356
987 212 23 17 0.040981747
437 199 15 21 0.041041315
835 137 10 11 0.04163836
832 133 14 18 0.042130098
988 193 21 17 0.042170547
819 134 13 18 0.042249355
976 206 21 19 0.04255002
176 70 8 8 0.042983595
500 106 10 11 0.046227105
932 137 10 11 0.046688218
742 114 9 13 0.048265852
480 135 10 12 0.049280625
975 152 11 10 0.050286062
706 88 8 10 0.05112122
1012 148 9 12 0.051342987
740 112 13 18 0.054306053
191 78 14 16 0.054930683
164 65 13 17 0.05503692
771 220 34 71 0.056441553
861 118 13 19 0.05694451
257 56 7 9 0.057289556
660 113 12 21 0.058111075
548 55 6 9 0.060949825
927 109 9 10 0.061472867
183 86 8 9 0.06321626
343 54 8 12 0.06466443
932 113 9 11 0.06864942
362 182 24 18 0.07075526
517 55 7 9 0.07284053
940 168 21 18 0.074060336
915 117 9 11 0.07572598
238 67 13 16 0.0758739
583 147 11 22 0.076037854
899 177 20 20 0.08028523
629 80 8 12 0.080481276
446 200 18 31 0.084112875
964 149 14 16 0.08579575
383 261 19 34 0.08637729
168 61 7 10 0.092540555
1006 295 17 35 0.09791124
477 133 13 18 0.10896778
277 53 7 10 0.117867775
290 51 7 11 0.1244306
978 131 10 11 0.13232733
1014 130 8 10 0.13992506
791 222 35 70 0.14775436
439 200 22 21 0.15526971
443 191 19 32 0.16038617
497 103 15 18 0.16074042
965 118 10 10 0.16436549
598 114 12 18 0.16661206
1015 123 7 10 0.17009549
991 119 10 11 0.1742395
945 116 10 11 0.18847345
453 139 18 28 0.20114863
582 84 11 13 0.21442644
369 246 23 47 0.22785269
234 68 7 10 0.23444612
192 77 10 11 0.2600861
980 116 9 10 0.2774135
194 80 10 11 0.3206887
166 67 8 10 0.32900894
374 250 25 44 0.3798779
240 68 9 11 0.5097142
451 142 14 21 0.56149143

