26_Soldier_Drilling_Soldiers_Drilling_26_192
46
397 114 11 21 0.010223924
467 267 19 21 0.01046878
229 355 25 45 0.011545246
445 225 12 23 0.011642499
232 359 18 35 0.012281642
433 219 18 32 0.012828453
476 277 19 31 0.013071905
471 260 21 20 0.013157219
125 394 18 32 0.013244728
512 292 33 55 0.013400632
617 310 23 20 0.014216269
47 311 19 32 0.0147527065
477 248 17 31 0.015822593
398 270 18 23 0.015928546
891 450 47 59 0.016279874
239 336 22 19 0.01636461
195 416 12 27 0.017292274
73 394 17 33 0.018002387
58 380 19 33 0.01903988
202 402 53 86 0.01923981
399 117 7 14 0.019297082
578 357 29 40 0.019832999
470 258 13 21 0.019891722
402 270 16 34 0.020483341
573 337 29 40 0.020985324
447 237 18 34 0.022224138
15 373 15 39 0.022326108
224 347 20 22 0.024199445
555 309 18 32 0.025293594
432 239 18 33 0.029931657
461 268 18 33 0.030343663
419 270 20 22 0.032918464
444 220 18 30 0.037318237
41 386 25 46 0.050565127
611 316 21 21 0.060571708
229 344 18 34 0.062172454
616 313 21 30 0.07131673
424 268 20 23 0.07578882
193 403 23 48 0.07716564
45 371 24 46 0.14038722
423 266 18 35 0.1430677
195 417 23 52 0.1454776
96 404 20 33 0.5445063
519 302 20 34 0.7186223
72 295 28 38 0.91301817
640 294 30 37 0.91506094

