26_Soldier_Drilling_Soldiers_Drilling_26_567
38
1000 180 21 54 0.010376565
167 230 6 7 0.01076759
8 299 8 13 0.010941047
11 341 44 120 0.010978666
174 247 11 19 0.011362319
166 267 11 22 0.011390068
7 295 12 21 0.013882802
168 271 7 12 0.0142163895
520 173 28 45 0.014426766
624 56 99 116 0.017839521
465 256 51 102 0.02141894
455 275 55 101 0.022680255
8 287 12 20 0.0262721
9 290 8 13 0.028493745
552 177 26 43 0.029844929
463 272 46 63 0.03140128
639 91 63 91 0.031557634
402 295 42 61 0.032749575
919 130 28 44 0.033545744
516 164 37 63 0.03628807
165 246 11 21 0.037664726
177 250 7 12 0.043823164
642 71 65 85 0.053332254
576 109 75 90 0.060038693
166 240 11 19 0.060635716
16 285 9 14 0.06621935
168 250 6 12 0.07304446
172 240 12 18 0.10173851
518 159 28 43 0.1327078
13 284 13 19 0.1364844
168 243 7 12 0.15799189
374 301 49 62 0.17763542
175 244 8 12 0.19332446
563 92 104 136 0.24487576
378 283 58 86 0.31242836
909 140 30 44 0.3342396
913 134 35 55 0.54817945
452 134 32 71 0.92138493

