26_Soldier_Drilling_Soldiers_Drilling_26_529
20
197 124 22 52 0.010443898
949 226 7 10 0.010695887
1 198 31 81 0.011964908
863 447 23 19 0.014770232
708 480 33 36 0.018161688
538 142 33 42 0.019580461
866 449 20 31 0.01983985
870 484 30 16 0.022283964
660 476 30 15 0.02656536
86 214 46 49 0.029016238
997 198 8 11 0.02958443
871 479 22 30 0.033292904
370 141 34 41 0.06274102
934 199 9 10 0.13926078
472 325 47 63 0.51313853
751 307 46 64 0.74324
443 157 36 62 0.96021116
177 234 40 51 0.9642883
364 125 34 61 0.9737095
532 123 38 57 0.97814757

