21_Festival_Festival_21_218
38
680 217 32 73 0.011491206
580 203 19 43 0.011777222
676 208 18 36 0.0118340235
687 196 21 19 0.012293125
531 219 35 60 0.012739334
995 24 29 73 0.013121049
4 498 45 120 0.0140205445
325 197 18 40 0.014720777
1015 25 8 33 0.01592046
424 260 27 44 0.015934017
185 131 40 53 0.016270293
1002 144 16 36 0.017501544
4 331 14 42 0.018268699
646 179 21 36 0.018300267
431 254 22 21 0.019221338
2 325 22 54 0.023118129
188 138 31 37 0.023354229
419 252 35 62 0.023769885
0 317 30 72 0.024527412
41 29 31 69 0.027157344
667 198 33 64 0.032285307
326 187 19 37 0.035572115
9 310 16 41 0.039114032
33 366 20 22 0.040002894
197 116 13 23 0.0570431
192 118 21 29 0.072458975
525 246 26 42 0.08735951
419 246 27 41 0.10483808
642 186 38 60 0.27223843
317 186 33 61 0.38644594
308 121 29 45 0.5301501
297 114 37 60 0.65932214
637 172 37 56 0.716283
545 209 26 45 0.7303848
101 154 36 57 0.7431207
574 191 30 60 0.87122625
859 110 38 65 0.92717373
950 140 38 52 0.94076353

