21_Festival_Festival_21_210
22
9 8 29 15 0.010669324
266 281 31 70 0.010843312
130 375 14 22 0.011003007
0 355 8 15 0.012797583
115 378 16 30 0.01293154
188 158 19 32 0.01539972
0 351 9 25 0.017693559
88 388 22 19 0.017954746
233 395 20 21 0.018339379
75 396 14 23 0.021117374
75 391 21 20 0.023886293
180 386 13 20 0.024647638
15 373 23 22 0.027925702
71 385 17 30 0.038932405
240 388 13 25 0.16152215
232 384 16 33 0.1675146
225 395 18 23 0.18176211
70 395 18 29 0.38283148
126 376 17 30 0.5257203
14 370 19 32 0.7754932
392 146 60 119 0.9368199
755 191 85 93 0.9671149

