21_Festival_Festival_21_331
120
315 271 28 15 0.0101843225
557 288 23 16 0.010390172
548 288 10 7 0.010410176
87 338 30 16 0.010451283
328 262 32 12 0.010690999
170 282 14 18 0.0107759945
123 315 24 19 0.010818484
609 291 25 25 0.01083365
487 294 23 25 0.011157795
264 255 32 13 0.011281121
437 268 13 18 0.011380808
447 297 24 26 0.011520953
1 293 8 41 0.011527856
1003 275 21 19 0.011545098
478 307 23 16 0.011545441
600 275 24 18 0.011985688
480 273 14 16 0.012142314
896 233 20 36 0.01303618
507 306 28 14 0.013178956
952 285 24 17 0.013253585
1008 279 12 23 0.013383628
608 337 23 18 0.013393416
0 296 25 65 0.013409758
953 261 28 13 0.013573764
576 264 9 8 0.0136915
986 240 29 14 0.013713159
868 334 27 45 0.014057783
608 333 43 53 0.014137146
484 310 11 10 0.014498844
564 291 10 9 0.014565815
87 343 33 34 0.014886008
558 260 15 15 0.01532213
484 264 9 10 0.01543115
155 318 23 27 0.015506538
961 263 12 8 0.015601387
496 303 16 8 0.015982285
232 269 22 31 0.016089976
157 278 23 18 0.016214103
127 308 10 10 0.016335186
107 329 22 29 0.016378017
351 303 37 39 0.016680894
296 380 38 54 0.016718518
551 265 11 8 0.016874444
706 262 38 30 0.01710595
437 302 13 21 0.017297573
474 319 23 18 0.017549584
225 266 11 8 0.01849734
327 270 29 15 0.018737353
512 293 12 9 0.018945133
521 290 26 15 0.01917785
264 267 23 34 0.019483402
138 305 24 18 0.020808814
226 271 10 8 0.022827936
458 268 18 20 0.022864696
111 316 24 17 0.022903837
1003 239 21 18 0.023450708
541 270 24 15 0.023871057
525 269 25 14 0.024958698
989 283 27 17 0.025290115
637 281 39 30 0.026879705
490 320 26 17 0.028464502
440 300 21 19 0.029041452
634 275 51 45 0.029593674
218 269 25 16 0.031656165
119 309 10 10 0.032919064
477 286 22 16 0.033294637
520 314 25 17 0.035094578
574 270 14 15 0.035228796
561 271 10 9 0.03670006
482 275 9 10 0.036816783
504 290 26 15 0.03715075
692 281 40 31 0.037174776
145 390 63 82 0.038347322
114 306 21 17 0.040901497
170 390 67 81 0.041990407
639 287 23 18 0.041994665
996 264 21 34 0.042367443
865 313 34 62 0.04383828
489 272 24 15 0.044901717
0 302 20 49 0.04729174
856 219 39 55 0.050068803
727 235 55 49 0.054590333
456 270 9 12 0.055043567
548 273 12 8 0.057502013
455 267 12 18 0.060144752
120 306 23 18 0.061981134
624 319 23 18 0.06220863
1001 281 22 20 0.062224578
482 289 11 10 0.06562691
497 296 14 8 0.07208709
521 307 27 18 0.0763754
490 300 26 15 0.07806118
514 273 12 7 0.078098916
531 272 13 7 0.07833454
686 274 50 46 0.078621395
232 286 25 20 0.08108016
989 255 35 52 0.086478025
613 322 32 35 0.10016255
636 210 33 37 0.10432475
736 221 51 56 0.107786916
497 275 12 8 0.108581625
491 292 25 15 0.119260244
561 263 10 9 0.15057819
308 391 30 38 0.21393551
576 271 10 10 0.2157585
2 294 17 36 0.23494688
517 296 33 32 0.31645435
860 235 40 55 0.3357326
888 239 29 39 0.3501972
992 273 29 37 0.3869412
463 270 9 13 0.4090367
141 314 22 29 0.4401902
159 415 82 89 0.48877394
745 206 54 89 0.6143573
658 277 50 45 0.7030359
232 274 30 34 0.7159402
258 274 33 32 0.72453964
61 362 37 48 0.7390558
161 281 22 20 0.74814093
349 285 43 63 0.77330625

