21_Festival_Festival_21_378
281
704 256 6 9 0.010032042
197 199 6 7 0.010107271
335 205 12 16 0.010598304
81 243 10 11 0.0106492555
0 220 13 19 0.010972414
621 214 21 15 0.010973567
344 226 6 8 0.010999422
5 180 7 9 0.011090638
280 257 4 7 0.011113206
612 216 8 9 0.011206264
660 224 13 16 0.011298445
854 218 7 8 0.011371252
260 242 6 7 0.011401735
434 208 12 17 0.011404945
85 223 9 8 0.011473312
887 279 7 8 0.0114737125
323 244 6 7 0.011586714
865 218 8 9 0.011678767
120 248 7 9 0.011686294
165 259 6 8 0.011716409
674 256 8 8 0.011824509
164 209 13 16 0.011830997
931 253 13 18 0.011866833
935 304 25 46 0.012004664
870 291 8 7 0.012088786
292 241 5 7 0.012182037
418 259 6 7 0.012321317
275 208 12 16 0.012334601
394 259 4 7 0.012561666
6 162 6 10 0.012662362
621 218 20 18 0.012788803
1008 265 11 22 0.012801193
578 238 6 8 0.012847283
102 304 10 8 0.012907866
173 210 12 16 0.012910698
133 208 13 15 0.012988273
33 199 7 8 0.013055219
793 241 7 10 0.013126842
790 256 7 11 0.0133796865
291 230 6 7 0.013588009
117 223 13 17 0.013668903
863 242 13 17 0.013770999
943 288 20 19 0.01383865
115 253 12 18 0.013891238
178 198 6 6 0.0141915465
65 202 7 7 0.014446162
836 260 8 8 0.014473949
513 239 8 10 0.01451781
939 251 20 20 0.014577605
944 239 13 18 0.014754198
17 226 9 9 0.01484499
482 306 9 10 0.01516545
544 224 13 16 0.015439998
66 284 14 18 0.015872689
898 243 8 10 0.015906848
992 227 13 17 0.016004829
66 224 7 9 0.01646168
832 292 8 9 0.016483288
69 280 9 10 0.017187353
893 254 13 17 0.017278641
309 227 6 7 0.017308934
432 223 7 8 0.017476095
819 214 13 16 0.017507203
196 232 7 8 0.017794352
856 244 7 9 0.01782509
879 224 13 16 0.017873323
214 230 7 7 0.018159049
198 290 7 8 0.01826761
835 225 13 16 0.018536715
23 207 13 16 0.018924503
909 226 19 18 0.019079713
405 262 6 7 0.019166365
1011 269 8 13 0.019313721
278 245 5 7 0.0195287
697 248 7 8 0.019674964
162 186 6 6 0.019967107
847 272 8 10 0.020059807
383 185 6 7 0.020475913
276 224 6 8 0.020938639
803 222 13 17 0.021276804
992 257 12 19 0.021480916
947 241 9 11 0.02222005
3 192 12 18 0.02269571
80 306 10 9 0.022855274
288 201 8 8 0.023025999
110 296 9 9 0.023151815
125 226 14 16 0.023648052
760 295 9 11 0.023663525
884 290 6 8 0.023813343
309 244 6 7 0.023904813
68 288 9 11 0.024055842
595 215 7 7 0.024396094
101 197 7 7 0.025265908
931 238 10 11 0.025497053
1012 224 11 19 0.02557218
977 239 8 11 0.025784276
882 251 13 16 0.026101599
865 255 9 10 0.027051268
148 185 6 6 0.027075313
118 201 6 7 0.027552435
177 222 7 8 0.027554097
945 217 9 11 0.027570399
826 292 6 8 0.027935373
997 234 12 18 0.028150044
70 243 9 11 0.02845437
433 275 6 7 0.028727666
49 223 9 11 0.029790778
831 215 8 9 0.030013444
889 213 7 9 0.030068379
897 272 14 17 0.030874869
896 216 9 10 0.03092584
1015 240 7 12 0.031109635
611 224 8 9 0.031840514
696 254 6 9 0.032075383
975 223 8 12 0.032603588
729 241 7 10 0.03311482
904 279 22 20 0.033470675
134 241 7 8 0.033513866
754 219 13 16 0.033848885
836 243 7 9 0.034468163
672 245 7 9 0.034674995
377 184 6 8 0.034828138
423 277 6 7 0.035504557
46 210 13 16 0.035523806
774 221 9 10 0.035727307
415 199 7 8 0.0359201
341 199 6 7 0.03681416
676 214 7 8 0.037070364
166 196 6 6 0.037953787
664 243 8 9 0.03853777
230 202 6 7 0.03949244
503 238 7 10 0.039654173
345 242 6 7 0.039937276
133 181 6 6 0.040161546
402 211 13 16 0.041286442
965 237 13 18 0.04149441
692 209 12 16 0.0421695
898 275 9 10 0.043526173
995 260 8 12 0.04401528
972 213 10 13 0.044227693
531 215 7 10 0.045016546
81 210 14 15 0.045964476
4 211 8 9 0.046360053
621 238 14 16 0.04724045
246 202 7 7 0.04735148
896 257 9 11 0.04739469
192 209 12 16 0.04901598
310 261 5 6 0.04949149
821 217 9 10 0.0500138
517 218 13 15 0.05023904
196 238 7 9 0.050464917
966 217 12 17 0.05076519
406 199 7 7 0.05235996
482 221 9 9 0.054529455
117 255 8 12 0.05473709
787 221 8 11 0.055134375
640 225 11 8 0.05654329
930 227 13 15 0.05654995
709 214 8 10 0.056652628
165 244 6 7 0.058224116
119 226 9 10 0.058325276
385 195 6 8 0.058883935
151 228 7 8 0.060335383
749 216 10 12 0.060947053
883 246 8 10 0.061476167
359 245 5 7 0.06266759
567 243 7 8 0.06327079
616 243 9 11 0.0640547
286 206 13 15 0.0645308
838 271 12 16 0.06716767
148 241 6 9 0.06914327
1011 260 8 13 0.0707541
500 212 8 10 0.07096252
946 220 13 17 0.072214
1014 228 7 12 0.07343359
163 225 6 8 0.074050836
388 241 6 7 0.076235875
1008 257 12 20 0.07830132
568 215 6 8 0.078518935
777 214 10 13 0.07885714
503 229 8 9 0.08033556
766 290 10 13 0.081332445
148 196 6 6 0.08339383
3 223 8 10 0.08353573
529 221 8 11 0.08506638
131 194 7 7 0.085982144
17 197 7 9 0.08599609
24 210 10 11 0.087641284
374 243 5 7 0.0918137
358 224 6 7 0.09199466
623 241 10 10 0.09319418
894 221 13 17 0.09387048
376 195 7 8 0.09528405
967 239 9 12 0.09576322
995 229 8 11 0.09578825
867 223 13 15 0.09595839
4 196 9 10 0.09925519
87 269 14 17 0.1034292
678 223 13 16 0.105066545
866 245 8 10 0.10895273
467 215 8 9 0.11206622
687 225 8 11 0.11285495
277 197 7 8 0.11620121
999 237 8 12 0.116372816
741 220 9 11 0.119855106
259 201 6 7 0.1246551
91 267 14 17 0.13281445
881 226 8 10 0.14136457
421 215 7 8 0.14178845
932 228 10 12 0.14540674
820 220 13 16 0.14680307
854 260 8 9 0.1476651
209 201 8 10 0.1518071
967 220 9 12 0.15279493
565 224 7 9 0.15727103
581 224 7 8 0.16361941
404 222 8 8 0.16510479
98 209 9 9 0.16771722
241 225 7 8 0.17264576
129 230 8 9 0.175924
663 227 8 9 0.17740907
388 215 6 8 0.17744517
805 225 8 10 0.1816756
884 253 9 11 0.18373697
721 219 9 11 0.18823591
543 216 8 10 0.19526279
906 275 22 20 0.20625973
404 215 9 10 0.20651588
626 216 11 11 0.20849465
176 213 8 11 0.2101659
436 211 8 10 0.21651825
66 207 8 10 0.21802342
635 243 24 19 0.22128467
371 224 7 7 0.22559293
325 208 7 9 0.22573398
779 212 14 16 0.23186344
897 223 8 12 0.23281752
136 211 8 8 0.2372017
719 216 10 13 0.24264348
756 221 10 11 0.24993522
118 208 8 8 0.26003358
711 221 8 10 0.26005584
166 212 8 9 0.2646042
147 211 8 8 0.2666833
467 221 9 9 0.26830336
388 224 6 8 0.2723513
742 215 10 13 0.2797045
31 208 10 12 0.2798971
580 216 8 10 0.28096265
260 221 7 8 0.28473404
626 221 10 11 0.2941428
233 224 7 10 0.2949778
277 210 7 10 0.30433622
694 211 9 11 0.31136918
948 222 10 11 0.31235865
855 223 8 10 0.31471992
838 228 8 10 0.31697932
481 215 10 12 0.31735027
967 215 10 13 0.32046807
306 208 8 10 0.32459974
289 208 9 11 0.32744747
517 216 11 12 0.32852006
211 204 8 10 0.33672246
244 209 7 7 0.3423572
372 211 7 9 0.34809658
423 222 8 9 0.34812316
83 213 10 11 0.35166445
447 211 10 12 0.36208123
821 222 10 12 0.37339583
49 212 8 11 0.3772208
355 213 7 9 0.37740582
839 272 9 12 0.38447735
914 229 10 13 0.3865758
260 211 7 8 0.41814524
679 225 9 12 0.42583343
597 225 8 10 0.44192928
547 227 8 10 0.44573575
228 208 6 8 0.44701406
194 211 9 12 0.44832873
338 207 7 10 0.5134793
869 224 9 12 0.54797935

