21_Festival_Festival_21_604
730
204 536 14 16 0.010016417
757 393 5 5 0.01004661
225 545 9 12 0.010062638
338 536 8 8 0.0100957705
670 499 23 17 0.010113838
785 530 12 20 0.010139606
244 344 4 6 0.010197689
113 549 12 11 0.010452403
69 345 6 6 0.010459049
465 423 6 8 0.010487102
486 496 7 12 0.010657915
716 501 14 15 0.010723573
663 362 5 6 0.010749899
114 347 5 6 0.010801592
7 470 12 18 0.010886163
943 461 20 19 0.010892922
626 436 13 19 0.0109445155
149 560 13 19 0.011019213
880 660 25 16 0.011049946
182 517 10 11 0.0111025255
272 593 13 21 0.011105631
10 628 19 30 0.011111681
466 454 7 8 0.0111611355
6 312 25 18 0.011165109
661 533 7 12 0.011182908
809 533 7 13 0.011238408
98 517 10 13 0.011325596
787 544 12 19 0.011369007
946 535 10 10 0.011370314
100 503 9 11 0.011378153
630 360 5 5 0.011397104
692 377 5 7 0.011450824
46 543 13 20 0.011484134
199 597 17 31 0.011622817
582 406 5 7 0.011684703
463 376 7 7 0.011727655
437 361 5 6 0.011774558
388 361 5 5 0.011843669
453 409 5 6 0.0120611
645 483 7 9 0.012076508
929 505 9 10 0.012124859
726 626 12 24 0.012298041
211 567 10 13 0.012459677
136 469 13 16 0.012653512
50 501 12 18 0.012655949
95 514 14 18 0.012705649
642 359 5 6 0.012796391
900 514 13 17 0.012813226
790 365 6 5 0.012823309
818 562 9 13 0.0128313815
72 592 19 28 0.012834861
761 554 18 22 0.012843238
813 532 12 19 0.012851438
977 485 9 9 0.012894678
455 454 6 7 0.012929823
739 643 13 23 0.012935618
322 561 9 11 0.01301249
231 345 4 6 0.013068559
465 392 6 8 0.013147217
372 614 8 13 0.0131825525
805 546 12 19 0.013235931
799 648 21 29 0.0132854525
246 504 8 10 0.013375628
144 490 9 10 0.013421996
0 593 8 25 0.013520054
630 455 8 10 0.013545701
676 519 9 9 0.0135722775
373 362 5 6 0.013654048
806 550 8 13 0.013711024
198 542 12 18 0.0137507375
199 545 10 13 0.013763781
978 535 10 11 0.013782946
744 641 20 22 0.0138392225
107 546 22 18 0.01385975
370 612 12 18 0.01386269
357 517 7 8 0.01391756
856 506 7 8 0.013956636
731 528 21 19 0.014019522
796 576 13 19 0.01402686
354 472 6 6 0.014068645
870 670 24 9 0.014144844
420 361 5 5 0.014303236
7 478 12 19 0.014307155
405 471 7 8 0.014336133
436 455 6 6 0.014391957
188 512 14 17 0.014623804
628 393 5 5 0.014682214
862 582 14 18 0.014725265
300 592 13 19 0.014789339
879 564 9 13 0.014840277
998 502 9 10 0.015028047
946 515 20 18 0.015050791
287 595 18 29 0.015063563
772 392 5 5 0.015120159
452 439 5 7 0.015121232
387 505 8 10 0.015156502
505 435 11 18 0.015200751
954 518 22 18 0.015203929
132 591 19 29 0.015214106
626 425 6 8 0.015253649
99 563 10 11 0.015429824
222 514 10 12 0.015452514
237 530 13 17 0.0154968295
838 544 9 12 0.015529928
918 532 14 17 0.015610846
342 361 5 6 0.015690742
643 439 7 7 0.015731506
66 123 38 66 0.01573946
141 546 13 18 0.015773557
766 649 31 30 0.015870081
806 504 6 9 0.015881868
801 610 22 19 0.01588793
386 471 6 8 0.015909445
48 510 13 17 0.015915634
887 365 5 5 0.016010221
821 500 6 9 0.016017713
213 480 12 18 0.016024644
291 496 13 17 0.01607696
631 406 5 7 0.016091116
204 496 13 17 0.016121008
641 330 8 10 0.016191497
657 487 14 16 0.016201101
207 539 10 11 0.016214103
371 527 13 18 0.016225372
16 482 8 11 0.01625939
566 381 5 5 0.016297102
222 501 13 16 0.01630514
566 405 5 8 0.016378831
290 558 12 19 0.016486404
693 575 12 23 0.016498702
741 395 4 5 0.016541552
706 521 10 9 0.016544959
8 391 5 7 0.016592018
421 377 4 5 0.016598485
1012 363 5 8 0.016717868
135 488 9 11 0.01675848
883 545 9 12 0.01684114
498 625 13 23 0.016916856
292 360 5 5 0.01694805
641 457 7 8 0.016985811
268 544 12 19 0.017057337
97 560 14 17 0.01710404
200 539 10 12 0.017262407
773 378 5 5 0.017318629
1015 537 9 28 0.017394945
372 548 8 10 0.017429227
322 520 6 8 0.017450765
80 518 10 13 0.017490389
645 406 5 6 0.017548613
598 407 5 6 0.017617464
706 550 12 13 0.017673844
648 376 4 6 0.017775644
997 361 5 6 0.017919451
675 503 11 10 0.017969264
791 573 12 20 0.01804388
966 505 10 10 0.018317647
38 362 5 6 0.018373009
913 501 8 11 0.018405536
819 362 5 5 0.018423716
7 542 13 21 0.018450128
83 456 7 6 0.018504633
968 365 5 5 0.018520605
832 532 12 19 0.018563757
973 502 14 15 0.018579332
244 394 6 4 0.018583633
929 486 8 10 0.018633028
361 487 6 7 0.018701302
393 486 7 9 0.018724445
405 454 7 7 0.018741006
341 441 5 6 0.018746201
4 424 6 7 0.018755112
724 578 13 20 0.018805953
961 522 10 10 0.018815177
934 364 5 5 0.018840978
243 362 5 5 0.018890731
274 514 9 11 0.018969325
915 470 6 7 0.01898459
899 469 7 7 0.01900459
791 473 7 6 0.019036269
406 377 4 5 0.01935928
1013 503 8 11 0.019489283
226 537 10 12 0.019548666
374 456 6 6 0.019572852
741 606 13 21 0.019589366
352 553 8 10 0.019615812
705 483 10 8 0.019663334
327 361 5 5 0.019667596
803 512 11 20 0.019691749
263 362 5 5 0.019779237
790 490 8 7 0.01986984
229 475 7 7 0.019996194
877 562 12 19 0.02008649
326 551 9 10 0.02010271
208 574 13 20 0.02021875
726 530 14 17 0.020330207
1015 532 7 15 0.020335417
534 376 5 6 0.020448426
760 555 12 21 0.020550495
98 482 14 16 0.020690223
80 501 9 11 0.020878099
658 376 5 7 0.02097921
257 505 8 10 0.021009142
22 375 5 6 0.021148184
389 378 4 5 0.021296836
228 392 5 5 0.021443829
971 530 22 19 0.021606823
216 516 9 13 0.021679835
661 394 5 6 0.02190062
295 528 9 12 0.022079103
807 361 5 5 0.022156602
842 610 21 19 0.022243783
246 588 13 21 0.02228018
248 579 12 22 0.022312108
173 484 14 17 0.022462204
750 533 14 17 0.022470135
54 560 13 20 0.022489814
837 365 5 5 0.022554426
438 377 5 5 0.022580123
161 549 13 19 0.022703974
339 520 7 8 0.022790682
756 545 13 21 0.022825086
788 394 5 5 0.022843445
738 72 8 10 0.02290332
70 360 4 6 0.023036906
390 455 6 6 0.023221485
124 611 13 20 0.023429964
374 375 4 6 0.023520002
276 362 4 4 0.023535218
83 361 5 5 0.023540944
784 500 9 10 0.023552867
358 409 4 5 0.023599373
773 502 9 10 0.023604872
136 455 7 7 0.02363315
614 406 5 7 0.023691649
144 496 11 12 0.02369391
964 471 9 9 0.023843924
693 392 4 6 0.02391695
739 499 15 15 0.023931965
855 365 5 4 0.024315478
680 394 4 5 0.024523761
55 360 5 6 0.024539005
290 518 8 11 0.024634102
369 486 7 8 0.024647208
899 366 5 5 0.02485201
882 470 7 6 0.024860524
816 535 7 12 0.024947658
44 533 13 18 0.025019988
395 615 13 18 0.025185395
451 392 5 6 0.025311269
48 484 8 10 0.02541094
998 484 9 10 0.025581855
645 423 6 8 0.025681525
209 564 13 19 0.025697233
711 502 10 10 0.025794089
338 425 6 5 0.025832167
133 441 5 7 0.025838386
84 440 6 5 0.026153857
931 470 8 9 0.02621204
322 475 6 6 0.026241047
391 440 5 6 0.02645858
503 456 7 13 0.026468674
798 638 22 29 0.026637692
645 471 7 8 0.026651213
737 531 11 11 0.02693238
213 428 6 5 0.026963025
661 408 5 6 0.02702287
23 408 5 6 0.027367456
739 632 21 31 0.02737089
212 394 5 5 0.02747831
131 545 13 17 0.027500624
262 546 13 19 0.027554717
740 486 10 7 0.027597278
438 392 5 5 0.02775584
850 543 10 12 0.027836272
472 470 6 9 0.027840653
419 458 7 8 0.027887553
8 455 8 8 0.027888523
628 441 8 9 0.027964229
341 456 5 5 0.028036093
884 532 13 18 0.028058477
195 427 6 5 0.028062372
258 512 9 12 0.028068364
950 364 5 6 0.028134534
78 516 13 19 0.028139865
550 379 5 5 0.028154293
356 442 6 6 0.02825815
732 582 13 20 0.028470317
660 497 9 11 0.028619371
358 424 5 5 0.028754475
421 394 4 4 0.028976899
199 489 9 10 0.028987039
374 441 5 6 0.02905503
311 359 5 5 0.029100288
322 456 6 6 0.029144494
769 488 9 7 0.029377818
341 393 5 5 0.029385597
772 456 6 5 0.02945272
246 408 5 5 0.029564671
721 487 11 8 0.029603768
373 409 5 5 0.02960746
673 530 13 18 0.029658077
869 363 5 5 0.029708045
339 408 5 4 0.029816749
374 425 5 5 0.029848725
629 377 5 6 0.029926682
69 455 6 7 0.029935459
439 440 5 6 0.029950637
191 515 10 12 0.030064479
164 626 26 18 0.030104304
437 409 4 6 0.030141884
883 486 6 8 0.030162912
225 484 8 10 0.030222133
452 424 6 6 0.03041859
978 365 5 5 0.03074647
268 631 19 32 0.030880893
807 394 4 5 0.03098207
965 533 10 11 0.031069074
154 558 20 21 0.031105652
885 535 10 12 0.031142298
900 501 7 9 0.031143563
232 361 4 5 0.031239156
229 439 6 6 0.031251866
141 590 13 20 0.03134693
213 408 6 5 0.031388864
849 535 13 18 0.03145255
646 396 5 6 0.031602673
322 502 7 8 0.0316785
311 376 4 5 0.03170879
727 395 5 6 0.032066647
5 439 7 7 0.03208811
886 520 8 10 0.032135904
387 515 8 10 0.03215292
230 377 4 5 0.032271277
277 503 9 9 0.032271933
341 376 5 5 0.03232995
675 533 9 13 0.032436736
615 393 4 5 0.032536432
789 374 5 5 0.03257932
373 530 9 11 0.03262781
11 628 23 19 0.032667227
228 409 5 5 0.032686934
390 393 4 5 0.032727182
950 518 12 12 0.032917548
865 562 13 18 0.03294077
741 409 5 5 0.032998234
215 361 4 5 0.03303719
356 455 6 7 0.03315459
117 361 4 5 0.033403493
356 394 4 5 0.03340778
277 392 5 5 0.033411108
341 502 7 7 0.033447593
375 471 7 8 0.033499613
176 487 10 11 0.03354852
862 512 13 17 0.033672802
118 441 6 7 0.033811435
181 361 4 5 0.03391073
150 361 4 5 0.03414012
963 529 14 18 0.034409225
392 615 12 19 0.03452338
166 361 4 5 0.034527976
243 485 7 9 0.034620106
245 376 5 5 0.0347258
38 376 4 5 0.035059977
455 375 5 6 0.035092987
277 487 7 8 0.03537376
614 379 5 5 0.035398126
962 453 9 8 0.0354899
481 460 7 10 0.0355138
357 377 5 6 0.03568353
322 535 8 9 0.035782076
327 393 4 5 0.03583544
35 455 7 7 0.035963934
135 359 4 5 0.03612774
309 502 7 8 0.036301646
277 378 5 4 0.036336705
768 515 9 12 0.036349867
8 481 8 13 0.036450367
711 455 7 7 0.0367249
579 380 5 6 0.03675557
965 480 14 16 0.037106592
251 577 13 21 0.037149634
688 469 9 10 0.03724504
738 474 9 7 0.037261307
755 472 8 6 0.037275653
422 410 5 5 0.03735957
885 503 7 9 0.03741892
660 441 6 6 0.03752596
758 514 14 17 0.037590683
664 425 5 6 0.037626103
710 393 4 5 0.037640665
765 512 13 18 0.037751686
1 512 8 16 0.0379092
263 379 5 5 0.038127292
406 393 4 4 0.038140368
437 424 5 6 0.038261473
764 550 13 21 0.03861642
902 517 10 11 0.03864445
38 393 4 5 0.038648475
824 519 7 12 0.038935546
808 377 5 5 0.03900759
212 377 5 5 0.03916244
743 455 8 7 0.039496094
948 504 10 10 0.039542112
930 454 7 8 0.03975596
1006 480 12 18 0.03979293
885 441 6 5 0.03987406
740 441 6 5 0.03992027
599 377 5 5 0.039926484
294 490 7 8 0.03999959
19 393 5 6 0.040016986
933 439 6 7 0.040061127
851 537 9 12 0.04018657
195 394 5 5 0.040330708
679 409 4 5 0.04061258
820 487 6 7 0.041025106
1013 528 10 25 0.04130098
913 489 7 8 0.04161646
308 424 5 5 0.041686635
807 486 6 8 0.0419227
839 456 5 5 0.041996613
322 442 5 6 0.04217488
102 377 4 5 0.042247355
164 486 10 9 0.042362664
207 498 9 12 0.0424333
196 408 5 6 0.042463593
52 378 5 5 0.042585682
37 533 13 19 0.042749714
856 517 8 10 0.04284714
264 391 4 5 0.043152984
834 534 8 13 0.04323653
390 408 4 5 0.043266296
404 425 6 6 0.04329006
996 377 4 5 0.043545473
672 486 10 9 0.043882526
101 362 5 5 0.04394045
113 459 7 7 0.044051167
100 453 7 7 0.04417552
883 458 6 7 0.04439459
405 409 4 5 0.044458143
805 515 8 13 0.04456097
196 361 4 5 0.044928953
37 474 8 9 0.045180496
70 377 4 5 0.04537879
324 378 4 5 0.045620903
16 473 8 10 0.045633435
340 554 10 9 0.046195798
62 499 12 17 0.04632471
868 441 6 5 0.04639701
371 394 4 5 0.046486728
36 409 5 5 0.046487484
836 518 7 9 0.04650542
981 376 5 5 0.046571128
867 564 9 12 0.046581432
293 377 4 5 0.04662529
290 593 13 20 0.046664603
403 441 5 7 0.047104537
678 469 8 8 0.047416836
112 482 9 11 0.047419153
794 646 23 20 0.04744158
853 473 6 6 0.04746572
119 422 6 6 0.047504056
725 408 5 5 0.04754109
309 473 7 7 0.04756404
948 457 9 9 0.047618493
791 424 5 4 0.04789955
836 488 6 7 0.048253413
293 395 4 5 0.04825981
757 423 5 5 0.048281614
182 441 6 6 0.04829349
756 411 4 5 0.048511967
582 391 4 5 0.04873976
103 471 9 9 0.048748784
918 455 7 7 0.048890807
291 456 6 6 0.048908185
694 407 5 5 0.049271822
836 504 7 9 0.049298577
916 440 6 6 0.049363397
38 483 9 11 0.04946414
82 488 9 9 0.04952354
52 393 5 5 0.049803093
277 473 7 7 0.049903095
325 407 5 5 0.04990809
85 392 5 5 0.05054416
324 485 6 7 0.050894987
820 377 4 5 0.051159147
167 407 5 6 0.05145554
701 548 21 18 0.051926464
166 394 4 4 0.051939555
25 497 9 15 0.052051984
421 421 5 5 0.05212927
805 475 6 6 0.05222544
184 392 4 5 0.052228015
694 440 6 6 0.05232578
33 566 14 19 0.052500926
178 471 8 8 0.052546848
865 504 8 8 0.05268468
24 428 5 7 0.052856416
967 483 10 11 0.05296449
718 504 11 9 0.053035617
52 503 8 12 0.053037405
821 455 6 5 0.053328246
134 377 4 5 0.053373363
308 485 6 7 0.05340464
102 391 4 5 0.053604394
726 424 5 6 0.053859852
722 472 10 7 0.053969532
294 425 5 4 0.054368492
149 393 5 5 0.054581337
676 441 6 6 0.054588497
69 488 9 10 0.054599546
598 392 5 6 0.054649252
899 488 7 8 0.05515926
311 443 6 6 0.05521008
819 473 7 6 0.05538113
116 391 5 5 0.055461694
98 534 14 18 0.05556483
966 376 4 5 0.055619538
202 593 20 20 0.055687126
343 471 6 6 0.055692658
391 426 5 6 0.055747516
66 470 7 9 0.05580138
165 426 6 5 0.055884622
918 364 5 5 0.055921894
676 424 5 6 0.056046955
87 377 4 5 0.05623483
863 591 14 18 0.056711756
117 378 5 5 0.0567529
309 409 5 5 0.056783494
200 376 4 5 0.056829274
165 619 19 29 0.056872547
132 588 13 20 0.057152193
770 473 8 7 0.057326064
823 393 5 5 0.05742042
131 423 6 5 0.057982907
225 502 9 12 0.058027554
166 472 8 8 0.05805456
310 457 6 6 0.058178633
918 377 4 5 0.058333058
804 439 5 5 0.05866441
149 377 4 5 0.058833826
0 509 10 22 0.05899613
50 512 9 12 0.05929859
754 456 7 6 0.059491567
182 376 4 5 0.059970073
851 455 6 6 0.060102068
295 472 6 7 0.060128417
359 503 7 9 0.06018251
659 490 9 10 0.060273714
1014 375 5 7 0.060334723
754 486 9 8 0.060359314
867 376 5 4 0.060748838
837 473 6 6 0.060767878
419 442 6 6 0.061015215
687 456 8 8 0.06133095
687 503 14 11 0.061416347
53 456 6 6 0.061527006
100 486 10 10 0.06204829
981 454 8 8 0.062335093
215 483 8 11 0.062557526
260 471 7 7 0.06261263
837 442 6 5 0.06276146
853 376 5 4 0.0629823
855 408 5 5 0.06323475
790 455 6 6 0.06323552
8 474 8 10 0.0634886
772 409 5 5 0.06358421
837 392 4 5 0.063787125
276 456 6 6 0.06400667
888 376 4 4 0.06469491
291 441 5 5 0.06482454
101 426 5 5 0.06483966
481 464 7 11 0.06501186
710 406 4 5 0.065390565
981 469 9 9 0.065545045
134 582 13 20 0.06556057
947 439 6 7 0.06572865
790 410 5 4 0.065826185
181 410 5 5 0.06582803
949 377 5 5 0.06587917
948 464 10 12 0.06613522
657 473 9 9 0.06622491
709 424 5 5 0.06628199
771 442 6 5 0.0663254
243 442 7 7 0.066394605
566 391 4 6 0.06652353
226 424 6 7 0.066669285
822 442 5 5 0.06675139
67 438 5 7 0.066774376
1014 471 7 9 0.066930465
901 374 4 5 0.0670335
55 561 22 19 0.0672985
217 455 7 8 0.06730218
705 474 9 9 0.06773851
695 425 4 6 0.06805011
340 489 7 7 0.068099365
852 425 5 5 0.06830657
214 476 8 8 0.06839196
19 454 7 8 0.06846148
740 422 5 6 0.06847248
853 441 6 5 0.068571776
677 456 8 8 0.06877433
276 409 4 5 0.06877903
869 470 6 6 0.068877585
934 377 5 5 0.06895784
709 441 5 6 0.069612555
328 426 5 5 0.06991583
904 440 6 7 0.0700933
198 498 11 12 0.07098465
166 377 4 5 0.07150235
53 440 5 6 0.0723689
837 376 5 4 0.07237357
262 409 4 5 0.07239867
271 622 19 22 0.0734575
976 504 10 10 0.07364964
53 409 5 6 0.07399606
1014 441 7 7 0.074504584
1012 425 6 8 0.07454775
24 437 6 7 0.07468749
820 423 6 5 0.074817315
150 436 6 7 0.07483386
260 458 6 6 0.07483408
740 502 12 9 0.074912116
663 455 8 7 0.07501354
889 656 25 18 0.07525526
113 469 8 9 0.07527376
871 459 7 7 0.07562231
148 408 5 5 0.07604304
771 424 6 6 0.07611928
134 409 5 6 0.0763654
788 442 6 5 0.07655353
1012 456 7 9 0.07682151
838 410 5 5 0.076839976
82 472 8 9 0.076943435
722 455 8 7 0.07714419
197 472 8 9 0.078134336
918 392 5 5 0.07842533
1008 483 9 11 0.07855315
869 394 5 4 0.07858629
64 500 9 13 0.07878227
853 394 5 4 0.07892838
311 394 4 5 0.079166085
85 422 5 6 0.07954114
258 486 8 9 0.08010069
263 425 5 5 0.080153465
294 406 4 5 0.08056989
900 423 5 5 0.08060793
72 411 5 5 0.0808948
181 423 6 6 0.081136614
818 410 5 5 0.08143001
884 423 6 6 0.08231806
724 442 6 5 0.08264506
6 409 6 8 0.08275068
53 425 6 5 0.08306592
997 438 6 6 0.08316064
277 425 5 5 0.08330796
116 410 5 5 0.083772495
804 423 5 5 0.08412004
72 393 5 5 0.084392354
85 410 5 6 0.08441949
68 425 5 6 0.08464813
869 425 6 6 0.08470342
133 394 5 4 0.08480529
102 440 7 8 0.084987216
918 425 5 5 0.08554053
35 441 6 6 0.0859417
899 459 6 7 0.0865598
806 410 6 5 0.08661366
277 440 6 5 0.0866495
507 437 7 14 0.08724638
99 409 5 6 0.087916635
992 473 8 9 0.08863331
802 457 6 6 0.089060254
997 425 5 6 0.08931334
868 408 5 5 0.08955044
964 424 5 6 0.08961477
38 424 5 6 0.08972853
224 454 8 9 0.08976235
8 542 20 21 0.089814484
934 394 4 4 0.09031073
161 454 7 8 0.09060504
982 409 5 4 0.0915405
196 454 6 6 0.09157929
919 408 5 5 0.09162182
244 453 7 7 0.09176187
204 625 23 20 0.09184671
197 439 6 7 0.09210578
836 422 5 5 0.093553044
851 485 7 8 0.093876384
885 394 5 5 0.09425263
950 424 5 6 0.09513173
966 392 4 5 0.09535152
995 454 8 9 0.09614642
148 426 7 7 0.09623113
901 392 5 6 0.09659703
244 467 7 8 0.096621685
166 439 6 6 0.097815774
950 407 4 5 0.09937739
981 424 6 6 0.10107982
868 486 7 8 0.10257145
934 406 5 6 0.10300826
949 394 5 5 0.10417986
142 472 9 10 0.10495414
150 455 7 8 0.10495604
31 496 9 14 0.10508558
52 468 7 10 0.10554094
179 453 7 7 0.10564837
903 410 5 5 0.105798446
294 498 8 11 0.105926976
924 530 15 16 0.10666978
243 426 6 6 0.10773302
864 514 10 12 0.10796703
1012 389 6 7 0.10842391
981 392 5 5 0.110220954
965 410 5 4 0.11022626
932 425 5 6 0.11071868
981 441 6 6 0.11230379
137 472 9 11 0.11369621
997 405 5 5 0.1177733
259 441 6 5 0.11789613
963 441 7 8 0.12098131
160 625 21 21 0.12287086
758 442 7 6 0.12341851
533 467 8 14 0.12383271
887 406 5 5 0.12768245
1013 408 6 8 0.13203932
998 395 5 6 0.14249347
510 436 8 14 0.1455897
67 590 21 19 0.1786382
681 500 23 17 0.23420645
209 435 7 9 0.23691252

