21_Festival_Festival_21_275
186
127 197 37 53 0.010094555
790 247 5 8 0.010167796
870 151 6 13 0.010204097
738 249 6 9 0.0102377925
456 207 73 34 0.010294941
0 170 69 174 0.010307877
542 317 22 27 0.0103614805
996 404 11 11 0.01040035
809 358 5 9 0.010448083
823 406 6 7 0.010566919
834 123 6 8 0.01062623
725 434 7 14 0.010779203
786 235 6 9 0.010980028
308 315 8 9 0.011108517
824 138 6 7 0.011183698
162 210 32 37 0.011354218
997 345 12 14 0.011428101
834 136 6 9 0.011463252
931 162 10 24 0.011514009
514 322 19 22 0.011542095
756 133 6 7 0.01158614
677 465 7 14 0.011851914
723 430 11 22 0.011885182
292 328 38 52 0.011940429
901 343 12 16 0.012047143
445 319 22 29 0.012132878
702 464 12 21 0.012424534
916 394 6 8 0.012667382
820 333 7 11 0.012778693
129 295 37 60 0.012892534
517 332 21 29 0.013045208
643 138 5 7 0.013232238
770 138 7 7 0.013252501
673 315 8 10 0.013260049
835 105 5 7 0.013306083
456 334 22 30 0.013346242
787 311 7 10 0.01336127
229 294 28 43 0.013489725
724 134 6 6 0.013661557
964 330 14 12 0.0136628365
9 220 38 147 0.013794184
134 325 24 19 0.014062899
836 405 5 8 0.014079974
225 287 37 59 0.0141480295
867 118 6 10 0.014185291
855 104 6 8 0.014212863
156 203 43 52 0.014493931
370 296 43 55 0.014563501
850 360 6 7 0.014899042
646 219 5 10 0.015142756
838 91 6 7 0.01522514
950 261 5 9 0.015388806
999 230 5 10 0.015488413
704 448 11 23 0.015731933
22 201 36 70 0.015816297
73 2 28 13 0.015940912
691 120 7 6 0.016130624
818 375 6 7 0.016381267
769 248 6 9 0.016458416
353 284 32 37 0.01651633
918 355 7 8 0.016882917
793 121 7 8 0.016926574
137 270 28 44 0.0171531
882 356 7 8 0.01717744
674 139 7 6 0.01718215
990 401 22 18 0.017679062
759 94 6 7 0.018186675
902 356 6 8 0.018505199
67 235 33 67 0.018539743
769 230 7 11 0.01866497
460 340 22 18 0.019035792
819 105 6 7 0.019637728
644 182 7 9 0.020130768
1010 230 5 11 0.020742571
79 3 17 9 0.020824889
646 119 5 8 0.020929461
771 117 6 7 0.021008225
967 213 5 11 0.021920623
310 340 13 11 0.02233887
773 267 5 9 0.022361444
616 329 30 33 0.022781767
306 327 41 52 0.022878734
736 93 7 8 0.022933068
644 154 6 7 0.022979183
741 331 9 12 0.023072712
728 93 6 7 0.023104649
802 120 6 7 0.023476046
773 313 7 11 0.023836432
793 217 7 11 0.02399139
768 340 8 11 0.024038816
630 337 23 19 0.024783324
925 341 13 15 0.025020786
677 458 8 16 0.025037775
133 262 36 62 0.025149552
739 104 6 7 0.025179375
662 139 5 6 0.025233403
704 229 7 11 0.025522083
622 329 24 18 0.025982337
806 199 8 9 0.026154999
557 335 22 28 0.026950544
674 106 7 6 0.027031915
675 123 6 6 0.027499637
682 232 6 13 0.027996738
657 94 6 8 0.029362274
739 328 13 19 0.029505251
930 375 7 9 0.029675445
740 338 10 12 0.029804721
791 97 7 7 0.030521965
949 253 4 9 0.030579709
871 359 6 8 0.031369865
1002 267 5 9 0.03153952
839 378 6 7 0.034119003
1 187 27 91 0.03417743
753 223 7 11 0.034512963
739 334 13 19 0.03484082
824 125 6 7 0.034897394
835 394 5 6 0.035277057
727 103 6 7 0.035659485
711 93 6 7 0.035722017
936 358 7 9 0.037953343
960 229 5 11 0.039750144
374 170 6 8 0.040739898
761 440 24 18 0.041003693
310 332 31 37 0.041579966
863 342 13 16 0.042219874
722 231 7 11 0.04230493
675 455 11 21 0.042680006
821 341 6 11 0.044468608
944 355 9 10 0.04482165
821 90 6 7 0.045239445
647 170 6 9 0.046628095
872 333 7 9 0.04669584
710 117 7 8 0.04728861
660 152 6 6 0.047560334
917 343 12 15 0.047915176
744 231 7 11 0.048517115
297 333 30 37 0.049177255
954 229 5 12 0.050487764
662 123 5 6 0.050720423
401 137 9 11 0.052031897
147 268 40 62 0.05211405
710 250 6 11 0.05257782
710 110 6 8 0.05399621
305 338 24 17 0.055099275
880 335 7 8 0.05810746
998 349 14 18 0.059787642
770 109 6 8 0.06050593
756 106 6 7 0.06051147
850 379 5 7 0.060844578
753 123 6 7 0.061302166
901 387 6 9 0.061433014
805 104 7 8 0.06508446
751 224 11 18 0.068365544
559 341 25 18 0.0712343
356 299 29 39 0.07281459
509 312 31 36 0.073526986
661 104 5 6 0.07480825
821 362 5 8 0.07583046
1003 343 14 20 0.07620083
834 357 6 9 0.08008285
745 124 6 8 0.08089552
856 390 5 7 0.08326881
690 108 6 8 0.091901354
835 348 7 10 0.10046965
725 125 6 7 0.10107545
7 190 42 121 0.10359368
943 344 14 15 0.11745979
622 337 23 18 0.12377997
806 93 7 8 0.1360099
647 107 6 8 0.14058296
135 207 20 31 0.14640504
569 336 23 28 0.14691132
928 343 9 10 0.17157531
238 276 25 47 0.17896882
791 99 7 9 0.20420863
856 342 6 9 0.27050865
903 347 8 10 0.33880684
945 347 11 10 0.35211617
995 344 19 20 0.35885435
753 226 8 13 0.40495637
866 345 8 11 0.43666723
259 268 26 46 0.48990756
688 229 8 15 0.53328955
883 340 7 10 0.5514757
918 346 9 11 0.5647941
963 328 20 19 0.5957936

