21_Festival_Festival_21_562
25
410 271 20 30 0.0104005225
181 152 33 42 0.010712808
984 216 35 13 0.011559745
277 329 40 59 0.0122603215
406 276 24 18 0.013062047
268 334 60 88 0.014506565
277 351 38 66 0.014748812
170 151 32 41 0.015147358
0 290 8 30 0.017717218
624 119 57 72 0.019470677
174 124 52 87 0.024812642
56 240 21 21 0.02734379
53 243 13 25 0.02820675
155 136 55 84 0.031559892
178 167 33 38 0.032913003
266 329 29 41 0.033724554
166 169 36 37 0.03777637
360 284 21 28 0.053384703
398 271 22 29 0.06117393
55 234 26 42 0.07602844
175 143 41 60 0.10399696
350 290 22 20 0.15263796
162 160 46 53 0.19232202
50 236 17 34 0.29782966
609 119 47 66 0.35240033

