21_Festival_Festival_21_219
311
230 453 4 6 0.010027018
326 579 7 5 0.010041759
866 357 5 6 0.010060562
912 147 7 10 0.010164614
224 543 12 17 0.010210943
902 308 7 6 0.010224398
612 420 5 6 0.01028038
307 519 7 6 0.010328241
643 419 6 6 0.010339325
660 420 5 5 0.010352756
674 356 8 5 0.010431448
246 468 5 6 0.010474289
530 469 6 7 0.010516962
295 439 5 5 0.010666365
1012 244 5 9 0.010731715
1011 138 10 26 0.010821593
948 290 6 7 0.01088049
214 560 6 7 0.010964452
1014 258 5 10 0.011047876
295 518 7 7 0.011123271
962 144 12 20 0.01121434
231 520 6 7 0.011245574
964 291 7 6 0.011280711
342 576 9 5 0.011375766
838 122 6 7 0.011385058
515 484 6 7 0.011398662
627 439 5 6 0.011435738
736 164 9 12 0.011686371
121 433 6 8 0.011892571
35 435 6 7 0.01201829
536 450 7 7 0.012051553
336 437 7 6 0.012188764
1 389 8 31 0.012195805
370 467 6 6 0.0122401975
946 241 7 10 0.012273674
579 469 5 7 0.012307543
371 519 6 5 0.0125054
258 553 13 17 0.01253817
595 406 5 7 0.012562903
902 131 5 6 0.012564215
370 486 6 6 0.012682462
932 128 7 9 0.012717451
994 128 12 19 0.012777581
149 582 5 7 0.012922553
818 388 8 7 0.013041108
850 294 6 5 0.013052153
997 293 6 6 0.013072649
385 502 7 6 0.013136846
67 398 9 15 0.013431705
837 373 7 6 0.01351592
547 468 5 6 0.013588062
145 520 6 7 0.013603978
918 257 9 11 0.01377405
833 145 7 10 0.013821683
673 339 8 5 0.0138507
54 396 8 15 0.013883447
642 390 9 9 0.014114522
151 368 6 8 0.01418701
262 469 4 6 0.01422161
519 467 6 7 0.014388549
697 388 5 6 0.01452271
115 464 6 8 0.0146560995
758 373 7 6 0.014779131
128 373 8 11 0.014945639
869 391 6 7 0.0149483
927 260 8 10 0.015106566
979 131 7 10 0.015109391
3 515 5 9 0.015163151
835 244 6 8 0.015174934
136 517 6 6 0.015262111
675 438 6 5 0.015281946
20 519 5 7 0.0154871065
5 550 6 7 0.015607608
277 469 5 6 0.015756635
342 468 6 6 0.015901169
661 338 9 7 0.016113106
788 315 5 5 0.016170857
853 259 6 6 0.0162031
849 276 6 6 0.016257819
436 519 6 5 0.016309714
246 454 4 6 0.016416531
450 517 6 6 0.016522598
631 418 5 6 0.016827613
982 293 6 6 0.0169259
292 471 5 5 0.017103609
927 278 9 9 0.01714724
947 142 8 13 0.017152527
902 121 5 7 0.017375061
293 531 7 7 0.017578688
900 389 6 6 0.01767113
851 311 5 5 0.017678978
824 279 5 6 0.01781495
99 563 6 6 0.01784003
389 485 7 6 0.018279491
853 371 7 7 0.018454973
309 470 5 5 0.018461905
997 137 12 21 0.018566778
966 129 7 9 0.018636586
245 532 7 7 0.018640058
920 292 7 8 0.019008856
327 436 5 7 0.019016657
357 565 6 5 0.019257493
864 370 6 7 0.019421967
598 419 5 7 0.019604936
804 179 7 13 0.019677866
980 262 6 6 0.019830024
720 387 6 6 0.019887451
309 437 5 6 0.019907346
339 453 6 6 0.019915655
961 262 7 7 0.019938607
256 536 8 8 0.020025276
976 140 12 20 0.020386592
963 277 6 8 0.020449996
696 372 5 5 0.020618467
944 138 12 20 0.020620713
998 261 5 7 0.020635193
904 147 7 9 0.021017883
947 277 7 8 0.021119459
983 276 5 7 0.021251757
739 373 6 6 0.021400074
951 261 7 9 0.021754136
664 440 5 5 0.022178601
998 276 5 6 0.02240784
262 454 4 5 0.022623876
674 451 6 5 0.022806307
886 147 7 8 0.022856317
145 384 7 10 0.02301714
723 373 6 6 0.023163885
920 278 8 9 0.023325056
277 453 5 5 0.023365732
593 436 5 7 0.023367064
504 521 7 7 0.02370587
369 452 8 8 0.023939818
805 315 5 5 0.02396761
313 534 6 7 0.023979817
662 450 6 6 0.024090026
836 129 8 7 0.024343176
354 521 6 5 0.024803216
996 129 8 11 0.025173329
4 380 9 28 0.025191521
66 581 7 6 0.025464237
276 438 4 5 0.025508322
294 452 5 5 0.025886634
52 393 12 21 0.026122559
274 546 14 16 0.026570398
86 563 7 6 0.02674891
310 451 5 6 0.026963444
885 129 6 7 0.027064161
851 357 6 6 0.027526787
979 143 7 12 0.028060121
900 292 7 6 0.028148
823 292 5 5 0.028877927
466 542 14 7 0.028933134
835 310 5 5 0.02899105
596 452 5 6 0.029054994
113 517 6 6 0.029127056
917 130 7 8 0.029379293
51 580 7 5 0.029394548
821 139 12 20 0.030257896
227 560 7 8 0.030502986
964 148 8 11 0.030509923
329 520 7 7 0.03062763
357 453 7 6 0.030771246
468 536 9 7 0.030775849
340 568 6 5 0.030781196
15 559 14 15 0.030917553
5 530 5 8 0.03125287
288 549 7 7 0.03320753
36 550 6 5 0.034718066
817 372 8 7 0.035246044
356 468 6 6 0.035404157
900 273 9 8 0.03568993
150 563 6 8 0.03583645
870 144 7 10 0.03601838
775 315 5 5 0.036103968
116 566 5 7 0.036184773
855 147 7 8 0.03730771
836 261 5 7 0.037397314
854 123 5 7 0.037939843
711 329 5 6 0.038117796
824 310 4 5 0.038249005
869 328 5 6 0.038407903
257 548 14 16 0.038685814
629 452 5 6 0.038817286
823 143 7 12 0.03982045
614 450 6 7 0.039906777
324 565 6 5 0.0402218
549 441 6 7 0.040949225
278 560 8 8 0.041388795
101 518 5 5 0.04141443
372 534 5 4 0.041659478
19 548 6 6 0.041795798
697 355 5 5 0.041948967
548 448 6 7 0.042292308
313 546 7 6 0.04230267
759 354 6 6 0.042498533
37 520 5 5 0.042959955
740 356 5 6 0.043523725
888 278 6 7 0.04358465
337 521 6 7 0.043684427
148 533 6 6 0.044916358
243 561 8 8 0.045110304
228 532 6 7 0.04569743
581 451 6 7 0.046148058
697 344 6 5 0.046161808
21 534 6 6 0.04616588
321 451 6 6 0.047009632
836 356 6 6 0.047588207
134 535 6 6 0.048008457
867 131 6 7 0.048234265
53 520 4 5 0.049871303
36 583 7 6 0.050848998
530 437 7 8 0.052174266
836 291 5 6 0.052625075
852 326 5 5 0.052993238
566 436 6 7 0.05397709
339 530 6 5 0.054155774
839 279 5 6 0.055175327
86 517 5 5 0.05534649
710 374 5 6 0.056662362
646 448 5 6 0.057032827
647 442 6 7 0.057723194
357 534 6 5 0.058820244
868 122 5 6 0.060036473
372 567 6 6 0.060573906
818 359 7 6 0.060933467
309 565 6 7 0.06138096
866 338 6 7 0.061940897
260 556 9 10 0.062010296
613 439 5 7 0.06240472
835 341 5 5 0.06333922
434 534 6 6 0.063447684
195 534 5 7 0.06412055
806 369 9 7 0.064125605
64 394 13 21 0.06426432
101 533 5 6 0.06478687
883 121 5 7 0.06543391
725 326 5 6 0.065850906
854 340 5 5 0.06730312
70 519 4 5 0.06738048
36 532 5 5 0.06772938
67 563 6 6 0.06824099
54 531 4 6 0.07158358
35 564 7 6 0.07420303
710 386 5 6 0.0742338
450 538 8 7 0.07527465
836 326 5 5 0.07687959
390 535 5 5 0.078675814
822 131 6 7 0.078846194
68 550 6 6 0.07894594
853 127 6 7 0.079041466
51 563 6 6 0.08074234
214 535 6 7 0.08086587
423 535 6 4 0.0813577
788 372 10 7 0.0816042
419 548 6 5 0.082488485
585 438 5 8 0.08413718
403 535 5 4 0.08548238
83 535 6 6 0.08552474
114 535 6 7 0.08653468
821 324 5 5 0.0878052
563 448 5 7 0.08904708
771 366 9 7 0.092860535
358 550 5 4 0.09342052
435 549 6 6 0.09519576
166 532 6 8 0.098680794
69 532 5 5 0.10053422
726 356 5 5 0.100598924
743 328 5 5 0.10107481
54 552 6 5 0.10217159
8 562 7 9 0.10412271
116 547 6 7 0.10539095
295 565 8 8 0.10635412
408 547 5 5 0.10677484
344 550 5 6 0.10785257
99 548 7 7 0.108068086
757 326 5 5 0.10913855
322 537 6 6 0.11222463
708 358 5 5 0.11408622
246 548 7 8 0.11686514
180 534 6 9 0.11870904
196 546 6 7 0.11974732
741 340 4 5 0.12404574
375 549 5 5 0.12520179
132 547 7 7 0.12525555
725 340 5 5 0.12815878
259 551 9 10 0.13081294
84 547 7 7 0.13200897
803 340 6 5 0.13319266
181 543 6 9 0.13563651
390 546 5 5 0.13684128
785 357 9 5 0.13722686
213 549 6 9 0.14726989
450 542 10 7 0.14797805
772 360 8 6 0.14801954
806 323 4 4 0.14958535
791 340 6 5 0.15061677
709 339 4 5 0.15082417
759 343 6 5 0.15287931
321 543 6 6 0.16097394
774 322 5 5 0.16432004
165 543 6 9 0.16692002
789 324 5 5 0.16844258
771 343 6 5 0.16966563
824 341 6 5 0.17507434
276 549 9 9 0.18686348
227 547 7 9 0.19532923
18 561 9 10 0.21240667
147 546 7 9 0.21261105
807 360 8 7 0.22333868
556 269 86 135 0.901196

