21_Festival_Festival_21_513
30
46 24 27 14 0.010211918
43 29 27 15 0.01039387
23 64 25 20 0.010818562
507 114 46 69 0.011327743
716 112 50 101 0.011628943
132 173 38 56 0.011722467
52 22 30 14 0.012373245
136 180 29 39 0.013185089
983 242 37 131 0.013230452
20 55 36 55 0.01357121
9 164 18 35 0.014529441
323 151 43 64 0.015199209
162 198 36 70 0.015896788
28 51 24 16 0.018047618
671 183 27 43 0.019097025
340 164 42 66 0.020372983
998 257 25 109 0.022421286
647 199 28 43 0.028932456
986 269 38 136 0.028946646
529 73 60 100 0.031197283
150 174 37 66 0.034014165
646 192 50 95 0.039928
15 64 21 31 0.044452574
352 144 34 72 0.08495828
23 62 27 39 0.09756453
330 134 54 91 0.13497825
644 201 34 66 0.20792958
62 159 35 60 0.7973852
513 100 69 91 0.9262955
204 114 88 98 0.97600776

