21_Festival_Festival_21_254
30
925 364 29 77 0.010036157
8 616 40 130 0.010692003
1004 353 20 104 0.0112438025
168 502 19 37 0.012353955
7 560 23 52 0.012758028
3 553 33 66 0.01284056
686 479 15 39 0.012864668
711 268 30 81 0.013713939
166 485 26 44 0.013946533
991 388 33 143 0.01435303
15 526 12 23 0.016044963
195 488 35 60 0.016151002
203 485 26 44 0.018637503
170 497 24 18 0.018765192
981 358 37 134 0.02224015
158 524 34 70 0.022281338
223 498 19 35 0.027393838
39 506 26 39 0.036120996
1003 373 19 117 0.049076375
162 493 34 63 0.06403882
3 516 9 31 0.06751184
716 491 16 37 0.07732032
0 510 11 27 0.08157965
6 512 16 32 0.08499704
236 350 52 91 0.1128287
717 498 17 37 0.123223625
216 488 25 42 0.13396423
43 511 21 21 0.16665646
228 369 42 68 0.41775054
503 236 75 135 0.9968317

