21_Festival_Festival_21_340
349
196 300 6 11 0.010077806
423 279 13 19 0.010082541
212 236 5 6 0.010233835
130 342 23 46 0.010283335
17 357 18 62 0.010298847
726 296 9 10 0.010403846
164 361 8 13 0.010438923
136 282 6 11 0.010581346
309 280 8 12 0.010619033
301 264 12 19 0.010672415
582 264 12 18 0.010678554
914 313 8 10 0.010803406
289 292 13 19 0.010803559
27 364 21 54 0.010859629
350 249 13 18 0.010873616
334 282 13 18 0.010886394
208 328 11 22 0.010994386
312 308 20 21 0.011001803
128 346 9 15 0.011100621
611 266 13 18 0.0111373635
488 260 19 29 0.011280423
425 282 9 13 0.011383266
225 300 7 12 0.011419087
832 264 51 89 0.011432531
175 329 9 14 0.011440726
13 349 27 81 0.011461124
198 312 7 12 0.0114830565
103 337 16 35 0.011624833
459 271 19 30 0.011769433
672 246 12 17 0.011843111
385 261 13 17 0.011866369
850 293 44 58 0.011919817
369 297 12 12 0.011962608
24 299 6 14 0.012034312
675 298 9 11 0.01209524
708 314 9 11 0.012108535
177 313 7 12 0.012141346
373 285 9 10 0.01230999
131 325 8 14 0.012382502
194 285 6 9 0.012427746
301 313 18 30 0.012473566
623 282 13 17 0.012500673
264 253 6 8 0.012520808
753 265 13 19 0.01258838
648 268 8 9 0.012622411
193 293 12 22 0.012622952
21 295 10 24 0.012879658
578 311 9 12 0.012889924
719 277 13 17 0.013035095
230 283 6 10 0.013072402
588 292 12 19 0.013156799
472 223 7 8 0.013199592
702 261 13 18 0.0132406335
141 297 11 20 0.013650246
589 260 12 17 0.013657523
130 358 12 22 0.013755944
625 192 6 7 0.013908322
575 307 13 18 0.013988413
145 361 9 14 0.014129406
326 283 9 12 0.014132403
401 223 8 10 0.014206003
164 237 5 7 0.01420665
504 279 8 14 0.014245019
129 322 11 21 0.014299519
222 295 11 22 0.014380261
118 342 12 22 0.014555374
371 233 9 11 0.014581921
274 249 7 9 0.014606313
516 316 9 15 0.014714664
196 266 6 8 0.014741525
196 253 5 7 0.014777727
545 275 12 18 0.014779339
653 292 12 17 0.014836075
292 295 8 13 0.014997763
265 298 8 14 0.015005837
655 264 12 17 0.015126622
703 285 13 16 0.015149272
309 310 13 20 0.015221272
66 329 8 16 0.015320886
382 233 13 17 0.015555765
607 278 12 17 0.015717188
55 325 10 23 0.015803982
103 251 5 9 0.015824843
78 325 11 21 0.015893992
116 280 7 11 0.016354129
142 311 8 16 0.016441142
807 241 7 9 0.016460437
210 265 6 9 0.016486118
320 299 10 13 0.016530804
476 247 12 19 0.01654655
647 222 5 7 0.016605508
266 288 18 29 0.016785238
95 320 18 23 0.016825192
259 280 7 11 0.016889036
655 277 19 18 0.01694387
65 329 22 49 0.017196225
351 311 14 17 0.01763711
337 285 9 12 0.017682564
196 238 5 6 0.01777895
32 370 15 39 0.0178076
513 313 18 31 0.018010475
36 314 6 13 0.018153489
263 236 5 7 0.018226678
62 293 11 20 0.018359348
536 285 8 12 0.018502194
291 255 8 10 0.018539747
418 250 8 11 0.018769072
617 254 8 9 0.018802812
85 265 6 10 0.018853828
31 341 11 28 0.018890351
435 247 13 18 0.018900862
76 321 16 34 0.018974273
454 233 12 17 0.019187912
72 283 5 11 0.019211622
480 230 12 17 0.019239198
373 255 8 9 0.019322222
727 240 7 8 0.019494632
181 238 5 7 0.019676926
335 251 12 18 0.019686207
33 295 11 22 0.019714434
582 286 9 11 0.020028668
162 358 12 21 0.020042224
166 295 6 12 0.020213285
399 250 13 17 0.02046085
353 314 10 11 0.020663342
488 309 9 14 0.020742096
611 298 13 18 0.021348525
500 253 7 10 0.021462219
82 297 12 20 0.021627998
178 279 12 21 0.021925863
98 318 17 33 0.022028677
120 300 8 15 0.022344824
738 295 9 10 0.02255392
308 243 12 19 0.022786677
207 339 12 22 0.022798218
693 286 8 10 0.022931118
735 244 13 16 0.022931786
648 294 10 13 0.023013992
144 299 7 13 0.023100657
226 327 19 29 0.02323052
647 283 12 17 0.023306666
179 346 8 13 0.023335263
289 286 8 11 0.023409216
621 259 13 17 0.023601366
354 238 8 10 0.02384659
164 349 8 13 0.023916755
54 292 10 22 0.024426691
172 327 12 20 0.024432471
180 300 7 11 0.024731077
151 240 5 7 0.024921063
246 236 5 7 0.02502071
591 252 11 16 0.025023695
793 253 6 8 0.025251226
648 234 6 9 0.025307493
630 220 6 7 0.025679857
317 297 13 18 0.025731018
755 297 7 8 0.025846336
118 311 8 13 0.025915153
119 299 11 20 0.025968023
97 279 11 20 0.025985813
326 252 8 11 0.02609349
435 222 7 11 0.026179325
167 287 6 11 0.026411224
305 268 7 11 0.02648279
167 328 9 15 0.026710894
502 274 12 21 0.02712596
487 306 12 20 0.027252562
181 251 6 7 0.02735698
116 308 11 20 0.0275459
81 283 6 10 0.027606389
287 231 12 19 0.027654884
613 301 9 12 0.028321875
394 152 29 15 0.02950209
787 284 6 9 0.029512176
309 238 7 12 0.029588401
244 282 6 10 0.029829262
99 323 10 16 0.02988249
402 263 9 11 0.030256543
36 301 6 12 0.030382523
274 295 9 13 0.030447956
626 284 9 11 0.030732747
20 342 11 29 0.030793961
145 280 6 12 0.030934038
502 169 7 10 0.03102663
768 256 7 8 0.031706348
597 281 8 12 0.03181584
134 348 17 34 0.031821594
71 371 16 39 0.031973522
446 261 13 18 0.03209397
445 251 13 17 0.032196663
707 249 7 9 0.032352578
100 317 8 15 0.032415237
234 334 17 26 0.03244721
140 309 11 21 0.032681018
82 310 11 20 0.03285482
15 338 20 54 0.03306902
101 269 6 9 0.033601165
547 265 12 18 0.03389569
62 352 12 25 0.0341173
517 251 6 11 0.034249514
470 281 8 13 0.034595158
278 236 6 10 0.03475908
774 299 6 8 0.035051133
418 265 8 11 0.03525134
403 233 8 11 0.0353478
435 234 8 11 0.035511374
162 345 13 19 0.035545073
656 294 8 13 0.035841044
622 252 12 16 0.036036514
116 252 5 9 0.03618967
83 312 8 14 0.03667477
363 293 21 18 0.037181467
337 263 8 11 0.037568554
41 346 15 36 0.037695542
736 281 13 17 0.037754897
511 267 8 15 0.03794797
64 327 11 21 0.03825433
167 267 7 9 0.038342215
181 268 6 8 0.03845131
226 329 12 24 0.03879421
176 342 13 20 0.039270002
547 277 9 12 0.039619457
167 342 17 35 0.03983241
261 267 7 11 0.040611967
364 261 13 17 0.040800486
167 361 24 46 0.04208273
740 268 7 9 0.042134997
131 298 7 15 0.04248772
449 219 7 9 0.04266041
125 344 12 21 0.043874852
135 252 6 9 0.043932028
55 357 11 29 0.04431876
136 312 7 15 0.044451732
535 260 11 21 0.044487488
676 280 13 16 0.044550546
504 267 7 14 0.044851307
180 284 7 11 0.044998944
146 268 6 10 0.04516754
584 267 8 12 0.045381173
253 350 18 32 0.04575657
385 236 9 11 0.045766704
148 252 5 8 0.046424728
469 246 12 18 0.04650571
310 246 8 12 0.04689134
479 262 12 20 0.048079666
462 262 13 18 0.0483535
324 264 8 11 0.048553467
516 320 13 21 0.048726995
76 341 12 23 0.049961872
387 255 9 10 0.050311606
658 235 7 9 0.050706934
66 296 6 13 0.05175629
128 296 11 21 0.052013546
722 270 8 10 0.053253185
580 297 10 14 0.053312857
143 359 12 21 0.053874154
467 277 12 20 0.054707825
548 254 7 11 0.054942265
271 292 12 20 0.055199098
56 297 6 12 0.055448376
388 263 8 11 0.055843536
455 282 9 13 0.056996882
479 249 8 12 0.05754575
648 285 9 11 0.05758096
537 264 7 13 0.058425713
353 252 8 11 0.058875978
429 281 13 18 0.05954198
788 299 6 8 0.05955821
69 343 11 25 0.06048575
290 235 7 12 0.060931336
658 331 12 19 0.061012078
450 263 8 12 0.062289
722 280 8 11 0.06273429
469 238 7 10 0.06314552
482 264 8 13 0.06383436
706 286 9 11 0.06432545
508 265 11 21 0.06436188
502 264 12 22 0.0644518
402 253 8 11 0.06472381
277 284 8 12 0.06573751
134 309 11 21 0.06594794
338 254 7 12 0.06596837
758 282 7 9 0.06696107
610 280 8 11 0.06769671
129 266 6 12 0.06772785
274 281 13 20 0.067863435
453 279 13 18 0.06822229
432 284 9 12 0.06837563
295 263 8 14 0.0689779
117 267 7 11 0.07008764
263 294 12 23 0.07053267
293 260 12 19 0.07366403
69 334 15 37 0.07423563
165 252 6 9 0.074695654
438 263 13 17 0.075490125
437 249 8 11 0.07672966
237 330 13 24 0.07764388
166 326 12 21 0.07873002
85 301 7 12 0.079303145
561 255 7 9 0.079916984
803 247 6 11 0.082583524
690 266 8 10 0.08406079
771 282 6 9 0.08675505
515 314 12 22 0.088285685
624 261 9 12 0.08984529
592 262 8 12 0.09022831
705 264 9 11 0.0902845
367 264 10 11 0.09182947
358 262 12 17 0.093530096
697 294 10 13 0.102652654
253 356 13 23 0.10305184
98 315 11 21 0.103995495
100 282 7 13 0.105082646
613 269 8 10 0.11014933
537 250 6 11 0.11405579
439 265 10 13 0.114367634
678 268 8 9 0.11520466
658 256 8 10 0.115243495
550 268 7 11 0.11659392
448 253 9 12 0.11821597
739 284 8 11 0.11878434
773 269 6 8 0.11911857
465 263 8 13 0.12554671
786 268 6 9 0.1268366
756 269 7 9 0.12787166
695 250 7 9 0.12820771
738 242 8 9 0.13121635
759 254 7 8 0.14042023
675 237 6 8 0.14478235
658 267 8 10 0.15062802
17 345 15 40 0.15206246
579 294 12 19 0.15855022
728 247 7 9 0.15939996
701 293 13 16 0.16569008
359 264 10 12 0.17623635
677 282 10 11 0.17855804
563 264 12 17 0.18146826
417 234 9 13 0.21734701
225 333 17 31 0.25095493
471 247 8 13 0.26573044
675 249 8 10 0.27649856
456 235 8 11 0.28605556
565 265 8 13 0.37891048
624 254 9 11 0.38838938
661 279 9 13 0.43570682
739 246 8 10 0.44220772
483 232 8 11 0.49893594
593 255 8 11 0.5535614
708 238 7 10 0.77776366

