21_Festival_Festival_21_777
58
326 570 5 5 0.010065475
505 467 20 20 0.010231185
659 484 9 11 0.010361153
700 510 13 21 0.0105231665
357 572 5 5 0.0108073
256 255 63 88 0.011018449
389 586 5 5 0.011062025
659 472 14 18 0.01171388
308 569 6 6 0.01192153
930 535 9 9 0.012515333
358 585 5 5 0.012625253
692 603 5 5 0.012687676
766 493 18 35 0.012820924
750 498 25 46 0.012983163
479 596 13 17 0.013058506
677 648 6 6 0.013584622
630 602 5 5 0.013896589
569 457 21 20 0.013899778
692 635 5 5 0.014141355
342 570 5 5 0.014231006
630 618 4 6 0.01444017
667 469 23 18 0.014746733
662 650 4 5 0.014984503
646 635 4 5 0.015694454
498 603 8 9 0.015887778
902 518 11 13 0.016168922
659 480 13 18 0.016189113
480 618 6 8 0.016851882
0 141 8 36 0.017598782
693 619 5 4 0.01828068
512 448 17 32 0.019047895
515 603 7 8 0.019371234
661 475 8 9 0.019444248
646 602 4 5 0.021475947
646 618 4 5 0.02173889
662 636 4 4 0.022021787
1009 554 9 10 0.022493055
677 602 4 4 0.022526037
662 602 4 5 0.022886086
291 570 6 7 0.02433509
770 569 11 9 0.024803504
124 166 33 67 0.02505196
985 540 8 9 0.025425382
678 635 4 5 0.026190365
518 463 19 30 0.02709081
678 619 4 4 0.027216237
532 471 8 13 0.028626975
662 618 4 4 0.03485138
270 13 17 36 0.036747042
594 485 8 9 0.037648488
568 464 13 21 0.042212866
482 599 8 11 0.05449738
529 467 13 21 0.09776755
902 515 14 19 0.19811118
903 516 22 20 0.34501988
494 470 20 21 0.36608428
667 482 22 21 0.39475316
570 465 21 21 0.40340793

