21_Festival_Festival_21_395
71
549 574 30 75 0.010015429
891 483 35 66 0.0100430725
295 385 33 72 0.010048465
736 571 34 71 0.010299611
747 440 26 43 0.0103080375
2 461 10 29 0.010361578
2 456 20 54 0.010775155
947 497 12 23 0.0109444745
395 202 29 48 0.011148628
0 448 9 28 0.011159883
664 486 30 69 0.011244625
737 565 25 47 0.011328229
59 443 20 30 0.011594815
905 602 28 81 0.011802894
448 383 40 61 0.012009863
989 498 18 33 0.012072601
60 612 40 65 0.012113423
666 495 23 50 0.012479424
61 451 21 19 0.012495182
868 443 28 39 0.012715313
860 481 25 51 0.012780263
307 258 37 66 0.012782416
865 468 19 37 0.01333749
992 500 20 21 0.013491204
293 261 35 63 0.013515017
766 577 51 103 0.014341559
564 289 35 63 0.014707178
959 481 19 30 0.015629938
399 515 52 105 0.015849005
74 485 25 18 0.016280401
514 382 42 57 0.016722351
733 452 35 63 0.016832007
911 470 22 18 0.017013516
753 481 42 62 0.018521106
562 324 43 55 0.01859499
841 491 28 47 0.018762708
739 475 36 65 0.018910121
919 471 23 18 0.019354777
451 368 38 57 0.021804692
647 479 29 74 0.022244742
644 268 24 46 0.022271654
964 488 9 16 0.022628097
74 472 18 34 0.024143243
308 411 34 64 0.024884522
439 208 24 48 0.026815085
549 275 24 48 0.026974898
566 390 50 83 0.027048213
3 461 14 43 0.027454937
828 504 40 69 0.027526008
692 505 30 71 0.029789325
669 326 36 67 0.031498805
684 507 28 75 0.03446471
547 390 45 61 0.042278875
711 454 26 45 0.042574313
842 460 34 65 0.0453918
836 508 51 98 0.04632715
832 474 52 89 0.052396595
974 495 20 33 0.06347661
694 263 25 44 0.09835812
963 486 12 21 0.0984459
854 460 33 64 0.09969505
837 484 36 66 0.1124356
408 232 37 63 0.1771158
391 190 38 68 0.24306484
413 197 34 68 0.2958035
765 404 29 60 0.37448967
408 261 30 42 0.50340116
686 263 26 45 0.5206953
514 272 32 60 0.68369275
562 393 41 60 0.70686567
547 126 31 40 0.88758427

