21_Festival_Festival_21_225
32
1017 260 5 11 0.010629274
527 247 53 52 0.0111010345
737 525 40 58 0.0111877015
1015 303 6 15 0.011202439
79 40 180 255 0.01229104
927 317 22 19 0.01394191
800 275 8 8 0.015245543
505 243 53 57 0.015682451
919 274 7 8 0.015946869
1008 305 14 41 0.020064624
1013 298 9 28 0.023426974
116 135 116 170 0.024729393
1005 290 15 39 0.027567176
834 290 7 8 0.03496609
825 286 7 9 0.03568376
436 335 33 67 0.04166664
961 234 12 17 0.04170136
928 272 6 10 0.05639605
954 241 7 9 0.060676277
831 280 7 8 0.0655148
493 176 87 129 0.095723175
962 229 12 17 0.109627455
980 238 6 9 0.122577876
504 195 64 95 0.2273935
825 280 7 9 0.23551343
964 232 8 12 0.28777134
963 237 8 11 0.4355818
625 466 51 62 0.66304255
846 303 47 64 0.772932
385 438 42 68 0.8266953
752 281 44 62 0.8943076
665 209 46 59 0.93672264

