21_Festival_Festival_21_373
178
721 204 8 9 0.010139683
582 242 9 10 0.010175674
1003 122 21 19 0.010198305
742 206 7 8 0.010364546
740 223 8 9 0.010391741
870 184 15 13 0.010441081
383 203 23 17 0.010550723
919 217 8 12 0.010561999
707 182 7 7 0.010843844
587 256 21 29 0.010989109
476 269 13 20 0.011121557
822 172 13 19 0.011178627
436 205 10 9 0.011261035
790 223 8 9 0.011900335
17 206 7 10 0.012082819
583 214 22 29 0.01226389
464 183 12 19 0.012285368
443 156 21 21 0.0123358965
849 177 8 12 0.01237275
593 239 8 10 0.012384012
805 238 29 34 0.012918363
335 156 20 31 0.013144848
400 192 11 8 0.013152001
803 205 8 10 0.013183856
517 219 10 12 0.013355512
394 238 24 17 0.013457972
389 191 9 9 0.013670376
773 220 8 10 0.013981219
551 241 20 31 0.014688686
941 171 11 14 0.014879193
708 254 7 9 0.015040855
340 175 8 10 0.01513807
748 185 12 16 0.015328981
637 236 14 17 0.015768036
357 188 9 10 0.015832398
640 239 9 11 0.016553992
823 177 7 10 0.016633032
641 199 21 25 0.017223129
354 178 8 9 0.017277258
935 161 21 18 0.017333316
361 193 20 30 0.01756034
547 192 13 16 0.017814498
792 180 7 9 0.017997444
467 186 8 10 0.018333117
407 248 22 19 0.018482383
543 215 36 55 0.01865871
641 221 21 30 0.01870805
599 204 13 18 0.019308452
67 197 7 9 0.019508537
3 196 11 25 0.019962927
875 178 14 18 0.020498374
788 186 13 18 0.020537296
653 216 14 16 0.02095519
533 207 8 10 0.021523535
560 239 9 11 0.021809693
597 189 13 16 0.021886304
601 220 8 12 0.021917218
1011 126 8 10 0.022078376
56 204 7 8 0.022182075
447 157 19 29 0.022260267
316 117 19 34 0.022605756
805 228 20 30 0.02280134
752 214 13 18 0.022981063
864 222 22 28 0.023064828
601 208 18 18 0.023281839
770 180 7 9 0.023395915
518 180 7 9 0.023480462
772 202 13 18 0.023938008
555 219 13 17 0.024082769
725 185 13 15 0.024641665
483 186 12 18 0.025712792
498 189 8 10 0.026038442
561 204 8 11 0.026750356
905 207 8 10 0.027201854
550 241 10 10 0.027205318
513 185 12 18 0.027364329
865 177 20 19 0.027698245
549 237 14 17 0.0277257
559 221 8 12 0.028765198
660 194 6 6 0.029231422
430 201 22 18 0.029250588
601 206 9 12 0.029268919
599 216 13 19 0.029400058
797 176 13 18 0.029738555
0 186 16 37 0.030144582
935 170 11 14 0.03051624
813 220 10 13 0.031132644
578 185 13 16 0.031385858
391 179 8 8 0.031620774
910 201 12 19 0.03424729
935 161 9 12 0.03440295
400 202 15 21 0.034556407
397 213 20 31 0.03459252
849 221 23 17 0.034770887
606 191 7 9 0.03622714
836 166 18 26 0.036808293
38 203 6 8 0.03768163
399 243 20 31 0.038522493
800 180 8 11 0.03882927
492 247 22 18 0.03914275
393 190 23 17 0.04005968
848 183 14 16 0.040107988
643 217 14 16 0.040179674
755 217 9 11 0.04037946
65 202 8 9 0.040419433
544 200 13 18 0.040498637
367 192 15 16 0.041525967
642 191 13 16 0.0419979
784 201 12 19 0.042878952
372 200 11 11 0.04300794
552 235 21 19 0.044320237
850 186 10 11 0.045383744
510 203 13 18 0.04787389
897 220 13 19 0.049506534
371 197 13 18 0.050549928
678 218 14 17 0.052025054
576 203 13 19 0.052380845
742 186 13 15 0.052863106
759 209 7 9 0.05375301
578 205 10 11 0.056274835
912 204 8 12 0.056724537
710 206 8 8 0.058582492
528 222 10 12 0.05879533
526 219 13 17 0.06004162
485 189 8 10 0.060548525
933 160 14 18 0.06610691
821 189 7 9 0.067349985
468 322 12 24 0.07012801
551 221 10 12 0.0743637
645 221 10 10 0.07487917
370 195 10 10 0.07686549
5 192 6 10 0.07862763
786 205 8 10 0.08119721
798 186 13 17 0.08134003
513 206 9 11 0.08355556
646 205 9 10 0.08395857
680 218 21 18 0.085295685
551 223 20 33 0.08875456
547 203 9 10 0.0916482
687 221 11 10 0.09367857
515 188 8 11 0.093865074
656 219 9 9 0.094010785
775 205 8 10 0.09747676
644 201 13 18 0.09796394
549 195 9 9 0.09991244
562 189 13 16 0.10115537
840 174 20 21 0.104326405
807 248 23 20 0.10766028
900 222 8 12 0.111485645
675 197 7 7 0.11509898
773 190 6 8 0.12095873
38 195 7 9 0.12300404
680 222 9 10 0.12730788
807 217 13 17 0.13010645
606 210 10 12 0.13679244
604 213 14 18 0.14357632
549 218 14 17 0.15299089
659 209 8 8 0.16012326
582 181 8 9 0.17056668
580 187 9 10 0.18822394
599 192 9 9 0.20997326
858 218 23 19 0.26350838
791 189 7 9 0.26530683
693 202 8 8 0.27083308
674 203 7 8 0.2797689
564 191 9 11 0.30162323
802 189 8 10 0.31203368
397 199 20 29 0.34598225
693 196 7 8 0.40375525
708 189 7 8 0.4380915
935 167 14 19 0.44094226
750 187 8 10 0.4475301
645 194 8 9 0.49217373
831 168 20 21 0.53437346
744 188 8 10 0.5518317
869 180 20 20 0.5600449
727 187 9 9 0.744961
78 179 39 52 0.9664197

