21_Festival_Festival_21_605
78
33 210 8 9 0.010014582
901 249 21 53 0.010060021
126 253 12 23 0.010624947
692 415 57 104 0.010639583
947 196 8 10 0.010924357
130 225 7 10 0.01142368
122 199 5 8 0.011571739
15 225 13 20 0.012258504
67 317 20 20 0.01319006
942 213 11 12 0.013634442
151 183 7 7 0.014165952
0 266 10 25 0.014249687
971 186 20 27 0.014468494
938 218 23 18 0.015324995
12 236 16 31 0.015696643
1002 310 14 46 0.016385539
959 194 14 17 0.016680643
134 208 6 9 0.017260967
39 257 14 19 0.017485768
54 245 10 11 0.017640678
129 262 15 33 0.018479755
51 196 7 7 0.018568559
966 256 13 20 0.01947405
74 312 17 34 0.019611252
936 211 11 14 0.02010282
51 213 8 9 0.020276586
34 230 11 12 0.0202981
55 274 21 20 0.020916896
134 179 6 8 0.025802363
962 198 9 10 0.026593544
3 226 8 13 0.02789144
964 228 11 11 0.028610263
1 222 12 21 0.029652793
5 239 11 25 0.0296698
147 191 13 19 0.029792199
52 242 15 18 0.03145549
940 214 18 31 0.032048702
65 226 10 11 0.0324789
74 228 21 19 0.035444915
980 188 21 19 0.036697976
42 256 21 20 0.038509656
77 314 21 20 0.038957678
69 182 7 7 0.039145585
71 235 22 20 0.0394937
175 117 58 60 0.03984608
132 198 6 8 0.04174566
758 160 14 24 0.043548923
59 225 21 19 0.0466
132 163 6 8 0.051417243
990 269 22 22 0.05694945
50 275 15 20 0.06093657
85 268 18 23 0.06494019
78 160 14 17 0.06536528
53 279 13 21 0.06613787
38 232 18 27 0.06979607
33 232 15 19 0.07264772
46 262 17 32 0.08301716
958 224 22 18 0.10801577
996 274 24 49 0.10898412
149 195 8 10 0.13166383
7 248 12 27 0.1485573
81 162 10 12 0.17048542
80 258 16 33 0.18662207
995 263 19 31 0.21252863
92 264 16 31 0.23264766
935 210 21 20 0.24873173
59 238 22 21 0.2564255
10 247 16 32 0.27035043
29 228 20 20 0.2783721
761 160 18 32 0.2935794
989 183 19 28 0.30095673
755 159 19 34 0.47461665
940 253 24 43 0.6384272
182 105 59 90 0.74490714
635 54 68 89 0.9617411
804 71 62 88 0.97239923
446 32 79 107 0.98126674
311 58 76 93 0.9927604

