21_Festival_Festival_21_22
571
16 287 14 18 0.010035206
644 371 8 11 0.010049798
580 473 26 46 0.010081184
518 390 9 11 0.010083906
498 397 13 19 0.010126898
935 440 20 31 0.010128246
912 421 11 10 0.010149901
293 357 14 16 0.010211647
728 185 6 7 0.010230064
937 500 22 29 0.010238223
710 398 13 19 0.010247557
246 259 5 7 0.010267861
938 434 23 18 0.010317859
765 370 13 18 0.010369825
562 352 13 17 0.010404788
1013 389 8 11 0.010461274
933 386 14 16 0.010463442
207 292 7 8 0.0105908
870 422 9 13 0.010628978
436 259 6 7 0.010691342
807 387 20 29 0.010693455
805 437 25 46 0.010694954
449 231 5 7 0.010720982
760 341 7 9 0.0107790595
994 425 18 30 0.010798662
472 486 34 69 0.011067284
90 346 29 42 0.011185529
576 420 8 12 0.011212034
596 223 6 7 0.011217497
744 412 21 20 0.011217957
738 414 20 20 0.011258555
1015 307 4 9 0.011290197
20 261 8 9 0.011334126
212 243 6 7 0.011340647
80 244 7 8 0.011348353
549 397 13 20 0.011349749
196 271 13 16 0.011388268
0 351 11 26 0.011501083
729 473 27 43 0.011525949
616 279 5 7 0.011539511
197 197 5 7 0.011581588
2 270 11 22 0.01158246
989 380 14 18 0.0115872435
267 423 19 30 0.011597089
741 419 22 29 0.011750186
196 213 5 6 0.011836723
964 489 18 33 0.011845902
356 408 12 22 0.012087909
724 191 6 8 0.012224532
872 509 29 40 0.0122297155
286 410 20 21 0.012278716
268 440 19 32 0.012317622
271 356 9 10 0.012325276
552 370 10 12 0.012365154
548 263 6 7 0.012449565
791 403 34 61 0.012459101
628 190 12 19 0.0124748815
176 304 9 9 0.012546421
667 512 25 45 0.012577195
992 384 10 11 0.012846001
672 352 13 16 0.012874203
754 385 9 12 0.012930469
932 276 6 5 0.012987717
897 399 14 17 0.013027932
641 246 6 8 0.013055625
838 277 7 6 0.013070409
316 395 20 20 0.013095857
737 179 6 7 0.013153375
402 323 6 9 0.013167413
482 358 8 10 0.013267013
276 339 8 9 0.013367072
942 351 14 17 0.013370047
741 129 6 9 0.013397803
516 352 8 10 0.013405059
578 275 5 7 0.01346685
176 350 23 19 0.01348356
754 323 7 8 0.0135574555
599 280 5 7 0.013576274
580 384 9 12 0.01361228
465 260 7 8 0.013637829
486 365 13 20 0.013641634
1012 370 6 11 0.013677057
179 244 6 7 0.013689639
73 318 33 39 0.013763237
946 372 10 10 0.013774484
485 400 12 21 0.013776032
353 422 18 29 0.013904923
1002 479 17 32 0.013959759
122 163 5 7 0.013983816
876 449 19 31 0.014050006
942 385 13 11 0.014077738
726 370 9 11 0.014164294
518 370 9 12 0.014206824
341 352 7 9 0.014346468
927 403 12 11 0.014371673
18 522 37 54 0.014383033
0 345 23 51 0.014462071
323 388 10 12 0.014515109
248 324 7 9 0.014544517
80 260 7 9 0.014606567
492 369 13 18 0.014631103
885 339 6 7 0.014631983
871 324 6 7 0.014666956
145 308 8 9 0.014716122
658 242 8 8 0.014719801
181 197 6 7 0.0147287445
16 320 10 12 0.014774527
596 354 8 9 0.014784393
631 245 4 7 0.014846783
530 287 8 9 0.015015602
289 384 14 17 0.015042141
494 372 9 12 0.015069386
783 385 9 10 0.015164168
879 381 13 17 0.015188479
567 324 6 8 0.01520095
547 338 7 8 0.015225446
3 280 19 29 0.015288535
644 354 9 11 0.015293007
488 369 8 13 0.015310703
246 292 6 7 0.015316721
598 217 6 7 0.015384485
806 309 6 6 0.015431186
495 425 13 22 0.015500627
470 341 6 9 0.01550385
886 458 14 22 0.015567051
291 388 11 11 0.015611292
756 279 6 7 0.01564558
883 490 35 61 0.015664957
783 446 20 21 0.015712077
191 455 17 38 0.015809834
260 263 6 7 0.015852695
866 396 12 19 0.015917666
134 180 5 6 0.015931804
788 404 10 12 0.016041577
259 367 14 17 0.016046485
248 308 6 7 0.01612523
273 292 6 7 0.016163485
358 324 6 8 0.016248206
500 355 7 9 0.01636395
390 511 27 42 0.016410682
531 341 7 9 0.01642495
835 324 7 6 0.016427176
311 277 5 6 0.016451323
884 370 13 17 0.016466452
618 259 6 7 0.016485104
675 372 9 10 0.01650124
769 373 8 11 0.016616654
980 386 11 11 0.016750969
321 386 14 18 0.016812598
672 387 9 10 0.01681863
274 277 6 7 0.016834028
946 497 13 25 0.016838953
278 261 5 6 0.016850766
212 228 6 8 0.016861428
45 275 14 16 0.01689404
272 429 19 22 0.017090403
787 307 6 6 0.01709771
1 505 49 71 0.017164284
934 388 11 11 0.01729768
799 273 9 9 0.017452236
799 429 34 65 0.017493896
546 325 7 8 0.01750261
576 466 34 65 0.01755062
296 309 6 6 0.017566832
389 368 7 12 0.017717302
33 322 9 11 0.01772033
937 399 23 17 0.017819323
526 350 12 18 0.01786451
197 228 5 7 0.017963123
512 498 34 66 0.017977048
821 464 37 61 0.018094236
514 397 12 19 0.01815389
102 287 8 10 0.018253477
530 311 6 8 0.018284451
801 461 37 62 0.018388653
70 247 6 8 0.018525243
499 336 7 9 0.01855584
578 309 6 7 0.018630615
159 273 13 18 0.018699955
1014 400 9 14 0.018849151
426 506 19 33 0.01885929
182 212 5 7 0.018868381
65 282 14 16 0.018903952
834 356 8 10 0.01896559
564 306 6 8 0.018999964
159 501 24 47 0.01900972
14 318 13 18 0.019039603
868 419 12 20 0.01915737
996 293 5 6 0.019162146
789 356 8 10 0.019205656
802 365 13 19 0.019369856
515 400 9 12 0.01953892
751 380 13 19 0.019614086
660 354 8 9 0.019681763
739 355 8 9 0.01997042
935 416 20 29 0.020102011
627 225 5 8 0.020313349
490 451 18 34 0.020358909
275 324 7 8 0.020376887
434 339 7 11 0.020410556
677 340 6 7 0.020452347
216 211 6 8 0.020486925
888 457 21 22 0.020561736
247 277 5 7 0.020700345
391 265 4 5 0.020799873
848 379 12 20 0.020807415
377 320 6 10 0.020962596
631 307 5 7 0.020992378
782 413 20 20 0.021053517
492 414 18 30 0.02113026
131 226 7 7 0.021249853
335 440 12 26 0.021354828
417 363 11 23 0.0213684
495 414 13 22 0.021383246
279 245 6 7 0.021409735
867 424 11 21 0.021674247
658 279 7 6 0.021782493
929 368 9 10 0.021805158
376 338 7 10 0.021824861
893 452 21 30 0.021947118
290 339 8 8 0.021961508
373 261 4 6 0.021971071
571 486 35 65 0.022057451
131 196 5 6 0.022077683
965 369 9 9 0.022382377
786 402 14 18 0.022478087
787 292 7 7 0.022497546
852 324 6 7 0.022509217
517 339 7 9 0.022557948
532 323 6 9 0.022598915
644 280 7 7 0.022616174
981 293 5 5 0.022647712
132 165 5 6 0.022707142
63 333 46 58 0.02275826
319 355 14 17 0.022836827
272 309 7 8 0.02298345
815 379 13 19 0.022993209
898 389 9 9 0.02300986
979 497 14 22 0.0231138
549 294 7 8 0.023213765
297 505 25 47 0.023292478
786 367 13 18 0.023476552
567 261 7 8 0.023536028
324 271 5 7 0.023601653
564 354 9 11 0.02365964
674 528 24 48 0.02387009
416 352 8 12 0.023899667
850 278 6 6 0.024002975
404 353 7 12 0.024006797
470 323 6 7 0.024085961
262 276 6 7 0.024142316
324 339 7 9 0.02417724
356 402 13 20 0.024414904
950 276 5 6 0.024536768
488 338 6 9 0.024548754
884 293 5 6 0.02460403
3 284 12 21 0.024832623
821 340 8 8 0.024875363
430 506 21 22 0.024909439
850 371 13 18 0.02492296
549 306 7 8 0.025056912
851 382 8 12 0.025105603
801 324 8 7 0.025172265
295 360 10 10 0.02527323
817 372 9 12 0.02534665
912 389 11 10 0.025384974
261 370 9 11 0.025390698
168 181 6 7 0.025469197
147 162 5 7 0.02548689
740 324 5 7 0.02550351
163 260 6 7 0.025539728
318 499 24 48 0.025626794
162 197 6 7 0.02579398
565 340 7 8 0.026150074
899 402 10 10 0.026185878
792 275 8 8 0.02626081
579 325 6 8 0.026287924
802 292 7 8 0.026290812
165 292 8 8 0.026354685
939 441 21 20 0.026426574
914 372 9 10 0.026610646
724 340 7 8 0.0266386
627 279 5 6 0.026666798
147 291 6 7 0.026843721
403 339 7 11 0.026898164
625 259 5 7 0.026901897
149 227 6 6 0.026936816
743 277 5 7 0.027002268
626 338 6 9 0.027070189
611 340 7 9 0.02723964
598 368 9 13 0.027281128
929 417 23 17 0.027524654
291 364 14 16 0.027608136
893 368 14 16 0.027703665
788 371 9 11 0.02787636
839 292 5 6 0.02795999
795 409 26 44 0.027975228
885 326 5 6 0.028072394
775 291 7 8 0.028189927
1012 324 5 9 0.02829457
452 320 7 9 0.028414186
358 307 6 7 0.028450856
917 292 5 5 0.028702432
417 341 8 11 0.028790144
941 491 19 33 0.028895583
166 303 8 10 0.029140934
551 274 6 8 0.029493585
515 292 6 8 0.029504187
980 410 14 18 0.02966913
82 337 40 59 0.029724969
392 354 7 11 0.030056233
519 325 6 7 0.030183285
804 369 8 11 0.03021011
1011 339 6 9 0.030468918
868 400 9 12 0.030525843
974 424 19 28 0.030584311
868 308 6 6 0.030838095
693 371 9 10 0.030906582
322 358 10 10 0.030920625
178 228 5 6 0.030927
429 477 22 20 0.031027827
308 321 6 8 0.031068282
596 366 12 19 0.03106961
517 275 6 8 0.031105695
195 243 5 7 0.031149702
814 370 13 18 0.031297177
975 381 21 18 0.031381603
177 466 21 50 0.031596642
817 352 9 10 0.031984374
0 243 7 12 0.032110184
199 292 8 8 0.03251445
629 327 6 7 0.032574408
500 325 6 8 0.032706343
771 307 7 8 0.03288244
630 194 7 11 0.03299869
167 243 6 8 0.03299938
581 349 8 11 0.03301929
692 354 8 8 0.033054028
518 263 7 7 0.033088267
134 213 6 7 0.033185706
405 262 5 6 0.033309814
37 304 10 11 0.033455014
793 399 21 19 0.033485197
19 291 8 10 0.03350447
613 353 8 11 0.033521257
4 275 7 11 0.03364192
737 339 7 9 0.033672065
868 292 6 6 0.033773497
920 400 22 18 0.03416829
516 307 6 7 0.034223862
357 277 5 6 0.03427913
963 294 5 6 0.03442538
35 301 14 18 0.03449449
557 367 13 18 0.034789726
601 306 5 7 0.03493644
434 324 7 8 0.035008874
786 338 8 9 0.03541521
996 309 5 6 0.035508737
294 210 5 7 0.035551943
869 379 12 19 0.035611525
355 340 7 9 0.035752844
422 324 7 9 0.03587321
426 478 18 33 0.035887774
870 376 8 10 0.03599278
583 293 6 7 0.0363339
324 308 5 7 0.036391437
150 247 6 8 0.0366098
340 339 7 9 0.036718894
482 277 6 7 0.03688779
296 274 5 7 0.03691138
723 323 6 8 0.037058532
216 467 30 67 0.037082925
259 324 7 9 0.037110467
707 355 7 8 0.037148852
232 454 18 35 0.037189063
294 264 5 7 0.037309818
936 382 22 18 0.037318543
901 295 5 5 0.03742567
885 357 7 8 0.0380137
643 291 6 7 0.03820023
708 368 8 10 0.03844908
321 487 19 33 0.038542047
133 290 7 9 0.038769245
305 353 9 10 0.03880519
691 339 7 8 0.03894022
468 308 5 7 0.039068382
850 293 6 6 0.039093677
412 424 19 31 0.039185762
501 294 7 7 0.03919827
768 352 8 10 0.039319064
647 337 8 9 0.03939916
997 372 8 9 0.039442338
758 355 8 11 0.039714932
560 370 9 12 0.039916433
819 294 7 6 0.039921474
405 277 5 6 0.04002883
790 325 8 9 0.040068034
373 292 5 6 0.040156428
340 323 6 8 0.04020384
451 308 6 8 0.040340297
386 336 6 11 0.040361136
596 341 7 8 0.040504463
5 289 8 12 0.040822074
610 307 5 7 0.040980197
804 353 9 10 0.041011684
998 343 6 6 0.041291207
119 291 7 9 0.04151315
917 341 6 6 0.041619625
296 294 6 7 0.041930716
387 309 6 8 0.042023808
309 341 8 9 0.042031243
764 506 34 60 0.042219575
950 293 5 5 0.042279415
341 309 5 7 0.042480037
385 322 7 10 0.04266813
995 323 5 6 0.042671446
21 275 7 9 0.042686556
853 374 8 12 0.04278555
292 366 11 11 0.042888667
562 294 6 8 0.04301642
373 278 5 6 0.043045647
902 278 5 6 0.04345563
901 308 5 6 0.043625895
709 323 5 7 0.043733995
267 536 24 40 0.043818787
919 278 6 7 0.043984514
186 468 23 48 0.04405703
72 258 7 10 0.044323076
341 293 6 8 0.044569608
421 307 6 8 0.044637263
2 264 18 33 0.04491
452 291 5 7 0.044964302
469 278 6 8 0.044967353
723 292 5 6 0.045259047
711 293 5 7 0.045466054
676 322 6 8 0.0457281
644 327 7 8 0.045957416
262 306 7 8 0.046094425
612 324 6 7 0.04609889
885 309 5 6 0.04625047
915 400 13 12 0.04650152
404 307 6 8 0.04663241
932 295 5 6 0.046802394
486 320 6 7 0.046966262
899 354 7 7 0.04701509
178 292 7 7 0.047051948
324 293 5 7 0.047096692
754 308 7 8 0.047233153
676 295 6 7 0.047403757
401 430 22 20 0.04748079
740 308 6 7 0.04791445
979 404 14 17 0.047929827
529 278 8 9 0.048027147
36 292 8 9 0.04912768
69 281 10 9 0.049178425
439 307 6 8 0.04948189
871 382 8 12 0.049846444
979 370 9 9 0.049940467
708 342 6 8 0.049957212
660 292 6 7 0.049992424
918 325 5 5 0.05001995
468 291 6 7 0.050079234
185 264 6 7 0.05016523
629 290 5 7 0.05026712
134 260 7 8 0.050361264
328 441 20 29 0.050420277
485 310 5 6 0.05060882
964 309 5 5 0.05067666
598 292 5 7 0.050681364
54 286 10 10 0.050705478
625 212 6 8 0.05072466
391 274 5 6 0.05087852
917 355 8 8 0.05088743
724 309 6 6 0.051164977
356 292 5 8 0.05176467
754 289 7 8 0.051803455
981 308 5 5 0.052179646
67 312 43 56 0.05234444
661 327 7 8 0.052653085
722 354 8 9 0.052837595
292 323 7 9 0.05291495
691 294 5 7 0.05296663
338 277 6 8 0.053109176
564 275 7 9 0.05320742
162 277 8 10 0.053484995
882 384 8 11 0.053532343
500 309 5 6 0.05367219
835 310 7 6 0.05377268
195 260 6 7 0.053842925
421 276 6 6 0.053848747
660 306 6 8 0.05397793
421 258 7 7 0.054025445
83 274 9 9 0.054347597
148 259 7 8 0.05449411
327 324 7 8 0.054513436
308 293 5 7 0.05463723
965 355 8 8 0.05523888
583 343 7 8 0.055548005
820 309 7 7 0.055552017
708 192 6 8 0.056345075
770 341 7 9 0.056571532
963 341 6 6 0.05686454
901 325 5 6 0.0569176
852 309 6 7 0.057119615
819 326 7 7 0.05731369
260 293 7 8 0.057766978
600 325 6 8 0.057784956
501 277 7 7 0.05782995
451 263 7 9 0.058794603
485 295 5 6 0.058942553
1012 395 11 23 0.059045106
34 261 7 9 0.059853617
977 431 14 21 0.059936944
435 292 6 7 0.0607614
692 325 6 8 0.060803905
117 265 7 9 0.060922436
614 293 5 6 0.061327606
948 339 6 7 0.061740298
643 309 6 7 0.062256765
165 225 5 7 0.0625214
933 325 5 5 0.06284638
662 336 8 9 0.06306566
438 278 6 7 0.063117445
528 352 9 12 0.063221104
920 311 5 5 0.0634397
932 340 6 6 0.06347471
694 309 5 6 0.063636884
934 309 5 5 0.06453747
98 276 8 9 0.06468168
984 326 5 6 0.064718574
677 307 6 8 0.06498413
390 293 6 7 0.065079
148 277 6 7 0.065136954
950 308 4 5 0.065187655
422 293 5 7 0.06532644
1010 480 11 24 0.0658842
740 293 6 7 0.06607653
1013 353 7 8 0.06621827
709 309 5 6 0.066630505
354 379 13 19 0.06680037
132 276 7 8 0.066962585
375 309 6 8 0.06727197
934 416 24 17 0.067325324
163 332 37 58 0.06828594
405 291 5 7 0.06856031
163 214 6 7 0.06970057
996 356 7 7 0.06977007
38 276 8 9 0.071355365
965 325 6 6 0.0714079
949 326 5 6 0.07159248
979 343 6 6 0.07515471
352 445 20 30 0.07637621
931 357 7 8 0.076691486
451 272 7 9 0.07674895
886 374 8 10 0.07683792
978 356 8 7 0.08253701
181 275 7 8 0.083083995
902 340 7 7 0.083304286
307 309 7 8 0.085951276
66 285 12 9 0.089028366
675 354 8 10 0.0899762
896 371 10 10 0.09311281
802 343 8 8 0.093657196
912 398 21 17 0.09387592
117 270 8 9 0.094713435
48 277 9 10 0.09647995
198 275 8 8 0.10308062
946 354 8 10 0.1068102
208 494 25 48 0.14546184
210 484 32 65 0.16910863
324 264 6 9 0.2643699

