21_Festival_Festival_21_526
81
591 588 7 14 0.0101028215
645 643 13 19 0.0101714
421 525 5 9 0.010497528
451 795 7 10 0.010620096
481 764 7 12 0.010629063
457 525 7 9 0.010667391
720 663 13 22 0.01069622
3 61 35 143 0.010984436
25 109 34 68 0.011142101
493 793 11 24 0.01122518
459 788 18 31 0.011290847
420 675 13 21 0.011322003
136 539 11 22 0.011585616
621 582 11 21 0.011618008
483 791 12 25 0.011635708
588 585 11 21 0.011909241
351 784 20 30 0.0119188065
720 616 11 23 0.012185773
26 127 38 67 0.0126574505
438 539 6 10 0.012681739
47 521 12 20 0.01278616
560 585 11 25 0.012892492
435 528 6 9 0.012930019
558 578 15 35 0.013139821
611 600 8 14 0.013212385
465 766 12 19 0.0132487295
717 608 16 35 0.013345149
751 564 11 22 0.013616031
140 539 12 21 0.013832451
0 531 7 29 0.013937847
585 572 15 34 0.014029769
609 79 33 70 0.014075904
657 616 8 15 0.014360404
716 626 17 35 0.014443433
466 553 7 12 0.014682503
560 596 11 23 0.015072174
904 700 68 86 0.015163022
241 500 13 21 0.015430245
482 787 20 30 0.015518363
648 639 9 14 0.016056554
220 612 37 69 0.01659935
407 669 26 43 0.016626919
221 590 26 46 0.016740974
465 538 12 19 0.017344024
533 758 11 21 0.01736004
737 588 12 21 0.017386822
535 761 8 13 0.018057238
580 616 7 12 0.018193973
75 594 18 35 0.01860076
464 789 13 23 0.018911427
452 542 6 10 0.018971197
459 770 17 31 0.019395744
452 809 10 11 0.019554662
577 595 15 33 0.021758467
718 660 18 34 0.0218859
216 585 35 64 0.022032034
451 806 12 14 0.023191782
505 748 8 15 0.023621356
584 584 11 24 0.02505044
561 591 16 33 0.025278281
468 769 7 12 0.026869
613 588 7 14 0.028687965
611 585 11 22 0.02959827
609 596 11 21 0.030094074
654 614 12 20 0.031282663
612 94 35 67 0.032380782
652 634 13 21 0.03516432
597 606 8 14 0.04329082
577 602 12 21 0.046439666
507 746 13 20 0.047759928
651 632 17 34 0.048633706
646 636 13 20 0.059968796
468 541 7 11 0.062046044
737 595 12 21 0.062099233
595 602 12 21 0.06288942
504 745 12 20 0.06411491
795 652 24 44 0.06516158
467 775 8 15 0.067504205
580 608 7 13 0.07637095
465 773 11 21 0.21025497
623 630 14 20 0.37324312

