21_Festival_Festival_21_601
62
669 336 13 18 0.010505812
661 369 9 11 0.010883381
774 342 9 12 0.010982509
664 308 8 10 0.011120502
664 320 9 12 0.01115931
788 231 9 11 0.011224126
428 404 24 17 0.011639811
664 340 8 11 0.011686966
744 352 18 33 0.011690117
27 332 13 18 0.01169351
392 399 24 17 0.011992216
387 431 6 9 0.012500932
312 333 22 21 0.01342749
761 318 37 56 0.014894689
672 324 8 11 0.015245786
509 357 20 18 0.015834434
645 354 12 14 0.016272422
640 330 13 19 0.017420588
302 336 24 20 0.018483872
306 239 7 10 0.018831024
397 354 25 19 0.018952478
775 319 13 18 0.019265447
861 322 23 17 0.022322224
631 353 8 13 0.022546493
866 322 10 8 0.022946196
723 336 6 9 0.02490835
643 333 9 11 0.025217442
910 382 24 18 0.025659963
780 319 13 17 0.028671183
672 340 8 10 0.030154865
19 333 14 13 0.03098727
776 321 10 10 0.031510364
658 355 8 12 0.031776033
305 232 7 9 0.03379899
669 349 12 18 0.033962782
669 319 12 20 0.03476307
514 368 12 14 0.03674983
671 352 9 12 0.039919473
773 348 18 36 0.040161334
769 344 18 22 0.04298132
783 321 9 11 0.04327064
663 315 12 20 0.045353305
630 349 13 19 0.045947976
543 350 19 20 0.048824705
653 351 13 19 0.055213585
18 326 15 18 0.055739835
14 323 17 30 0.05863069
643 326 8 12 0.059072547
773 326 19 34 0.06761481
870 333 16 20 0.088237144
641 322 12 20 0.0945532
769 338 18 21 0.14683332
763 337 35 60 0.29364514
869 336 24 21 0.59642905
313 328 19 33 0.60449606
510 364 19 21 0.6392769
401 348 22 30 0.6546264
16 328 19 21 0.66358787
642 349 19 22 0.6774487
408 348 23 28 0.75985867
307 325 19 36 0.7659364
935 316 20 32 0.93115604

