21_Festival_Festival_21_797
41
893 196 41 55 0.010232773
134 439 19 33 0.012229531
924 147 26 47 0.012826163
927 164 34 68 0.01413849
919 191 37 65 0.014529441
126 69 47 51 0.015569163
168 75 29 41 0.015728721
663 47 39 69 0.016228361
153 52 27 46 0.018427078
256 306 39 58 0.019586427
345 185 30 35 0.019804023
299 242 31 44 0.021142563
344 211 31 36 0.021716435
788 268 41 76 0.023850271
137 49 37 58 0.024205724
161 68 39 56 0.028294764
171 298 32 41 0.02837464
920 137 35 65 0.028953813
654 53 56 82 0.029450044
677 152 64 108 0.030576918
964 155 16 38 0.035020296
116 343 32 43 0.040517487
106 179 27 44 0.04515618
510 173 35 70 0.05188845
191 205 27 45 0.051903136
165 276 37 60 0.05324399
504 190 37 62 0.062425666
149 43 35 64 0.06407838
187 78 20 34 0.14497252
781 270 56 98 0.2485022
41 181 22 49 0.30010417
506 252 43 77 0.31173933
288 196 26 44 0.3631083
318 315 43 72 0.3988336
295 230 39 66 0.5177424
103 334 37 62 0.53850204
421 208 44 69 0.59005064
175 286 39 65 0.5909525
82 238 46 65 0.66928375
834 159 38 52 0.95928526
655 129 74 132 0.99671644

