21_Festival_Festival_21_585
167
254 303 19 30 0.010386917
146 251 9 11 0.0105157215
254 334 21 19 0.01053921
244 309 19 19 0.010626461
0 383 11 43 0.010685735
38 353 19 30 0.011279329
30 203 13 16 0.011346786
268 327 21 20 0.011423604
239 217 12 17 0.01152282
58 336 25 39 0.011723748
117 173 6 7 0.011884057
95 261 13 16 0.012080088
69 161 5 6 0.012232296
293 247 10 13 0.012287857
25 178 6 8 0.012388147
123 338 23 20 0.012487425
370 122 42 65 0.013004242
261 224 9 12 0.013112525
134 301 19 27 0.013347127
99 234 14 15 0.013357705
181 205 6 8 0.013549142
198 203 8 10 0.013744815
563 71 46 97 0.013888848
108 275 19 27 0.014080258
718 134 62 88 0.014404815
308 323 12 20 0.014451126
55 255 10 12 0.014586141
129 175 6 8 0.014596612
821 417 55 106 0.014716122
0 255 7 13 0.014788498
567 105 49 110 0.014796296
41 338 19 30 0.014859132
290 238 13 17 0.015433041
319 263 14 17 0.015521599
174 224 13 15 0.015557094
215 292 20 20 0.015583677
192 239 20 18 0.015733432
291 244 13 19 0.015904907
54 176 6 7 0.015974255
1 350 10 30 0.016298058
99 160 6 7 0.016323037
308 277 13 19 0.016617581
260 229 13 17 0.016728837
260 251 13 18 0.016848989
23 327 22 19 0.016897026
86 161 5 6 0.017205333
145 262 13 18 0.017306793
240 239 10 12 0.017332543
133 191 5 7 0.017775387
147 265 10 13 0.017999522
137 310 22 19 0.018032381
112 329 18 32 0.018254962
5 203 11 17 0.0182962
568 60 32 40 0.018697714
125 333 22 20 0.018806098
52 226 7 8 0.018898383
82 247 9 11 0.01923045
22 356 23 19 0.019267272
24 260 13 16 0.019701835
97 254 14 16 0.020113764
18 204 7 10 0.0208219
119 160 7 8 0.02089922
262 263 13 19 0.021253929
268 260 12 19 0.021370219
65 229 13 16 0.02191099
162 249 13 18 0.02241196
321 265 11 11 0.02260355
262 254 9 11 0.023122987
241 219 9 12 0.023460384
165 208 6 8 0.023902543
1 298 8 14 0.024162738
51 231 13 16 0.02438415
292 240 9 12 0.024434835
163 176 6 7 0.02471719
30 237 9 12 0.02618389
126 303 22 17 0.027207535
109 235 14 15 0.0272982
49 315 21 18 0.027344042
88 193 6 8 0.028816722
262 232 10 11 0.029845024
102 172 5 7 0.030755527
190 324 22 19 0.030797118
16 355 21 21 0.03107935
30 257 11 13 0.031098519
164 190 6 7 0.03175206
99 257 10 11 0.032902364
174 229 12 17 0.03466758
215 239 9 13 0.03636911
163 217 8 9 0.036524158
67 189 5 7 0.036616065
164 252 9 12 0.036972478
176 253 13 18 0.037164178
178 256 10 12 0.037862267
63 263 12 13 0.03797587
736 151 83 172 0.038934585
48 293 14 15 0.040954504
97 196 7 7 0.04138714
8 339 17 32 0.04217848
132 283 12 13 0.043007832
147 202 6 8 0.045061585
165 240 9 10 0.04558615
146 236 8 10 0.046643615
0 283 10 20 0.04676002
0 343 10 28 0.046861537
197 241 10 12 0.047087975
71 176 6 6 0.04738046
118 195 6 8 0.047781814
250 309 21 20 0.048535712
56 314 22 20 0.048761565
0 387 7 34 0.04910421
17 327 20 20 0.050393373
116 221 7 8 0.05075564
53 188 6 7 0.053039294
190 329 17 32 0.05356233
86 174 6 7 0.053749587
62 280 13 16 0.056812786
6 353 16 33 0.05868661
182 344 24 19 0.059588987
178 328 17 33 0.06028397
0 293 10 21 0.060778353
199 305 18 28 0.061057687
178 342 21 19 0.061131377
222 237 14 17 0.06141831
176 226 10 11 0.061828136
749 181 55 111 0.06317143
196 243 13 18 0.06477817
567 47 32 38 0.06509855
37 173 6 6 0.06581224
61 255 14 17 0.0661457
563 52 41 58 0.06882409
68 226 8 9 0.0691571
257 332 18 33 0.07167494
24 187 7 9 0.07349435
125 307 22 19 0.075534195
81 239 9 10 0.077043645
178 189 6 8 0.07771554
176 231 9 12 0.085265346
50 286 14 16 0.087254375
252 339 21 21 0.08845298
77 284 14 17 0.08847792
28 260 13 15 0.09180555
198 191 7 8 0.09472369
152 193 6 8 0.096143104
86 203 7 8 0.10432045
22 236 11 13 0.10473401
35 189 7 8 0.10484573
57 350 23 20 0.104862295
100 236 10 10 0.104921274
72 203 7 9 0.105455734
100 217 7 9 0.13086562
112 237 10 10 0.13452294
124 281 21 18 0.14025916
82 221 8 10 0.14319195
62 350 18 31 0.14486091
117 201 6 8 0.14935595
199 315 21 21 0.1525107
67 231 10 12 0.16130117
53 232 9 13 0.16672993
99 204 6 8 0.17025766
213 292 14 17 0.17662326
52 206 8 10 0.17686184
7 206 8 11 0.18849811
33 206 8 11 0.19750619
16 301 15 17 0.21756874
131 204 6 9 0.24152006
113 283 20 19 0.24678004
126 330 18 34 0.3033228

