21_Festival_Festival_21_100
52
248 217 52 83 0.010192377
702 73 71 79 0.010332667
140 203 20 31 0.010410294
485 542 41 51 0.010492522
243 344 36 76 0.011231818
105 179 20 23 0.012109048
99 294 41 67 0.012166033
27 243 23 21 0.012423265
93 179 21 22 0.012542871
323 77 67 94 0.013775021
0 196 29 66 0.014116366
119 305 48 95 0.01499341
164 158 14 24 0.015170885
9 245 22 22 0.015790088
310 281 25 45 0.016021876
59 227 26 17 0.016103342
59 200 24 17 0.016200235
57 210 24 18 0.016775554
262 237 29 42 0.017948147
46 206 17 35 0.018728238
39 187 18 34 0.020037519
257 288 32 72 0.020325273
30 236 18 34 0.020734888
950 139 58 99 0.021537112
2 222 32 65 0.022194749
301 52 104 145 0.02390602
252 315 49 101 0.02732287
456 458 81 90 0.028593546
703 133 68 111 0.030755274
267 268 52 83 0.03326783
930 161 94 149 0.03702961
264 258 33 67 0.037763745
929 106 95 169 0.040851302
695 176 78 92 0.0410707
139 178 18 33 0.043930825
965 25 46 99 0.047309488
4 206 16 39 0.05027967
294 270 31 65 0.051287696
257 228 38 61 0.052185245
978 55 38 69 0.055358943
946 176 61 103 0.057931397
91 243 26 45 0.058171555
966 52 54 95 0.058716096
167 170 24 47 0.068629265
7 230 23 48 0.074084274
57 209 26 42 0.087646626
444 444 109 129 0.11435571
163 158 18 32 0.13455884
120 315 40 61 0.14124261
79 174 17 34 0.1575102
100 174 20 33 0.20180295
692 102 87 176 0.9418974

