21_Festival_Festival_21_976
82
877 4 15 32 0.010146893
785 71 20 20 0.01041278
2 0 7 12 0.010971839
57 53 22 18 0.011249938
2 40 9 13 0.011399586
793 67 22 20 0.01168271
839 28 17 30 0.012054353
163 7 14 13 0.01220918
835 53 19 31 0.012435697
610 45 8 7 0.012528982
155 0 22 16 0.012941879
26 11 22 19 0.013030488
142 49 21 20 0.013232999
337 0 11 11 0.013364375
12 10 20 21 0.013701458
594 59 9 7 0.013773111
297 42 23 18 0.013781456
711 38 13 18 0.01385091
335 0 14 14 0.014202724
465 37 23 19 0.015268777
945 0 18 28 0.016607532
765 43 21 21 0.017022133
904 57 9 15 0.0174293
148 4 9 12 0.017464023
792 76 31 37 0.018406415
559 62 10 9 0.018979494
137 41 22 21 0.019716114
146 0 10 11 0.021560317
159 34 20 31 0.021597149
364 0 14 15 0.021653505
2 6 8 14 0.022194372
53 43 10 8 0.022471733
889 8 19 20 0.02253051
142 35 19 30 0.023353608
790 75 39 55 0.023371723
679 44 8 9 0.02395463
907 52 12 21 0.023969095
0 36 12 22 0.025181012
713 41 9 10 0.02543713
828 93 29 40 0.025759194
721 40 11 10 0.028172838
357 6 12 11 0.029059123
340 6 11 10 0.02951483
846 2 10 15 0.030785289
810 112 36 38 0.033479612
132 36 13 19 0.034277115
526 12 18 27 0.035079
840 0 18 20 0.036441308
715 37 22 18 0.041102644
948 3 13 20 0.04145008
134 39 8 11 0.042211667
65 41 9 9 0.04723614
319 11 23 19 0.04879495
366 6 13 13 0.051146835
1 2 11 23 0.05127844
16 19 17 30 0.056787588
881 12 20 20 0.06974039
839 3 10 15 0.070681654
143 0 14 15 0.07240866
764 47 20 23 0.07848539
797 64 20 31 0.08422368
799 53 21 20 0.088630185
902 54 13 21 0.09465847
843 0 13 15 0.0948292
355 2 20 19 0.109352
145 40 25 38 0.13494062
333 3 22 18 0.14502868
22 18 15 21 0.14815332
145 0 19 20 0.15556252
839 0 13 16 0.3090787
539 271 47 72 0.37581035
877 18 21 21 0.4299915
21 20 24 21 0.4430708
816 97 38 56 0.53776205
476 32 22 29 0.60108477
322 13 19 29 0.64038527
159 3 21 20 0.6588833
361 2 20 19 0.6596257
522 10 23 21 0.7370578
152 44 22 31 0.73752564
768 42 19 32 0.7509623
359 71 29 37 0.8527213

