42_Car_Racing_Car_Racing_42_743
95
958 99 23 17 0.010024293
481 69 16 7 0.010082926
919 109 9 9 0.010114889
528 6 7 8 0.0101744635
642 22 5 8 0.010399605
663 119 8 11 0.0105297575
938 90 25 16 0.010663431
966 120 10 8 0.01069167
405 6 12 9 0.010766412
748 97 17 21 0.0109164305
701 110 17 31 0.01119493
720 138 8 10 0.011801526
670 140 17 32 0.01211239
601 94 22 20 0.012266618
746 94 7 12 0.012339953
671 121 8 12 0.012434479
926 103 14 17 0.012622382
398 24 24 17 0.012642961
945 94 11 8 0.012823569
487 121 30 13 0.013196449
646 106 8 11 0.013438353
968 119 20 31 0.013671482
696 115 9 14 0.013751248
669 118 12 19 0.013895798
773 100 11 18 0.014159234
713 139 8 12 0.014159547
863 119 14 17 0.014266342
664 144 12 22 0.014292343
652 94 16 33 0.014358812
662 133 12 22 0.01441542
738 120 8 12 0.01448664
39 127 21 29 0.014545713
478 40 8 9 0.014720873
496 124 13 7 0.015206634
703 108 9 13 0.0157149
886 106 12 18 0.015818615
688 204 20 30 0.01668544
916 117 9 10 0.016788496
893 115 12 18 0.016832568
703 113 9 16 0.017788986
695 105 12 21 0.018042784
541 121 24 17 0.019576263
644 102 13 20 0.020735355
896 117 8 12 0.021792518
781 101 11 18 0.023237491
885 112 13 18 0.023259252
521 0 6 5 0.023522854
788 120 7 12 0.024410294
697 106 18 21 0.025108851
673 147 9 15 0.026327683
417 6 13 9 0.027734457
91 115 24 17 0.028679956
669 136 12 21 0.029208118
980 115 9 11 0.029535545
811 99 12 18 0.02994291
929 106 8 10 0.030326985
521 8 6 9 0.030924546
895 108 8 10 0.031162946
658 106 8 11 0.03147397
539 129 24 18 0.03284185
978 105 14 17 0.03305037
1014 104 8 13 0.03487075
978 112 14 18 0.035866003
745 96 11 19 0.03933593
887 115 9 11 0.042967424
866 121 9 9 0.04378424
534 0 6 4 0.044405993
981 108 9 10 0.047634304
689 113 16 33 0.05049206
472 39 8 9 0.0508449
410 3 25 15 0.05093056
888 109 8 11 0.05226277
750 111 12 20 0.053118564
1012 101 11 21 0.058214344
655 101 13 20 0.06081548
751 94 9 13 0.063646734
813 101 8 13 0.06692125
119 121 23 18 0.077048644
841 120 7 9 0.07859132
753 114 8 14 0.083928436
775 103 7 11 0.09905973
587 114 21 20 0.099207625
803 111 12 19 0.105119355
746 99 8 13 0.10770183
670 144 13 21 0.1314669
805 114 8 13 0.14275452
783 103 7 12 0.14615367
700 110 12 20 0.14919782
849 120 8 8 0.16780272
602 87 23 21 0.17338234
695 111 13 21 0.18354659
806 101 12 19 0.26245943
807 103 8 13 0.4798485
753 100 8 14 0.52775556
608 83 19 31 0.7108154

