42_Car_Racing_Nascar_42_922
93
85 201 8 7 0.010655838
970 238 27 45 0.011002258
870 137 94 115 0.011133651
193 169 9 9 0.0113224415
179 199 7 8 0.011788303
129 235 8 11 0.01185331
148 203 6 7 0.011894207
20 137 6 7 0.012153054
179 156 8 8 0.013905197
80 121 6 6 0.014260454
38 122 4 5 0.014722767
131 203 6 7 0.014967951
950 172 40 60 0.015524004
100 225 19 31 0.016297951
147 216 7 8 0.01693682
5 140 6 8 0.01693882
951 195 39 62 0.017520921
165 154 7 7 0.017944012
989 246 17 35 0.018306572
51 215 8 8 0.018317183
133 140 5 6 0.018325053
53 125 5 6 0.019278016
43 224 19 30 0.020089908
113 228 12 20 0.020518107
113 197 13 17 0.021216467
82 138 5 6 0.02131832
116 139 5 6 0.021851804
18 185 14 17 0.02212924
74 122 5 6 0.023062428
36 140 5 5 0.024892917
36 216 7 7 0.025041815
72 138 4 5 0.02526522
133 217 7 8 0.025709992
115 232 7 11 0.026400331
168 183 7 7 0.026510784
87 156 5 6 0.026780086
148 142 6 6 0.026800467
80 187 9 8 0.027815897
100 138 5 6 0.028495902
68 172 6 5 0.02998966
963 230 37 64 0.030251907
2 216 7 10 0.030504817
63 181 23 17 0.031155515
54 139 5 5 0.031176558
126 232 13 20 0.031722058
19 219 7 8 0.03217521
3 151 6 9 0.03287057
100 155 5 5 0.03346031
180 169 8 7 0.03394104
178 184 7 7 0.03437578
67 202 7 7 0.035446472
3 202 6 9 0.03591656
22 156 6 7 0.036129598
165 172 6 6 0.03710925
18 170 7 7 0.037175182
39 154 5 6 0.03748197
133 170 5 6 0.038056828
101 190 6 7 0.03893611
38 187 7 7 0.03977524
118 156 5 5 0.041693054
88 169 6 6 0.042922426
53 169 6 6 0.043838043
134 154 5 6 0.04391761
37 170 6 6 0.045671776
899 176 57 87 0.048355542
6 167 6 9 0.048499458
95 235 18 34 0.048636157
149 154 5 6 0.050856765
151 170 6 6 0.051365897
53 156 5 5 0.052638143
132 186 6 6 0.054525644
833 157 46 62 0.05537703
879 162 44 70 0.056544486
114 187 6 6 0.058163222
146 185 7 8 0.060631294
70 156 5 6 0.062494785
97 170 7 7 0.062600575
118 170 5 6 0.06318398
71 181 24 18 0.063199036
51 204 7 7 0.06484894
20 197 8 8 0.078832954
2 186 7 9 0.079371564
69 187 9 8 0.08059129
36 203 8 7 0.08553227
21 189 8 9 0.08582866
116 201 8 9 0.086266875
51 187 7 6 0.094460405
100 197 8 8 0.096072316
886 156 59 86 0.24434961
249 190 48 69 0.45516288
852 154 63 81 0.47682545
351 115 83 97 0.97141033
540 56 81 113 0.99042517

