42_Car_Racing_Car_Racing_42_857
75
213 142 6 8 0.010241755
306 0 8 4 0.010372136
294 164 9 8 0.010404062
495 26 8 7 0.010762015
104 120 21 20 0.010939995
257 137 24 24 0.010960988
309 6 8 4 0.011231919
488 27 8 7 0.0114565315
266 165 23 18 0.011526172
50 185 9 10 0.011925997
93 119 22 21 0.012354799
242 13 8 5 0.012873955
262 9 7 5 0.012945917
269 138 23 15 0.013272706
42 151 6 9 0.013671732
277 9 6 5 0.014363557
257 145 14 16 0.015050021
133 136 13 17 0.015401756
455 28 7 7 0.016223924
261 115 9 7 0.01712993
230 163 8 8 0.017645057
257 165 8 8 0.017851086
229 142 8 8 0.018344002
354 0 7 4 0.01848571
286 145 14 15 0.019994961
178 144 14 16 0.020130716
272 115 9 7 0.020301744
76 144 14 16 0.02105713
244 162 8 9 0.02405456
68 138 14 16 0.024526903
466 28 8 7 0.02584383
181 108 7 8 0.026613148
142 143 13 16 0.02697836
244 142 8 7 0.026982905
192 145 13 10 0.030071324
51 143 7 7 0.030348469
50 146 14 17 0.03212596
270 143 23 17 0.032998774
130 145 13 17 0.03465795
287 142 10 8 0.03662982
192 108 6 7 0.039755892
68 143 14 16 0.042626422
178 137 8 11 0.046053864
208 145 14 16 0.048158042
259 142 8 7 0.050225932
79 142 8 8 0.050950292
277 142 9 8 0.053264033
177 135 13 18 0.06357235
161 141 13 16 0.07348987
143 135 13 18 0.07655281
179 148 8 10 0.08086943
225 145 14 16 0.08303586
108 127 14 20 0.08714254
136 140 8 10 0.094308056
120 152 7 8 0.09610511
289 148 10 9 0.11255225
145 138 8 11 0.118444234
241 149 15 15 0.12786947
191 132 19 26 0.13174786
265 176 24 19 0.14206755
276 147 11 8 0.16343318
79 147 9 8 0.17700355
145 145 8 11 0.184536
71 142 8 9 0.21537696
163 144 10 11 0.22194807
70 146 9 9 0.22815903
260 149 8 8 0.23892924
133 148 7 9 0.25157553
53 148 8 9 0.29475036
212 148 8 9 0.36987478
101 121 19 28 0.38204223
185 136 21 21 0.47678226
228 148 9 9 0.48227754
158 137 14 17 0.52677864
244 152 9 9 0.6678304

