42_Car_Racing_Nascar_42_442
35
325 157 6 6 0.010171607
244 177 9 9 0.010257244
710 792 24 17 0.010878586
704 824 22 17 0.011062719
1000 748 24 49 0.011986134
706 786 12 9 0.012765712
782 808 16 31 0.012852521
243 189 10 10 0.013218063
790 816 22 20 0.016527573
725 815 14 21 0.01737638
770 844 10 10 0.017473321
539 828 5 10 0.01894566
764 841 21 18 0.019964943
703 789 23 17 0.021117976
826 101 66 97 0.022566125
583 794 12 21 0.023297787
809 83 100 141 0.023735017
700 783 24 16 0.028485423
585 799 7 12 0.02919443
731 817 19 28 0.03415445
733 808 17 30 0.038614314
692 795 10 9 0.039178222
795 819 18 28 0.04527708
719 807 17 30 0.05880415
685 792 22 18 0.05986685
726 816 24 19 0.0674895
547 832 6 9 0.07244084
886 793 22 21 0.07255571
590 827 13 23 0.13217689
785 817 17 29 0.25849146
957 822 44 61 0.28517625
634 813 23 21 0.61567605
722 819 23 19 0.66757727
788 818 19 22 0.73174113
879 790 20 27 0.7573081

