42_Car_Racing_Nascar_42_828
26
570 25 44 54 0.01007782
706 99 26 44 0.010104504
170 104 26 45 0.010391594
164 98 36 61 0.010632985
711 104 18 34 0.010796239
468 92 32 47 0.010986351
752 126 19 31 0.011046226
170 155 22 57 0.011894773
334 73 52 73 0.012095382
184 99 34 62 0.01386848
186 114 33 70 0.014454297
164 120 33 74 0.015931858
151 101 55 103 0.016385578
51 126 6 9 0.017655153
756 125 20 21 0.018140037
189 107 25 45 0.02161855
521 71 49 81 0.0217116
165 144 31 76 0.044556297
764 125 18 32 0.045783374
274 153 7 11 0.047833953
755 115 18 34 0.13384727
452 68 42 67 0.13650148
761 118 18 34 0.32965928
327 65 43 69 0.42069864
462 78 40 68 0.79382
540 78 42 61 0.85340667

