42_Car_Racing_Nascar_42_440
65
669 200 25 17 0.010427446
745 163 21 20 0.010587104
695 158 8 9 0.010647161
260 296 6 7 0.011110796
15 183 8 12 0.011298104
669 212 27 15 0.011924322
135 201 7 8 0.012058567
149 185 9 9 0.01234494
38 184 7 9 0.013121568
820 182 8 12 0.013421851
689 155 20 19 0.0136718545
146 138 7 7 0.0137464255
264 288 7 8 0.013960495
591 164 18 28 0.014013887
14 153 8 14 0.014749643
743 152 21 22 0.015154195
16 170 7 13 0.0152255045
597 171 11 11 0.015598915
70 159 9 13 0.01892854
812 165 12 18 0.020102214
82 156 7 11 0.020642012
38 167 12 18 0.021434177
247 301 6 8 0.02459221
49 182 8 10 0.025596254
811 155 12 17 0.027139114
12 150 11 21 0.02738066
101 191 8 9 0.03022674
47 169 11 17 0.031446654
390 237 35 34 0.03321581
77 164 9 14 0.033509247
707 155 9 9 0.034161
792 172 7 9 0.043428216
606 164 18 28 0.04513655
194 185 8 7 0.04842193
180 185 8 7 0.05324023
815 168 8 11 0.064509705
813 158 9 11 0.06462727
721 151 21 22 0.06831831
594 169 21 19 0.06879494
683 140 18 30 0.070231766
712 163 23 20 0.0712258
692 162 21 20 0.077815734
40 171 7 12 0.07873729
700 153 22 19 0.08620485
96 217 7 10 0.089335285
868 168 9 15 0.09741058
151 168 15 20 0.09802505
159 164 18 27 0.10860741
805 161 13 17 0.13702074
48 173 7 11 0.1978396
2 178 8 15 0.20979111
1 172 11 19 0.21481936
601 171 22 19 0.21832524
806 163 9 12 0.22552961
729 151 21 23 0.2750928
804 158 9 13 0.38799885
599 177 23 21 0.43558675
701 157 18 31 0.43820137
802 156 13 17 0.5547656
660 128 19 34 0.5810789
736 147 18 30 0.64671135
152 169 21 22 0.78019655
68 161 13 18 0.82782686
664 132 20 32 0.82866013
865 165 14 20 0.9014038

