43_Row_Boat_Canoe_43_940
29
88 244 29 44 0.010995942
752 296 28 40 0.014250572
3 299 34 146 0.015785413
30 251 35 60 0.016953325
83 236 40 58 0.018248608
6 278 16 43 0.01993919
128 403 18 35 0.02425028
87 221 39 57 0.02446172
3 306 19 68 0.026571454
3 330 18 70 0.026716845
239 237 18 34 0.027428748
404 201 26 39 0.029238338
609 251 30 39 0.03644067
532 420 28 47 0.043634415
2 256 23 53 0.043707777
769 308 21 31 0.056349326
5 258 35 139 0.058014598
116 392 17 38 0.06737828
243 245 18 35 0.0745669
1 294 26 90 0.11654986
1 265 31 72 0.16954216
523 414 35 64 0.20490913
249 239 23 41 0.68524384
119 394 24 41 0.7600851
679 297 25 41 0.9573255
512 208 28 40 0.9697239
313 185 26 44 0.97657895
761 297 24 40 0.98246646
397 200 26 43 0.9869735

