43_Row_Boat_Canoe_43_784
58
212 471 37 54 0.010071015
1011 210 8 11 0.010493423
356 462 27 19 0.011059668
356 291 6 6 0.011235822
359 366 23 19 0.011308006
322 287 6 7 0.011638713
3 519 19 34 0.011767691
179 463 20 21 0.012079485
427 475 23 16 0.0130150495
345 290 6 7 0.01388406
359 467 20 29 0.013940187
204 467 23 20 0.014293849
190 471 20 22 0.014505644
141 507 23 17 0.014733258
352 364 22 20 0.015319555
648 465 25 16 0.015674526
2 529 39 55 0.015697733
661 437 11 9 0.016207822
375 291 5 6 0.017125322
656 436 23 16 0.017517786
216 479 23 21 0.017558407
19 553 42 57 0.01797023
396 422 26 17 0.019487556
144 498 12 11 0.019767301
33 542 21 31 0.020090226
311 279 6 7 0.02067963
615 435 6 9 0.02127684
673 435 12 9 0.023388159
7 538 18 34 0.023806676
2 661 24 105 0.024984177
175 460 19 30 0.02586531
6 534 28 41 0.026892891
312 287 6 7 0.027091086
601 419 8 10 0.027131058
402 426 16 20 0.027183784
3 570 18 34 0.029388562
322 280 6 7 0.029745298
220 440 23 20 0.030887285
392 465 27 16 0.033817586
209 473 21 22 0.036256045
187 465 20 22 0.041253578
357 358 21 31 0.043286167
661 445 26 18 0.044641178
609 421 6 9 0.044912145
659 446 15 19 0.054902095
231 502 31 38 0.063773334
20 535 39 55 0.08042683
665 434 25 16 0.08549318
221 477 21 31 0.08832154
194 460 19 30 0.0964111
137 495 23 18 0.1145266
579 186 20 58 0.11691788
220 434 25 20 0.14371845
207 467 20 32 0.2709336
655 440 21 29 0.2916899
398 422 20 29 0.61468667
224 428 19 34 0.7812653
353 457 22 31 0.84154135

