43_Row_Boat_Canoe_43_438
23
595 162 7 13 0.011330402
289 400 9 6 0.011337071
678 394 13 18 0.012031166
806 182 6 7 0.013418693
450 402 34 12 0.015776267
416 180 6 10 0.018594537
931 112 8 11 0.019093836
989 79 22 18 0.019382255
158 243 7 10 0.02134385
939 93 12 18 0.02354778
305 385 8 7 0.026944436
294 389 7 7 0.027322466
751 352 25 19 0.027962435
941 95 9 12 0.029278154
154 245 7 10 0.03160803
261 386 8 6 0.045565523
419 352 21 21 0.051549982
936 94 12 18 0.052035835
306 374 6 6 0.053859398
937 96 9 12 0.08884146
761 348 22 28 0.2156537
747 343 31 34 0.7149594
425 346 20 30 0.9213825

