43_Row_Boat_Canoe_43_458
161
186 326 5 7 0.010570614
772 429 12 17 0.01097877
532 417 5 6 0.011146064
611 394 5 6 0.011212786
311 372 5 5 0.012055585
665 452 6 8 0.012217348
56 307 7 6 0.012825029
728 468 7 10 0.013160073
260 326 5 6 0.013291373
435 355 5 6 0.013365965
553 418 5 7 0.0134223625
868 448 8 12 0.013729918
629 454 6 7 0.014007597
800 467 8 9 0.01418473
198 324 4 6 0.014771141
261 357 5 5 0.015257502
772 424 7 8 0.015416517
691 453 7 8 0.015770063
241 254 6 8 0.015845368
789 423 12 15 0.016338365
71 318 7 8 0.016501851
741 467 8 9 0.016731292
684 415 12 15 0.016802127
581 393 5 7 0.016803317
758 469 9 9 0.016848745
597 393 5 7 0.016978193
821 472 9 11 0.016989546
577 401 11 16 0.017503947
343 387 5 5 0.018168539
425 341 5 7 0.019672027
469 418 5 6 0.02172937
311 357 4 5 0.0223908
263 342 4 5 0.022530276
294 356 4 5 0.024124147
389 356 5 5 0.024210399
754 435 8 9 0.025628198
614 434 5 7 0.025975665
406 404 5 6 0.027316308
326 330 5 6 0.028017374
326 373 5 6 0.028576847
784 448 8 10 0.028691633
674 452 7 8 0.029012859
834 444 11 18 0.029123422
791 467 8 10 0.029745365
725 418 12 15 0.03039835
37 293 6 7 0.030976102
385 343 6 6 0.031093318
806 450 8 11 0.03241357
836 436 7 12 0.033145767
196 291 4 6 0.033280514
742 418 12 15 0.033358153
280 356 4 5 0.034097333
642 434 6 8 0.03450893
212 310 5 7 0.03556201
439 403 4 5 0.03568458
375 385 5 5 0.03593366
311 330 5 6 0.035939522
409 359 4 6 0.038430363
227 327 5 6 0.038850542
16 304 6 7 0.039889887
327 356 5 5 0.040200382
420 358 5 6 0.040212106
281 339 4 6 0.042461637
79 310 6 7 0.043392763
392 385 5 6 0.044840787
358 385 6 6 0.04498387
423 403 5 6 0.045902703
737 445 8 11 0.047548834
214 326 5 7 0.04759216
500 418 5 6 0.04957843
769 469 8 10 0.05078755
360 343 4 6 0.051642276
520 416 5 7 0.053383168
192 276 5 7 0.055544563
49 291 7 7 0.05571152
487 417 4 6 0.056320235
470 376 4 5 0.057201996
358 354 5 6 0.05756553
196 310 5 7 0.057929784
706 431 8 9 0.05829912
245 323 5 6 0.058794815
183 288 4 8 0.05934451
342 357 5 5 0.061589845
789 428 12 16 0.06311805
342 373 5 5 0.06335928
633 408 5 7 0.063808985
723 432 7 10 0.06406746
697 433 7 9 0.06505429
739 438 8 10 0.06668095
71 310 6 7 0.06695353
776 451 8 10 0.068506286
707 419 12 15 0.070565335
886 422 10 13 0.0791068
438 374 5 6 0.08321555
580 416 5 8 0.08341816
453 374 4 5 0.08637784
803 435 7 11 0.08780675
835 446 9 14 0.08805729
7 304 6 9 0.09339596
570 418 6 8 0.09770251
360 376 4 6 0.09861622
338 342 5 5 0.1004614
403 388 5 5 0.100715555
483 377 5 5 0.10260901
293 329 4 6 0.10317199
21 294 6 9 0.10859511
506 375 5 7 0.111147575
418 373 5 6 0.111593306
279 325 4 5 0.11513126
370 355 5 8 0.12578894
314 338 4 6 0.13029939
438 390 5 5 0.13663502
374 375 5 7 0.13842861
292 338 5 5 0.14146733
678 435 7 8 0.15454994
422 386 5 5 0.162591
614 415 6 8 0.16543297
561 394 7 8 0.17663047
376 342 5 7 0.18286295
389 373 5 7 0.18336464
774 431 8 11 0.18531275
408 372 5 7 0.1923063
791 425 9 11 0.19361623
682 418 7 9 0.19382723
457 401 4 5 0.20017956
819 424 10 13 0.21374524
455 392 5 6 0.2184372
322 338 5 6 0.22417857
182 278 5 8 0.23337686
485 391 5 6 0.24331275
521 390 5 7 0.27322748
472 393 4 6 0.29624677
600 413 5 9 0.30408642
530 390 6 8 0.32558036
511 374 6 7 0.32985157
551 398 6 8 0.33136076
502 390 5 6 0.3372122
643 413 6 9 0.3386011
470 400 4 5 0.34092373
504 401 5 6 0.36745137
488 401 4 6 0.3764882
516 403 5 6 0.3789755
563 399 6 10 0.390233
749 420 9 12 0.3904329
531 404 6 7 0.44610554
848 425 10 15 0.4537925
545 393 6 9 0.46374673
639 409 7 10 0.48431316
660 414 7 10 0.4999398
819 427 10 14 0.5014842
790 429 9 12 0.51345855
598 404 6 9 0.5282255
744 420 8 11 0.5288931
728 421 8 11 0.5735443
686 416 8 11 0.62031114
661 407 7 9 0.6618126
580 404 6 10 0.6709414
627 415 6 8 0.6804571
884 426 12 17 0.7049903
613 401 6 9 0.716857
709 421 8 11 0.7798752

