43_Row_Boat_Rowboat_43_341
22
467 120 11 7 0.011458195
425 115 10 13 0.012008561
450 113 8 8 0.012063295
514 99 9 7 0.012726655
560 32 52 44 0.014423125
436 206 6 8 0.0145833595
446 97 13 17 0.014747531
560 49 60 42 0.016429247
699 32 53 46 0.017297631
430 116 11 13 0.021029782
440 98 7 8 0.024106102
399 225 8 7 0.024323234
466 98 9 7 0.025877485
688 28 85 59 0.027940312
435 200 7 8 0.054205343
80 41 69 74 0.077620834
86 57 50 57 0.08087191
390 226 8 8 0.08334094
332 201 10 16 0.10106988
449 101 8 8 0.2114378
328 197 13 19 0.5684868
424 112 19 22 0.75055206

