43_Row_Boat_Canoe_43_538
78
485 521 12 7 0.010187121
639 437 9 5 0.0101953605
708 452 12 8 0.010307104
643 457 11 4 0.010484648
688 450 12 6 0.010565383
513 519 18 6 0.010790379
451 449 8 5 0.010924255
486 500 10 7 0.011395857
708 419 14 17 0.01160161
898 391 9 6 0.011739106
470 450 7 7 0.011825963
611 389 6 5 0.012133245
726 464 33 12 0.012660413
591 469 12 5 0.012828501
595 388 6 5 0.012847313
803 457 11 4 0.01361288
785 457 11 5 0.013724547
882 404 10 7 0.014129938
870 359 7 7 0.014399285
734 402 8 7 0.015166512
871 387 10 7 0.015477992
492 401 14 15 0.015967622
515 452 7 6 0.01599765
454 387 7 6 0.016412666
595 441 7 5 0.01682919
624 451 11 5 0.016986847
531 455 7 6 0.01730264
881 375 9 7 0.018104404
704 427 22 16 0.018130042
549 389 6 5 0.01951366
818 456 11 5 0.02022206
498 456 7 5 0.02082225
512 405 6 6 0.020962665
592 502 18 7 0.021056652
514 437 6 7 0.022137318
497 432 7 7 0.022863107
582 390 5 5 0.02645989
880 385 10 7 0.027011476
487 488 9 7 0.02708069
710 423 9 10 0.031446364
564 386 5 5 0.03223486
585 498 31 12 0.03352987
466 389 7 7 0.03486943
492 520 15 7 0.03648682
577 441 7 5 0.040105786
722 391 8 8 0.040485047
582 468 9 7 0.041536797
565 453 7 6 0.048932012
717 399 14 15 0.053154368
673 448 11 6 0.05394187
486 434 7 7 0.055907357
361 442 8 8 0.05594483
361 445 8 9 0.056126166
495 501 12 7 0.05703751
709 430 11 9 0.06529809
614 441 8 5 0.067895725
495 393 6 6 0.06842223
487 418 7 7 0.06982239
553 440 6 6 0.07084095
579 451 8 5 0.07185594
368 446 8 8 0.07837858
611 452 10 6 0.07909914
595 450 10 5 0.0837893
550 448 7 7 0.09831732
628 440 9 5 0.09857895
481 454 7 7 0.09951235
367 442 8 7 0.11056352
488 393 6 7 0.13274758
470 436 6 6 0.13803224
562 427 7 5 0.14754283
563 432 7 6 0.15053587
486 400 13 17 0.17191352
707 389 13 18 0.1725073
709 391 10 12 0.17853233
496 404 8 8 0.23115999
721 401 9 9 0.23820299
487 403 9 10 0.44505176
710 394 13 17 0.5762496

