43_Row_Boat_Rowboat_43_13
34
534 1 34 11 0.010123586
529 8 40 10 0.010127022
478 12 17 5 0.010157626
390 426 30 14 0.010187535
416 35 18 5 0.010676212
511 2 13 5 0.010721569
354 13 16 6 0.010804934
671 3 14 6 0.0113432985
449 2 14 5 0.011519269
317 1 14 5 0.0117864655
355 11 35 11 0.012011651
365 15 18 5 0.013019266
543 3 18 7 0.013478695
431 14 16 6 0.013563661
687 2 14 6 0.014524443
641 2 12 6 0.014618919
288 2 15 6 0.015529813
386 3 15 5 0.015921446
496 2 13 6 0.016220447
527 2 17 6 0.016592033
399 2 13 5 0.017023647
434 409 11 7 0.01781086
429 34 17 5 0.01843392
367 2 15 6 0.01981859
431 0 13 5 0.022693997
305 2 16 6 0.02341165
419 412 12 6 0.023713995
465 12 17 6 0.025399312
416 17 14 6 0.026598347
478 4 14 6 0.027058166
467 4 15 6 0.027899636
417 2 13 6 0.0286801
467 342 21 31 0.1737166
470 338 28 36 0.93960506

