43_Row_Boat_Canoe_43_1048
48
130 436 6 7 0.010017514
52 374 5 7 0.010224436
37 372 5 7 0.010555802
21 355 4 8 0.011047361
981 405 6 7 0.011302218
868 212 29 40 0.01158109
885 174 40 58 0.011806771
38 340 4 6 0.012038156
950 406 6 9 0.012349109
86 357 5 6 0.012495317
69 373 5 7 0.012738398
114 389 5 8 0.013186567
930 392 5 8 0.013698616
67 357 5 6 0.013829425
964 389 5 7 0.014388413
101 423 5 7 0.014930329
998 372 6 8 0.014967116
115 433 5 7 0.015153996
104 433 5 7 0.015794097
1016 338 5 10 0.015845614
66 402 5 8 0.01595481
947 372 6 9 0.01596438
998 342 6 7 0.01603369
893 153 30 38 0.01653365
40 356 4 7 0.016567016
85 420 5 7 0.017131831
324 244 47 56 0.017317493
101 388 5 7 0.017572042
969 370 6 8 0.017802939
929 398 7 11 0.018370127
3 355 5 10 0.018404335
101 402 6 7 0.01884652
85 388 5 7 0.020454898
978 369 6 8 0.02084067
87 371 5 6 0.021530442
532 307 39 61 0.021745797
977 359 6 7 0.021780536
86 406 5 7 0.029409468
57 403 6 9 0.029445853
106 357 5 8 0.033549253
68 390 5 7 0.034661207
870 182 37 61 0.069055624
567 239 44 89 0.46454126
661 259 58 78 0.5050016
333 234 54 80 0.5864324
765 217 51 90 0.63083863
438 276 48 67 0.777661
208 207 57 83 0.826004

