43_Row_Boat_Canoe_43_429
61
631 397 14 17 0.010223737
469 372 9 11 0.010244545
561 390 8 6 0.010567103
610 368 14 16 0.010882446
531 401 11 8 0.0109203905
454 357 9 9 0.011341897
771 309 8 6 0.012348539
467 367 13 19 0.012444619
663 324 8 7 0.01254081
554 271 33 13 0.012742339
787 296 8 6 0.0134808635
900 280 6 8 0.013869822
755 310 7 6 0.013985999
645 384 14 16 0.0147078
487 372 8 9 0.0154900495
889 289 6 8 0.015970755
546 386 9 7 0.016088564
456 436 9 9 0.016150508
593 439 9 8 0.01709561
640 312 10 6 0.017220361
739 372 7 9 0.017242398
581 387 7 6 0.018025612
739 296 6 7 0.018545523
338 319 22 20 0.018877316
543 369 14 16 0.020191917
518 388 8 7 0.020462885
712 384 7 8 0.02067545
743 305 6 7 0.02101645
562 370 7 7 0.02122183
647 375 8 6 0.022810765
583 375 7 6 0.024352143
531 392 8 7 0.025570339
727 321 6 6 0.027061524
726 308 5 6 0.028464839
754 295 8 7 0.028614018
561 356 7 7 0.030035721
458 431 23 17 0.030550016
632 400 11 10 0.03092034
629 440 8 7 0.03115601
547 358 7 6 0.033553466
466 435 10 9 0.034321528
624 357 8 6 0.037612207
597 383 8 8 0.038579483
497 369 7 9 0.041233655
610 385 9 8 0.051015526
519 372 7 7 0.052015156
614 360 8 6 0.06080607
624 374 9 7 0.060832478
652 383 14 16 0.06275115
636 398 15 16 0.07437946
528 372 8 8 0.07720984
647 387 9 8 0.10497801
628 387 8 8 0.11210498
639 400 11 11 0.11840131
655 385 9 11 0.12734796
613 372 8 8 0.1404683
597 376 7 7 0.151354
660 371 8 8 0.24182469
546 372 8 8 0.25282973
341 314 17 33 0.50282115
346 312 18 33 0.87780774

