43_Row_Boat_Canoe_43_325
155
412 423 25 16 0.010097044
577 400 20 27 0.010323567
450 419 11 9 0.010452605
544 431 22 18 0.010832864
159 395 9 9 0.010868678
399 386 22 18 0.0109853055
208 389 9 10 0.011007085
551 423 10 11 0.011362073
698 432 21 20 0.011372303
260 401 14 17 0.011411005
598 393 13 17 0.011464111
436 403 14 16 0.0117577575
431 342 7 9 0.01257208
996 360 15 31 0.012606085
604 390 13 18 0.012693358
550 420 14 18 0.012727573
680 376 7 10 0.012846562
803 409 10 10 0.013029838
408 388 22 18 0.013599045
501 402 14 17 0.013729705
263 405 9 10 0.013859803
161 338 8 11 0.014148795
311 354 12 18 0.014412276
326 395 8 10 0.014796206
690 373 8 11 0.014860487
568 394 8 11 0.015189925
406 391 9 9 0.015207041
245 385 13 17 0.0154886255
686 369 13 18 0.015616209
315 354 12 17 0.015786739
141 374 13 17 0.01596958
769 382 12 18 0.016124692
512 390 10 10 0.017132387
914 411 8 10 0.017760448
607 393 8 11 0.017863967
905 404 7 13 0.018059745
373 326 11 20 0.018129125
381 340 11 21 0.018622939
180 374 14 17 0.018791366
791 365 6 9 0.020573819
272 380 9 9 0.020628298
384 344 7 11 0.02138187
560 424 10 11 0.021508418
903 401 12 20 0.022129288
255 377 14 16 0.022760056
201 406 21 19 0.02390687
600 396 9 10 0.024776502
150 405 9 9 0.024803966
435 424 11 9 0.02499437
505 402 21 18 0.025333995
419 351 12 18 0.026162814
566 403 14 17 0.026354061
618 418 23 18 0.026514864
512 407 10 10 0.026569325
341 405 9 11 0.026847072
699 395 17 28 0.028382702
440 394 8 9 0.028591435
611 400 20 27 0.02899577
428 422 23 17 0.029030764
492 373 23 26 0.029072525
121 456 26 16 0.029190747
573 390 14 16 0.02926518
161 330 7 9 0.029466553
788 368 12 18 0.030215455
382 375 14 18 0.03352424
381 350 12 20 0.03378398
192 377 10 11 0.035681684
182 376 9 11 0.036304202
577 392 9 11 0.037705578
384 354 8 12 0.037831824
226 349 8 9 0.038019314
247 389 9 10 0.03819499
457 406 24 16 0.039850995
338 401 13 18 0.04035134
503 406 9 10 0.040472098
130 381 12 17 0.04062779
144 378 8 9 0.040917505
386 378 8 11 0.041676797
993 352 17 31 0.04200067
189 375 13 17 0.042267043
479 408 9 9 0.04612793
567 406 10 11 0.046399098
496 382 14 17 0.04721736
131 374 12 19 0.048255544
258 380 9 10 0.048369683
499 386 9 11 0.051248576
374 332 11 21 0.05129954
657 350 11 19 0.053063214
261 387 10 10 0.053450603
917 420 9 14 0.054683615
554 421 21 19 0.05506364
376 330 6 11 0.05534769
145 386 14 17 0.055910796
544 355 12 16 0.05653333
469 348 8 9 0.060186733
594 350 12 18 0.06108094
699 396 14 19 0.062650174
466 349 12 19 0.064496756
498 377 9 11 0.06533495
424 345 7 10 0.06612377
386 386 9 12 0.067032024
256 383 20 19 0.067074545
375 336 7 13 0.06768875
184 383 13 18 0.068108074
773 381 6 9 0.07009533
468 352 8 13 0.0708193
446 388 14 16 0.07611132
796 407 21 19 0.07661658
607 405 10 12 0.07776663
322 396 20 27 0.07863257
274 388 11 11 0.07948851
438 407 9 8 0.082828835
447 404 22 17 0.085176915
148 390 8 11 0.0874983
902 382 11 22 0.08863846
386 368 19 31 0.09486465
465 410 11 8 0.096490204
495 374 13 18 0.09703147
904 386 7 14 0.09962806
225 349 12 18 0.104592435
597 349 6 9 0.10544354
383 382 13 19 0.11100251
416 433 23 18 0.111026
918 418 21 20 0.12081476
268 384 21 19 0.12234915
772 385 7 10 0.12318904
133 377 7 12 0.12391633
599 400 13 16 0.13408794
660 348 6 9 0.13594137
600 402 10 11 0.14701521
452 409 11 9 0.1534874
323 404 10 13 0.1594236
318 356 7 11 0.15952472
449 392 10 10 0.16142394
905 380 6 10 0.16547921
604 402 14 18 0.18319273
314 357 7 9 0.20682693
422 353 7 11 0.21770903
690 361 7 9 0.21884948
132 384 8 11 0.23807433
577 406 11 12 0.23993905
689 391 19 21 0.25943476
790 370 7 11 0.27074385
227 352 8 12 0.27628163
574 404 15 16 0.28108704
596 352 8 12 0.28777173
915 418 14 20 0.31942448
659 352 7 12 0.3725564
132 358 6 9 0.39444348
692 394 19 22 0.41376522
547 357 8 11 0.4333589
188 383 15 17 0.52736306
796 413 21 21 0.53353596
321 401 13 19 0.5841761
991 362 14 20 0.69336057

