43_Row_Boat_Canoe_43_251
44
604 247 25 16 0.010079447
880 166 18 5 0.011032061
893 164 17 6 0.011267215
347 224 40 29 0.011333511
864 171 16 5 0.011563207
387 247 24 26 0.0119015165
763 204 21 6 0.012011525
775 247 36 11 0.012787268
862 156 14 6 0.012813522
847 167 15 5 0.0128619
688 172 16 5 0.012865946
585 223 22 18 0.013341351
783 203 21 6 0.013441097
754 204 18 8 0.014090515
470 246 22 21 0.014878102
725 177 34 11 0.01570144
669 167 14 5 0.016242543
534 144 28 13 0.016656281
551 236 12 18 0.017447585
340 229 38 10 0.017635623
733 179 21 7 0.017752273
616 277 25 16 0.017941752
846 182 17 6 0.01798662
357 230 37 11 0.019750945
552 240 9 12 0.021474304
775 199 36 11 0.021728788
848 158 14 6 0.026257275
542 146 15 8 0.030274397
578 247 11 8 0.03222785
308 229 61 42 0.032531414
341 233 54 42 0.033573266
314 213 74 63 0.03520907
755 201 34 11 0.0365926
750 201 28 13 0.037140723
595 188 21 19 0.039170664
349 238 40 30 0.04038639
553 234 10 13 0.04250723
571 242 25 16 0.04347445
602 177 20 25 0.04375991
555 230 14 16 0.059426475
558 232 10 11 0.075609684
551 232 14 18 0.079763494
597 179 19 21 0.48413196
461 242 19 31 0.8293667

