43_Row_Boat_Canoe_43_942
143
559 373 10 8 0.0100305835
344 274 7 7 0.010036419
56 279 32 12 0.010116746
392 481 23 19 0.010133348
327 277 6 6 0.010278818
332 478 25 16 0.01043905
988 413 13 17 0.010455984
977 495 10 9 0.010538753
323 374 8 7 0.010665665
48 260 12 6 0.010822552
822 399 14 16 0.010823972
984 265 6 6 0.011070109
805 346 7 6 0.0112506375
310 342 26 14 0.011262028
424 247 5 6 0.011420218
329 494 25 17 0.011467916
319 344 11 8 0.011587642
373 277 6 6 0.011665043
19 258 35 11 0.011698401
312 384 9 9 0.011863078
65 281 16 6 0.011959864
466 437 30 15 0.012212475
355 277 7 7 0.01227723
768 364 23 16 0.012383884
657 424 14 6 0.013089337
17 263 14 7 0.013132025
298 466 25 16 0.013208911
282 340 25 14 0.013231852
97 265 8 6 0.013759314
261 258 5 6 0.013986071
120 268 24 17 0.014070108
337 342 9 6 0.0140853105
633 143 7 8 0.014109759
394 258 5 7 0.014466462
951 479 8 10 0.014522027
349 465 23 16 0.014595206
543 336 25 15 0.014709175
79 506 49 51 0.014843581
404 275 6 8 0.014982131
994 380 18 29 0.015020885
319 352 11 9 0.015182281
979 273 8 5 0.01529463
339 375 7 6 0.0154637415
545 360 12 8 0.015840165
250 319 27 13 0.015862681
982 414 13 17 0.016047569
702 426 13 6 0.016062733
260 351 11 9 0.016155738
346 482 26 16 0.016374715
4 259 10 7 0.01650583
805 370 8 6 0.016906621
549 333 29 14 0.016928922
291 357 12 8 0.016983686
30 261 16 6 0.017127112
386 510 21 31 0.017274398
835 361 8 5 0.017777758
135 343 9 7 0.017934611
225 264 6 6 0.018429272
897 424 7 6 0.0189571
266 348 22 17 0.019059991
311 347 23 18 0.019272976
255 342 25 14 0.019275403
408 152 6 8 0.019459574
446 483 24 17 0.02043807
1004 394 13 18 0.020742634
213 343 9 7 0.021061204
303 342 24 14 0.021268237
236 316 24 15 0.021796916
339 399 9 7 0.021956433
321 384 9 8 0.02260649
191 341 9 7 0.023024369
475 454 19 29 0.02305993
775 368 9 8 0.023157245
304 347 22 17 0.023203645
785 368 9 7 0.02433894
285 355 23 16 0.024375316
310 351 11 9 0.02549501
372 457 14 19 0.025624841
909 467 18 30 0.025845613
991 417 8 9 0.026461476
478 468 23 18 0.027072305
262 342 26 14 0.027207637
831 400 9 8 0.028026091
1007 397 10 12 0.028249929
823 387 9 6 0.028343845
279 259 6 6 0.028809747
818 360 9 5 0.028811218
526 320 14 7 0.029132934
374 459 25 18 0.02991311
549 371 10 9 0.030882806
837 372 7 6 0.032785166
403 256 6 6 0.034554746
455 474 20 29 0.036862466
353 321 9 7 0.037401658
467 439 15 20 0.03825028
1007 389 9 11 0.03930663
387 484 20 31 0.041073974
287 368 12 10 0.041381683
248 257 5 7 0.042288747
548 383 9 9 0.04254403
144 344 9 7 0.0428045
984 417 9 9 0.04629186
309 344 12 9 0.046469554
177 338 10 8 0.048511848
278 370 10 11 0.04866202
261 345 13 8 0.052956946
425 259 5 8 0.05335707
402 250 5 7 0.056770686
273 351 10 10 0.05817064
818 372 9 6 0.05881696
847 371 10 8 0.06551259
372 451 15 19 0.066163555
801 357 8 6 0.06735202
242 319 13 8 0.06785446
276 367 14 17 0.06872302
1004 386 13 19 0.0691408
258 322 13 8 0.06961291
270 346 13 8 0.074440494
290 342 11 8 0.07790804
280 364 22 18 0.084007435
788 356 8 6 0.08414747
774 356 7 6 0.09329729
757 359 7 6 0.09413965
339 391 8 7 0.094156064
998 396 11 13 0.09578589
165 336 11 8 0.10075267
824 402 9 9 0.10414021
268 383 11 13 0.12175288
998 393 13 18 0.12862456
998 390 11 12 0.13249554
834 385 15 14 0.13668719
375 450 24 19 0.13791804
479 470 22 29 0.19011907
369 450 20 29 0.2018245
464 429 16 32 0.2202764
368 509 20 32 0.23233604
997 388 14 17 0.2587402
182 475 24 28 0.34187576
463 436 22 20 0.3986777
176 475 23 30 0.43126705
836 387 10 9 0.58277714
263 381 14 16 0.6109286
911 458 20 34 0.8240693

