43_Row_Boat_Canoe_43_726
21
291 298 20 30 0.010100193
192 418 32 39 0.010465634
214 400 13 22 0.010613575
355 441 27 43 0.010992752
366 458 23 18 0.011845745
282 313 24 19 0.012409489
192 342 15 17 0.014681039
289 311 19 34 0.014847251
515 460 101 156 0.014988247
554 446 60 93 0.015076714
285 306 27 42 0.015276329
327 318 19 33 0.01576057
486 402 41 60 0.015934085
515 425 99 133 0.015967114
507 324 19 33 0.025615903
532 439 64 94 0.026479071
287 307 24 19 0.026557742
187 410 42 56 0.027583484
193 350 14 13 0.0373206
494 326 18 35 0.1802309
190 345 20 21 0.8464937

