43_Row_Boat_Canoe_43_93
27
126 18 13 19 0.010860763
85 55 6 7 0.0117135765
129 35 7 8 0.012157984
72 42 7 7 0.0124747995
81 39 6 7 0.012598271
181 30 8 11 0.012724541
359 24 9 9 0.012773755
592 350 51 47 0.012957353
632 244 29 16 0.013117351
491 372 59 44 0.014226585
934 435 8 11 0.014653138
176 21 13 17 0.015996434
104 34 6 8 0.016364425
691 69 7 8 0.016866533
168 20 7 9 0.017642984
898 437 6 10 0.020236176
373 26 9 9 0.021788584
513 48 46 58 0.024863621
592 326 63 84 0.029767124
130 22 7 10 0.03175737
533 49 43 60 0.03485326
694 324 9 10 0.035456974
120 35 6 9 0.039340235
516 42 55 84 0.0405187
178 24 9 11 0.05379416
627 254 23 18 0.15403
634 251 22 27 0.6903861

