43_Row_Boat_Rowboat_43_907
21
421 159 19 28 0.010262081
196 162 15 22 0.010338446
520 75 57 88 0.010359544
824 190 24 26 0.010413429
797 148 28 35 0.013830017
196 164 25 18 0.018932052
191 156 24 18 0.020491483
604 81 43 59 0.023741737
610 66 41 57 0.035255525
193 149 18 32 0.040455893
426 184 25 16 0.059390865
798 162 24 20 0.06901825
504 146 21 27 0.07234235
812 196 24 28 0.07946078
383 131 28 43 0.13072701
367 128 25 49 0.20479862
406 149 26 20 0.21381606
411 144 20 30 0.7189925
803 158 21 31 0.75647056
193 157 20 32 0.7947724
496 143 21 31 0.8336471

