43_Row_Boat_Rowboat_43_839
25
950 343 5 8 0.010165689
997 345 5 8 0.010264329
963 326 4 9 0.011558841
969 278 4 8 0.012718642
355 253 8 13 0.013832685
982 310 5 8 0.014501284
953 309 4 9 0.01454654
977 341 6 7 0.015322419
881 309 5 9 0.015620814
336 296 5 11 0.018870186
854 387 7 8 0.019996297
801 365 6 6 0.02212253
962 310 5 8 0.022563795
980 277 5 8 0.024637712
789 373 5 5 0.025266923
803 371 5 6 0.026696479
1016 276 5 12 0.026974443
865 358 7 8 0.042960443
1012 311 6 11 0.048793957
965 339 5 9 0.05957611
178 355 6 8 0.06253011
1002 279 4 9 0.08110988
356 245 8 14 0.35084894
354 242 12 20 0.80110073
524 253 82 109 0.986914

