61_Street_Battle_streetfight_61_4
22
669 25 12 25 0.010241398
799 0 22 23 0.01077209
785 0 20 29 0.012263245
151 147 30 84 0.012863506
667 16 17 35 0.014019127
8 0 86 132 0.015181232
825 0 24 33 0.019861884
4 231 41 128 0.02056274
153 171 32 83 0.02204165
21 0 51 103 0.022885095
840 522 54 90 0.024113355
4 252 33 77 0.02502925
863 556 38 68 0.027958993
706 173 28 47 0.02853208
791 4 24 20 0.036778536
308 136 53 95 0.048967462
856 542 37 72 0.06800613
679 182 40 59 0.19642286
694 177 39 57 0.30087602
800 0 38 28 0.73182833
818 0 35 31 0.93737614
379 32 59 99 0.9425314

