61_Street_Battle_streetfight_61_936
28
829 244 94 60 0.0105774235
674 324 23 31 0.010728263
351 315 38 55 0.01083688
941 187 83 202 0.011222125
946 178 43 55 0.011926665
358 343 30 42 0.0121079525
494 225 30 42 0.013191426
472 200 56 78 0.013990109
194 258 27 41 0.014236491
944 254 80 183 0.014260904
964 220 46 123 0.014607137
486 252 30 40 0.016388068
505 238 29 42 0.016632954
879 238 45 54 0.018332345
862 239 44 53 0.01955012
356 321 29 39 0.020066883
959 182 51 103 0.021046232
984 332 38 72 0.024410482
353 336 39 59 0.028135594
483 240 40 57 0.035385974
963 300 46 111 0.04162892
706 324 30 39 0.04579696
963 246 38 65 0.07708209
665 314 40 53 0.09621051
130 261 31 43 0.11615703
128 264 39 56 0.55572474
500 216 33 60 0.83600694
833 385 34 39 0.88479054

