61_Street_Battle_streetfight_61_50
26
69 72 58 85 0.010472238
100 92 26 46 0.010622736
73 109 28 80 0.011061823
518 149 25 50 0.011284642
420 94 32 66 0.011625836
556 140 17 39 0.011869177
189 15 56 85 0.011908624
452 125 45 90 0.01269442
344 108 34 68 0.014132011
192 18 39 58 0.014442728
413 149 24 53 0.015035164
396 119 26 50 0.015185832
842 185 65 87 0.01560563
445 125 32 74 0.016628003
891 172 62 89 0.017322954
534 128 53 86 0.017622756
94 85 35 65 0.01897077
823 171 35 75 0.019419035
197 91 28 15 0.029276067
514 124 32 70 0.037562523
547 142 30 71 0.04576642
408 111 45 96 0.048780624
410 137 33 71 0.052761987
393 108 33 70 0.05691649
408 116 32 71 0.18772298
454 144 30 67 0.8968166

