61_Street_Battle_streetfight_61_913
27
331 489 18 31 0.01174765
121 271 50 98 0.0120107345
832 312 107 121 0.012234145
926 112 97 160 0.012866478
895 137 41 69 0.013103012
952 124 55 107 0.015294393
149 487 8 12 0.01545855
901 179 74 94 0.015851393
127 75 60 87 0.015889218
27 65 28 78 0.016296139
848 340 77 81 0.018084329
240 473 10 12 0.018128702
330 490 24 17 0.018435732
14 74 13 49 0.018913126
168 470 8 12 0.021149551
228 474 8 11 0.021990974
123 66 37 64 0.024365218
14 68 19 62 0.025088657
995 109 23 52 0.026647372
123 317 47 52 0.028617073
175 472 8 11 0.037446532
903 142 71 93 0.05473693
892 131 103 130 0.08936855
143 463 10 15 0.15510188
124 301 41 58 0.17702046
141 459 12 16 0.17912582
234 307 25 42 0.54207677

