61_Street_Battle_streetfight_61_430
224
172 463 12 12 0.010066025
847 432 14 18 0.010071619
562 452 9 8 0.01009803
606 452 10 8 0.0101094665
204 465 14 10 0.0101255495
916 587 26 18 0.010160014
1012 366 11 23 0.01035327
521 474 24 17 0.01041222
407 435 10 10 0.010458575
479 454 13 11 0.010477122
133 453 13 10 0.010489978
36 454 12 11 0.010551823
816 486 12 12 0.010567118
939 443 29 14 0.010632483
323 434 10 9 0.010721225
568 465 25 18 0.010856148
793 454 19 18 0.010863702
428 449 24 16 0.010913939
295 452 21 18 0.010916781
161 421 10 8 0.010968306
1015 451 9 12 0.011089743
744 27 24 18 0.011104537
430 481 13 12 0.011177299
92 496 22 17 0.011278929
550 431 8 7 0.011287979
70 447 20 25 0.011289314
141 457 27 15 0.011365909
762 457 21 19 0.011385381
984 538 25 53 0.011394245
173 451 14 15 0.011448051
181 485 12 11 0.01153509
175 451 11 10 0.0118445335
17 451 9 10 0.012036547
17 436 9 10 0.012253354
432 422 11 7 0.012575744
6 447 19 29 0.012703311
736 25 19 31 0.012718169
415 460 21 18 0.012784692
82 465 23 17 0.013017322
397 509 22 19 0.013191377
14 448 14 17 0.013341069
728 447 27 16 0.013401352
579 440 10 7 0.013430276
942 417 25 15 0.013454623
375 481 8 11 0.013646703
33 436 9 8 0.013854498
845 480 25 15 0.013914706
552 474 19 29 0.014051539
390 422 9 7 0.0140904365
407 424 9 7 0.014416957
636 455 19 28 0.0144700855
142 419 12 10 0.01451766
959 512 20 30 0.014571414
579 447 12 7 0.014685133
976 420 11 10 0.01483277
255 477 14 16 0.014852642
221 462 26 16 0.014977805
99 500 10 11 0.015030291
373 476 12 19 0.015057706
936 492 25 16 0.015121919
765 451 12 12 0.015491476
426 466 22 17 0.015591565
629 461 24 18 0.016013954
921 459 27 15 0.016125003
285 529 26 44 0.016674574
924 419 25 16 0.01679322
970 417 22 17 0.016844092
559 423 8 8 0.01718787
864 488 16 17 0.01791862
264 467 9 10 0.018184321
673 446 10 12 0.018202173
641 452 10 9 0.018567085
707 462 11 11 0.018661056
675 437 10 12 0.019289711
155 455 24 16 0.019639611
239 463 14 20 0.019984638
594 442 10 8 0.0201158
381 457 19 28 0.020281307
417 421 10 7 0.020536961
978 455 13 9 0.020619618
242 448 14 7 0.020752627
731 462 22 19 0.02102382
195 465 17 11 0.021289345
627 462 15 20 0.021509573
14 465 22 18 0.021534815
617 468 21 27 0.021614678
99 460 19 27 0.021795046
176 483 22 16 0.021817043
972 536 45 97 0.02198069
3 448 8 13 0.021997737
363 468 20 30 0.022285832
221 437 13 10 0.022452071
292 460 13 12 0.022821875
217 445 24 16 0.022892112
66 450 13 10 0.023237979
47 431 23 16 0.02326572
862 453 12 11 0.024092868
145 371 14 17 0.024368422
494 466 23 17 0.024781907
633 450 23 17 0.024991674
691 454 12 13 0.02734912
258 480 9 10 0.02838048
766 454 19 27 0.029349592
988 434 22 18 0.030025354
135 382 13 13 0.030614592
573 443 24 17 0.031072432
423 477 14 19 0.03119507
964 519 45 92 0.03139261
274 457 9 11 0.032148052
552 425 9 8 0.03259043
552 472 21 20 0.03259203
389 454 9 11 0.033113066
620 451 25 16 0.033351395
162 463 17 12 0.03372279
65 434 12 8 0.03397667
552 471 10 10 0.033987463
672 443 13 17 0.034440987
854 458 24 17 0.034909166
415 437 11 9 0.035637412
235 446 25 16 0.03596999
91 474 23 17 0.03599219
921 447 28 16 0.036045864
2 435 8 12 0.037258394
57 433 25 16 0.03732843
273 455 14 16 0.03807931
719 450 11 11 0.03845475
147 372 10 10 0.038763613
52 433 12 9 0.038882364
0 443 12 21 0.03897809
658 479 13 11 0.039266683
627 451 11 7 0.039847624
546 473 22 18 0.040222608
902 491 24 18 0.040279564
116 466 13 11 0.04065851
459 450 15 19 0.04179958
758 449 11 12 0.04191023
707 454 11 11 0.04281335
371 463 13 21 0.042853672
752 451 20 28 0.042968865
205 446 23 17 0.04339206
959 418 13 10 0.04490318
965 444 21 24 0.044933956
0 432 11 21 0.04887068
691 456 15 18 0.04969114
384 485 9 11 0.04982172
320 466 9 11 0.04989056
387 461 9 13 0.051747993
973 458 23 18 0.053419985
713 455 20 27 0.053950097
653 477 22 17 0.05610383
545 468 22 17 0.057328057
381 481 13 18 0.057721395
94 468 14 11 0.05945608
165 460 23 18 0.060928594
408 433 23 17 0.06097441
701 457 22 18 0.062269807
583 454 20 27 0.06417083
854 449 14 19 0.0656656
672 434 14 18 0.0666608
386 451 14 19 0.06811649
913 424 19 27 0.06817516
143 445 17 27 0.06996768
792 460 13 18 0.07322614
986 444 23 18 0.07527742
29 457 25 18 0.07553526
142 381 13 12 0.076802626
110 464 22 17 0.07763579
713 448 21 18 0.0784578
295 455 19 25 0.07941932
903 429 14 18 0.08013314
557 469 11 10 0.08341933
309 466 10 11 0.0839317
269 457 19 19 0.08738538
942 435 26 18 0.089685656
896 490 21 18 0.090461776
317 462 13 18 0.093419686
41 459 26 17 0.105528586
212 434 16 16 0.10595759
953 416 23 16 0.106356345
132 449 22 17 0.11188606
972 451 24 17 0.11242897
301 462 21 18 0.117719315
839 460 15 18 0.12517379
915 576 19 31 0.13193226
383 458 14 18 0.14885136
699 451 22 19 0.15043974
38 452 21 26 0.15285337
135 415 23 18 0.1546047
759 449 20 20 0.1551378
920 575 20 31 0.16101664
515 461 21 19 0.16853683
552 466 21 19 0.17227043
595 447 13 11 0.17975602
755 447 20 19 0.21520813
970 531 32 67 0.22610535
214 434 24 17 0.25713536
365 458 20 31 0.2643618
590 445 22 16 0.2656153
32 451 22 19 0.2660641
136 378 21 18 0.2750835
41 450 25 19 0.31225747
920 433 26 19 0.31856248
472 451 23 19 0.34462357
856 450 21 19 0.3582567
424 477 21 20 0.37996116
951 436 25 19 0.38720843
58 445 24 18 0.39401102
573 472 23 29 0.4026644
234 461 20 28 0.4132122
520 463 23 20 0.4299722
839 461 24 19 0.43257734
89 466 22 18 0.4343683
449 449 24 18 0.43478328
289 456 20 19 0.43802986
273 460 11 13 0.4383923
688 452 20 20 0.44091004
904 431 22 19 0.4904197
859 485 25 19 0.49950665
795 458 14 17 0.51991093
622 459 21 30 0.5225044
194 461 22 18 0.547545
159 459 23 18 0.6006122
911 388 15 19 0.61536807
135 450 24 20 0.6485405

