61_Street_Battle_streetfight_61_158
25
312 273 20 24 0.011317595
869 188 12 24 0.012315098
4 329 35 162 0.012629194
381 299 37 64 0.01604915
453 265 30 70 0.018575884
335 347 51 110 0.018587481
311 272 12 27 0.019552626
515 174 25 47 0.021264514
323 277 19 37 0.023408746
743 156 33 54 0.02350098
516 171 12 24 0.028297156
745 177 29 41 0.035896022
870 198 37 55 0.036637273
350 357 37 69 0.03700911
1006 170 17 24 0.041384246
305 264 17 36 0.04836839
747 171 22 22 0.048687834
519 163 17 37 0.09615011
886 194 27 45 0.10768689
1002 159 17 35 0.13880421
314 265 35 61 0.14128162
314 261 27 42 0.3058071
750 165 21 34 0.6646854
873 194 28 45 0.9208903
620 169 80 107 0.98752105

