61_Street_Battle_streetfight_61_276
48
635 45 27 19 0.011158673
583 35 26 17 0.012153992
585 26 17 35 0.012446922
943 33 24 20 0.0147099355
180 47 26 19 0.016114188
492 48 14 23 0.016913336
810 26 26 20 0.018163253
155 65 25 19 0.019484704
963 37 15 20 0.019561298
447 50 25 18 0.02291826
344 64 27 21 0.027471418
434 61 24 17 0.027693996
543 56 21 18 0.030046524
434 47 18 31 0.03164294
334 36 19 32 0.03295522
481 55 24 18 0.042061895
965 34 23 19 0.044829853
156 67 20 26 0.046459444
124 54 25 18 0.06030523
957 27 17 31 0.08064506
475 48 24 20 0.10871136
393 42 26 20 0.14329042
462 44 23 20 0.15423569
583 41 24 21 0.1593417
958 34 21 21 0.22005379
666 45 27 20 0.24840586
439 59 26 20 0.25579232
173 47 23 21 0.30964392
487 46 18 30 0.61398524
66 120 24 40 0.6261373
50 73 21 31 0.62927127
10 52 20 31 0.67320716
56 74 20 30 0.68264157
448 49 20 31 0.73541296
672 40 20 31 0.7902108
129 44 19 30 0.8135298
171 48 17 33 0.8260334
200 63 22 32 0.8355658
941 26 20 35 0.8614738
257 48 20 36 0.8786598
587 34 18 34 0.8790563
347 58 19 34 0.8870778
395 36 20 33 0.8960087
316 22 21 35 0.8973395
813 18 18 37 0.90945685
526 35 20 35 0.94133216
639 38 21 33 0.94704187
781 39 20 34 0.95124346

