61_Street_Battle_streetfight_61_12
27
448 240 27 47 0.011155522
1019 55 5 55 0.0118493335
441 208 32 69 0.013013556
830 121 50 98 0.013133675
22 136 46 72 0.013523946
66 184 28 44 0.013563565
99 235 21 40 0.014169728
521 293 56 85 0.014511345
721 97 76 118 0.016477656
219 327 22 29 0.019200368
2 147 25 109 0.021414096
60 174 37 59 0.023033926
261 230 18 34 0.023756374
741 129 42 79 0.028742312
260 247 17 34 0.03635668
443 231 35 67 0.037051354
257 282 21 21 0.04529939
505 214 20 37 0.05262813
407 199 47 91 0.47764447
745 116 58 90 0.7216041
265 276 18 32 0.7745352
10 121 61 114 0.8617794
494 208 28 43 0.91727495
225 260 27 40 0.9250414
92 222 33 53 0.9289652
597 156 69 82 0.9316078
159 241 27 39 0.97007316

