61_Street_Battle_streetfight_61_211
55
252 537 20 33 0.010565029
1005 590 19 23 0.0107950205
877 620 30 41 0.010869966
437 958 81 92 0.0112267835
900 569 23 32 0.011829023
338 461 43 56 0.01199598
770 658 40 60 0.012735029
227 527 21 34 0.013403791
8 520 16 37 0.013445473
770 193 74 92 0.013553336
117 877 40 58 0.013841624
871 547 40 53 0.014086416
873 569 32 37 0.015050389
1014 515 6 17 0.0153234685
87 522 32 34 0.016964972
89 550 31 38 0.017679509
224 538 22 36 0.018510422
888 565 24 20 0.019313514
870 562 41 53 0.01983246
191 528 20 35 0.020033363
873 624 40 49 0.020055907
303 937 67 88 0.022460565
961 565 21 19 0.02250187
332 468 27 45 0.023340344
354 556 19 34 0.023912078
962 529 12 19 0.02429104
337 446 40 57 0.026458902
967 563 22 20 0.02812941
963 556 21 31 0.03222826
988 612 26 48 0.036491185
969 609 37 63 0.049974244
335 452 25 48 0.056387343
424 944 116 137 0.067276895
348 566 29 38 0.06768876
285 531 29 39 0.07996523
952 568 27 38 0.0826157
1009 505 15 37 0.09154321
756 196 98 160 0.10508374
890 554 31 41 0.10957313
992 576 27 42 0.12383037
818 160 84 153 0.14472122
952 579 23 21 0.16042279
183 532 31 38 0.18885471
831 174 62 108 0.19292003
1011 510 11 27 0.22697629
882 616 36 50 0.2535852
887 559 40 52 0.27151725
265 516 28 41 0.30872625
976 616 36 65 0.52191824
217 528 36 52 0.6646283
171 532 32 39 0.7374528
325 538 27 43 0.771725
279 521 30 43 0.8568942
129 538 32 55 0.8792663
32 504 39 60 0.8968602

