61_Street_Battle_streetfight_61_162
37
367 406 12 21 0.010619525
227 407 13 19 0.010967777
415 188 6 11 0.011767491
217 105 5 9 0.0133955525
260 330 4 7 0.013566353
825 161 47 70 0.013921094
223 417 12 19 0.01493091
216 408 7 13 0.017143333
231 410 7 11 0.01796668
244 426 9 11 0.019337593
357 409 11 19 0.020349884
422 339 7 12 0.020667119
214 404 11 21 0.02084322
121 455 25 17 0.022148345
295 327 5 7 0.023566931
207 469 19 21 0.023863215
134 558 39 57 0.02503209
307 315 5 6 0.02875562
226 420 8 11 0.029759275
293 316 5 6 0.031259574
108 452 26 16 0.031887356
279 326 4 6 0.038619693
357 417 7 12 0.050185136
277 185 5 8 0.052370895
787 246 33 43 0.052811734
359 413 7 12 0.055889025
424 332 5 10 0.063786216
228 107 7 11 0.0863468
242 404 12 16 0.09707284
312 327 5 8 0.10617381
307 189 6 9 0.15034156
244 405 8 12 0.5505393
826 140 69 105 0.79939276
45 425 44 59 0.8966217
533 247 63 82 0.903256
780 236 31 63 0.9848536
632 263 37 53 0.9875732

