52_Photographers_taketouristphotos_52_159
19
990 960 30 72 0.0101300385
566 861 31 38 0.010450553
453 231 72 77 0.010657055
448 796 23 35 0.012219995
272 183 66 93 0.01235111
377 231 64 88 0.013110082
1000 763 6 10 0.015785629
569 266 58 47 0.01601806
755 767 29 41 0.016918205
254 159 100 134 0.016958794
497 755 53 49 0.02705157
281 883 44 54 0.041493278
415 852 28 41 0.046200812
782 236 62 86 0.058288284
787 258 51 58 0.08771664
291 788 31 44 0.9237304
743 769 35 51 0.92795056
439 790 36 47 0.9405426
585 793 32 44 0.9623814

