52_Photographers_photographertakingphoto_52_479
20
869 311 30 45 0.010443387
189 318 119 191 0.0107729705
977 261 21 20 0.014433608
238 300 65 134 0.016670698
935 254 19 33 0.017850878
266 92 71 99 0.019402774
240 276 69 80 0.01959097
516 217 76 91 0.020845134
302 88 82 90 0.022672152
975 257 19 32 0.024363989
836 272 94 113 0.029215489
509 211 109 117 0.033306405
850 286 64 89 0.11022041
865 302 39 66 0.116532065
267 105 96 113 0.17179559
354 569 102 137 0.50688535
376 278 87 151 0.9444625
218 280 88 185 0.9743329
546 227 96 158 0.9943879
293 95 87 138 0.9952142

