52_Photographers_photographertakingphoto_52_96
32
175 344 18 29 0.010253411
208 354 12 20 0.010379853
469 757 7 4 0.010777631
115 369 12 12 0.011197253
513 745 7 5 0.011761786
173 323 19 22 0.011788148
502 745 6 5 0.012128473
229 348 12 22 0.012296865
452 744 6 5 0.0124927
515 729 6 4 0.013576153
471 728 6 5 0.01488824
497 758 7 6 0.015051279
486 759 8 5 0.015265801
92 334 23 17 0.01535642
223 332 8 11 0.016318353
486 746 5 5 0.017296983
210 357 8 10 0.017392272
217 331 8 12 0.018205237
114 362 13 11 0.018447932
482 728 5 5 0.021485057
452 731 5 5 0.02217522
470 747 5 5 0.027580768
502 731 6 5 0.029520884
214 336 12 20 0.038593255
216 340 8 12 0.055561915
111 359 18 35 0.05698119
110 365 23 18 0.07394625
225 337 12 20 0.08095292
109 359 23 17 0.118752725
228 340 7 12 0.13152662
183 336 20 23 0.16631857
178 333 18 32 0.5468155

