52_Photographers_taketouristphotos_52_288
44
256 216 31 39 0.01013941
732 25 18 31 0.010152738
260 222 14 17 0.010499668
72 197 20 28 0.011055872
78 210 9 12 0.012071014
685 30 17 36 0.012083997
575 175 44 57 0.012638926
248 210 46 51 0.0128183365
54 206 12 20 0.01327505
196 212 7 7 0.0142017305
716 39 21 22 0.014567306
57 210 7 12 0.014738479
834 30 16 36 0.014998325
575 125 38 55 0.015176771
272 222 10 10 0.016743707
677 7 18 32 0.017563632
262 225 10 9 0.020285467
630 186 25 45 0.02178027
797 432 32 65 0.023870718
718 34 21 22 0.028419688
153 199 6 9 0.028479967
581 148 30 41 0.03291956
150 209 6 8 0.03415614
387 56 28 42 0.03903427
167 201 12 17 0.040972263
174 204 8 11 0.044102482
83 225 8 10 0.047081094
382 49 37 60 0.048481494
625 192 20 32 0.051453248
576 141 40 58 0.056927674
799 244 34 60 0.12511092
168 203 8 12 0.19373608
172 200 10 11 0.20881176
888 32 20 35 0.3155522
168 200 9 12 0.5877261
718 23 18 35 0.59024674
832 389 29 45 0.68288463
69 205 13 18 0.7045851
768 12 25 42 0.7202153
1005 310 18 35 0.7723719
881 28 24 44 0.8608061
842 204 30 43 0.8686186
989 70 27 44 0.89622647
703 302 32 43 0.9229467

