52_Photographers_photographertakingphoto_52_578
47
810 164 31 42 0.010128744
445 246 26 43 0.011048684
454 266 28 45 0.011324486
662 199 7 10 0.011780363
535 230 37 61 0.011857394
622 179 23 17 0.012374807
252 158 35 65 0.0129155535
453 210 21 28 0.01309911
456 212 9 13 0.014273613
467 201 8 9 0.015366532
821 145 48 80 0.015496932
407 248 27 40 0.015851943
457 210 22 19 0.016730452
642 197 14 20 0.017116945
516 201 39 57 0.017661795
527 212 23 18 0.017680684
809 270 31 60 0.018280346
522 205 29 40 0.01976573
614 181 27 46 0.020066023
636 186 19 33 0.020317817
301 175 49 92 0.02097288
620 207 19 38 0.02197055
588 150 29 45 0.023277901
250 121 24 46 0.024779946
455 209 13 19 0.0262832
597 149 27 17 0.02680252
450 258 36 63 0.028081072
190 197 45 48 0.030023526
605 148 20 32 0.035287708
252 131 24 49 0.044990838
963 174 48 87 0.04541994
604 174 34 64 0.0487547
282 171 41 73 0.053814564
113 112 47 65 0.073054746
672 196 8 11 0.10024628
760 175 51 79 0.14045644
503 240 50 93 0.2155326
811 153 46 61 0.286865
123 114 52 92 0.31697842
613 194 33 63 0.33246183
805 143 41 66 0.38123867
578 153 41 68 0.5661083
777 161 52 84 0.5759605
279 179 57 84 0.7481224
351 137 45 71 0.7567441
950 157 50 89 0.7703067
72 140 72 98 0.902958

