52_Photographers_photographertakingphoto_52_263
97
178 331 10 12 0.010064585
319 305 9 13 0.010118121
713 403 54 90 0.010218281
309 60 11 7 0.0103372075
356 304 14 24 0.010856347
359 307 21 20 0.010905907
171 304 17 30 0.011152283
36 381 17 39 0.011203706
759 275 24 40 0.011671802
802 277 19 35 0.011784266
289 348 7 11 0.0118788285
359 301 21 20 0.011938966
189 314 9 13 0.012059135
534 19 7 8 0.012240152
475 307 13 19 0.01235925
577 345 7 9 0.012950555
261 313 7 12 0.013109243
569 348 6 8 0.013229517
646 302 20 31 0.013454174
703 397 38 68 0.013518673
402 295 14 24 0.013785986
536 43 6 7 0.01381191
36 364 17 39 0.013821469
408 27 8 7 0.014062172
696 382 34 69 0.014070544
703 255 16 33 0.014252708
774 417 54 94 0.014343985
302 322 16 32 0.01513274
480 204 9 7 0.015265222
319 63 10 5 0.01579487
474 301 14 19 0.015868325
411 319 28 44 0.016093435
306 325 12 20 0.016585289
332 302 16 32 0.016612493
44 427 17 35 0.017703772
308 329 8 13 0.017955545
303 308 17 31 0.018492203
674 395 38 68 0.019400707
475 305 19 29 0.019683681
405 309 37 63 0.019709365
44 279 13 26 0.023189925
187 312 12 19 0.023214728
586 362 25 17 0.024988724
263 297 11 19 0.025175827
423 20 7 8 0.025772605
734 409 36 74 0.027453454
386 433 12 19 0.029073948
317 303 13 18 0.029456027
407 200 9 8 0.031823996
470 203 11 7 0.032047007
337 298 12 21 0.03401359
78 318 17 34 0.0350348
535 28 7 8 0.035182264
264 300 8 13 0.036469027
672 354 38 61 0.037888367
181 315 11 12 0.041472785
77 306 16 33 0.041559167
454 440 14 18 0.045212843
487 188 11 7 0.046417996
445 187 11 8 0.0466607
493 186 12 8 0.046954215
312 312 8 15 0.05075508
698 241 16 39 0.05159929
417 205 10 9 0.05298299
272 301 9 14 0.058288243
29 361 25 51 0.061237294
433 27 7 7 0.062078726
319 310 9 15 0.06418349
37 283 17 33 0.06970656
77 321 21 20 0.069874376
439 188 11 8 0.07045775
463 298 18 30 0.07057876
408 298 23 22 0.084912345
423 25 8 8 0.092210546
65 387 13 23 0.0981373
671 373 37 69 0.1024626
311 309 12 21 0.11148655
762 285 17 35 0.12859643
172 327 21 19 0.13102956
269 299 12 19 0.16250198
177 312 20 19 0.16845
466 301 20 19 0.17249826
25 364 33 67 0.17380494
466 306 20 20 0.19931693
413 291 19 32 0.20426635
752 274 16 40 0.20615387
316 307 13 21 0.24594161
78 316 21 20 0.26005718
402 288 18 34 0.3592209
40 276 16 35 0.54835147
755 282 18 37 0.71498454
688 249 18 36 0.7250424
634 260 19 35 0.72632074
353 296 19 33 0.76975906
138 292 19 30 0.8174111
803 283 24 42 0.85770386
625 254 23 42 0.86352116

