52_Photographers_photographertakingphoto_52_130
57
978 367 8 7 0.010207787
537 373 21 20 0.0102151465
8 453 10 28 0.010578591
670 373 13 19 0.010608609
584 347 19 31 0.010831703
536 368 8 9 0.011051243
263 425 25 18 0.011286009
904 380 7 11 0.01167928
297 390 26 43 0.011961217
234 375 28 16 0.0121117635
354 433 16 40 0.012131017
928 397 8 8 0.012175812
308 361 8 6 0.01220316
347 360 23 17 0.012416615
796 378 24 16 0.0129880775
352 375 19 31 0.013000314
646 370 13 19 0.013008376
965 384 7 6 0.01316688
334 375 22 18 0.013228229
820 365 7 8 0.013311989
983 411 27 15 0.013394972
657 344 8 11 0.0134612
803 382 10 9 0.01347552
4 442 14 42 0.013753045
586 326 21 19 0.013832768
903 362 6 10 0.013991334
327 363 8 7 0.014548275
429 363 24 16 0.014800649
963 349 6 6 0.014843882
334 420 23 53 0.014859209
993 376 11 9 0.014887757
919 349 6 7 0.015729496
949 366 6 6 0.015961397
965 363 6 6 0.016098259
349 425 21 54 0.016488716
338 366 9 8 0.016718252
298 391 24 18 0.017026832
344 414 29 75 0.017487964
344 373 23 18 0.018141726
917 384 7 8 0.01878505
90 364 39 34 0.018898673
354 362 10 10 0.019575922
483 378 13 20 0.020825565
359 392 24 18 0.020826494
426 373 24 17 0.021334264
544 367 9 9 0.02163909
1009 360 11 11 0.021875013
166 270 7 10 0.023406774
330 411 30 73 0.026022164
334 408 24 48 0.029457577
265 419 21 30 0.037805203
462 378 21 19 0.04134057
573 359 25 18 0.053587355
347 403 23 51 0.070526235
83 357 51 47 0.07108502
1002 356 21 20 0.075298965
300 384 18 34 0.15237819

