37_Soccer_soccer_ball_37_114
36
474 367 22 29 0.010271632
248 261 20 35 0.01132777
62 352 37 59 0.013969845
496 238 22 33 0.016791433
928 422 35 63 0.018983023
840 348 28 42 0.021119641
295 272 22 29 0.026075989
836 350 40 53 0.037059464
877 361 47 54 0.062940136
858 353 45 56 0.14577031
522 154 21 33 0.34869254
502 232 27 39 0.58476293
328 242 27 41 0.5974172
441 149 27 38 0.5981252
410 240 29 37 0.6116865
163 259 25 39 0.6575638
676 152 26 38 0.67418694
296 162 21 36 0.68497074
123 147 28 39 0.69954455
386 349 28 43 0.71236885
77 246 22 46 0.73993003
217 170 28 37 0.7653791
609 154 28 40 0.7717275
681 255 26 40 0.77830124
601 270 28 41 0.7883407
241 254 23 43 0.79293203
365 157 23 41 0.80549794
757 358 35 50 0.80713284
646 353 30 45 0.8170205
741 155 26 39 0.8215335
503 346 34 40 0.8311709
834 160 28 36 0.83144635
136 367 33 41 0.831916
776 249 25 40 0.86867505
265 362 30 43 0.9128324
892 254 29 37 0.95003235

