37_Soccer_soccer_ball_37_692
253
502 115 5 7 0.0100619495
868 657 10 10 0.010229229
421 103 5 6 0.0102523705
161 86 7 10 0.010383105
998 131 8 9 0.0104151685
481 232 6 6 0.010448788
389 241 6 5 0.010615312
437 102 5 6 0.010728804
70 54 6 7 0.010832415
857 664 38 59 0.010944196
863 668 13 19 0.010948031
629 162 6 6 0.0110043455
549 98 6 9 0.011035162
215 88 5 9 0.011313423
454 145 5 6 0.011498069
104 146 5 7 0.011533421
551 196 5 5 0.011585234
470 151 5 5 0.011585365
552 259 6 8 0.011707213
224 241 8 12 0.011728988
515 99 6 8 0.012004873
863 671 27 42 0.012008845
548 82 6 8 0.012133319
897 175 8 8 0.01218963
278 101 6 6 0.012200596
245 398 10 21 0.012206845
281 229 5 7 0.012257463
243 411 10 27 0.012390616
378 101 6 8 0.012416328
514 240 7 6 0.012451042
564 199 5 6 0.012451812
502 241 5 7 0.012460644
595 305 5 9 0.0127222715
342 243 5 6 0.012781262
836 133 7 7 0.012829092
823 97 5 7 0.012929422
229 88 6 9 0.013175825
453 103 5 7 0.013253624
866 672 8 11 0.013372778
82 233 11 9 0.013476077
71 113 6 8 0.013620355
215 114 7 9 0.013719286
997 161 7 8 0.013749018
516 86 6 7 0.013769522
659 160 7 7 0.013904889
437 147 5 7 0.014101808
865 151 7 7 0.0141279185
450 114 6 7 0.014328509
977 178 6 7 0.0143645825
50 51 6 7 0.014437855
900 732 19 35 0.014586471
790 136 7 6 0.014609175
341 231 6 6 0.014668465
967 192 6 8 0.014669973
771 161 7 6 0.014753698
119 149 6 8 0.014768781
806 162 7 6 0.014795955
451 136 5 7 0.0149686625
865 717 38 51 0.015160979
194 87 7 10 0.015188963
114 85 8 10 0.015272506
501 150 6 7 0.0152868265
102 93 13 18 0.015339781
533 82 6 9 0.015506988
823 160 7 8 0.015515493
584 288 5 9 0.015536098
869 161 7 8 0.01556762
437 133 5 7 0.015591177
294 201 7 7 0.015597589
627 195 5 7 0.015691662
51 113 6 7 0.01599696
983 152 7 7 0.016149214
327 241 5 7 0.01616347
277 119 6 6 0.01616579
883 163 6 7 0.016183447
649 305 5 9 0.016362369
485 137 5 7 0.016559962
84 114 6 7 0.017069029
532 195 6 6 0.017199408
831 714 35 54 0.017443335
260 115 6 7 0.017484957
788 163 8 6 0.017574249
76 255 13 18 0.017589781
534 97 6 10 0.01759945
249 385 8 14 0.01766316
562 85 6 9 0.017763942
486 145 5 6 0.017780757
869 696 27 45 0.017857844
65 271 12 17 0.018072575
484 244 5 6 0.018192613
707 135 6 6 0.018609134
458 203 5 7 0.019072691
882 192 7 8 0.019129256
644 160 7 6 0.019132555
185 113 6 8 0.019145083
359 241 6 6 0.019354288
1013 163 6 10 0.019362615
502 100 6 8 0.019395899
326 231 5 6 0.019442588
723 133 6 6 0.01954261
459 274 5 9 0.020217009
305 210 7 6 0.020630216
594 121 7 8 0.02085951
438 116 5 6 0.02096522
567 256 12 17 0.021014746
770 137 7 6 0.021286353
247 116 6 8 0.021387532
103 86 8 8 0.021556111
708 160 8 6 0.021600323
690 135 7 6 0.022381986
839 161 7 7 0.02279827
676 157 8 8 0.022907572
570 289 5 10 0.023396999
388 233 6 6 0.023550851
246 98 6 7 0.023656067
248 380 11 21 0.024080876
261 102 5 7 0.024546064
654 256 19 19 0.024846582
595 126 7 8 0.024893014
254 370 12 20 0.024963005
357 233 5 6 0.025601048
674 306 5 9 0.026246984
627 152 7 5 0.026256429
374 233 6 5 0.026329352
374 243 6 6 0.026411567
422 117 5 6 0.02664444
164 115 6 8 0.02668387
133 98 7 8 0.027505402
3 69 5 8 0.027563745
659 275 7 9 0.027615838
724 160 8 6 0.027703092
759 159 7 6 0.027777255
855 162 7 8 0.028442917
103 129 6 9 0.02921488
79 258 9 11 0.02925573
982 162 7 7 0.029530171
407 239 5 6 0.029602343
662 240 8 11 0.02960555
503 232 5 6 0.029783431
81 242 10 10 0.030477632
78 238 14 17 0.030959146
615 259 11 17 0.031296786
516 231 6 5 0.03181281
21 116 6 6 0.031917598
895 729 27 39 0.03218333
102 120 6 7 0.032471158
239 180 6 7 0.03356424
112 96 7 10 0.033581212
553 232 6 6 0.03378946
664 287 6 10 0.03428718
821 151 6 6 0.03430427
117 115 7 8 0.034321066
741 160 6 6 0.034366023
35 55 5 7 0.034941174
772 150 7 5 0.035484463
693 149 7 6 0.03715134
862 687 37 63 0.038434643
435 241 5 6 0.0386661
3 99 6 9 0.039418086
36 68 5 7 0.03944141
889 722 36 46 0.040313862
470 244 6 7 0.04050305
231 191 5 9 0.040842075
561 232 6 6 0.041179363
663 151 6 6 0.041835766
195 114 6 9 0.042016782
228 98 6 7 0.04216947
196 97 6 8 0.04224019
70 242 13 18 0.04225991
839 150 6 7 0.042741556
38 115 6 7 0.04293028
854 150 7 7 0.043767776
739 152 7 6 0.04394771
137 113 6 9 0.044034265
163 98 6 9 0.04414036
83 88 7 9 0.04426472
436 232 5 6 0.04434866
597 262 7 9 0.044882793
22 68 6 7 0.047246076
424 239 5 7 0.04790679
561 241 7 9 0.048175424
53 70 5 7 0.0488193
247 402 6 12 0.048858486
20 84 6 7 0.049125098
452 242 5 6 0.04938601
226 113 7 10 0.049831133
68 70 6 8 0.04994574
898 166 7 8 0.05035001
805 152 7 6 0.051909447
787 150 8 6 0.053708475
180 101 6 8 0.05532712
69 83 6 7 0.055467468
71 245 9 11 0.055582907
643 152 7 6 0.056534845
70 252 12 18 0.05683951
553 240 7 9 0.05787346
145 114 7 9 0.057941616
80 290 8 10 0.05948348
457 259 6 8 0.060556725
214 98 5 7 0.061343912
672 280 7 10 0.06708011
709 150 7 7 0.07000735
620 259 11 16 0.07001524
597 289 5 9 0.07003087
50 84 6 8 0.07054057
40 85 6 7 0.07207388
725 152 7 7 0.07471201
323 210 6 6 0.07627249
757 153 6 5 0.077078946
5 84 6 10 0.081197
66 100 6 7 0.08157196
259 384 7 15 0.08214536
616 286 5 10 0.084633134
649 288 5 10 0.08766355
104 97 8 10 0.09077151
672 286 6 10 0.095612146
451 230 5 7 0.09710915
71 287 6 10 0.098398276
581 272 7 10 0.099741556
23 100 6 8 0.101381004
466 272 6 8 0.10432527
84 96 8 9 0.10801056
649 278 7 11 0.10804554
407 234 5 5 0.1084184
628 287 5 10 0.110059395
71 255 9 12 0.1221485
67 274 7 11 0.12427358
152 100 6 9 0.12837134
36 99 6 7 0.14748804
463 208 6 7 0.16072753
569 274 6 9 0.16687754
625 273 7 11 0.1678623
676 152 7 8 0.1693312
465 263 6 8 0.17193283
594 276 6 9 0.17739893
969 181 5 7 0.18158002
421 232 5 6 0.19080685
471 230 5 7 0.20727213
569 259 7 11 0.2230401
256 380 11 21 0.22800542
55 101 6 8 0.23780733
295 208 7 8 0.25125018
233 181 5 8 0.28020385
884 181 7 10 0.28315768
82 271 9 14 0.31071764
575 258 13 16 0.31411853
613 276 6 10 0.32645255
617 262 7 12 0.32985157
79 269 13 18 0.3532341
622 261 8 13 0.45314687
458 208 5 9 0.5121926
578 261 8 11 0.69340587
659 259 9 13 0.7761398

