37_Soccer_soccer_ball_37_926
39
979 445 10 20 0.0104409475
513 306 7 8 0.012593592
521 162 4 8 0.012792446
939 227 12 16 0.015086112
392 649 6 7 0.0152983
453 658 8 8 0.015858462
532 658 7 7 0.015999047
984 464 5 12 0.017153766
495 263 6 7 0.018642854
939 235 12 18 0.021643016
499 340 6 7 0.024424624
937 229 11 16 0.02444754
513 658 7 8 0.025605
508 133 10 15 0.026065411
981 486 4 8 0.027386433
490 313 6 8 0.0384418
500 160 5 9 0.03880052
439 641 7 8 0.040461726
392 656 6 9 0.041378703
498 319 6 7 0.042221908
502 643 7 6 0.044140268
505 656 8 9 0.058102373
483 644 7 8 0.06366763
535 633 8 8 0.06761815
936 234 11 19 0.06899321
942 237 8 13 0.0700079
498 311 7 8 0.10166877
486 321 6 7 0.11127602
517 644 7 7 0.12268096
531 642 8 8 0.13731061
937 237 8 13 0.18564056
510 291 8 9 0.20521687
938 231 8 12 0.23652898
507 140 5 10 0.24238776
511 139 6 11 0.27142057
941 229 8 11 0.2765472
504 292 7 8 0.30280277
981 448 6 10 0.3632407
510 136 6 12 0.8762679

