37_Soccer_soccer_ball_37_698
22
56 394 42 76 0.010649842
506 62 70 85 0.010903392
186 331 68 177 0.011373337
482 47 114 130 0.011679022
684 464 31 46 0.01605147
509 453 49 97 0.018366689
326 476 69 112 0.022637099
513 519 39 64 0.024939552
190 321 44 101 0.025677351
49 380 71 169 0.031298015
592 344 20 55 0.04596424
500 490 41 70 0.046259437
487 485 39 73 0.054978862
331 441 70 104 0.06874857
196 351 45 120 0.096448824
617 347 21 53 0.1332219
500 477 56 93 0.22007477
686 452 48 88 0.22574878
318 444 87 171 0.39929172
890 451 45 64 0.4248837
53 381 51 113 0.56156003
681 451 39 67 0.56251824

