37_Soccer_soccer_ball_37_28
20
281 205 23 21 0.010489175
377 159 23 32 0.010988871
523 92 20 30 0.0110808145
701 211 28 43 0.012098658
866 31 27 43 0.013939879
624 48 35 38 0.014444491
572 71 38 56 0.0146448575
505 126 29 36 0.015248028
570 68 29 39 0.019949405
1018 160 6 42 0.020390293
627 35 30 42 0.027269568
286 192 18 34 0.029812668
495 137 41 53 0.039280348
559 60 20 34 0.25459298
369 155 35 39 0.41702554
484 142 40 51 0.49631417
361 150 37 54 0.8073904
616 39 38 51 0.8851243
382 104 36 49 0.9394907
727 43 31 44 0.98512864

