37_Soccer_soccer_ball_37_643
51
371 77 36 67 0.010176721
168 54 29 42 0.010293206
534 78 41 59 0.010362042
88 166 27 42 0.010942173
180 71 38 65 0.011256629
378 109 37 65 0.0116565805
194 182 26 50 0.012035855
185 141 42 107 0.012045389
0 142 33 68 0.012120077
1 141 65 224 0.012587675
547 54 31 42 0.012709621
282 78 36 66 0.013393341
1 151 15 40 0.013715687
1 147 23 51 0.015104049
471 229 36 70 0.015818821
608 168 36 67 0.016277652
26 156 26 46 0.016684202
805 2 28 41 0.017234182
614 240 35 70 0.01725242
165 46 38 60 0.019707236
544 20 37 61 0.019726748
187 51 29 45 0.020237494
1005 176 18 65 0.020835482
181 30 44 98 0.021754945
3 165 30 81 0.023341578
0 186 23 110 0.02363
641 107 38 65 0.023771878
0 212 21 112 0.023891892
323 83 44 68 0.028390534
712 25 34 63 0.02937642
10 166 37 152 0.029947499
950 57 25 48 0.031462394
943 58 25 44 0.034930795
623 50 42 57 0.035450622
617 82 38 62 0.036173686
654 111 42 59 0.039582815
126 150 27 45 0.045494042
191 141 34 72 0.046365038
832 24 37 57 0.046961207
18 161 36 73 0.047916178
804 17 36 59 0.052948564
543 45 40 60 0.05751165
86 173 34 64 0.062706985
189 173 35 69 0.064741224
10 136 41 119 0.06558071
99 202 38 65 0.066750005
439 71 36 64 0.0986342
182 42 37 64 0.105541475
527 146 39 72 0.21084097
733 33 61 82 0.5372141
334 87 58 82 0.60098267

