37_Soccer_soccer_ball_37_345
85
488 238 21 17 0.010017158
949 274 13 19 0.010225006
552 170 14 15 0.010275641
85 48 13 18 0.010369351
361 118 6 7 0.010454173
200 135 7 9 0.010504102
967 65 8 9 0.0105210515
372 246 10 11 0.010636316
376 101 7 10 0.010704675
691 213 6 10 0.010825177
0 270 6 46 0.011107265
295 120 7 6 0.011226364
47 41 8 9 0.011275267
123 117 27 14 0.01183635
803 213 7 13 0.0120900385
974 185 10 16 0.012505371
324 120 6 6 0.012655949
346 230 7 12 0.012768568
71 56 7 8 0.013142609
242 134 8 8 0.013589691
262 130 6 6 0.013891995
430 186 14 13 0.013957128
624 181 12 14 0.014210303
531 224 11 10 0.014504704
0 239 13 76 0.015001743
385 90 9 10 0.015098311
619 245 23 17 0.015389622
488 173 12 14 0.01572554
582 134 6 6 0.016736085
469 131 6 6 0.01731565
468 227 11 10 0.01734811
433 346 17 34 0.017641464
305 120 7 6 0.017668365
0 262 6 34 0.018452719
494 240 11 11 0.018885884
558 171 13 13 0.02067445
117 312 12 25 0.02282109
1006 193 10 13 0.02288316
123 129 26 15 0.023066238
93 48 13 17 0.024034414
367 181 10 14 0.02452274
423 330 13 23 0.024916552
552 164 14 18 0.025259377
0 249 10 59 0.025936808
998 193 13 13 0.026286904
515 228 10 10 0.027265592
304 130 8 7 0.02739657
976 47 13 16 0.027464341
344 131 6 8 0.029127525
84 62 6 9 0.03460992
296 131 7 7 0.03816292
437 134 6 6 0.040656105
41 49 8 10 0.041892298
95 51 9 11 0.04668146
135 318 13 28 0.04689119
326 132 7 7 0.051338777
72 63 7 8 0.054340318
0 270 11 51 0.054511055
132 327 12 25 0.057729263
354 131 6 7 0.060110472
368 160 13 17 0.06233474
407 131 5 9 0.06549696
407 118 6 8 0.06845605
453 132 6 6 0.07497266
402 160 7 9 0.08912875
47 47 8 10 0.092084415
368 117 6 9 0.11179325
370 128 5 9 0.1205919
426 335 21 22 0.14048892
87 52 8 10 0.14242454
142 316 13 26 0.16692856
978 48 9 11 0.16974781
968 184 13 18 0.20268838
137 316 17 31 0.2086637
371 161 8 10 0.32342502
996 189 20 20 0.44738552
968 179 18 24 0.47415346
554 164 20 20 0.6893225
385 93 9 12 0.80538356
426 181 16 18 0.8580069
490 170 15 18 0.86185396
818 166 15 18 0.8991649
710 162 22 20 0.9219587
364 178 14 21 0.92996067
621 178 16 20 0.9321308

