37_Soccer_Soccer_37_655
25
739 112 13 22 0.010934135
492 50 16 40 0.012948251
775 130 23 19 0.01422173
744 131 22 21 0.015719254
421 145 34 61 0.017181918
747 159 20 32 0.017575113
739 108 18 31 0.018012237
768 131 21 19 0.018726846
612 172 11 24 0.02366959
572 179 11 19 0.02779298
614 124 13 29 0.03725384
568 186 11 20 0.037386227
765 135 20 30 0.037834458
748 137 22 21 0.038591627
883 208 7 10 0.043706693
0 74 14 35 0.05371068
736 123 18 25 0.062071215
569 189 8 14 0.06941061
3 86 15 36 0.12535974
0 78 9 29 0.14673917
741 120 18 33 0.26809385
24 81 26 42 0.79909796
484 26 22 49 0.881549
616 121 16 35 0.91378623
360 14 30 58 0.9932894

