37_Soccer_soccer_ball_37_113
41
831 109 37 67 0.010052136
130 181 58 95 0.01014787
550 261 39 66 0.010368979
954 224 46 120 0.010525153
16 45 50 109 0.010654823
595 30 40 58 0.010898421
1013 26 10 59 0.011292305
952 130 72 187 0.012305272
881 113 46 64 0.012673562
600 40 37 66 0.013208171
59 176 41 64 0.013332654
965 115 41 62 0.01410816
767 118 35 68 0.015461354
576 55 59 76 0.0154740885
706 78 84 125 0.015503931
989 128 28 46 0.015898257
681 103 29 16 0.016405879
50 90 101 159 0.017113889
761 113 55 88 0.018065123
1001 182 22 100 0.0184129
772 137 36 64 0.018838884
436 101 30 44 0.01899134
981 135 34 75 0.019493442
73 115 58 99 0.020097837
422 142 43 65 0.02037622
891 101 52 102 0.020983804
68 111 43 55 0.02348886
950 75 35 63 0.029516766
416 111 50 92 0.03125792
79 114 50 53 0.03352861
975 112 40 127 0.038993973
982 122 38 61 0.041842353
974 152 46 115 0.05155197
197 27 47 62 0.05403394
432 119 49 96 0.059873465
988 162 29 94 0.1073798
278 154 36 66 0.117654055
203 17 58 80 0.29922417
427 95 35 61 0.50196636
715 72 61 91 0.5733758
525 163 90 144 0.982313

