37_Soccer_soccer_ball_37_994
20
802 32 8 9 0.010850777
853 21 8 8 0.014036097
848 39 10 8 0.014631158
836 37 14 16 0.015961578
770 34 7 7 0.016023146
758 53 7 8 0.016507594
789 24 7 6 0.018450888
834 19 8 8 0.019988762
726 39 8 8 0.020685246
804 18 8 7 0.027149325
739 33 7 7 0.032746237
758 35 7 8 0.033338446
711 49 7 9 0.037357192
837 44 13 18 0.038054164
819 16 7 9 0.049687613
839 1 9 8 0.050236188
839 47 9 12 0.051858466
848 1 10 8 0.058841594
838 40 9 10 0.06007538
250 61 69 132 0.99001336

