37_Soccer_Soccer_37_114
105
741 40 17 41 0.010015244
991 98 20 23 0.0100644715
901 103 24 49 0.010123457
86 54 13 21 0.010146385
79 58 18 33 0.010409876
329 80 28 40 0.010509249
306 0 51 88 0.0105676465
896 98 32 68 0.010682454
288 28 40 60 0.010739169
254 20 26 44 0.010766621
183 98 34 69 0.011059345
985 10 35 62 0.011062083
308 10 28 14 0.011218904
247 182 40 69 0.01135454
299 13 28 44 0.011566476
838 105 24 51 0.011685144
310 17 30 39 0.011700997
854 118 36 75 0.0118658
76 118 20 20 0.01186751
985 72 33 66 0.012058624
4 113 14 43 0.012069235
888 30 32 64 0.012233621
510 68 20 20 0.012238906
502 132 23 19 0.012264907
489 124 20 31 0.01232466
707 66 26 47 0.012685818
658 59 12 29 0.013073134
428 120 23 17 0.013371979
676 72 29 45 0.013552992
861 80 20 20 0.013701193
305 14 39 56 0.013701258
473 132 21 21 0.013725856
450 88 29 40 0.0137528395
618 46 25 45 0.01396687
898 114 21 20 0.014287809
331 169 52 88 0.014505707
137 127 21 20 0.014664178
70 220 23 20 0.014916715
87 54 21 20 0.015161384
266 33 54 78 0.015208954
157 91 34 69 0.015303459
662 37 33 68 0.015385402
103 24 22 18 0.015574344
260 40 26 46 0.015826255
988 86 30 76 0.015929958
135 166 23 49 0.016237827
855 98 36 72 0.016768131
973 35 37 122 0.017453406
311 39 30 42 0.017823778
143 50 13 19 0.018816154
399 78 21 18 0.019798184
393 146 35 36 0.020116594
509 117 20 33 0.020789303
255 32 33 65 0.021468978
19 139 13 24 0.022238463
60 6 14 20 0.022785382
295 7 36 61 0.023789879
902 0 21 29 0.024012093
442 160 24 18 0.02416144
13 140 16 36 0.025240032
157 84 23 20 0.026417818
701 58 35 64 0.026706755
805 34 26 46 0.027514752
542 117 20 32 0.031603485
834 97 32 72 0.031869043
438 137 40 53 0.0319744
377 99 46 53 0.03233567
540 116 23 19 0.032513928
455 103 22 19 0.033198483
69 209 19 34 0.03439147
411 143 34 37 0.034687173
884 84 99 143 0.035385825
965 78 44 117 0.036580507
511 79 20 32 0.036657356
805 20 25 47 0.038435657
358 103 33 36 0.039092906
995 85 17 36 0.041489553
512 96 21 19 0.04162141
844 108 53 92 0.0425498
891 38 24 47 0.04458559
89 177 25 46 0.04646335
904 104 59 98 0.04715274
712 38 32 68 0.047730997
801 25 34 64 0.04977993
452 106 28 41 0.05081873
654 45 23 50 0.052977968
671 63 37 64 0.056220114
405 137 44 52 0.06006297
305 28 41 60 0.0638981
128 140 24 47 0.0682341
454 166 41 67 0.06854941
441 143 31 37 0.070117734
387 137 46 52 0.07192461
798 93 31 70 0.07751047
733 25 32 67 0.09080833
78 120 18 33 0.09548763
739 11 30 68 0.09719004
391 83 30 40 0.11170803
158 77 25 47 0.119571395
240 161 40 72 0.12505862
182 119 32 74 0.13710588
213 60 33 70 0.17942846
246 152 53 89 0.21410051
196 57 36 66 0.36333314
459 164 53 83 0.45360878

