37_Soccer_soccer_ball_37_269
48
880 224 18 33 0.010117343
400 116 25 40 0.010911658
806 272 20 30 0.011578089
228 244 13 22 0.011588915
269 278 25 17 0.012535231
958 261 20 32 0.013606236
767 163 22 20 0.014513029
66 167 7 12 0.015518146
67 162 7 10 0.017870996
940 208 19 32 0.018631442
796 170 23 17 0.018760804
507 117 16 34 0.01973321
956 204 20 30 0.022326889
951 228 27 41 0.026905412
459 258 19 32 0.028305732
939 229 18 32 0.02961477
226 158 9 8 0.044880874
775 156 23 21 0.051170915
257 254 21 31 0.05302423
595 244 18 39 0.07193248
282 140 20 29 0.08696725
184 118 19 37 0.108230226
404 126 18 31 0.18047957
697 143 18 32 0.20030744
344 134 20 30 0.28577912
920 130 20 31 0.40444455
495 124 18 33 0.5070313
773 151 18 33 0.6839433
409 123 19 35 0.6919417
902 229 20 34 0.6957091
598 243 24 42 0.71682334
690 142 19 36 0.7539488
514 238 25 45 0.79929566
413 265 28 40 0.8196739
553 135 19 36 0.8483517
671 227 19 38 0.8504948
176 120 25 39 0.85093457
244 245 28 34 0.86136585
747 232 19 39 0.8650632
101 129 25 40 0.86892813
836 238 24 42 0.86955994
622 131 20 37 0.87454903
911 126 25 39 0.8888224
837 140 19 36 0.8932786
338 131 21 33 0.90004545
328 230 25 43 0.9109254
267 132 27 36 0.91902757
167 249 26 43 0.95233405

