37_Soccer_soccer_ball_37_907
64
981 332 41 140 0.010539315
302 286 20 22 0.0108242165
276 428 13 20 0.010827137
970 35 21 20 0.010954792
909 86 20 35 0.011210624
714 0 33 30 0.011256347
901 7 19 31 0.011531633
1009 118 11 59 0.011615117
793 174 47 54 0.011628532
5 444 21 107 0.012479659
834 118 49 88 0.012516918
357 297 13 20 0.012868151
793 149 44 56 0.012911458
900 121 30 41 0.013123105
939 25 20 30 0.01399001
149 327 39 64 0.01411431
831 126 31 40 0.014299351
20 116 38 56 0.014631576
248 173 43 55 0.014704442
47 66 21 35 0.014981076
918 119 47 96 0.015839012
278 157 29 39 0.016800126
1 154 17 36 0.017128613
299 428 23 19 0.01797429
862 145 30 41 0.019154023
85 118 44 48 0.020032205
343 104 29 40 0.021159196
904 58 34 63 0.021745265
259 150 37 58 0.021786988
294 282 28 40 0.021855839
25 124 29 40 0.023159614
864 130 30 41 0.023177376
336 109 37 49 0.024205009
1005 133 17 66 0.025133949
53 60 27 46 0.025829785
229 65 29 38 0.025894377
773 306 32 75 0.027160304
345 118 23 31 0.02747803
895 112 40 57 0.029920049
575 146 39 58 0.031263884
1000 98 22 92 0.040237777
316 321 20 21 0.040416226
825 118 42 56 0.045112275
857 137 41 56 0.045905426
962 144 34 63 0.06026881
503 52 42 55 0.063937135
904 77 35 59 0.06487286
1002 59 20 57 0.082775995
18 289 31 54 0.11841008
155 310 27 43 0.21953028
12 294 28 46 0.284192
42 57 33 56 0.41014957
922 67 25 47 0.42530838
1006 73 18 62 0.45731682
332 115 31 38 0.4600654
21 178 38 58 0.57183987
257 65 33 57 0.5769278
910 166 43 61 0.58046925
126 173 37 58 0.59909105
192 270 31 56 0.6081375
167 52 32 39 0.6976643
422 107 34 53 0.89798117
675 85 37 52 0.94985074
542 79 36 53 0.9657142

