37_Soccer_soccer_ball_37_88
25
314 198 26 44 0.010983808
197 20 22 18 0.011290709
915 54 12 21 0.011509755
528 189 47 58 0.023429789
384 182 44 67 0.026452417
941 16 11 16 0.027432531
386 144 40 62 0.028651835
194 24 14 12 0.030589938
511 190 50 58 0.03344941
313 13 18 30 0.03455364
310 9 21 22 0.039392527
398 164 42 58 0.03954872
508 144 49 59 0.05192549
936 14 13 18 0.07439857
90 32 19 26 0.093802445
643 31 21 21 0.14951354
303 3 17 31 0.17184113
938 10 14 18 0.21148416
305 12 19 23 0.38770202
935 8 13 19 0.39056507
83 34 21 20 0.4510038
515 159 54 87 0.6526712
385 164 41 66 0.71100116
192 19 19 20 0.72418445
646 27 19 32 0.8159025

