37_Soccer_Soccer_37_170
33
744 0 22 17 0.010066471
614 78 37 69 0.011144997
712 0 21 22 0.011492695
10 48 17 74 0.01190339
513 54 27 46 0.011940333
2 10 9 27 0.01276391
770 1 8 8 0.014676813
752 3 10 10 0.016196055
442 42 31 70 0.016676757
3 52 29 185 0.020716988
513 0 20 12 0.02114294
733 0 22 20 0.02165702
508 46 36 63 0.023461921
22 0 13 7 0.024224468
736 0 13 12 0.024795929
663 78 38 71 0.02572133
22 33 29 81 0.027135612
421 2 7 10 0.028556846
707 105 19 32 0.030756054
2 2 9 12 0.031849574
623 2 20 20 0.033472423
30 0 10 8 0.046060033
722 0 21 16 0.06421083
5 14 29 174 0.066935875
8 38 25 97 0.086362444
4 48 24 114 0.09469011
517 0 11 9 0.12509136
729 0 22 15 0.25740576
467 216 69 84 0.8500596
606 0 20 34 0.8822931
627 85 67 95 0.95694643
742 74 38 53 0.9580905
947 55 68 88 0.96576625

