37_Soccer_Soccer_37_415
20
254 572 78 78 0.010043257
631 246 43 70 0.011897116
230 556 132 123 0.011909988
159 439 55 85 0.012000316
201 562 65 86 0.012672113
166 458 36 69 0.014339126
207 423 40 73 0.014769122
116 166 108 144 0.016159967
10 287 39 147 0.016257666
549 29 32 40 0.018382944
502 29 51 52 0.025434818
626 239 59 101 0.02744264
756 390 116 178 0.028613215
8 333 41 148 0.036993563
511 41 51 58 0.048358962
107 190 93 183 0.05634277
2 299 66 228 0.06225737
541 26 42 57 0.07565694
517 31 65 76 0.32299012
181 422 57 87 0.6336464

