37_Soccer_soccer_ball_37_583
358
871 20 6 5 0.010071657
965 40 4 5 0.010291511
917 39 5 6 0.010526583
4 22 5 7 0.010606947
339 103 8 8 0.010664981
99 89 7 8 0.010676705
165 52 37 31 0.010951677
804 82 8 6 0.011024296
535 98 8 7 0.011030614
997 101 5 7 0.011048997
773 4 7 6 0.011064473
263 103 6 7 0.011434611
547 453 42 50 0.011456505
211 52 7 6 0.011720241
194 26 6 6 0.0122699635
37 7 6 6 0.012422551
68 86 6 7 0.012516245
258 84 7 6 0.012542841
756 53 8 7 0.012547378
821 5 6 6 0.012558141
999 39 5 5 0.012615817
17 4 6 7 0.012934991
37 101 6 7 0.0130118225
822 72 6 5 0.013071221
694 67 6 6 0.013103668
755 100 7 8 0.013122574
457 53 6 7 0.013878604
466 52 7 6 0.014056139
869 121 6 7 0.014076096
484 56 6 6 0.01412242
723 88 7 8 0.014259697
51 8 7 6 0.014615711
837 23 5 5 0.014627631
805 9 7 6 0.01466774
791 559 6 9 0.015041655
805 55 6 5 0.015044792
742 97 10 8 0.01517896
320 101 8 9 0.015344816
245 5 5 6 0.015401699
722 69 7 8 0.015651625
980 119 6 7 0.015658518
804 74 6 5 0.015904436
901 39 5 5 0.015976848
821 22 5 5 0.016101453
601 87 8 8 0.016322939
950 56 4 5 0.016336251
853 41 5 5 0.016347757
498 73 6 6 0.016522512
146 116 9 10 0.016973197
739 91 9 8 0.0171089
248 24 5 6 0.017341252
117 88 7 7 0.017567689
592 423 40 62 0.017629204
741 22 6 6 0.017663153
247 84 6 7 0.017713254
511 266 38 54 0.018027809
722 57 7 6 0.018046785
516 88 7 5 0.018191025
743 53 7 6 0.018263094
561 84 9 6 0.01839998
854 23 6 5 0.018615255
132 69 6 6 0.01865344
369 0 7 3 0.018797074
916 120 7 7 0.019920371
312 100 9 11 0.020054976
886 54 5 5 0.0202427
837 56 5 5 0.020315895
492 299 26 43 0.020319687
643 89 7 7 0.020395845
119 71 6 6 0.020472508
885 41 5 5 0.020666525
933 56 4 6 0.021112826
1013 72 5 7 0.021190695
437 65 7 7 0.021619437
375 38 5 5 0.021843432
804 22 6 5 0.021981714
486 71 7 7 0.022077106
899 118 6 8 0.022470057
963 119 7 8 0.022598552
83 6 7 6 0.022972425
901 58 4 5 0.024036225
67 7 7 7 0.024871564
791 556 6 8 0.025084639
500 54 5 6 0.02516562
1011 55 5 8 0.025191737
99 70 6 7 0.025232483
1015 83 5 9 0.02545989
179 4 6 5 0.0255967
438 34 6 7 0.02560819
167 5 6 5 0.02580955
386 39 6 5 0.026006494
854 55 5 5 0.026197372
755 9 8 6 0.026264068
852 102 5 6 0.026386596
233 66 6 7 0.026604094
135 99 7 8 0.026613075
675 23 5 5 0.026734278
516 72 7 5 0.026870316
119 102 7 8 0.026894508
920 55 4 6 0.026997337
870 42 5 5 0.027092714
19 56 5 7 0.027135985
790 24 6 5 0.027339073
887 87 5 5 0.027576523
99 5 6 6 0.027775206
932 119 5 8 0.027796157
520 56 5 6 0.027888194
997 87 5 6 0.027888194
775 38 6 6 0.028124338
663 22 5 5 0.028460778
967 56 5 5 0.028610252
838 72 5 5 0.02877531
756 20 7 6 0.028841196
150 70 6 6 0.029052144
163 86 5 7 0.029066479
710 70 7 7 0.029575098
707 40 6 6 0.030213365
51 87 6 7 0.030591263
421 8 7 6 0.03087199
998 54 4 5 0.031028708
54 25 5 6 0.031034455
820 55 5 6 0.03128223
262 55 6 6 0.031470854
627 89 6 6 0.031624667
599 21 4 5 0.03189109
71 25 5 6 0.032511443
482 6 7 6 0.032603566
789 39 5 5 0.032886483
17 101 6 8 0.033095974
454 37 6 6 0.03314081
981 56 5 5 0.033296548
198 51 7 6 0.03334932
22 24 6 7 0.03354978
645 6 5 6 0.03357089
35 23 6 6 0.033625193
68 54 5 5 0.03367596
835 39 5 5 0.03397181
533 56 5 5 0.03404229
178 26 6 5 0.034128804
808 38 5 5 0.034140065
613 7 4 5 0.034283794
869 56 4 5 0.034380455
630 69 5 6 0.03453098
692 54 6 7 0.034566943
773 24 6 6 0.035331894
579 8 5 6 0.035368904
484 38 5 6 0.0355416
948 119 6 8 0.035553593
819 38 6 5 0.035688657
903 101 5 6 0.036086895
631 7 5 5 0.036130294
7 72 6 9 0.036307313
310 96 13 20 0.036512356
421 22 6 6 0.036523018
262 70 7 6 0.036733754
145 99 6 7 0.0377163
55 39 5 6 0.03851219
579 72 6 6 0.038884994
787 55 6 6 0.038928036
868 87 5 5 0.03905789
52 71 5 6 0.039108843
7 85 6 8 0.039213203
853 71 5 5 0.03936154
737 70 8 8 0.03937565
707 53 6 6 0.039762437
517 37 5 5 0.040314224
84 24 6 5 0.040506013
983 98 6 7 0.040567547
69 39 4 5 0.040706247
597 7 5 6 0.04121578
836 88 6 5 0.041218802
69 70 6 6 0.04122023
83 67 6 7 0.04141652
6 4 6 9 0.04151251
536 91 8 6 0.04205781
872 101 5 6 0.042143706
679 4 5 6 0.04234883
609 88 8 8 0.043052994
279 21 5 5 0.043284975
899 88 5 5 0.043503392
261 38 6 6 0.043934092
130 6 6 6 0.043949757
599 67 5 6 0.04443774
614 23 4 5 0.044928838
448 5 7 7 0.0451706
646 24 4 5 0.045190927
534 68 6 6 0.0453618
887 103 5 6 0.045431912
39 53 5 6 0.045561407
36 86 5 7 0.045620073
53 53 4 5 0.045922786
934 72 4 5 0.04630939
645 69 6 5 0.046532527
36 72 5 6 0.046559393
233 58 6 8 0.046584673
441 3 6 7 0.046749517
149 7 5 5 0.04715502
37 40 5 5 0.047217228
919 103 4 5 0.047218546
86 55 5 6 0.04722159
870 70 5 5 0.04743896
20 71 6 7 0.047864813
583 41 4 5 0.04816384
902 69 5 6 0.048318595
163 25 5 5 0.048340745
416 38 7 6 0.04863318
584 53 5 5 0.048667308
100 24 6 6 0.04894174
501 8 6 6 0.049277004
325 6 5 6 0.049278814
391 4 6 6 0.04955483
756 38 6 6 0.049617782
263 24 4 5 0.04986854
486 22 6 6 0.049901284
582 21 4 5 0.049911954
770 56 6 6 0.050927553
152 88 5 7 0.05116051
918 84 5 5 0.051356543
310 8 5 5 0.051959924
117 5 6 7 0.052143436
547 23 5 6 0.05229079
679 52 5 7 0.052371036
552 6 5 5 0.05256307
917 72 4 6 0.052754182
23 84 6 8 0.053343903
563 70 6 7 0.053478334
695 27 5 6 0.05377511
980 89 5 5 0.053921226
551 70 6 5 0.053957254
134 89 6 7 0.054419164
295 22 5 5 0.054670144
293 71 6 7 0.054882396
567 3 5 6 0.055324383
165 70 6 6 0.055350482
934 87 5 5 0.055947036
615 40 4 5 0.05596667
950 73 4 5 0.05630193
390 83 6 7 0.056437653
630 39 4 4 0.056747094
293 8 5 6 0.056811765
628 24 5 5 0.056950435
535 38 4 5 0.057830513
340 22 5 5 0.057852764
661 4 4 6 0.05791058
3 53 6 9 0.058398772
275 70 7 7 0.058432344
564 41 5 5 0.058984123
504 37 5 6 0.059203424
967 87 4 5 0.059630413
965 73 5 5 0.060148235
866 138 8 9 0.060249954
83 41 6 6 0.060749404
884 72 5 6 0.061113592
241 58 6 7 0.061201267
276 39 5 6 0.06133118
149 24 5 5 0.06152354
693 36 5 6 0.061700873
997 70 5 6 0.062281452
517 8 5 6 0.06325613
402 66 6 6 0.06357594
356 40 5 5 0.06392229
275 57 6 6 0.064293586
472 3 6 6 0.06432169
615 70 5 6 0.064562544
357 6 5 6 0.06460225
116 25 5 6 0.06467221
566 22 5 5 0.06546966
549 54 5 6 0.06562418
179 53 8 6 0.06587885
547 41 5 6 0.066218495
324 22 5 6 0.06631648
598 57 5 5 0.0667789
339 8 4 6 0.067726664
856 88 5 6 0.0684203
194 39 8 6 0.06894141
454 22 6 7 0.06897957
310 42 5 6 0.06909426
676 40 5 5 0.06938351
341 39 5 6 0.06962305
599 41 5 5 0.06968632
403 59 6 6 0.07015572
963 101 4 6 0.07034561
951 88 4 5 0.07040331
294 54 6 6 0.07080847
101 39 5 5 0.07090413
262 6 4 6 0.07106359
567 55 5 6 0.07251044
312 88 6 8 0.072588176
662 56 5 5 0.072590485
328 39 4 6 0.075786375
119 36 6 5 0.07597347
342 70 5 5 0.07640834
402 2 6 7 0.07685557
981 71 5 5 0.07693984
536 3 5 6 0.07717271
934 101 5 6 0.0776944
403 23 6 6 0.07771916
310 52 5 6 0.07882244
17 36 6 7 0.0794649
466 23 7 7 0.08174325
613 55 4 5 0.08270033
5 37 6 8 0.083660625
435 24 7 7 0.08495302
647 39 4 4 0.08531458
150 56 6 5 0.08532409
308 20 4 6 0.08612832
277 6 4 6 0.08614837
355 72 6 6 0.086252645
180 40 7 6 0.08654746
536 23 6 7 0.086561956
371 23 6 7 0.086616926
360 24 5 6 0.086809546
149 39 6 5 0.08770981
293 40 5 5 0.087733395
501 20 5 6 0.08884208
951 99 5 6 0.09011705
408 40 6 6 0.090314366
135 41 6 6 0.09034238
356 83 6 8 0.091048114
343 82 6 7 0.09139948
646 55 4 5 0.09202905
386 59 6 6 0.0927651
661 40 5 5 0.09318213
630 55 5 5 0.093823604
341 57 5 6 0.09511827
134 25 6 5 0.096030496
326 86 6 6 0.09703492
100 51 6 7 0.10062393
658 67 6 6 0.10066018
371 80 7 8 0.10135151
466 40 7 7 0.10149441
370 2 6 6 0.1036225
389 69 6 6 0.10545764
546 88 8 7 0.10610982
325 57 5 6 0.10691424
165 56 6 6 0.10750622
370 72 6 6 0.10890337
516 20 6 6 0.1100559
376 58 6 6 0.11022812
357 56 5 6 0.114016674
133 54 6 6 0.11465696
115 54 6 6 0.11537688
388 22 6 7 0.12113683
311 69 5 6 0.12643577
245 70 6 8 0.12678581
328 71 5 7 0.12731294
161 39 6 5 0.13404278
275 93 33 55 0.36588812
532 267 35 60 0.45570597
671 86 36 52 0.5591399
563 100 39 54 0.5837183
418 260 37 62 0.59257877
287 281 39 62 0.61302334
185 72 43 55 0.62464976
404 78 43 57 0.6329302
670 252 39 58 0.6393648
798 96 37 55 0.6896144
795 247 44 59 0.8366289

