37_Soccer_soccer_ball_37_720
44
715 402 23 19 0.010088034
734 288 24 16 0.010103636
298 481 7 9 0.01033814
590 428 15 16 0.010848454
995 165 17 38 0.011196134
740 412 13 19 0.011382965
989 217 35 61 0.011577755
998 448 6 6 0.011822821
986 178 26 16 0.012186887
986 233 38 58 0.012377691
571 120 18 33 0.014328469
522 336 14 18 0.014739329
706 265 22 19 0.014906588
743 285 24 17 0.014934264
948 436 5 6 0.0151066445
592 430 12 10 0.015237276
983 76 36 73 0.015814248
808 451 6 6 0.015836619
966 454 5 5 0.015961781
1016 434 4 8 0.016331347
967 438 5 5 0.017218078
867 452 6 5 0.017898703
682 430 20 19 0.017932009
391 488 7 8 0.017936418
124 102 34 41 0.018092137
893 355 30 39 0.018215155
996 423 5 6 0.018418174
807 439 7 6 0.02028341
982 451 5 6 0.022378298
824 427 7 8 0.025662467
998 438 5 6 0.026344068
820 448 5 7 0.026515253
303 478 7 10 0.039876923
980 438 5 5 0.039981525
517 330 18 28 0.06089003
788 439 6 8 0.07012698
833 432 7 7 0.09712447
824 431 7 8 0.34692928
516 336 15 20 0.5792236
712 255 20 29 0.70061266
580 346 15 18 0.84416825
123 107 37 55 0.9432707
860 181 27 37 0.9632727
454 25 34 67 0.9810431

