22_Picnic_Picnic_22_933
28
9 529 14 41 0.010846413
8 523 22 53 0.011995714
886 76 41 61 0.012264203
50 545 13 22 0.012269455
159 561 33 38 0.012697099
169 521 28 14 0.013006893
4 516 32 70 0.013089436
637 390 42 63 0.014442028
142 541 65 72 0.015182724
2 541 35 67 0.015314068
9 516 24 17 0.022375287
657 251 57 100 0.023622649
9 498 17 33 0.024991723
77 510 21 28 0.025075259
154 554 44 55 0.028541354
174 534 21 30 0.032909874
5 481 23 18 0.03419496
174 546 24 18 0.04578934
706 49 110 139 0.050921977
200 26 206 192 0.075713396
634 194 53 93 0.07586847
703 13 185 218 0.10423122
654 187 41 63 0.17290767
605 216 50 100 0.18554887
2 482 20 21 0.38213983
648 174 38 70 0.5442227
737 37 117 176 0.9286383
245 57 131 146 0.937194

