22_Picnic_Picnic_22_308
126
596 254 10 11 0.010042362
626 228 15 16 0.010647928
309 202 5 5 0.0107296435
739 261 21 26 0.010957365
216 196 7 6 0.011295735
489 328 22 28 0.012008533
899 248 6 7 0.012074819
917 261 8 8 0.012100414
474 347 28 15 0.012109749
599 225 23 17 0.012196706
475 341 26 15 0.012457753
632 229 23 17 0.0129057765
102 226 6 11 0.013022346
771 273 9 10 0.01313833
818 293 9 9 0.013142733
818 271 11 9 0.01351231
602 282 27 38 0.013520556
234 258 9 9 0.01359657
519 303 24 21 0.0140404655
607 232 20 29 0.014083714
341 226 5 5 0.014329567
853 271 13 16 0.015036789
786 248 7 8 0.015274513
640 233 10 8 0.015743826
602 297 23 19 0.01583155
748 270 14 16 0.016103607
511 298 41 47 0.016354796
558 281 23 21 0.016812542
830 257 14 15 0.016857982
567 275 24 19 0.01693481
651 239 22 18 0.017066037
799 256 14 16 0.017149137
769 249 8 9 0.017209148
725 256 14 17 0.017218877
882 308 9 10 0.017693749
894 308 10 11 0.017970474
959 207 31 45 0.017990716
792 275 9 10 0.01876546
851 289 8 10 0.019431625
517 307 24 30 0.020313062
702 254 21 28 0.020578703
492 338 25 16 0.020803306
609 241 10 10 0.02082808
587 229 28 37 0.020859815
403 214 6 7 0.020944627
629 241 9 9 0.020955171
387 228 5 5 0.021185068
862 269 14 16 0.023840616
226 208 8 7 0.024225717
312 228 5 5 0.024805075
760 248 7 9 0.025008623
736 248 8 8 0.02508826
358 369 14 20 0.025749989
479 342 31 34 0.026465306
640 233 20 28 0.027789386
226 200 7 6 0.028530814
215 212 6 7 0.030074704
693 251 13 17 0.033285256
601 238 21 20 0.03396447
584 255 21 28 0.03558494
254 256 9 8 0.035665914
359 368 21 22 0.036197808
891 254 13 16 0.036624897
691 229 7 9 0.037598133
802 289 9 10 0.038469773
590 249 22 18 0.038874336
607 227 10 9 0.04029477
658 244 9 9 0.042084027
752 273 9 11 0.043973867
743 269 10 12 0.046227694
595 222 15 16 0.047743514
358 238 6 7 0.048120704
799 273 14 16 0.04906375
801 260 8 9 0.049269006
834 289 8 10 0.050446175
727 258 9 10 0.050705228
629 231 9 9 0.05217652
741 265 14 18 0.055098023
695 243 13 17 0.056731436
344 216 5 5 0.057207473
323 213 4 5 0.057823583
326 227 5 5 0.063143514
697 252 21 19 0.06507577
704 257 10 10 0.0662825
836 272 9 9 0.06760853
791 258 8 10 0.068350345
696 246 9 11 0.06930941
725 244 8 9 0.0697021
888 254 12 16 0.07036164
604 289 21 20 0.07123543
297 209 5 6 0.072255105
757 254 13 17 0.07545064
694 255 9 10 0.07988269
555 269 21 29 0.08210208
244 250 9 8 0.082595974
590 243 22 19 0.08261791
866 265 8 9 0.08416809
855 274 9 9 0.093041226
642 242 11 10 0.0940848
358 229 5 6 0.10026346
764 252 13 17 0.11073393
850 264 9 8 0.11135976
357 215 5 5 0.11406445
636 238 22 18 0.12335437
834 259 9 9 0.1246838
954 185 47 90 0.14108452
597 224 10 10 0.14746875
704 244 10 10 0.15776119
309 211 5 5 0.16226979
697 240 21 18 0.18901491
759 256 8 11 0.204176
866 271 8 10 0.2119166
802 276 9 10 0.21375905
239 253 15 15 0.2243569
894 256 8 11 0.22931498
559 275 27 37 0.24305898
767 255 9 11 0.24550404
568 279 20 31 0.25020424
737 259 14 16 0.27047008
740 260 10 12 0.3060438
889 256 9 12 0.41511264
815 259 16 15 0.42424017
950 187 41 64 0.4293827
242 255 10 10 0.78022057
517 293 28 41 0.79234445
386 327 28 44 0.8381703

