22_Picnic_Picnic_22_541
100
685 132 12 19 0.010319306
596 1146 6 6 0.01051582
691 168 7 9 0.011124453
727 12 6 8 0.012021105
577 7 11 8 0.0121550225
642 84 11 12 0.012299877
570 38 8 10 0.012541341
555 5 23 16 0.012623654
769 282 11 7 0.01264327
436 1133 8 9 0.012826749
678 129 12 19 0.01319196
643 76 10 12 0.013448187
708 284 10 6 0.013761269
463 1095 13 20 0.0142164435
804 116 8 12 0.014369702
895 138 8 10 0.0144624505
845 46 19 28 0.014682924
902 843 24 19 0.015414938
966 112 14 20 0.015906809
567 1148 6 6 0.015961578
961 94 10 10 0.016667414
753 45 5 8 0.01668788
562 7 11 11 0.016872466
578 1146 6 7 0.01693197
976 107 10 10 0.017217416
556 102 13 21 0.017733932
943 78 10 11 0.017931463
754 65 11 20 0.018315786
839 44 10 13 0.018379219
451 1128 9 10 0.01848096
791 74 13 18 0.018977892
552 96 17 32 0.020064568
484 1194 6 8 0.020721981
775 91 7 9 0.021225944
680 148 12 18 0.021576418
709 61 6 8 0.021965278
580 53 8 10 0.022173252
743 30 5 7 0.022609282
980 78 7 9 0.02288293
736 84 7 11 0.023610152
754 89 6 9 0.024148934
593 9 9 8 0.024403078
979 90 8 9 0.025355905
966 107 9 11 0.025805049
885 139 8 11 0.025884602
936 85 10 13 0.026742628
611 8 7 8 0.026802279
551 100 12 22 0.026999855
703 150 8 10 0.027070936
968 112 21 20 0.027933339
576 32 10 9 0.027981583
575 37 15 17 0.028640581
680 127 7 11 0.029891932
688 148 13 17 0.030085277
687 135 8 12 0.03079383
921 72 9 13 0.031119244
940 76 14 17 0.03114909
795 72 13 18 0.033916574
838 48 13 18 0.03430979
929 73 9 12 0.035923913
573 32 19 29 0.036178797
687 126 8 11 0.038152885
729 78 6 10 0.038776174
768 70 8 11 0.040036205
965 104 14 19 0.041109096
363 1107 12 20 0.042192433
793 76 9 12 0.04408418
840 48 22 20 0.04605795
919 69 13 19 0.04607408
797 74 9 12 0.04994691
943 86 11 12 0.05079432
935 82 13 18 0.05250529
636 79 20 21 0.05357454
680 132 8 12 0.05362305
738 77 6 9 0.053638887
756 69 7 12 0.054403167
838 42 13 19 0.055604737
739 58 6 8 0.057266664
727 42 5 7 0.06447603
740 43 5 7 0.06957481
726 58 5 9 0.070231795
728 84 6 11 0.07080508
1013 86 6 12 0.0737021
637 74 20 19 0.073843375
788 85 12 19 0.079017624
578 41 9 9 0.08231195
262 1080 6 8 0.0885924
926 70 14 19 0.08929778
712 44 6 7 0.10153534
789 88 9 12 0.10248828
968 104 21 20 0.10283968
840 41 23 19 0.10676633
937 82 21 19 0.11980199
876 781 28 43 0.11989755
753 60 7 10 0.12307211
724 29 6 8 0.1264541
682 151 8 12 0.15487415
691 151 9 10 0.16885264
360 1106 11 21 0.17250638
94 616 37 84 0.62688524

