22_Picnic_Picnic_22_36
110
471 351 6 9 0.010031099
214 683 40 60 0.0100726085
119 737 6 8 0.01008136
468 441 27 42 0.010199215
811 279 13 15 0.010330375
642 630 44 91 0.01035177
790 302 6 10 0.010497379
695 566 29 65 0.010566739
546 308 6 9 0.010598083
122 681 37 68 0.01077199
227 662 35 62 0.011960445
858 432 23 51 0.01234993
431 353 7 9 0.012408695
381 277 10 15 0.012612521
725 305 6 10 0.012935497
555 283 13 16 0.013146506
813 281 10 11 0.013155993
576 584 37 61 0.0131942015
459 317 12 20 0.01341882
422 369 8 10 0.013841332
734 576 15 37 0.014896886
229 213 5 5 0.01526568
41 377 23 19 0.015331378
536 350 7 10 0.015351489
416 365 20 19 0.015641857
25 376 37 55 0.015979894
523 597 29 41 0.016137315
702 589 24 47 0.016582202
893 643 10 11 0.01711287
558 281 8 10 0.017494822
582 563 33 64 0.017720016
386 497 35 61 0.01774839
464 341 6 9 0.017855285
547 323 6 7 0.017988188
562 351 12 21 0.018306358
793 270 11 19 0.018694883
611 562 31 68 0.018773993
713 300 7 14 0.01880782
36 354 14 17 0.018829584
808 283 19 19 0.020161102
736 302 6 10 0.020862717
691 574 10 30 0.021295778
33 381 21 22 0.021754315
538 344 7 9 0.022227947
430 343 7 9 0.02228041
735 296 7 10 0.023167888
38 355 9 10 0.024468344
313 550 25 16 0.025664087
547 571 27 42 0.026160246
312 542 21 29 0.027501538
51 368 10 13 0.0286178
551 283 12 17 0.028885268
457 314 10 21 0.029426351
361 304 5 8 0.03218942
421 353 8 8 0.03225242
59 356 14 16 0.03355308
538 594 28 43 0.033876546
692 580 11 30 0.035152856
371 303 5 7 0.03539382
191 696 39 57 0.037529413
711 295 11 22 0.038256917
100 520 38 62 0.040626645
554 280 7 11 0.04452952
52 358 11 12 0.04511645
362 295 5 7 0.04557783
835 436 36 66 0.046483226
31 379 28 39 0.047845278
605 583 34 67 0.05028656
36 363 19 21 0.05218685
462 320 7 10 0.062022753
806 283 12 18 0.06718192
792 294 7 11 0.06725828
562 338 8 10 0.068088755
425 344 6 8 0.06953226
718 281 12 20 0.0747096
701 575 16 40 0.07625715
51 356 14 17 0.08520919
721 285 8 13 0.0898282
458 317 7 12 0.09144258
548 338 6 10 0.09352206
462 311 6 8 0.10016958
798 274 12 16 0.10189436
788 438 37 70 0.11025958
379 281 7 11 0.11797857
482 352 6 9 0.12148287
558 285 9 11 0.1262983
814 285 10 13 0.14669248
794 274 8 12 0.16988865
711 290 12 19 0.1738202
712 291 8 14 0.18723784
118 514 36 65 0.18802409
692 572 15 40 0.19361603
808 286 8 12 0.19534352
45 364 21 21 0.23585315
721 276 12 18 0.24493434
383 283 6 11 0.25082737
553 285 8 11 0.26873738
377 287 6 8 0.34129825
781 435 28 73 0.35153365
723 278 8 13 0.36374998
459 312 6 9 0.3723911
800 276 8 11 0.37299636
126 505 33 64 0.39080185
184 488 29 43 0.41428727
167 488 35 59 0.46581215
640 645 33 61 0.47113606
382 281 8 10 0.677767
459 438 29 43 0.68148863
291 506 21 34 0.87507397
638 227 28 43 0.9709089

