22_Picnic_Picnic_22_152
19
112 371 36 63 0.01037755
185 421 28 40 0.010400517
65 398 45 61 0.011155632
89 377 48 95 0.01175912
904 378 51 87 0.0122083975
604 165 38 63 0.015470282
610 155 19 38 0.015938856
589 142 33 59 0.016905148
869 399 23 60 0.027257467
397 242 29 41 0.03745334
95 391 38 63 0.049182415
402 233 40 54 0.049291424
852 383 53 84 0.053197164
105 374 34 69 0.07649345
395 220 28 43 0.18643773
412 224 29 41 0.2875347
866 386 31 85 0.53242815
601 144 34 58 0.63400984
129 235 34 64 0.94187856

