22_Picnic_Picnic_22_310
158
262 240 12 23 0.010070668
418 239 7 9 0.010147022
524 278 13 25 0.01018776
1 298 10 26 0.010201699
192 276 7 14 0.010233426
210 212 6 7 0.0102803605
225 284 8 14 0.010307512
886 225 6 9 0.0103284065
456 218 19 23 0.0103475405
831 237 12 20 0.01042848
854 180 5 7 0.010478135
847 219 12 22 0.010612292
920 238 21 21 0.010614146
53 254 11 21 0.010734302
224 245 27 40 0.010752978
32 252 7 14 0.010789865
247 231 36 60 0.0109075215
485 257 17 30 0.011094989
61 256 11 22 0.011199597
728 212 7 9 0.011661153
497 258 8 12 0.011818186
24 244 12 18 0.011901299
89 303 8 15 0.012179266
226 277 7 13 0.012376432
664 191 25 19 0.012459178
258 227 18 36 0.01247191
129 268 11 19 0.012481158
945 247 14 22 0.012575828
704 196 18 32 0.012614545
48 275 7 13 0.012776943
457 208 19 25 0.013119351
0 501 7 39 0.0131381005
148 281 11 19 0.013151826
849 226 7 9 0.013296578
47 285 8 15 0.013346587
999 244 16 37 0.013393466
493 265 12 22 0.013454926
849 213 6 9 0.013649328
171 280 17 30 0.013835975
88 273 7 14 0.013886654
40 277 8 15 0.014216438
34 278 18 31 0.014505228
14 283 13 20 0.014522103
258 249 12 24 0.0149441445
901 282 36 59 0.015846165
684 201 23 19 0.01592114
177 261 6 11 0.016938344
12 284 16 33 0.017097037
992 237 19 23 0.017528927
187 211 6 8 0.018061904
833 218 12 22 0.018556293
111 285 8 16 0.01866117
214 289 7 13 0.018973945
158 270 10 21 0.019301338
22 252 12 19 0.0194631
131 291 8 13 0.019505486
227 248 18 32 0.01966323
519 279 13 25 0.019908529
105 290 7 15 0.02033166
10 264 17 30 0.020337408
1012 279 11 55 0.020433517
189 274 11 21 0.020438962
222 281 12 20 0.020497577
904 240 8 11 0.020909471
213 245 6 10 0.021054082
494 256 13 20 0.021656768
683 195 24 19 0.021884562
869 190 7 8 0.02250559
102 289 16 32 0.02257473
497 238 13 18 0.022628885
100 271 11 20 0.023039157
35 275 17 23 0.023087144
868 185 6 8 0.023286289
929 234 18 32 0.023430023
150 284 8 13 0.023965266
45 272 11 21 0.025094027
914 220 12 20 0.025318382
825 224 6 10 0.025965193
131 271 8 12 0.026154665
85 268 12 22 0.026166594
252 239 26 43 0.02619776
191 284 8 15 0.026253039
181 277 7 15 0.026561623
916 241 9 12 0.027326465
855 194 5 8 0.028160332
111 303 8 15 0.028251052
257 223 27 45 0.028795252
913 211 13 19 0.029022073
44 282 12 20 0.031177169
916 224 8 11 0.032245718
836 224 6 10 0.032436274
902 236 12 22 0.032490175
521 274 20 23 0.034180883
24 254 7 13 0.034353357
161 273 6 13 0.034531474
233 221 6 10 0.034661382
257 245 18 32 0.034692105
742 214 7 9 0.034848828
102 274 7 12 0.036390625
829 209 12 19 0.036493983
12 272 12 21 0.036611274
942 242 20 21 0.039040383
667 224 29 44 0.03957873
223 272 12 22 0.040472366
233 215 5 8 0.043597665
108 283 11 21 0.04821169
28 244 12 17 0.048449475
835 243 6 10 0.04864484
916 215 8 11 0.048672806
188 282 12 20 0.049444452
935 246 19 31 0.049503673
754 188 17 31 0.05301183
26 247 8 12 0.055063836
840 220 18 32 0.05702507
108 300 12 20 0.057174806
101 303 8 15 0.058200024
12 506 16 35 0.060980696
162 263 7 11 0.06439206
88 299 12 22 0.06477192
652 187 25 19 0.06677027
256 212 36 62 0.07108693
7 273 8 15 0.075299956
103 287 11 24 0.07535823
659 217 35 58 0.079687454
161 285 10 20 0.08153454
759 186 12 25 0.08208246
990 229 18 35 0.0958852
181 284 8 16 0.10024226
30 246 8 13 0.10341324
761 191 19 25 0.10572378
911 237 19 21 0.119075514
732 243 26 43 0.12619822
6 270 12 21 0.13485448
652 185 20 33 0.15505092
499 241 8 9 0.1735109
832 213 7 10 0.17787826
163 288 7 13 0.17927377
110 273 11 19 0.19367412
970 225 27 43 0.19893688
37 280 13 20 0.20615534
672 191 28 39 0.20726141
98 298 13 22 0.20731524
826 214 6 10 0.23074417
909 230 17 34 0.27868325
112 275 8 14 0.2808741
193 210 6 8 0.2812697
149 275 8 15 0.31418967
969 239 27 45 0.3147977
595 182 19 34 0.33841988
147 273 11 20 0.3930244
180 281 12 21 0.42356318
519 275 18 34 0.45686865
766 187 17 33 0.49698117
276 199 40 69 0.50213623
857 214 27 39 0.7796077
602 184 19 34 0.7830435
452 209 19 35 0.88273114
647 221 36 63 0.8903105

