22_Picnic_Picnic_22_290
28
586 435 19 30 0.010900173
555 435 19 23 0.011131451
703 403 16 42 0.01174537
525 439 19 32 0.012136521
715 376 57 84 0.013324778
117 379 33 72 0.0134611055
386 493 40 58 0.015862234
1004 388 18 120 0.016242445
556 416 17 36 0.016515192
606 433 12 24 0.019067576
599 434 12 24 0.020974344
316 516 36 69 0.022549769
239 436 12 24 0.023104202
237 437 16 34 0.023942113
390 526 29 41 0.036286447
385 518 38 58 0.043550737
463 465 22 18 0.05227282
698 418 23 51 0.055710956
271 415 16 36 0.0663747
1009 380 15 81 0.08881261
696 386 29 77 0.09044581
614 423 19 34 0.1262687
550 428 18 35 0.39200678
274 426 17 35 0.5348478
282 423 17 35 0.60223824
618 412 23 42 0.8581251
347 415 24 39 0.92618823
417 406 24 43 0.946435

