22_Picnic_Picnic_22_140
71
575 431 18 33 0.010001925
935 367 26 17 0.010130473
306 343 16 35 0.0102305235
841 452 22 19 0.010298109
550 405 8 12 0.010317387
678 422 28 42 0.010832583
679 407 18 32 0.011059965
633 394 22 19 0.011424671
51 355 8 8 0.011790893
30 420 36 61 0.012228977
813 455 27 15 0.012401958
672 415 38 59 0.013365041
40 429 19 32 0.0141551485
148 401 7 13 0.014397376
552 409 11 23 0.014817546
855 386 35 59 0.01522707
567 377 24 19 0.015247167
902 409 19 33 0.01598569
849 409 12 24 0.016210314
919 382 31 65 0.01639881
631 367 23 19 0.016474014
549 402 12 22 0.01674914
36 425 27 43 0.016820174
638 386 14 22 0.017203325
914 379 21 20 0.018044906
58 343 7 10 0.018300438
621 399 23 19 0.020063048
867 366 33 55 0.020294104
289 352 12 26 0.02036862
641 392 20 31 0.02083409
840 402 19 31 0.020835353
920 428 11 31 0.020950519
624 386 24 17 0.020962048
463 428 12 23 0.021034196
862 372 22 19 0.021844577
395 397 18 34 0.023307811
562 369 21 21 0.023384787
70 411 19 32 0.026123744
246 420 6 10 0.02714427
911 372 23 20 0.027543563
921 372 23 20 0.03109943
863 423 18 34 0.03115081
454 409 17 34 0.03304986
537 400 7 12 0.035892393
615 442 19 36 0.037459064
428 357 18 31 0.03861672
446 424 18 33 0.042565685
63 333 13 18 0.045912728
858 396 27 41 0.04810626
931 396 17 36 0.052146252
418 350 22 21 0.05458687
921 379 22 22 0.05679009
68 330 8 9 0.058809698
432 428 18 33 0.05980362
422 352 24 21 0.07091431
66 336 8 12 0.07529838
564 372 17 31 0.08565142
622 367 21 19 0.113118045
615 449 25 43 0.14405257
910 371 19 32 0.14954779
924 426 16 36 0.1581779
627 370 19 29 0.1836333
908 422 17 35 0.21118516
929 372 18 34 0.31629786
876 375 19 35 0.35925332
636 376 20 31 0.404864
793 379 20 35 0.6034953
572 367 19 30 0.7137736
424 346 18 33 0.79384375
319 339 17 37 0.8997812
785 374 23 44 0.93486387

