22_Picnic_Picnic_22_313
106
18 221 13 17 0.01037655
764 326 48 94 0.010589177
533 243 7 10 0.010657532
766 324 37 63 0.011220496
746 244 17 33 0.011245366
308 181 6 7 0.011421235
112 210 10 9 0.011623864
700 282 22 22 0.011710893
559 257 13 19 0.012262401
482 188 13 20 0.012473706
564 273 9 12 0.012482497
83 198 9 9 0.012781616
0 327 11 41 0.012845662
550 274 8 12 0.013160594
7 372 15 37 0.013334755
0 195 10 21 0.013634501
497 194 6 10 0.013744428
515 205 12 21 0.013809605
55 161 6 10 0.013993372
573 271 13 20 0.015470082
425 188 7 16 0.01564332
98 128 6 9 0.015772173
544 251 12 19 0.01657826
775 361 30 44 0.017373467
50 196 13 17 0.017377961
34 195 13 17 0.017415097
760 284 21 20 0.017551647
579 230 7 9 0.017647894
1 200 7 12 0.018170875
118 178 6 7 0.018435063
648 298 18 30 0.018440219
769 272 18 31 0.019720096
562 269 12 20 0.019942367
620 190 24 38 0.020667568
424 184 10 23 0.020808304
18 212 8 9 0.020955091
548 271 12 20 0.021179063
46 203 13 17 0.021882458
82 239 12 11 0.02234632
646 278 18 31 0.02311576
20 224 9 10 0.024093715
452 273 8 10 0.02411864
617 193 23 22 0.024232358
1 168 10 27 0.025993899
119 168 6 7 0.026471402
738 271 19 21 0.02714814
562 261 8 10 0.027410937
121 226 23 17 0.027759515
804 272 29 38 0.028142499
590 240 12 20 0.028430704
549 212 5 7 0.02877509
482 179 6 9 0.029771807
19 194 13 19 0.029956138
97 210 14 17 0.030961204
750 271 13 20 0.03108597
564 212 5 7 0.031632077
337 178 5 8 0.03171743
593 243 8 12 0.03202382
534 225 6 10 0.032478545
485 193 7 11 0.033997457
473 193 6 11 0.034723923
145 166 6 8 0.03576086
98 192 13 17 0.038355358
1 169 14 37 0.039485775
65 195 8 11 0.03994557
38 203 12 17 0.042209644
564 227 6 8 0.043430224
76 236 22 17 0.045335013
112 194 7 8 0.046125613
100 214 10 10 0.04833682
22 198 8 11 0.048700657
222 303 12 26 0.050085936
518 211 6 10 0.05223736
547 255 8 11 0.05306526
206 297 18 34 0.053442366
329 176 6 8 0.05398587
37 198 8 10 0.05675244
565 237 12 19 0.059075303
545 241 12 19 0.062372714
534 212 5 8 0.06717985
71 207 14 17 0.068453275
817 272 22 17 0.06873314
770 352 38 62 0.071093395
547 227 6 9 0.072815046
72 209 10 12 0.075455286
53 199 8 11 0.07822836
747 266 18 33 0.09165689
49 206 9 10 0.09704169
0 202 10 20 0.10913577
313 311 17 35 0.117143154
578 241 7 12 0.11816051
574 238 13 19 0.11926896
548 245 7 11 0.1223205
650 342 19 32 0.12913848
0 205 9 14 0.13580008
222 299 17 33 0.13598816
514 233 16 31 0.14790896
39 206 9 11 0.16391283
101 194 8 11 0.20047787
567 240 8 11 0.24246234
76 207 15 17 0.47915775
512 238 14 23 0.63094217
704 276 18 35 0.8180543
303 305 23 44 0.8379769
623 185 16 38 0.8665327
161 302 26 42 0.9150282

