22_Picnic_Picnic_22_444
210
784 383 14 15 0.010230648
563 448 10 9 0.010249473
147 368 7 10 0.010263074
493 413 13 17 0.010288082
307 313 5 7 0.010408668
70 336 7 9 0.0104553085
932 373 7 6 0.010948909
468 323 7 8 0.010965921
323 388 8 6 0.010984663
307 320 6 6 0.011033044
578 450 10 8 0.011110638
221 390 14 16 0.011141176
565 332 14 15 0.0112367915
465 409 7 7 0.011629935
527 371 7 8 0.011876915
400 349 12 15 0.011887585
260 322 6 6 0.012087744
516 358 6 6 0.012286253
407 371 6 8 0.012302548
803 371 8 8 0.012447485
451 419 7 6 0.012690478
162 326 7 8 0.0127335545
132 423 6 9 0.0128641715
855 308 6 6 0.0128851645
149 309 6 8 0.013331996
488 407 8 8 0.013916506
484 415 14 17 0.014137983
574 427 14 16 0.014416984
340 370 7 5 0.014585909
550 338 8 6 0.014586766
854 354 8 7 0.014604824
723 304 7 8 0.01469768
882 374 8 5 0.015007112
246 390 9 9 0.015071671
736 353 8 7 0.015125692
770 313 6 8 0.015303659
377 411 7 8 0.015314736
695 356 7 7 0.015323872
708 360 7 6 0.0155197475
583 357 7 8 0.015624804
531 440 8 9 0.015739126
143 317 12 19 0.015863113
487 343 6 7 0.01588069
393 306 6 7 0.016140783
103 338 6 9 0.016315682
435 387 6 8 0.016335161
484 352 7 8 0.016336504
200 358 7 7 0.01634945
712 327 7 8 0.01644489
614 426 17 20 0.016548272
390 343 6 7 0.016642254
451 336 12 16 0.01666493
339 361 7 6 0.017224412
420 388 5 7 0.018088095
136 346 12 18 0.018152626
190 429 12 19 0.018828245
683 334 13 16 0.018961908
408 386 6 8 0.0191126
402 324 6 7 0.01930183
814 342 13 15 0.019313848
529 448 8 10 0.019453095
245 420 10 7 0.019507037
260 405 15 15 0.019913934
598 367 7 9 0.020272776
721 329 7 7 0.020285515
776 352 8 9 0.020586988
243 321 6 7 0.020643743
175 344 7 9 0.021191033
500 360 7 7 0.021808565
535 389 8 8 0.021866495
202 406 8 12 0.021921732
838 371 8 8 0.021945598
616 422 12 17 0.02235982
294 456 10 8 0.022584548
291 395 19 17 0.022859689
141 347 13 17 0.022948137
116 322 7 11 0.022965694
208 410 13 17 0.023284733
884 357 7 6 0.023658838
502 336 12 15 0.023863286
279 326 5 6 0.024376405
372 340 6 7 0.025121124
373 355 6 7 0.025447091
132 317 12 19 0.026394647
786 352 8 8 0.026693562
513 414 10 10 0.026693756
561 419 10 9 0.02729444
68 328 6 8 0.028202377
466 435 8 9 0.028402427
577 331 7 6 0.028451756
210 393 9 8 0.028622752
465 451 9 9 0.029016243
469 421 8 8 0.029042266
243 404 9 7 0.029375222
272 387 9 9 0.031128043
302 387 9 8 0.031191785
439 345 6 7 0.031212658
221 398 14 16 0.032144938
575 422 14 15 0.033272207
199 421 7 9 0.033358485
212 341 7 9 0.033588585
622 424 10 13 0.03362301
517 371 7 8 0.03366852
544 415 15 15 0.033960428
268 407 14 14 0.03403126
421 402 7 8 0.035228416
140 341 13 16 0.03541025
868 354 7 7 0.035948016
563 433 14 17 0.036426175
594 357 8 8 0.036622155
435 402 6 8 0.037835613
771 322 7 8 0.038127065
224 393 9 9 0.039526895
806 346 13 17 0.03970482
136 341 12 17 0.040181715
497 406 8 9 0.040584143
175 351 8 9 0.04158069
511 389 8 9 0.041708156
496 416 9 10 0.04188253
402 306 5 7 0.04211339
510 404 14 16 0.042561974
381 414 8 12 0.043054145
260 414 11 9 0.043257505
295 322 6 6 0.043358162
612 336 6 7 0.043839253
786 385 10 9 0.043881457
271 413 10 10 0.04458427
519 328 6 5 0.04575034
576 430 12 10 0.046852186
737 340 7 7 0.049559906
463 337 7 8 0.049834568
813 348 14 15 0.050005764
193 431 7 12 0.05093231
596 335 7 7 0.053587172
627 329 6 6 0.053941358
302 400 10 10 0.054331355
115 338 6 9 0.05470847
600 329 8 8 0.056051355
351 431 7 9 0.056097604
499 369 7 7 0.05861247
800 338 13 16 0.061925218
168 342 7 9 0.062306616
564 436 11 11 0.063265115
146 321 8 11 0.063315846
577 424 10 11 0.06676168
833 352 9 8 0.066888176
394 353 6 8 0.06749106
137 349 9 12 0.068916775
225 401 9 10 0.06905643
211 413 9 11 0.06949119
764 336 14 15 0.0702495
631 340 6 7 0.07485534
713 336 7 8 0.07542401
677 335 13 17 0.07556108
167 351 8 9 0.075732805
657 352 7 8 0.07731027
486 418 9 10 0.07788605
500 384 13 16 0.07935634
727 351 7 7 0.08115315
135 321 7 11 0.08253161
868 372 8 7 0.08323503
259 387 12 10 0.08513437
816 345 10 9 0.09879723
642 344 6 7 0.09991212
225 420 9 8 0.10044283
292 390 14 14 0.10644784
254 382 22 17 0.10763467
565 330 7 7 0.11423477
547 324 7 6 0.118911244
431 371 7 8 0.11932556
271 409 10 10 0.12036795
401 347 7 8 0.12417027
137 344 8 11 0.13087481
761 338 9 9 0.13883004
262 409 10 8 0.14264704
663 339 7 8 0.15238161
723 340 7 7 0.1535354
617 429 10 14 0.15646474
144 349 9 11 0.15662353
421 354 6 6 0.15758757
576 335 8 7 0.16107208
687 337 8 9 0.1613463
513 407 9 10 0.16624866
532 335 7 7 0.17791072
790 338 8 8 0.18140641
610 328 7 8 0.19087242
547 417 10 10 0.19254233
143 344 8 11 0.19445707
533 329 7 7 0.19615737
631 354 7 8 0.21184672
816 350 10 10 0.22480564
211 404 9 12 0.22553441
426 371 6 8 0.23508939
511 337 8 7 0.2507966
808 349 9 11 0.26223865
434 354 6 7 0.2702723
679 338 8 10 0.28085086
503 386 8 11 0.30587456
293 391 11 11 0.31920746
643 352 7 9 0.32725492
568 335 8 8 0.33927783
620 427 13 17 0.35967103
803 340 8 10 0.39454252
208 401 14 18 0.41782928
294 397 11 12 0.42344397
767 337 9 11 0.51881117
453 339 8 9 0.57661283
375 416 9 14 0.7064768
504 338 7 10 0.77752346
403 351 8 9 0.80003935

