48_Parachutist_Paratrooper_Parachutist_Paratrooper_48_1015
133
515 241 10 12 0.010016398
339 205 18 30 0.010157469
640 212 17 29 0.010195356
629 216 14 20 0.010928604
221 269 23 18 0.011090198
428 250 13 19 0.011092656
833 331 20 31 0.011105243
85 104 47 85 0.011239812
325 319 32 37 0.011304509
846 344 22 20 0.011545001
790 214 8 11 0.011590897
600 246 9 13 0.011655955
740 239 9 10 0.011688359
159 285 11 21 0.011898652
225 245 13 11 0.01200066
520 347 28 40 0.012682725
445 361 23 19 0.013695171
965 199 14 23 0.013811669
226 295 10 12 0.01403337
866 324 35 40 0.01419866
748 226 19 27 0.014419498
423 245 13 17 0.01454617
1014 393 9 27 0.014719039
709 227 10 15 0.014866365
525 239 20 21 0.015203884
767 216 14 19 0.015516782
862 334 32 42 0.016253412
448 355 23 19 0.016957195
930 297 24 26 0.017026968
993 309 19 38 0.017454535
442 235 22 19 0.017586602
753 202 17 30 0.01822307
255 255 22 18 0.018341543
993 378 25 47 0.019419393
951 290 23 17 0.019559566
883 315 41 55 0.020131845
789 356 40 61 0.020347532
952 302 23 18 0.020396661
231 281 21 30 0.020667944
339 215 18 29 0.020862132
756 221 14 17 0.021173265
620 343 28 42 0.02218725
745 243 23 18 0.022410257
206 272 14 18 0.022783672
423 254 10 12 0.022826975
422 251 13 19 0.02295205
958 297 22 28 0.023463301
275 267 20 19 0.023819268
102 141 30 46 0.02404525
599 243 12 20 0.024377488
755 211 8 10 0.02523992
420 371 28 38 0.025299251
788 221 11 13 0.025301266
433 242 14 17 0.025648925
950 288 14 17 0.025983013
230 257 24 19 0.026003366
551 244 18 31 0.026255947
601 243 18 21 0.02726909
445 224 21 21 0.027302768
224 291 14 18 0.027706483
269 256 20 21 0.028222268
217 383 31 39 0.029296972
755 207 13 19 0.029655227
956 321 23 19 0.029808708
425 248 9 11 0.030227331
758 225 9 11 0.03037547
542 361 43 49 0.031955507
1 276 20 18 0.03475097
835 340 20 30 0.03503124
606 246 10 14 0.03561048
777 342 37 58 0.03575749
542 247 20 21 0.03578373
965 451 25 44 0.036032397
552 236 21 22 0.036833964
600 249 13 20 0.03747751
705 230 18 22 0.039305177
629 208 18 23 0.03949565
845 216 23 18 0.04116706
435 246 9 10 0.041460473
633 215 20 22 0.046498477
965 192 17 24 0.04963943
425 363 22 30 0.05044821
923 303 24 17 0.05082784
786 211 14 21 0.05218362
271 260 19 30 0.053473953
516 234 18 29 0.06082754
0 283 20 21 0.07262004
776 213 18 28 0.07428324
566 222 13 21 0.083030306
853 210 24 20 0.08363071
737 227 14 17 0.08653756
858 203 17 30 0.097281426
604 248 12 19 0.11060688
684 336 43 58 0.11533343
220 244 23 17 0.11711051
453 353 29 40 0.1338567
236 272 23 21 0.13403904
553 356 31 41 0.14350218
509 238 20 21 0.14619733
711 225 21 21 0.14806435
932 320 28 40 0.15409255
740 231 9 11 0.15726893
222 250 21 20 0.19064945
174 371 24 43 0.1907177
576 222 16 29 0.19208941
708 225 19 28 0.19850604
544 240 19 23 0.20267664
782 217 21 19 0.20703217
763 210 20 23 0.21735087
955 309 26 41 0.22514212
4 281 17 36 0.24750611
549 233 17 32 0.24811396
568 224 20 23 0.28389934
769 206 18 29 0.29657242
468 354 34 52 0.31479207
789 341 36 60 0.32298356
636 204 17 31 0.32645538
284 258 18 29 0.3839434
983 297 36 55 0.38766855
850 204 18 31 0.44362444
233 258 20 30 0.45332018
969 190 18 29 0.49192932
559 345 39 59 0.49341223
707 225 14 22 0.50462765
631 344 31 43 0.5336966
347 209 19 33 0.5371917
181 372 28 42 0.59198767
678 339 35 58 0.6000367
329 385 30 42 0.61825395
458 219 19 29 0.6196708
217 402 32 41 0.6483891
862 315 43 61 0.6528006
98 121 38 69 0.7088298

