48_Parachutist_Paratrooper_Parachutist_Paratrooper_48_72
209
610 309 10 10 0.010063559
570 75 6 14 0.0101164635
927 341 10 13 0.010173095
381 272 13 23 0.010317845
689 305 12 18 0.010439356
513 302 11 9 0.010585076
452 293 19 21 0.010723173
949 305 18 19 0.010785478
757 332 9 11 0.011129651
881 305 12 18 0.011499734
0 311 17 22 0.011509115
230 299 10 10 0.011564994
856 310 9 12 0.011599051
877 297 12 16 0.011733072
790 298 12 18 0.011791226
611 281 21 24 0.011890077
984 330 10 12 0.012249252
345 295 24 18 0.012348172
684 288 19 29 0.012674965
555 277 19 27 0.012829993
396 266 22 47 0.012934455
289 293 11 11 0.012979681
455 305 14 20 0.013076925
237 300 11 11 0.013277667
973 299 14 16 0.013563157
787 309 13 17 0.013563667
75 299 26 15 0.013686852
723 309 8 11 0.013834056
929 307 9 11 0.013892067
270 289 23 18 0.014056475
456 280 13 19 0.014149074
717 281 8 13 0.014280021
426 287 21 21 0.014341506
963 300 13 16 0.014345914
611 286 10 10 0.014348753
850 328 9 11 0.014355074
1015 283 6 11 0.014580099
744 293 12 19 0.014606985
985 341 9 13 0.014664488
604 305 22 17 0.014757913
576 84 5 11 0.014803013
670 310 12 17 0.014909865
352 282 17 32 0.015113889
784 278 6 11 0.015217428
861 328 13 16 0.0152666615
769 330 8 10 0.015361604
360 339 24 47 0.015428861
799 314 13 17 0.015755031
702 307 12 19 0.01605996
925 338 12 19 0.016266676
787 323 12 18 0.016278766
715 279 12 18 0.016363038
318 275 13 20 0.016570495
106 314 25 16 0.016706254
573 269 9 13 0.016883826
636 307 22 17 0.016976435
1011 297 11 20 0.01715506
526 281 17 29 0.017553497
401 290 20 22 0.01764905
689 282 13 20 0.01768201
640 299 8 8 0.017925099
621 305 24 17 0.018079901
223 306 25 17 0.018271238
421 278 12 23 0.018284857
829 322 12 17 0.0186641
606 328 23 18 0.018974911
745 297 9 12 0.020979103
764 298 18 21 0.021468591
774 273 12 19 0.021586731
598 295 12 11 0.02345677
498 299 11 10 0.02361587
355 351 35 58 0.02402664
225 286 21 27 0.026016075
381 254 13 25 0.026119139
111 325 23 19 0.026504835
47 324 26 16 0.027303956
770 300 9 12 0.027324721
281 284 23 17 0.02792262
121 315 24 17 0.029374652
777 269 7 10 0.030775271
533 283 14 17 0.032209877
821 321 13 17 0.032605924
594 291 21 18 0.032833155
738 309 12 18 0.03292479
571 83 5 12 0.033508833
992 322 13 17 0.035132665
993 301 7 9 0.035593364
231 304 24 18 0.03582686
0 317 11 23 0.0367502
993 314 14 16 0.037778612
1010 305 12 18 0.03812125
832 325 9 12 0.038142134
542 283 11 12 0.038421612
994 325 10 11 0.03980787
966 302 9 10 0.039938126
1013 301 8 12 0.04022006
828 311 13 17 0.041103
646 310 8 9 0.04156851
807 281 7 10 0.042717155
221 325 26 18 0.04390746
861 301 20 19 0.04453835
199 298 25 17 0.044821277
567 290 14 17 0.046295986
264 280 22 20 0.046495054
821 309 13 18 0.046543032
135 325 23 17 0.04661629
40 307 25 17 0.046828713
918 297 13 17 0.04911697
198 304 24 19 0.049148012
540 283 13 16 0.049156625
287 279 18 29 0.04920067
386 245 12 24 0.049939834
514 310 11 10 0.049988553
128 317 20 29 0.050267037
884 308 8 11 0.050680112
776 276 8 13 0.050842036
509 307 21 18 0.051243316
802 317 9 10 0.051735703
812 297 13 17 0.05210854
482 295 16 19 0.0529357
740 312 9 12 0.054861203
894 300 13 15 0.055081554
881 298 8 11 0.055121437
414 289 12 22 0.0559925
686 294 13 19 0.05610002
628 297 10 9 0.05612942
424 280 18 31 0.05628632
474 282 22 18 0.05659519
708 290 9 14 0.05731552
571 277 13 17 0.057380803
792 301 8 11 0.05802547
231 296 23 19 0.059139848
790 312 8 10 0.060147174
459 291 20 20 0.061425887
974 306 13 17 0.06300109
620 282 22 17 0.06402209
626 285 11 10 0.06647351
864 330 9 11 0.06745122
566 268 14 17 0.07078914
399 273 16 35 0.0711464
124 323 24 18 0.07137485
953 309 10 13 0.072544284
804 294 12 17 0.07487178
995 316 9 10 0.07562537
426 280 20 21 0.07587199
622 292 22 17 0.075984806
104 336 24 20 0.07613083
867 305 11 12 0.07770245
535 289 13 17 0.07951437
609 297 11 10 0.08259027
15 311 25 20 0.08301084
800 321 13 16 0.08409807
705 311 7 10 0.0850047
788 326 9 10 0.08518436
942 297 9 14 0.086410016
460 281 14 18 0.09016115
226 314 21 29 0.094652936
831 314 9 11 0.09466003
690 299 7 11 0.095591635
977 302 8 10 0.097003356
823 324 9 11 0.09793154
282 289 22 19 0.0982955
914 314 10 11 0.09872924
76 307 26 18 0.10299687
919 299 9 11 0.10490932
88 309 27 17 0.10811128
692 308 7 10 0.11128795
896 306 13 18 0.11380789
22 309 25 20 0.12241475
1012 308 9 11 0.12734997
751 295 9 13 0.12896255
572 290 14 17 0.1343433
489 295 23 17 0.13587156
912 312 13 18 0.14846039
823 312 8 11 0.14861076
977 308 9 12 0.15156214
386 247 16 36 0.15446968
816 299 8 11 0.15565905
663 313 7 8 0.16059044
898 308 9 13 0.16230546
933 297 10 13 0.17443895
845 295 9 13 0.1755183
603 293 21 18 0.1825821
749 293 12 19 0.18483196
539 288 14 17 0.1935601
867 300 11 13 0.2117272
31 308 20 28 0.2157057
566 274 13 17 0.22454897
803 323 9 12 0.23283637
185 290 30 35 0.23649299
939 296 13 17 0.24117085
673 313 7 9 0.24552341
957 307 14 16 0.28224137
896 302 9 11 0.29880413
482 289 19 29 0.30541226
805 296 9 11 0.30991572
457 305 21 21 0.32535017
615 323 22 30 0.45921695
932 295 13 18 0.46038643
14 307 21 29 0.4610923
767 304 14 18 0.46203166
60 318 21 27 0.4629857
840 296 9 12 0.47243214
334 278 19 31 0.53277814
96 319 28 37 0.57210135
865 299 14 17 0.59420496
707 283 13 18 0.669179
259 277 21 30 0.6849772
169 288 30 39 0.8011687

