36_Football_americanfootball_ball_36_126
62
921 86 8 15 0.01021157
3 205 24 103 0.010301716
514 267 40 54 0.010806051
314 136 37 73 0.011117687
314 186 46 111 0.011264821
844 193 53 103 0.011571968
699 122 41 64 0.012606839
47 141 18 37 0.012703837
264 202 55 97 0.012858094
44 119 26 45 0.012875803
919 102 31 69 0.012904714
955 45 36 61 0.013849145
4 173 22 54 0.01404059
53 153 37 65 0.014955351
643 213 29 44 0.015708907
679 107 31 43 0.015868086
25 126 42 106 0.01653755
660 204 35 67 0.01685339
615 319 34 70 0.016857972
701 92 48 85 0.017124495
773 91 45 91 0.017131543
923 138 24 49 0.017135663
925 118 18 36 0.017534208
924 79 12 25 0.01779062
654 200 50 94 0.018001862
200 133 34 66 0.01878475
921 113 24 47 0.018978534
865 184 34 77 0.019792268
920 127 31 71 0.020549702
919 134 14 21 0.021018103
118 187 36 63 0.021574171
6 193 19 66 0.022092232
692 79 36 62 0.023492245
964 75 28 44 0.023660328
2 167 31 71 0.023889076
698 107 29 45 0.024110293
776 110 28 44 0.024578106
54 122 51 86 0.026196994
794 105 26 47 0.026679115
911 78 18 34 0.029403623
954 74 45 99 0.029435437
662 221 37 67 0.030116776
921 63 33 62 0.031126335
4 173 35 143 0.032440223
771 80 37 58 0.034881342
769 121 38 69 0.03870118
123 186 27 43 0.043632183
640 205 37 62 0.052195765
936 55 25 47 0.05298613
788 97 34 66 0.05555521
959 67 38 61 0.05861887
313 149 48 95 0.06331983
920 82 11 24 0.06518507
923 71 25 45 0.070001416
771 102 37 63 0.073996104
3 183 28 86 0.07700546
796 88 27 43 0.08147225
42 127 34 64 0.0877955
674 80 28 43 0.09077866
675 97 41 61 0.10102611
692 97 38 65 0.16423799
52 134 36 65 0.26224595

