36_Football_Football_36_202
33
359 232 26 46 0.010386912
812 265 50 56 0.010732494
454 302 33 62 0.010819944
262 256 92 136 0.010887102
503 270 43 55 0.011075534
775 160 51 83 0.012275975
798 264 50 56 0.012424394
813 232 50 105 0.012429017
275 269 57 105 0.012458363
780 142 47 52 0.012772504
500 249 9 7 0.014560223
511 288 38 58 0.01664056
569 299 49 88 0.023778375
321 171 38 63 0.02417647
454 187 39 66 0.025426008
388 301 50 98 0.02688077
789 238 59 91 0.027623719
480 222 42 59 0.029615354
353 221 35 67 0.040607497
488 204 30 45 0.04194361
495 199 40 56 0.04252487
469 173 40 67 0.047457777
454 165 39 66 0.054046687
723 199 32 40 0.05642407
276 242 60 90 0.0647367
320 214 58 83 0.06893014
341 198 36 69 0.07503315
572 316 38 61 0.30570668
326 195 36 72 0.33558562
482 193 39 63 0.41616744
709 195 43 48 0.77544165
770 145 42 59 0.91499364
630 181 47 52 0.9457344

