36_Football_americanfootball_ball_36_257
70
246 131 33 66 0.010353738
75 230 53 62 0.010628867
992 183 28 81 0.010861309
760 160 36 70 0.011034756
22 149 8 11 0.011126366
413 16 24 18 0.01198011
24 138 7 10 0.012161323
3 150 10 24 0.012211549
60 185 23 20 0.012229697
0 167 31 67 0.012380093
767 148 48 87 0.012403618
180 190 41 58 0.012715696
509 217 25 31 0.012902831
304 222 26 18 0.012986677
1002 232 20 62 0.013039089
182 130 35 64 0.013097169
835 163 99 118 0.014208721
901 156 33 83 0.014624463
1000 256 20 64 0.01635867
1 185 27 82 0.016648825
1003 148 14 44 0.016872497
860 187 32 76 0.017144306
307 218 29 17 0.017341666
94 143 52 81 0.018284831
902 189 33 75 0.020092666
574 129 39 63 0.020404065
943 197 23 54 0.023157608
4 174 22 51 0.024390403
969 200 46 102 0.025634106
764 133 36 68 0.025693813
422 195 40 59 0.027144698
294 184 32 42 0.028492128
935 174 21 54 0.028596612
996 225 27 82 0.030456929
6 179 15 41 0.03071236
313 217 20 30 0.03475407
774 209 28 44 0.03485292
571 102 36 68 0.036146212
2 155 9 29 0.036647927
188 118 19 34 0.03687166
760 218 38 66 0.03923552
956 188 17 38 0.039730553
850 174 62 93 0.040883824
1001 161 20 58 0.04117062
38 171 26 43 0.041284084
426 174 27 42 0.044858996
32 135 7 10 0.046592098
938 187 30 74 0.04975301
928 165 30 77 0.06457456
973 243 48 97 0.064584665
578 168 41 57 0.075313486
302 161 39 66 0.07948431
188 176 28 42 0.08846855
2 150 16 35 0.097498305
770 189 51 92 0.105295785
770 199 36 65 0.12141743
993 244 29 87 0.12213523
952 193 22 53 0.13590614
868 162 92 118 0.14837585
299 198 29 41 0.16978802
856 151 62 94 0.22374007
58 179 26 43 0.33262312
629 134 50 66 0.45448738
879 150 61 102 0.51403195
108 170 45 64 0.596301
292 172 40 64 0.6355145
389 198 28 39 0.7138575
433 193 62 78 0.8048113
499 211 40 45 0.89528495
79 206 53 108 0.91452193

