36_Football_americanfootball_ball_36_27
29
133 172 42 65 0.010549933
494 34 99 135 0.010570433
2 113 68 219 0.010578596
585 79 23 17 0.010599134
8 0 41 95 0.010791345
510 86 49 54 0.011161183
106 108 104 139 0.011453805
807 0 119 103 0.011719842
111 21 46 56 0.012243604
607 26 38 59 0.0132302465
727 108 48 55 0.013730647
806 74 38 67 0.014028832
515 0 44 38 0.014439035
640 75 47 56 0.014785609
101 14 42 58 0.014921762
641 52 43 63 0.0153337745
688 56 57 80 0.015731947
147 176 43 64 0.015777221
176 182 55 86 0.015833922
750 288 110 161 0.01835159
116 151 103 116 0.019952571
126 136 60 91 0.021601442
7 142 38 146 0.022833364
512 52 59 94 0.025140809
938 79 86 169 0.026696572
961 100 53 110 0.045368265
18 13 39 66 0.053669866
134 163 67 83 0.11313423
655 52 64 79 0.52601415

