36_Football_americanfootball_ball_36_114
40
1017 118 7 36 0.010338364
64 101 41 63 0.010505233
731 125 47 70 0.010630367
69 82 35 65 0.011388032
545 118 27 47 0.011444248
616 79 29 42 0.011669867
94 121 29 44 0.013095252
634 101 45 61 0.013153233
745 107 55 76 0.014244792
412 76 45 57 0.014677027
81 103 52 88 0.015193371
626 57 40 56 0.015194578
119 38 28 39 0.015266532
390 771 28 40 0.015627144
107 41 20 32 0.015685735
456 96 56 100 0.016137656
118 59 23 21 0.01800909
1017 128 7 41 0.02130449
656 83 39 60 0.021800661
617 61 27 43 0.022399312
611 71 39 60 0.023714032
124 108 37 68 0.026454406
113 56 22 21 0.02749849
1012 120 11 56 0.032393407
612 50 37 60 0.036025666
640 79 42 58 0.052391224
53 30 27 41 0.053883765
540 109 35 67 0.056408394
511 110 38 67 0.05855808
1010 128 14 79 0.061676282
89 111 39 64 0.068182185
509 95 50 101 0.08897047
110 49 26 40 0.12440339
447 15 20 35 0.18711112
119 50 27 41 0.29553208
603 25 28 40 0.463386
439 8 27 38 0.8186879
44 27 27 43 0.8308863
723 104 65 83 0.88941884
217 30 32 43 0.9473044

