36_Football_americanfootball_ball_36_487
848
751 248 13 16 0.010034434
230 60 6 8 0.010055429
114 126 8 11 0.010075009
354 174 13 17 0.010075342
211 170 7 11 0.0100985635
85 180 12 17 0.0100991065
424 149 8 13 0.010107577
320 268 9 11 0.010123208
119 221 8 11 0.010150428
418 183 10 11 0.010165026
334 278 13 19 0.010213315
739 26 6 10 0.01023019
542 192 13 15 0.010256305
53 104 13 17 0.0102667855
14 121 13 18 0.010281364
296 101 12 18 0.010448664
59 151 13 17 0.010519026
621 181 12 17 0.010557605
100 137 13 17 0.010621228
285 75 13 15 0.010651667
338 182 9 11 0.010797613
5 91 6 11 0.010833834
195 43 7 8 0.010840709
973 6 13 17 0.010894643
674 136 8 11 0.010998618
83 150 12 17 0.011045803
321 104 13 17 0.011064477
626 2 12 17 0.011093222
973 120 12 17 0.011093933
140 24 12 17 0.011118946
761 108 7 9 0.011121845
965 234 10 11 0.011170976
895 275 22 17 0.011207732
385 218 10 11 0.011279131
54 220 8 13 0.011373027
328 125 8 11 0.011380905
399 0 8 9 0.011403412
215 113 6 9 0.011444339
629 41 7 11 0.011451295
64 23 12 17 0.011458892
373 169 9 11 0.011463107
998 94 13 17 0.0115116695
37 135 13 17 0.011515376
844 168 12 18 0.011609387
911 229 13 17 0.011657894
976 155 8 10 0.011658312
142 102 12 18 0.011727699
263 29 11 17 0.011735881
848 252 10 13 0.011737856
692 62 7 9 0.011738216
130 122 7 10 0.011776045
64 9 8 11 0.0117805125
964 141 7 10 0.011848412
562 93 11 18 0.011870296
740 169 12 18 0.011906918
531 76 11 18 0.011979134
271 102 12 18 0.012011255
983 41 6 8 0.012116168
642 250 8 12 0.012127817
978 0 8 9 0.012131365
782 248 9 11 0.01220117
965 220 13 16 0.012215144
762 156 6 10 0.012215875
626 30 7 11 0.012221417
753 260 13 16 0.012227105
841 4 9 14 0.012292979
241 0 8 9 0.012336868
17 28 13 16 0.012412054
245 183 8 13 0.012433337
884 40 13 16 0.012479558
322 170 8 12 0.012489717
275 92 7 8 0.012527372
217 138 7 9 0.012577538
15 301 14 19 0.012584031
227 134 12 19 0.01263181
451 15 7 8 0.012718444
855 107 7 10 0.012774694
357 277 10 12 0.012791561
300 104 12 16 0.012849526
896 42 7 11 0.01286941
978 181 13 16 0.012924596
968 186 7 9 0.012943079
392 30 8 10 0.01294337
275 137 12 18 0.012999422
256 234 12 18 0.01300955
882 60 8 10 0.013023743
644 191 8 11 0.013096571
396 249 13 17 0.013158767
935 173 8 11 0.013160991
658 124 7 9 0.013183657
1007 99 11 19 0.013275199
290 215 8 13 0.013277267
878 122 11 18 0.013414062
671 233 12 18 0.013431641
881 137 8 13 0.013432929
173 118 12 17 0.013466856
898 271 13 12 0.013505262
739 63 7 10 0.013517829
325 133 12 18 0.013534346
725 39 6 10 0.013659469
643 124 7 9 0.013684894
573 253 11 12 0.01376536
785 270 9 11 0.013782584
293 166 12 19 0.013850616
386 203 10 12 0.013906982
420 103 12 19 0.01392182
1012 15 6 10 0.013941433
128 41 12 17 0.013989176
493 218 13 17 0.013996228
837 169 11 18 0.014002705
8 39 8 12 0.014038914
465 184 9 10 0.014111517
374 160 9 11 0.014153112
801 173 7 9 0.014157691
645 59 7 9 0.014248502
98 0 9 9 0.014248984
567 0 6 7 0.01432253
871 174 8 13 0.014352307
229 12 8 9 0.014364334
753 286 9 11 0.01438145
987 228 13 17 0.014392215
879 230 8 14 0.014406771
82 261 10 13 0.014410725
391 253 9 11 0.014423111
260 247 9 13 0.014423843
534 86 7 11 0.014433485
771 200 7 10 0.014458835
6 141 7 12 0.014495608
846 212 10 13 0.014502543
833 185 7 11 0.014512211
88 40 8 13 0.014591331
17 249 8 12 0.014623873
1011 234 12 21 0.0148166
223 217 12 18 0.014880605
465 110 8 9 0.014881303
534 0 6 5 0.01488587
659 91 5 7 0.014893801
247 273 9 12 0.014898565
93 311 14 18 0.014969667
296 45 8 9 0.0151352985
802 188 6 10 0.015175346
337 174 9 12 0.015207691
837 38 12 17 0.015269027
338 138 8 12 0.015274735
286 283 14 19 0.015280762
872 222 10 13 0.015354473
703 185 8 14 0.015377704
532 265 14 17 0.015512863
705 110 8 9 0.015530782
741 46 7 10 0.015624555
242 137 6 10 0.01566179
81 339 21 19 0.01573394
288 0 9 10 0.015750581
257 235 9 14 0.015814902
184 264 9 13 0.015823714
146 44 7 9 0.015841689
466 177 10 10 0.016014436
978 223 10 10 0.016045325
841 0 10 14 0.01609184
975 170 13 16 0.016248884
352 118 13 17 0.016363021
352 131 12 18 0.016372373
1009 147 11 19 0.016432755
99 241 11 12 0.016446449
16 107 8 10 0.016481318
467 129 8 9 0.016484007
16 69 13 16 0.016512342
226 114 7 9 0.0165132
225 218 9 13 0.01660455
642 200 7 12 0.016671965
23 234 12 19 0.016710939
675 125 7 9 0.017123524
358 8 7 9 0.017167864
169 111 8 11 0.017183254
949 0 9 8 0.017190382
354 93 8 10 0.01728516
258 118 11 19 0.017315116
2 58 12 18 0.0173358
945 158 8 10 0.017365221
387 173 13 17 0.017504998
23 169 8 13 0.017520668
710 235 9 11 0.017528221
695 248 9 11 0.017602526
758 186 7 10 0.017621724
5 29 12 18 0.017683383
996 183 8 10 0.017689284
944 231 11 10 0.017702188
740 270 9 10 0.017715592
164 118 13 17 0.017725429
78 135 12 17 0.017730527
55 151 12 18 0.017763758
838 215 9 11 0.017772524
402 282 13 18 0.017808493
863 104 11 17 0.01781368
999 170 12 17 0.01782812
564 42 7 10 0.017932631
579 104 12 17 0.017982438
819 79 7 9 0.018025305
991 223 9 13 0.018038498
399 29 7 11 0.018040044
963 60 8 9 0.01808922
878 306 20 20 0.018196447
33 170 9 11 0.018210713
0 280 10 21 0.018251065
368 237 10 13 0.018264227
1013 238 8 13 0.018312225
32 42 10 12 0.01840539
212 9 7 9 0.018489448
377 43 9 12 0.018516557
883 90 7 10 0.01863655
534 192 9 12 0.01892939
294 168 9 13 0.018991275
453 91 7 9 0.01900779
398 8 8 11 0.01901571
434 61 7 8 0.019038158
434 221 9 11 0.019053226
691 144 9 10 0.019100321
275 157 12 17 0.019209856
640 232 8 12 0.019255793
740 282 10 12 0.019283997
468 12 6 9 0.01945654
212 0 8 9 0.01945788
417 175 10 13 0.019484827
415 173 13 18 0.019574225
337 281 9 13 0.0195766
36 283 13 18 0.019644216
897 25 7 10 0.019669807
18 30 9 12 0.019683102
328 0 8 8 0.019806547
62 51 9 16 0.019810958
24 235 9 14 0.019933907
867 87 7 10 0.020021522
274 125 7 11 0.020032443
802 141 7 8 0.020065421
741 218 7 11 0.020186357
15 39 9 13 0.020188337
738 278 14 17 0.020294985
599 174 8 12 0.02038296
304 182 8 14 0.0204128
344 222 7 13 0.020490909
471 29 7 10 0.020506648
66 120 8 12 0.020524222
626 177 8 11 0.02057408
356 177 9 12 0.020582974
792 220 7 10 0.020669406
30 20 10 14 0.020765878
801 203 7 9 0.02077398
646 222 7 12 0.020823801
996 10 7 8 0.020830646
979 31 6 8 0.020866541
384 69 8 13 0.020874152
932 237 10 11 0.020893116
483 91 7 8 0.020981394
496 201 9 11 0.021090498
996 1 7 9 0.021138122
982 230 14 17 0.021196028
496 220 9 12 0.021364745
834 129 8 9 0.021376599
258 94 8 8 0.021512337
175 92 12 17 0.021542795
153 75 7 11 0.02155993
33 74 9 11 0.021635344
20 306 13 19 0.021677246
581 137 7 11 0.021778017
762 142 7 11 0.021910219
568 125 7 10 0.022023678
802 109 6 7 0.02219326
233 45 7 9 0.022228668
82 199 9 12 0.022342429
367 186 9 11 0.022447918
596 76 8 10 0.022527196
584 269 23 17 0.0226062
416 248 14 17 0.02282629
467 59 7 9 0.02283722
1016 74 6 13 0.02285226
675 44 6 8 0.022874573
336 0 8 8 0.022919348
110 172 9 13 0.022945717
200 229 12 18 0.022958083
99 281 13 18 0.022996383
514 193 11 12 0.023018084
594 109 7 10 0.023046141
110 152 9 13 0.023211319
450 127 8 9 0.023299204
239 218 10 13 0.023302998
834 237 8 11 0.023376916
312 26 9 9 0.023387384
256 13 8 10 0.023400925
235 229 12 18 0.02355308
263 38 8 10 0.023577182
216 92 7 9 0.023612589
561 74 8 11 0.023634562
438 94 7 10 0.023676429
280 7 8 11 0.023797503
727 218 8 11 0.02382584
399 127 9 14 0.023846842
1014 26 6 9 0.023910988
14 90 12 16 0.023994539
870 183 8 13 0.024059435
795 327 22 23 0.024121748
775 12 6 10 0.024207385
658 43 6 9 0.024291292
452 185 8 10 0.024301354
270 29 8 12 0.024310384
648 28 7 10 0.024597313
968 124 8 10 0.024853414
866 283 13 18 0.02491874
576 0 7 8 0.024999611
770 269 9 10 0.02500696
959 170 12 17 0.025018213
739 235 8 11 0.025179679
597 125 7 10 0.025218816
658 59 7 9 0.025327232
769 169 6 10 0.025521092
259 62 7 9 0.025610171
689 95 7 9 0.02565647
614 147 12 17 0.025757585
725 80 6 10 0.025815042
724 0 7 11 0.025867913
483 0 7 7 0.025927572
760 64 7 9 0.02600054
808 331 19 31 0.026059283
1 283 8 14 0.026143106
696 41 7 11 0.026191656
101 152 13 17 0.026199091
436 119 8 11 0.026203174
481 134 9 11 0.02625821
245 157 7 12 0.026395094
113 27 7 11 0.02648242
690 150 10 12 0.026537156
494 232 13 17 0.026553463
582 72 8 12 0.02666869
720 133 8 13 0.02715866
937 251 21 20 0.027184222
62 153 9 13 0.027315408
246 280 7 11 0.027339155
896 201 8 11 0.027430298
63 107 8 12 0.027516136
632 153 7 11 0.027649634
790 187 7 9 0.027693724
50 55 10 14 0.02802457
845 207 10 14 0.028172357
1000 96 8 12 0.028178722
598 6 8 11 0.028328273
576 189 8 14 0.028393723
245 92 7 9 0.028441383
787 60 7 9 0.02846507
274 164 9 13 0.02865562
246 61 6 10 0.028771518
6 250 11 19 0.028783627
532 45 6 9 0.029036993
930 26 7 9 0.029089034
560 28 7 9 0.029122302
582 126 7 9 0.02919089
518 29 6 8 0.029224273
485 128 9 11 0.029582351
823 215 8 9 0.029621156
846 2 10 15 0.029644534
643 150 8 13 0.029701099
240 25 7 10 0.029731901
904 13 8 12 0.029990502
55 8 9 14 0.030030075
862 148 8 13 0.030137515
579 62 7 11 0.030337924
366 0 8 9 0.030354727
707 206 7 11 0.030369654
701 246 14 16 0.030537318
514 11 6 8 0.030571809
212 62 7 9 0.030636095
784 14 7 9 0.03064431
905 123 8 13 0.030677339
880 217 8 12 0.030701652
915 161 9 12 0.030836618
419 251 9 12 0.030887762
1005 92 12 19 0.030941525
655 150 9 12 0.030964032
305 49 8 9 0.031140989
341 78 7 9 0.031143678
372 245 12 19 0.03116216
307 76 8 8 0.031299885
691 239 8 10 0.03133069
434 189 8 10 0.03136748
82 68 9 14 0.0313862
626 0 9 13 0.03146767
857 78 7 10 0.031520933
97 39 8 13 0.03163517
675 0 7 8 0.03190051
839 207 9 12 0.032005366
40 124 9 11 0.032146405
899 222 9 13 0.03224133
917 215 9 11 0.032300536
961 27 7 8 0.032465152
847 170 8 14 0.032524224
630 201 8 13 0.032538775
327 136 9 13 0.032546364
823 167 8 11 0.032553017
34 158 8 10 0.03278023
254 153 12 18 0.032868523
546 12 6 9 0.032974374
56 44 12 19 0.033209153
502 27 6 8 0.03333107
163 31 8 9 0.033422813
246 124 7 10 0.03363929
39 58 10 14 0.03369618
13 61 13 17 0.03387076
872 202 8 13 0.033903632
768 157 6 9 0.033924934
545 0 6 8 0.03409174
58 302 14 17 0.034751818
34 187 8 12 0.034814723
86 177 9 11 0.034967117
47 75 9 12 0.035060022
739 203 7 11 0.03509751
389 176 10 12 0.03516076
836 29 9 12 0.03517288
856 138 8 13 0.03518042
822 127 8 9 0.03522605
112 136 8 12 0.035279334
943 183 8 10 0.035800416
163 45 8 8 0.035907205
68 175 8 11 0.035924163
894 269 22 17 0.03598893
899 229 11 13 0.036000114
465 0 8 9 0.03604874
947 81 8 11 0.036082804
308 167 11 18 0.03610987
389 230 10 14 0.03615769
501 105 7 10 0.03631422
452 135 8 10 0.03634738
171 234 12 17 0.036452603
690 11 7 8 0.036675286
1008 95 8 12 0.03676571
161 75 7 11 0.03681329
16 62 9 13 0.03688122
789 124 7 8 0.036889426
48 122 9 11 0.037052978
192 29 7 9 0.03713687
712 136 8 12 0.037198897
613 9 8 12 0.037259154
788 141 7 8 0.03770153
149 94 8 11 0.037756573
356 112 9 11 0.037891917
234 24 7 10 0.038120348
885 164 9 13 0.03813991
39 138 9 11 0.038268693
631 229 9 13 0.038371667
857 149 9 14 0.038494773
430 139 9 13 0.038559087
705 42 7 12 0.038650822
99 245 11 12 0.03869601
225 93 8 9 0.03869718
803 124 7 8 0.03871227
721 192 8 12 0.03872216
280 79 8 10 0.0387324
495 120 13 17 0.038950663
977 97 8 11 0.039000582
247 79 7 9 0.039122347
502 0 6 8 0.039140668
1013 244 11 21 0.0391502
920 94 8 11 0.039172415
631 108 6 9 0.039374452
820 237 9 9 0.039510116
224 0 9 10 0.039597247
399 251 9 12 0.03990042
705 29 7 9 0.040098507
415 232 10 12 0.040239315
92 221 11 12 0.040268976
56 154 9 13 0.040322434
3 122 7 12 0.040354673
657 176 9 13 0.040452525
1015 247 8 14 0.04071186
501 60 6 10 0.040715437
50 94 9 11 0.040813755
969 250 22 19 0.04082347
564 95 8 13 0.04083209
535 15 6 8 0.04083529
359 271 10 13 0.04093296
949 15 8 9 0.04098958
240 43 7 10 0.041033227
472 45 7 9 0.041256774
568 252 10 13 0.041305333
176 105 8 10 0.04140385
673 28 7 9 0.041462347
896 221 13 18 0.04149562
808 32 7 10 0.041531745
761 77 7 10 0.041740473
725 200 7 12 0.041999776
968 11 7 10 0.042059314
85 14 7 9 0.04214689
862 143 9 14 0.04235687
553 219 9 13 0.04251446
728 8 7 11 0.04253787
822 139 8 10 0.042928692
1009 140 12 19 0.042955562
609 240 10 13 0.043131795
231 230 12 17 0.043255575
304 57 8 9 0.043322872
5 213 11 19 0.043339398
399 133 9 14 0.043366153
392 87 9 13 0.043369852
738 123 7 11 0.043536667
760 7 7 11 0.043540232
7 32 9 12 0.04357418
565 102 8 11 0.04368648
197 1 8 10 0.043975808
198 64 8 8 0.043997534
214 158 6 11 0.04419982
815 45 7 10 0.044222526
426 142 8 15 0.04431144
208 74 7 11 0.044311553
609 244 10 13 0.044336397
916 108 8 11 0.044478033
245 12 8 10 0.044652253
54 301 14 17 0.04482234
550 43 7 10 0.044871144
776 240 8 12 0.04488777
549 93 8 12 0.04493059
52 139 8 11 0.045177285
934 223 9 11 0.045206297
581 32 8 10 0.045270298
736 248 10 12 0.045369036
629 224 8 12 0.04549063
353 59 8 10 0.045543052
838 172 8 12 0.04603989
467 134 9 10 0.04623784
592 29 7 12 0.046282083
102 10 8 10 0.04630288
46 280 13 17 0.046304587
967 104 8 11 0.046314694
230 155 7 11 0.046486404
704 248 10 12 0.046504177
423 48 7 9 0.046539392
967 223 10 11 0.046593443
17 123 8 12 0.046651937
248 107 8 10 0.04669987
1008 172 8 13 0.046892546
961 0 8 8 0.04702594
809 157 7 10 0.047121193
920 25 6 9 0.047126245
613 110 7 10 0.047166467
67 24 8 12 0.047299955
337 44 9 9 0.047311194
3 60 8 12 0.047317542
230 77 7 10 0.047369957
354 133 9 13 0.047376383
182 64 8 9 0.047427878
339 120 8 10 0.047511175
294 11 8 11 0.047703944
185 14 8 9 0.047979955
631 129 7 10 0.048015643
656 141 9 12 0.0481998
676 12 8 10 0.048431948
791 109 6 8 0.048609443
112 9 8 10 0.048764493
322 252 10 13 0.04877902
28 14 13 17 0.048962884
742 173 8 12 0.049102236
887 203 9 13 0.04920762
434 108 8 11 0.04934042
609 90 7 10 0.049651116
589 220 10 14 0.04977551
595 40 8 12 0.049867373
929 104 8 12 0.05012026
394 10 7 11 0.05016366
825 89 6 9 0.050245848
481 39 7 10 0.050347958
18 70 10 12 0.050365575
82 255 12 13 0.050372697
755 262 9 11 0.0505163
719 126 8 11 0.050770313
789 39 7 9 0.050844632
339 61 7 9 0.050869137
453 32 6 9 0.051205672
500 44 6 10 0.05139707
423 75 7 11 0.0514027
482 14 6 9 0.051423874
646 14 7 10 0.051573485
85 152 9 13 0.051677916
768 142 7 10 0.051679738
544 59 8 10 0.0519791
759 173 7 12 0.052052904
648 77 7 9 0.052060034
439 76 7 9 0.052207034
736 9 7 11 0.052252766
887 20 10 13 0.05231811
352 45 7 9 0.052522328
786 78 6 9 0.05266819
945 45 8 11 0.052793775
257 155 8 14 0.0529373
919 42 8 10 0.053090196
945 59 8 10 0.05309592
641 139 8 10 0.053197466
38 95 9 11 0.053479966
358 182 10 12 0.05354557
656 181 10 12 0.05355038
132 248 10 13 0.0535676
276 159 9 13 0.05365558
199 76 8 11 0.05383445
821 110 7 9 0.053942043
135 28 8 11 0.054011654
544 196 10 13 0.054012466
1017 122 6 12 0.05401861
1000 172 9 12 0.054237287
455 153 8 11 0.054393653
277 140 8 13 0.054605357
600 89 8 11 0.054857433
326 43 7 9 0.05505533
773 89 6 9 0.05512638
488 107 8 10 0.055195916
543 107 8 13 0.055256374
615 142 8 11 0.055677563
258 108 7 11 0.05585582
151 122 8 11 0.05586934
14 143 10 12 0.05635602
1005 169 12 19 0.05679839
535 196 10 13 0.056867916
258 74 8 10 0.057165835
179 72 7 10 0.05726401
914 231 9 12 0.057349075
327 14 8 8 0.05760926
834 79 7 9 0.057726815
818 158 7 10 0.057727206
853 127 8 12 0.057765514
361 0 8 11 0.05776794
30 232 10 15 0.05781453
611 121 8 10 0.05789073
726 30 6 10 0.057912897
161 88 8 12 0.058118414
517 41 6 8 0.058376644
323 60 7 9 0.058414713
439 43 6 8 0.058552586
705 74 8 11 0.058607455
943 224 10 11 0.059102155
696 28 7 10 0.05916802
1011 143 8 13 0.05958743
322 72 7 9 0.059596386
538 108 8 14 0.059896205
843 0 13 15 0.060259506
69 191 10 12 0.060535748
342 87 9 12 0.060556836
196 7 8 9 0.060618076
529 61 7 10 0.06063785
162 14 9 10 0.06065677
833 135 8 11 0.060928334
101 28 8 12 0.060997084
145 105 8 12 0.061247174
183 31 7 9 0.061256643
143 26 8 11 0.061275635
775 61 7 10 0.061453916
711 121 8 12 0.061486043
260 121 8 13 0.06166469
773 0 7 9 0.062149238
84 27 7 12 0.062174387
194 168 12 18 0.062216576
34 103 9 11 0.062299367
130 108 7 12 0.06233062
465 88 8 10 0.06252329
505 95 8 12 0.06272001
103 154 9 13 0.06297963
929 122 8 11 0.06300571
521 63 6 10 0.063137
512 0 7 9 0.06334249
506 72 7 11 0.06334466
195 88 7 11 0.06346717
927 95 9 11 0.06359918
178 45 8 9 0.06396365
81 137 9 12 0.063965246
801 221 7 10 0.06419838
871 229 10 14 0.0642145
102 139 9 12 0.06428816
567 143 7 12 0.06438958
64 137 9 13 0.06459398
976 9 9 10 0.06468588
166 120 8 12 0.064746544
511 92 8 13 0.06501548
298 103 8 13 0.06519165
770 77 7 9 0.06522158
1000 29 7 8 0.06524607
87 182 9 12 0.06553434
60 44 12 19 0.06598796
424 29 7 10 0.06601237
83 62 9 14 0.06609918
754 249 9 11 0.066133715
1011 150 8 12 0.06615547
816 57 7 11 0.06638597
513 108 7 12 0.06664594
322 29 8 9 0.06698501
162 59 7 10 0.0671206
512 73 6 11 0.067387685
117 106 8 12 0.06738977
680 109 7 9 0.067493044
863 77 8 11 0.067515716
792 91 7 9 0.06767291
692 182 8 14 0.06775998
775 244 9 13 0.06789315
691 108 7 9 0.06793168
628 95 7 10 0.06816645
2 72 7 11 0.06830647
804 55 7 11 0.06860466
501 14 6 9 0.06884874
786 158 6 9 0.06911721
292 158 9 14 0.06999766
147 60 7 10 0.07031036
423 55 7 11 0.070344284
865 62 9 11 0.07086574
295 60 9 11 0.07118644
70 197 10 13 0.071520224
673 236 9 12 0.07160529
597 0 8 12 0.07161315
103 175 10 12 0.071653835
820 206 8 12 0.07175585
55 106 9 12 0.07178205
528 245 11 14 0.072097644
584 218 10 14 0.07210694
615 149 9 13 0.07217464
290 253 13 18 0.072292574
658 203 9 13 0.07336093
581 107 8 12 0.074001454
902 189 9 12 0.07400627
918 184 8 12 0.074108645
792 174 6 10 0.07452412
886 160 9 13 0.074583516
880 123 9 13 0.074623235
264 31 9 13 0.07473688
230 137 7 10 0.07501377
885 78 8 12 0.07503305
913 14 8 12 0.07514236
353 74 9 11 0.0754018
322 183 9 14 0.07556212
89 221 10 14 0.075637534
807 45 7 10 0.075684324
454 111 9 10 0.07594034
799 92 7 10 0.076776244
914 73 8 11 0.078017965
710 13 7 10 0.07832306
306 93 8 10 0.078351356
273 104 9 12 0.078488186
309 168 9 13 0.07930528
342 9 8 9 0.07958703
631 134 8 12 0.07982903
707 93 8 10 0.080065176
791 200 7 10 0.080415845
175 120 9 12 0.08179515
383 64 9 13 0.08191125
46 251 13 18 0.08216882
788 31 7 10 0.08242025
849 89 7 11 0.082730375
115 47 8 14 0.08290292
1010 102 7 12 0.082915574
720 232 9 12 0.083434425
599 135 8 12 0.08362812
885 15 10 14 0.08364402
308 12 9 10 0.0840368
196 171 8 13 0.084500946
373 96 10 13 0.084547766
659 76 6 10 0.08505853
354 120 9 11 0.08533782
945 86 9 11 0.085539065
16 92 9 12 0.085720435
452 39 7 8 0.08594056
917 165 9 12 0.08654414
65 221 10 13 0.086873434
116 51 8 14 0.087175645
8 108 7 11 0.08741159
628 4 8 13 0.08747161
724 86 7 11 0.08775463
932 13 8 11 0.088685185
399 92 8 13 0.08896098
516 196 11 12 0.08903834
645 90 7 9 0.08922876
737 71 8 11 0.089360446
64 90 9 13 0.089588165
945 105 9 11 0.090062805
996 102 7 12 0.09035446
726 110 8 11 0.09102501
481 31 7 11 0.09219007
448 79 7 9 0.09224736
204 229 13 18 0.09225656
498 122 9 12 0.09279206
578 38 8 11 0.09409768
951 121 9 11 0.09428228
371 100 10 12 0.09464258
303 106 8 12 0.095951386
439 29 8 10 0.09620928
466 79 7 9 0.09684038
977 142 8 12 0.09687139
533 78 8 13 0.09734836
222 249 13 17 0.09804761
130 43 9 13 0.09958804
422 105 8 13 0.10005653
912 120 9 13 0.1006895
177 94 9 12 0.10188192
118 251 11 13 0.10210217
931 184 7 12 0.103387006
7 254 8 12 0.103396684
836 88 7 11 0.10342753
113 86 9 13 0.104661494
607 41 9 14 0.10505277
530 26 7 9 0.105509005
976 122 8 12 0.10713809
453 57 8 10 0.10749984
561 220 9 13 0.10878746
918 208 10 13 0.11147506
230 120 7 10 0.111527145
294 179 12 18 0.112227336
624 182 8 12 0.112710476
886 42 9 12 0.113180324
673 57 8 12 0.11386839
944 141 10 12 0.113950185
130 136 8 14 0.114458
838 40 9 13 0.11529934
86 107 9 13 0.116332345
643 43 7 11 0.11833529
801 328 21 29 0.11922851
672 77 7 10 0.119539544
678 94 7 10 0.1203795
563 9 8 11 0.121582575
288 78 9 11 0.12189657
697 118 8 11 0.12197951
214 120 6 9 0.1219992
100 200 10 13 0.122443385
916 55 8 11 0.12504248
691 74 7 11 0.12650399
944 170 8 13 0.13075744
981 183 8 11 0.13110487
979 102 8 11 0.13182092
324 106 8 12 0.1321745
383 43 9 13 0.13232408
663 30 7 10 0.13242534
550 30 6 8 0.13571346
769 191 8 11 0.13717353
627 73 7 11 0.1387744
950 24 8 10 0.14203994
140 247 12 17 0.14345568
772 29 7 11 0.14482775
663 110 7 10 0.14502928
6 215 8 13 0.1488153
643 109 7 10 0.15055837
869 41 9 12 0.15083526
901 87 8 12 0.15115361
168 235 9 15 0.15138564
865 105 8 13 0.15443465
97 90 9 13 0.15788761
962 172 8 12 0.16985407
769 109 7 11 0.17042676
978 172 8 11 0.17639232
276 195 12 18 0.23375331
146 166 10 14 0.2561771

