36_Football_Football_36_108
74
966 5 45 107 0.010137558
263 88 6 9 0.010161334
488 41 9 11 0.010232649
239 149 9 12 0.010397559
341 141 9 10 0.010482852
326 120 9 11 0.010742421
377 207 24 18 0.011000329
177 134 13 17 0.011107751
3 211 11 27 0.011117614
212 91 7 7 0.011567828
538 65 13 18 0.012047694
1005 0 16 28 0.012186364
340 99 13 19 0.012229669
344 92 9 10 0.012492547
486 37 13 20 0.0133738965
228 144 13 17 0.013410136
205 113 13 17 0.013425122
175 115 13 16 0.01373626
229 148 10 11 0.014045205
289 123 8 10 0.014376484
15 68 22 19 0.014992134
1009 0 11 24 0.01527181
1004 0 19 22 0.015605623
237 133 13 18 0.015895557
343 103 8 11 0.016621845
241 93 6 9 0.017534569
290 132 13 17 0.017931815
1 123 5 14 0.01859634
495 69 13 20 0.019349722
274 105 7 8 0.019374581
232 92 6 8 0.019757397
493 81 13 20 0.020192262
197 105 14 18 0.020563422
340 149 9 11 0.021141896
338 146 13 17 0.02166422
209 116 8 11 0.022408623
206 131 13 18 0.02290905
305 124 8 10 0.024612268
227 117 8 11 0.024715696
240 136 9 12 0.025536424
180 137 9 11 0.0268716
208 108 9 11 0.029096223
199 109 9 10 0.031150306
197 113 13 17 0.03118639
205 105 13 18 0.031728774
222 103 12 18 0.03219032
209 134 9 12 0.033213302
228 140 10 12 0.03671595
353 133 11 11 0.037778165
138 122 13 16 0.04141794
248 103 7 11 0.0418918
306 143 12 17 0.052661326
304 138 13 17 0.054801177
351 130 13 17 0.056268647
227 137 13 19 0.061945617
13 45 18 33 0.063690335
133 127 12 14 0.074548095
12 50 23 20 0.077006236
307 141 9 11 0.078130424
246 116 12 17 0.07891244
178 118 9 10 0.07967583
198 116 9 11 0.079835474
257 114 8 14 0.09182136
225 106 8 11 0.09264079
254 112 12 18 0.09980807
308 146 9 12 0.10005301
293 134 8 11 0.11014582
254 105 12 18 0.11297448
247 118 9 12 0.14416079
256 106 9 13 0.18060276
275 121 10 14 0.286013
273 119 13 18 0.7085868
530 67 20 20 0.79169023
133 122 14 18 0.86288863

