36_Football_Football_36_138
203
149 48 11 7 0.010072398
741 197 10 12 0.010285068
790 175 7 10 0.010285209
988 64 11 20 0.010291011
995 36 5 9 0.010339442
459 220 19 30 0.010382032
547 34 9 9 0.0104015535
374 174 13 19 0.010546891
944 127 14 17 0.010591995
395 207 21 22 0.010981592
483 189 12 18 0.011015748
496 189 13 19 0.011047752
452 195 9 12 0.011113573
522 254 20 20 0.011129715
679 108 23 18 0.011143714
758 131 23 18 0.011315952
289 89 19 24 0.011337765
434 212 7 10 0.011613142
20 31 11 23 0.011718881
549 199 9 12 0.011825105
35 24 13 19 0.011944699
97 31 8 8 0.011954597
739 206 11 13 0.011962564
469 212 9 10 0.012055001
493 308 24 18 0.012081915
38 28 8 12 0.012163534
906 148 21 31 0.012255796
179 53 9 7 0.012613525
414 209 22 20 0.012718276
282 165 37 69 0.012747594
455 195 22 18 0.012759303
874 78 21 20 0.012769794
919 93 13 18 0.012868446
979 143 8 11 0.012922535
975 141 13 21 0.013276979
742 197 19 30 0.013370432
757 196 8 13 0.01423312
664 122 22 18 0.014474866
400 195 8 9 0.014598505
524 196 13 19 0.014727231
672 126 9 10 0.014836115
929 71 8 9 0.014837482
687 99 11 11 0.0149403475
751 54 7 9 0.014949066
528 222 14 21 0.015151449
870 75 19 29 0.015732694
753 135 14 20 0.01580149
489 296 21 30 0.015899176
473 207 20 20 0.016220294
740 195 13 18 0.016260581
296 90 19 24 0.016291745
921 85 8 9 0.016414214
185 16 22 16 0.016461387
320 191 17 31 0.016519846
296 155 17 37 0.017201617
663 116 14 17 0.017379312
519 293 29 39 0.017637992
975 68 18 29 0.017665254
665 119 10 11 0.017782064
927 92 19 29 0.01789814
745 55 6 8 0.017947728
165 54 8 7 0.018027408
492 198 19 29 0.018233625
736 159 10 14 0.01825908
513 38 8 10 0.018362585
991 66 7 12 0.018371189
717 183 10 14 0.018561265
516 197 10 13 0.018703066
757 227 14 20 0.01877762
433 189 21 21 0.018821863
702 161 14 16 0.01894135
684 202 13 19 0.019237584
970 154 19 23 0.01938452
759 228 20 20 0.019529896
389 199 19 29 0.019825298
664 126 9 10 0.020056497
375 190 12 19 0.020181742
738 203 13 19 0.020238673
461 266 23 19 0.02038287
676 97 11 11 0.020406252
445 202 21 20 0.020632282
863 73 9 10 0.0206616
884 68 8 8 0.02098983
160 35 9 7 0.021004898
141 29 23 15 0.0210259
384 182 8 10 0.021274088
741 73 12 19 0.022241272
350 188 12 19 0.022368046
835 144 13 22 0.022383478
159 16 22 17 0.022485627
854 77 12 11 0.02295812
752 220 19 31 0.02296224
527 224 19 30 0.023170933
179 24 10 8 0.02378511
146 27 9 7 0.024501765
704 164 10 11 0.024772268
140 45 25 17 0.024878846
654 208 21 21 0.025091339
649 207 19 29 0.025810942
743 76 8 13 0.025957314
947 130 9 10 0.026110293
547 197 14 18 0.026792446
741 65 12 21 0.027024845
66 55 9 8 0.02767145
84 49 10 9 0.028204756
552 205 9 13 0.028443858
485 193 8 10 0.030244362
78 44 22 17 0.030354524
526 206 10 13 0.030899879
580 207 9 13 0.031190898
377 178 7 11 0.03133661
993 51 6 10 0.031396247
133 25 10 8 0.031741355
677 203 10 13 0.031903856
827 128 28 42 0.033199754
672 118 10 10 0.033731528
921 96 9 10 0.033925403
755 233 19 20 0.034179814
755 192 13 21 0.03449458
680 97 22 18 0.034780826
903 77 19 30 0.034799416
131 33 11 7 0.03483923
578 204 13 19 0.035993993
292 151 25 48 0.03600743
680 199 20 27 0.03617547
598 115 9 7 0.036321778
192 20 10 9 0.037074886
743 68 8 12 0.03774415
592 211 9 12 0.038465954
710 181 11 12 0.038958356
463 207 21 19 0.039721332
46 21 10 12 0.041183956
560 203 10 14 0.042401884
39 21 10 14 0.04300785
984 69 8 13 0.043887347
572 195 13 17 0.043966457
552 199 20 26 0.045389716
182 36 8 7 0.045432597
575 196 9 12 0.04576914
538 226 20 23 0.045880612
849 74 21 19 0.04593531
907 134 28 42 0.04645877
384 190 14 18 0.04741281
43 19 14 16 0.04908294
377 193 7 11 0.04909419
590 208 12 19 0.050295535
562 197 10 13 0.050668746
86 21 14 14 0.051439762
166 21 10 9 0.05274726
982 67 12 20 0.053416792
287 144 34 67 0.056861494
551 202 13 19 0.057462137
267 73 19 32 0.05907069
733 156 14 19 0.05917505
665 113 23 18 0.05957397
114 26 9 7 0.066397615
511 197 19 27 0.06640284
709 179 14 18 0.067926876
686 196 9 12 0.068878
86 31 9 9 0.07059461
427 201 18 33 0.07179387
925 92 14 17 0.07475642
287 76 19 33 0.07554463
523 203 13 18 0.07832927
70 19 9 9 0.07845636
715 185 13 18 0.083649784
683 195 13 17 0.0844453
92 24 11 9 0.088261984
672 94 21 18 0.089370824
711 186 14 17 0.10174666
645 218 14 23 0.10410311
115 34 10 6 0.10559893
353 190 7 12 0.112805665
537 232 20 23 0.11669238
148 31 11 8 0.11858194
514 195 14 19 0.12723826
928 95 9 11 0.12845704
677 198 10 12 0.13202041
673 199 18 21 0.13535355
38 19 13 19 0.13591076
557 200 14 19 0.14673074
446 191 20 21 0.15231217
861 76 14 17 0.17172386
402 214 19 31 0.17267478
518 201 14 19 0.17754062
541 228 20 30 0.19422777
890 84 20 31 0.19432047
387 193 9 10 0.19650622
930 80 9 13 0.19819413
675 197 14 17 0.20029669
559 196 14 18 0.23563373
750 132 22 20 0.23676787
927 77 13 18 0.26037118
88 24 10 10 0.2862942
450 191 19 32 0.29617083
324 200 11 23 0.30104646
864 78 9 12 0.30700582
646 213 19 29 0.43050656
293 84 18 34 0.4368496
409 211 20 32 0.46899712
980 73 13 20 0.5102093
878 82 26 40 0.5617224
129 54 31 34 0.7928231

