36_Football_Football_36_194
88
582 217 8 10 0.010085315
974 174 10 21 0.010277518
548 170 8 7 0.0106970025
406 200 8 12 0.010805005
557 280 22 19 0.010926635
591 214 12 19 0.011189399
854 137 6 9 0.011336953
863 121 6 7 0.011565996
402 178 12 19 0.011821022
295 175 12 18 0.012320946
561 185 8 9 0.012858433
413 171 12 17 0.012919317
414 196 13 18 0.013437848
61 217 13 19 0.013686169
551 290 14 19 0.013803171
567 169 8 8 0.0144803915
1002 180 7 12 0.015175118
50 183 8 12 0.015645625
525 258 23 18 0.0156687
80 183 7 11 0.01579423
246 173 6 7 0.016670698
460 188 9 13 0.016970325
326 185 7 9 0.01775155
422 218 10 15 0.018414076
387 179 12 19 0.018431235
530 172 8 7 0.018623322
414 178 11 19 0.018625306
357 185 6 9 0.019746874
851 291 12 23 0.019923238
53 200 7 11 0.02048204
552 140 6 8 0.020905092
450 242 32 57 0.02129773
645 221 6 7 0.021693831
295 169 12 19 0.02215497
558 293 26 38 0.022538744
404 144 8 9 0.02295827
304 180 8 11 0.023573006
1006 168 11 19 0.023719687
615 170 13 17 0.023999928
405 182 7 10 0.024636572
616 173 10 11 0.024895018
417 199 9 12 0.025048416
373 186 7 9 0.026544882
303 172 7 10 0.028111517
997 218 7 10 0.028831273
613 180 9 9 0.029194297
552 188 8 8 0.029867504
642 229 7 9 0.030315917
592 227 7 10 0.030993871
2 179 7 15 0.031143656
978 214 12 20 0.031522423
621 173 11 11 0.03756602
830 235 15 19 0.038104896
830 238 18 26 0.039716985
646 167 8 9 0.041417744
297 178 8 12 0.04166399
619 171 14 16 0.044141494
1015 156 7 9 0.044335622
985 127 7 10 0.04465588
417 182 7 12 0.045472648
1009 178 6 12 0.045679737
977 178 6 12 0.046029776
974 168 11 20 0.046690043
593 220 7 10 0.048101652
705 136 7 9 0.052120212
297 172 8 12 0.059463862
460 263 19 33 0.062372662
1009 172 7 12 0.06563875
566 296 23 22 0.068763375
0 174 11 24 0.08518884
740 134 12 19 0.107728735
390 183 7 10 0.108802944
417 173 7 11 0.1092243
981 219 6 10 0.1309043
976 171 7 14 0.14569207
742 137 8 12 0.17781258
856 121 6 8 0.19878313
423 215 19 23 0.23533365
986 133 8 15 0.26078612
403 146 13 15 0.3499293
559 290 19 31 0.41261238
456 254 19 35 0.4197999
988 136 12 16 0.5295696
421 217 15 21 0.7631675
67 188 13 18 0.83249784
824 238 22 20 0.8632114
405 147 9 12 0.89094615
455 187 13 18 0.8946218

