36_Football_americanfootball_ball_36_6
196
248 179 10 12 0.010070284
251 309 24 17 0.010354066
1012 266 9 9 0.010421081
539 208 28 40 0.010631781
296 179 10 14 0.010648727
941 155 14 13 0.010699243
724 140 10 9 0.01072292
24 195 22 18 0.010880321
689 248 8 10 0.011105767
487 169 14 17 0.011140646
913 173 10 9 0.011207791
1016 185 6 11 0.011242743
571 270 19 19 0.011290501
473 292 23 19 0.011401402
51 205 8 10 0.011415821
661 219 10 11 0.011635127
214 240 12 19 0.011699733
24 322 9 10 0.011741706
36 248 9 9 0.011816343
320 275 10 11 0.01185859
976 225 14 17 0.011943399
159 163 23 19 0.011953048
892 164 14 16 0.012281469
0 182 8 14 0.012389513
562 244 13 18 0.012499819
28 154 13 12 0.01258188
222 237 9 10 0.012625394
935 153 11 12 0.012672334
728 228 26 16 0.012682182
764 137 45 49 0.012820333
565 128 11 13 0.013014683
543 224 20 19 0.013527922
146 326 7 15 0.0136232115
874 217 22 27 0.013682944
906 239 23 19 0.013697915
570 122 13 16 0.013833614
264 235 9 11 0.013859326
224 261 14 18 0.013981673
0 178 9 23 0.0140052205
128 172 6 9 0.014165885
238 266 23 17 0.014315073
880 139 7 9 0.014389368
968 248 20 26 0.014676468
349 209 12 18 0.014907147
264 249 9 11 0.014987439
31 317 10 9 0.015106204
385 198 13 16 0.015141561
215 243 9 11 0.015184249
647 292 21 20 0.015432214
10 183 19 30 0.015444261
470 262 45 52 0.015551632
927 212 10 12 0.015844908
128 139 32 39 0.015856601
900 182 9 9 0.016618842
5 124 7 10 0.016691739
246 277 14 11 0.016950417
905 181 21 18 0.016986001
1014 201 10 20 0.017279904
167 153 25 18 0.017290791
976 165 13 15 0.01732854
227 264 9 11 0.017354866
297 242 20 19 0.017388606
357 175 9 15 0.017826851
286 207 13 18 0.018323462
162 294 12 19 0.018336369
267 231 13 17 0.018421795
819 137 48 49 0.018467974
1006 245 13 17 0.018520499
339 209 11 18 0.018582966
989 226 13 17 0.018719384
1 196 11 23 0.01897797
556 303 22 19 0.019591669
0 210 8 15 0.019679414
990 263 14 16 0.019744728
289 210 9 14 0.019766012
776 135 26 17 0.019841323
993 158 18 18 0.01993291
1009 167 8 11 0.020429507
418 318 42 57 0.0205047
882 165 14 17 0.020934666
769 141 34 34 0.021323992
0 206 8 23 0.0213811
769 201 57 79 0.02171502
767 135 24 19 0.021977568
950 242 13 18 0.02206835
855 164 8 8 0.02215575
875 149 22 18 0.02216541
621 162 9 15 0.023143496
398 188 15 17 0.023268158
22 152 13 13 0.02336977
252 275 15 12 0.023391077
870 158 23 26 0.023542864
646 291 14 17 0.023886923
760 170 43 51 0.023922598
572 230 13 18 0.02479168
251 174 14 17 0.024896542
906 233 23 18 0.024995603
0 130 10 19 0.026891738
249 170 10 14 0.026952311
11 194 22 19 0.027048564
484 242 30 39 0.027422119
894 153 14 17 0.027996838
974 219 13 15 0.02822867
549 342 31 38 0.028281884
619 249 14 16 0.028522627
989 220 13 15 0.029272815
546 214 20 30 0.02928508
477 237 41 54 0.02964007
649 161 12 17 0.029842814
1016 204 7 13 0.030869307
712 154 9 9 0.031674735
638 314 21 29 0.03230427
979 228 9 11 0.0328199
144 324 10 23 0.0328409
164 297 8 13 0.03381835
496 171 10 12 0.03397318
1009 249 9 11 0.03603128
959 213 13 16 0.036468618
269 233 10 12 0.036899853
869 163 8 9 0.037964955
643 228 19 17 0.038189746
983 249 10 12 0.03826027
809 129 26 19 0.038527705
414 297 40 64 0.041966274
897 157 9 10 0.042623904
650 228 14 16 0.045428265
981 248 14 17 0.04553534
973 260 11 12 0.045667548
286 202 13 17 0.046257116
771 128 31 35 0.046998363
497 197 11 13 0.04757322
167 160 24 20 0.048640326
688 187 9 9 0.04877548
0 132 8 13 0.050233457
491 176 20 20 0.051408555
993 267 10 10 0.053187028
990 244 14 17 0.054001447
857 158 7 7 0.054509345
559 296 14 18 0.055860274
766 176 31 36 0.057115242
992 228 9 11 0.05723855
677 186 10 9 0.057271313
802 138 34 37 0.057869557
877 217 13 20 0.05805664
121 128 45 55 0.05889461
377 216 10 16 0.06164597
896 168 9 9 0.062260676
444 171 23 16 0.06272286
883 154 8 9 0.06276438
410 156 14 16 0.06603486
993 247 10 11 0.070369
781 208 54 52 0.07147121
449 180 15 11 0.07280083
961 214 10 12 0.073017895
977 220 9 11 0.075552694
318 200 12 18 0.07605659
885 169 9 9 0.078050025
449 173 13 11 0.08124411
340 211 8 12 0.0925888
1014 209 10 18 0.093343854
542 214 20 20 0.10184467
441 198 23 19 0.11640698
797 129 45 51 0.12333809
575 273 12 13 0.1284903
978 168 9 11 0.1360122
491 194 21 19 0.13896802
992 222 9 11 0.14065142
869 157 7 8 0.14219473
996 154 10 13 0.14392246
575 198 13 18 0.1530292
166 152 30 36 0.15998621
967 257 14 18 0.16615334
935 150 15 18 0.16951157
997 161 10 13 0.1703992
493 169 14 18 0.21016096
1015 212 9 12 0.2316562
445 177 21 17 0.27902263
124 111 41 56 0.2811474
246 272 23 18 0.29342064
647 230 11 13 0.30742338
407 158 14 17 0.32742438
354 270 15 16 0.39048114
805 125 33 36 0.4116434
378 215 14 18 0.42754626
398 192 14 18 0.44149226
300 171 14 18 0.44402108
652 161 14 16 0.4640594
611 251 15 17 0.5092486
564 122 13 17 0.5105229
613 163 12 17 0.51877403
595 213 14 18 0.5211205
355 168 12 18 0.55619645
994 152 14 18 0.55969924
22 151 21 20 0.6025
251 168 14 18 0.6240628
936 152 20 20 0.7258901

