36_Football_Football_36_23
28
468 55 36 64 0.011783883
896 20 60 74 0.012264042
550 114 20 38 0.012431762
138 4 22 20 0.013207736
31 48 18 33 0.013639491
989 71 27 48 0.014527201
177 27 21 21 0.015192758
72 2 25 16 0.015241091
355 59 39 61 0.017303484
971 50 42 115 0.017909369
172 18 19 31 0.020935625
355 9 38 61 0.02134385
137 0 19 28 0.022176843
204 12 18 33 0.023485841
478 27 30 74 0.024831202
545 64 34 70 0.025433643
902 38 34 37 0.032510404
441 25 33 73 0.042858433
79 33 21 21 0.05987318
982 62 38 66 0.074645385
78 26 17 34 0.084581986
897 29 44 54 0.09191436
351 33 40 62 0.0925191
545 101 33 60 0.21148111
600 42 54 87 0.53199536
387 86 42 78 0.579535
730 50 61 79 0.6487623
219 51 64 77 0.72655755

