36_Football_americanfootball_ball_36_510
39
886 20 33 67 0.010368103
213 11 36 58 0.01058663
978 0 40 99 0.0106555065
870 31 26 50 0.011144561
2 0 16 56 0.011715133
215 8 27 40 0.011745342
710 123 55 95 0.012630621
542 91 42 62 0.012883914
184 45 55 96 0.014010495
0 0 22 102 0.014562646
872 47 26 50 0.014615869
2 0 11 47 0.016104415
764 67 51 92 0.016424201
204 0 21 23 0.016546074
511 11 51 88 0.017051661
835 105 39 65 0.017236492
217 17 28 41 0.018202495
990 21 26 48 0.018355405
844 101 53 97 0.018461319
2 0 32 115 0.019472638
573 5 48 91 0.020585477
713 51 54 85 0.021277202
857 9 53 89 0.024381105
111 36 109 114 0.032189902
856 45 50 95 0.033735473
3 8 31 169 0.037233546
503 39 51 87 0.037788313
388 103 40 66 0.04384044
496 38 41 68 0.045068294
852 109 38 68 0.04585364
983 13 37 64 0.04840685
565 21 43 65 0.07775574
489 24 39 63 0.09011714
867 35 35 71 0.105497286
131 45 72 82 0.10920976
549 104 39 63 0.109330386
388 79 41 67 0.14341861
756 76 38 69 0.14450146
578 135 55 85 0.77617913

