36_Football_Football_36_80
37
450 249 6 9 0.0101874955
388 261 13 17 0.010618993
435 255 8 8 0.010894109
451 231 6 9 0.010931939
90 226 19 25 0.010962053
321 251 8 12 0.010967934
309 246 6 10 0.011889394
673 377 13 19 0.012711663
727 165 6 8 0.012801994
674 382 13 20 0.013205835
622 159 15 33 0.013758099
407 254 8 8 0.014059654
337 256 13 18 0.014132296
430 257 13 18 0.016244745
764 261 24 17 0.016862534
861 191 17 37 0.019282723
319 248 12 20 0.019368403
134 239 19 31 0.020597568
339 260 10 11 0.021176457
390 264 10 9 0.023522904
561 360 14 40 0.024164136
467 216 7 9 0.025761344
338 253 10 13 0.034480136
433 259 8 11 0.03681399
858 201 18 36 0.07680472
335 250 13 19 0.08675723
99 234 18 33 0.0930227
456 214 6 9 0.095069975
863 298 35 67 0.13410494
95 222 19 34 0.14915514
847 189 16 41 0.1812186
597 177 17 33 0.2781369
759 287 27 40 0.3047695
849 193 21 51 0.631103
753 291 23 43 0.7113129
193 231 21 32 0.8161629
602 175 18 32 0.8902976

