36_Football_americanfootball_ball_36_81
35
784 1 49 92 0.010286796
565 12 43 57 0.01035237
379 131 42 63 0.010532888
565 237 45 56 0.011011001
850 103 36 72 0.011366552
342 40 42 55 0.011490821
566 213 34 37 0.012360868
971 113 38 120 0.013127435
380 87 41 64 0.013315703
440 109 47 54 0.01374119
706 89 21 34 0.013899078
847 6 19 34 0.014240828
123 41 43 55 0.014392398
696 53 38 64 0.014607342
268 63 52 83 0.015168329
820 82 81 172 0.017557781
343 37 30 41 0.017649695
685 27 20 31 0.019104555
837 12 33 66 0.019325182
604 22 40 59 0.021078346
589 4 62 84 0.02177114
801 21 36 64 0.022016348
894 7 21 31 0.022872271
901 11 41 57 0.024044707
799 136 33 74 0.03342701
253 79 47 54 0.033639017
835 102 49 118 0.037544996
163 55 44 60 0.037709653
991 127 27 89 0.054447282
560 204 44 56 0.05974652
697 76 38 57 0.09944367
175 72 48 58 0.34607285
382 109 41 68 0.444231
914 8 41 60 0.74810183
477 40 44 60 0.7677264

