36_Football_americanfootball_ball_36_615
111
795 235 21 29 0.010194696
526 164 9 15 0.010646768
690 183 14 17 0.0106857
66 179 8 16 0.011109271
789 175 12 19 0.0111682275
725 226 26 16 0.012498412
485 220 18 32 0.012950416
694 196 14 19 0.012984966
857 152 10 13 0.01330025
349 177 19 30 0.013418537
434 190 20 22 0.013471722
656 164 13 17 0.013515798
876 149 13 17 0.013621028
693 186 10 11 0.013972092
681 157 7 9 0.014213035
656 159 7 9 0.014944089
769 140 8 11 0.0155051835
960 88 12 22 0.015813619
733 223 23 28 0.016161704
796 166 12 19 0.016452033
872 184 9 13 0.016735198
533 186 11 15 0.016975686
872 183 19 21 0.01759701
162 125 7 9 0.018158015
962 223 40 61 0.018483728
703 151 13 16 0.019000314
353 146 13 18 0.019039875
441 180 21 20 0.020696765
774 150 8 11 0.021365313
955 204 38 63 0.021439962
373 121 8 10 0.02212558
710 164 13 17 0.022688117
751 146 9 14 0.02391415
678 177 20 29 0.02569789
643 155 14 17 0.02582745
99 136 8 12 0.026822012
957 95 18 29 0.0277115
799 170 7 11 0.028629102
518 166 9 14 0.028956044
95 132 12 19 0.029560408
448 173 17 31 0.029668093
516 180 9 13 0.029799158
523 162 13 19 0.031836588
957 94 12 23 0.03194045
538 181 13 19 0.033619937
624 161 13 18 0.033735603
646 158 9 11 0.03515621
782 148 13 18 0.03726448
659 167 8 10 0.03736264
863 148 17 29 0.0388864
459 151 13 23 0.03979354
743 138 9 15 0.040499985
946 102 19 23 0.04144128
520 154 9 15 0.043365266
687 161 13 17 0.04489266
611 165 8 12 0.04642148
871 181 12 20 0.04668577
719 153 18 19 0.047029085
355 149 9 10 0.047274545
526 153 8 14 0.048419412
627 165 8 11 0.049244568
880 152 8 10 0.04994044
711 167 9 11 0.051161833
84 137 10 13 0.05653061
786 167 13 19 0.06088805
616 155 8 11 0.06129993
608 161 13 18 0.06356117
785 152 8 11 0.06419026
856 149 13 19 0.064745694
747 136 13 21 0.06613213
743 146 9 13 0.06627238
455 158 19 22 0.066885054
705 153 8 10 0.068684
789 171 8 11 0.071795896
740 141 17 21 0.07231755
688 154 13 16 0.07484743
614 152 13 19 0.07511503
429 176 18 32 0.07587761
623 156 9 11 0.07740368
369 148 19 34 0.07782602
720 225 22 18 0.078946516
527 189 19 20 0.08870806
64 175 12 23 0.08885299
598 161 12 19 0.09284027
620 153 13 18 0.100034885
600 165 8 13 0.10431097
675 172 10 11 0.104877695
864 154 11 12 0.10718085
523 177 18 29 0.11107857
690 164 9 10 0.116290435
514 177 13 19 0.12065528
644 165 11 12 0.12332146
938 105 19 32 0.12675487
670 169 19 20 0.14210957
643 162 13 18 0.15202713
934 97 19 32 0.1715737
451 154 20 21 0.18816495
523 151 12 20 0.1886571
517 162 13 21 0.22329977
719 160 13 17 0.24669144
519 153 13 20 0.25204784
690 156 9 11 0.29936
723 156 10 13 0.3248535
673 175 14 18 0.33425936
453 157 17 30 0.3386236
742 136 13 22 0.4822813
531 184 14 21 0.5491004
861 151 14 18 0.717448
82 133 14 20 0.7528209
382 143 20 33 0.84311736
199 105 25 42 0.9464668

