30_Surgeons_Surgeons_30_122
41
271 291 57 84 0.010134946
580 369 41 57 0.010284796
596 218 37 11 0.010480127
551 197 27 25 0.010739894
706 208 12 7 0.01108682
531 168 155 101 0.012713906
536 293 23 31 0.013376112
731 277 24 18 0.013756533
661 201 31 12 0.013767917
101 301 39 62 0.013912089
828 424 42 56 0.014109009
101 342 32 39 0.014505795
646 221 26 23 0.014914334
851 426 47 50 0.014960311
657 206 15 8 0.015132619
131 331 31 40 0.015323671
742 261 25 27 0.015522715
594 367 42 55 0.015967863
656 221 15 8 0.0163537
949 352 7 8 0.017863933
255 293 44 54 0.018026868
225 273 43 52 0.019681565
651 202 28 13 0.024875088
600 226 26 24 0.027355356
586 225 26 24 0.02812404
646 229 30 14 0.032053094
648 219 29 14 0.0349758
742 280 28 19 0.03638185
473 172 154 103 0.03861847
551 201 34 13 0.038903926
97 334 43 56 0.04115925
108 304 53 78 0.0415592
94 308 54 90 0.047202285
594 232 33 14 0.069308884
124 322 42 58 0.070550166
529 298 35 34 0.07099557
274 296 43 52 0.083991885
128 306 37 61 0.27169007
252 269 30 40 0.29204047
522 290 33 37 0.44523847
739 275 32 35 0.46010914

