30_Surgeons_Surgeons_30_115
34
181 168 30 73 0.011025497
565 221 49 59 0.012059045
437 190 37 65 0.01263344
602 175 44 65 0.013384384
75 255 36 56 0.014393487
291 271 43 59 0.015332876
630 199 41 59 0.016127793
836 258 91 129 0.01703578
308 290 63 49 0.019794479
126 170 33 67 0.020010669
824 282 37 75 0.023177922
849 265 43 71 0.02404652
634 172 55 88 0.024176784
474 303 49 65 0.02572644
305 263 86 112 0.026245648
595 191 45 61 0.028136196
808 286 36 73 0.029383598
333 288 50 57 0.03600009
332 269 46 64 0.03670972
849 269 62 97 0.038750786
578 210 58 89 0.03931893
569 199 46 64 0.039496657
875 270 108 122 0.04387737
571 157 87 129 0.047161672
79 250 25 47 0.0515146
831 223 86 135 0.060690586
316 267 49 62 0.06378696
895 287 71 83 0.074082084
844 244 59 99 0.23376979
87 255 40 52 0.32667264
585 177 58 94 0.40061542
200 268 42 71 0.46732363
319 253 58 101 0.5790781
474 310 66 80 0.60010934

