30_Surgeons_Surgeons_30_554
35
169 246 35 38 0.0101013575
317 226 64 75 0.0107732145
859 228 37 40 0.011372554
346 272 43 56 0.011480458
46 283 29 40 0.011576369
37 306 43 52 0.012439416
512 223 36 51 0.013104191
167 0 255 267 0.013247757
351 258 30 37 0.014292584
322 253 40 52 0.014976763
42 277 38 56 0.016162416
390 251 22 28 0.017990235
513 244 21 21 0.020896817
59 257 47 90 0.02113151
579 307 41 68 0.022046046
249 240 26 18 0.022210289
333 273 21 21 0.023299973
327 262 30 38 0.024825713
518 244 21 30 0.0281322
639 337 39 64 0.029980723
573 282 51 102 0.034767967
180 207 59 79 0.03971516
768 227 39 65 0.044155017
961 328 42 115 0.044357426
660 330 56 97 0.0459952
956 346 44 62 0.051733293
669 340 39 66 0.053965468
180 241 32 40 0.06300959
786 210 38 61 0.06727206
164 236 46 55 0.102382906
177 221 41 57 0.1386825
55 275 40 57 0.21337345
519 235 21 31 0.21866484
853 221 46 59 0.6875397
772 210 38 68 0.84930146

