30_Surgeons_Surgeons_30_160
18
1000 176 19 65 0.01006051
640 185 40 57 0.010929552
1008 235 15 73 0.011915645
982 322 40 122 0.0120290695
1010 221 11 57 0.013281672
976 276 37 125 0.013998821
816 250 43 58 0.015784584
996 307 27 83 0.01691489
1011 244 11 56 0.016993003
995 167 27 83 0.019304046
964 173 16 39 0.019959122
1002 199 22 95 0.025055202
960 186 15 40 0.039391156
998 343 23 53 0.07018825
800 253 42 62 0.21938048
301 115 47 94 0.22935751
277 126 65 93 0.85539925
514 169 63 92 0.9707791

