34_Baseball_Baseball_34_164
28
689 293 6 7 0.010002294
834 309 14 17 0.010551316
748 309 15 12 0.011388016
666 292 6 7 0.011654895
826 275 13 17 0.01212756
293 357 11 15 0.018072361
293 363 13 14 0.018448755
143 397 24 18 0.019614736
831 285 9 12 0.021246742
833 316 11 12 0.023912659
792 369 6 10 0.023945536
296 411 34 37 0.024579352
831 313 13 17 0.026103929
403 320 8 10 0.026578145
744 308 11 11 0.029014753
593 328 7 8 0.030808872
155 386 27 19 0.042288467
677 290 6 8 0.04339003
294 360 21 19 0.057287384
298 356 14 19 0.06469034
289 405 45 52 0.06680247
817 279 18 20 0.0827472
142 383 30 36 0.09565972
821 282 11 15 0.22787194
292 356 15 20 0.63840216
155 379 22 31 0.6912663
819 276 14 18 0.7692883
743 305 21 20 0.8524679

