34_Baseball_Baseball_34_356
26
414 43 40 64 0.011514818
8 33 75 257 0.011570005
500 271 89 131 0.011585518
417 15 34 63 0.012016982
661 36 36 70 0.012419427
377 41 39 64 0.012906839
527 93 49 114 0.014008506
0 671 218 373 0.01415761
513 304 42 74 0.014933626
396 42 50 94 0.0153158875
520 50 51 101 0.017579641
458 45 49 99 0.019340016
609 36 41 73 0.021838756
8 538 176 405 0.035773374
452 42 35 67 0.03810876
593 43 60 89 0.041654702
634 39 34 74 0.041859254
600 15 38 73 0.044054896
474 39 35 72 0.04611909
533 207 188 190 0.04897604
630 34 51 100 0.055366162
537 7 35 66 0.068166204
330 50 49 98 0.083333544
325 46 32 80 0.10863883
500 290 66 92 0.11416574
595 243 105 177 0.9751227

