34_Baseball_Baseball_34_391
29
518 215 31 36 0.010008386
565 135 31 36 0.010419459
581 52 42 54 0.0107012065
593 79 48 51 0.010765914
628 56 43 56 0.011662318
3 272 35 64 0.012201038
71 333 37 64 0.013775385
642 118 33 37 0.015719017
518 221 30 15 0.016743008
565 145 32 37 0.01781293
594 54 59 77 0.017813422
774 98 60 81 0.01977885
1003 168 18 132 0.020571135
431 351 24 18 0.021325924
581 90 32 35 0.02278301
537 223 99 117 0.025262138
83 338 36 60 0.02757149
582 98 31 16 0.03201684
636 83 44 55 0.032048672
554 135 29 39 0.03444221
603 58 34 37 0.04800182
636 110 45 54 0.050859272
58 266 25 21 0.083001405
598 51 44 52 0.085128725
757 77 45 65 0.10780452
550 232 70 86 0.116054796
530 240 76 87 0.13161722
762 72 61 79 0.29490492
63 257 18 35 0.8502087

