34_Baseball_Baseball_34_143
32
510 523 44 56 0.010241161
1016 108 7 33 0.010353049
176 70 6 8 0.011119229
197 301 17 19 0.011128864
60 138 5 9 0.011450269
1017 133 5 15 0.011566874
1017 116 5 16 0.011876741
519 475 17 28 0.01209671
869 69 5 9 0.012143337
550 536 7 9 0.0153626865
543 486 6 10 0.016268019
532 468 7 10 0.017891092
670 208 13 17 0.021208422
194 361 19 34 0.027832448
58 150 6 9 0.029001938
530 483 8 13 0.02975396
203 298 12 16 0.047182612
201 299 10 14 0.050013512
526 479 12 20 0.059930902
672 210 9 12 0.073690705
167 86 5 10 0.08298882
518 482 9 14 0.08953859
65 143 6 11 0.13935398
1017 99 6 11 0.16296202
205 302 10 14 0.17910837
308 95 5 7 0.18540238
168 69 6 9 0.25160918
870 55 5 8 0.25767595
199 304 10 13 0.42638245
516 478 13 21 0.61707985
64 139 7 11 0.753379
308 98 6 9 0.77844995

