4_Dancing_Dancing_4_489
20
673 91 34 67 0.61823106
690 33 36 40 0.6276501
175 235 45 67 0.63134575
483 104 35 52 0.64549416
781 232 42 64 0.6695893
257 126 36 61 0.6781607
752 104 37 54 0.67846984
393 235 39 60 0.7351748
403 120 36 61 0.73899776
130 115 36 55 0.74127084
529 57 39 56 0.75002754
275 238 42 63 0.75392133
419 59 38 53 0.76083547
602 210 43 62 0.7614485
346 83 33 42 0.7715376
297 63 34 56 0.7841908
832 104 36 55 0.81792796
544 229 37 60 0.8331567
707 280 38 57 0.8657438
808 20 30 40 0.86682564

