18_Concerts_Concerts_18_133
28
682 352 57 83 0.010167752
825 1009 21 30 0.011177447
459 967 23 35 0.011652137
371 1028 49 50 0.011947829
998 1039 8 12 0.011955577
818 1022 39 59 0.012904088
460 959 45 49 0.013350857
816 1004 19 33 0.01377615
333 998 58 79 0.013899732
56 333 8 12 0.014456022
159 1025 25 30 0.015236139
371 970 46 54 0.019088393
325 1003 30 43 0.01978062
378 995 35 38 0.026327763
335 383 59 83 0.02893939
339 1022 46 54 0.032340616
649 352 40 69 0.039036836
328 1024 31 40 0.04313433
817 1007 23 18 0.049153827
331 420 50 64 0.052146584
322 995 39 62 0.08800646
371 987 46 53 0.10638476
323 1014 41 57 0.10797305
657 347 64 84 0.48963243
454 956 36 51 0.7828069
321 406 72 73 0.7902507
150 1015 33 38 0.9438662
643 910 29 57 0.9570076

