18_Concerts_Concerts_18_38
306
934 226 8 10 0.010030574
452 236 18 19 0.010108387
504 206 11 19 0.010116636
123 379 19 23 0.010199961
564 242 7 10 0.010246343
590 252 12 23 0.010292022
967 239 9 10 0.0102945715
450 188 13 17 0.010309595
220 288 19 29 0.010318852
864 301 13 21 0.010411355
461 230 10 12 0.010462493
800 234 11 18 0.010541573
884 212 6 8 0.010644559
965 198 5 6 0.010679421
161 398 38 61 0.010739397
590 306 18 34 0.010747368
419 191 12 17 0.010762588
45 382 12 13 0.010772335
316 436 49 90 0.010829915
642 281 12 21 0.010936023
924 253 14 16 0.01099506
960 273 38 59 0.011036932
719 258 9 12 0.011084071
678 319 13 24 0.011247445
790 213 6 6 0.01134916
354 493 38 67 0.011413749
975 259 20 31 0.011559566
651 322 19 32 0.011621995
430 225 13 17 0.011644847
659 181 7 9 0.0116898855
905 344 28 47 0.01178506
111 354 13 21 0.012042632
316 205 10 13 0.012123983
317 536 48 93 0.012146987
339 274 9 11 0.012241755
976 211 8 8 0.012275298
464 192 7 9 0.012312697
517 437 44 92 0.0123712635
950 197 5 6 0.012388014
590 239 7 14 0.0124738775
725 285 10 14 0.012559684
324 510 47 101 0.012604085
389 225 8 10 0.012665928
560 226 7 12 0.012831436
851 256 7 9 0.012873361
948 262 11 10 0.01289566
685 318 12 24 0.012959635
411 455 39 70 0.012979449
874 248 17 32 0.012980365
679 168 6 8 0.013005272
359 303 13 19 0.013263586
658 185 12 22 0.0133961635
664 234 12 19 0.013407191
706 271 8 11 0.013416415
902 349 49 90 0.013432298
336 271 13 18 0.013437923
340 258 8 10 0.013523712
12 408 17 34 0.013643996
282 182 15 16 0.0137204295
675 178 6 9 0.014051553
702 286 13 19 0.014070293
285 190 11 12 0.014094975
972 227 13 18 0.014104029
664 276 8 11 0.014134954
473 308 6 11 0.014190712
361 182 10 15 0.014217532
583 249 20 27 0.014543964
775 168 4 6 0.014651458
112 362 12 21 0.014679357
448 211 14 17 0.014700768
587 237 12 20 0.014724698
940 266 19 29 0.014834951
902 258 10 11 0.015029424
356 388 21 31 0.015223238
867 260 8 9 0.015291651
250 550 40 74 0.015360257
949 180 5 7 0.015482606
989 273 25 49 0.015516164
800 255 7 14 0.015684394
497 285 12 21 0.015689652
278 212 38 54 0.015776593
66 384 22 17 0.015779605
503 339 34 64 0.0157949
821 180 4 6 0.015866643
678 343 26 43 0.015878798
502 362 35 66 0.015941594
14 394 13 27 0.015955416
335 288 13 19 0.015968477
545 224 12 19 0.016028058
686 258 13 18 0.016057827
976 272 23 17 0.016425913
623 355 18 35 0.016508084
181 396 36 64 0.016588837
433 206 9 11 0.016612167
582 210 6 11 0.016802985
897 264 18 31 0.01706315
896 276 11 12 0.017070197
853 182 5 6 0.017492978
945 225 7 10 0.017590228
39 381 22 18 0.01776371
793 195 4 6 0.017971156
683 320 18 31 0.018147621
222 289 13 23 0.01870948
838 183 4 6 0.018818812
729 166 5 7 0.018911215
692 178 6 8 0.018982388
705 290 9 12 0.01905218
900 246 8 9 0.019244678
410 518 36 74 0.019359099
566 252 12 20 0.01936512
482 295 19 32 0.019390114
752 241 7 11 0.01940711
803 273 12 24 0.019605491
106 351 21 27 0.019681217
772 225 6 9 0.019873677
991 262 19 33 0.019889437
1005 219 18 32 0.019951409
819 241 6 9 0.020043807
713 229 7 10 0.02007313
788 168 5 7 0.020201704
886 193 5 8 0.020483674
686 270 12 19 0.020622037
975 231 8 11 0.020684257
792 255 11 21 0.020990618
354 272 11 12 0.021086609
267 196 20 28 0.021396667
737 288 9 14 0.021497633
797 252 11 21 0.021717824
223 328 19 30 0.021829491
633 350 24 45 0.021843681
455 228 9 10 0.021874717
487 305 7 13 0.022382194
541 405 23 51 0.022435876
725 283 12 19 0.022501752
725 239 13 19 0.022600275
691 192 7 10 0.0226458
881 228 8 8 0.02265413
390 441 50 87 0.022696521
793 258 8 14 0.022901319
982 266 35 64 0.022909127
5 389 10 35 0.022964245
870 285 18 31 0.022984395
568 255 8 12 0.023061924
807 212 4 6 0.023144392
76 388 19 31 0.02380148
939 281 23 18 0.023835506
94 398 22 22 0.023841564
479 285 11 20 0.024088025
738 239 12 18 0.02410589
278 182 14 16 0.02424668
894 279 19 32 0.02501497
717 319 18 32 0.025199976
913 256 14 16 0.025309235
420 194 9 11 0.025503458
37 409 19 33 0.025706403
575 194 7 12 0.025725823
886 184 5 7 0.025799092
401 536 50 104 0.025992198
513 420 33 74 0.02605297
670 237 9 14 0.026462844
794 237 7 12 0.027219089
567 358 32 66 0.027288074
794 232 6 10 0.02740492
540 494 37 74 0.027420955
536 238 7 10 0.028394133
927 254 10 12 0.028669821
707 194 5 8 0.028685592
946 279 12 10 0.02882849
73 382 22 19 0.029162278
678 268 12 19 0.029686699
739 201 5 6 0.029737378
602 298 18 31 0.030627362
352 269 14 18 0.031007146
36 379 13 19 0.03155018
507 399 32 69 0.032345332
965 229 8 10 0.03236093
760 208 5 8 0.033092476
709 257 13 19 0.033620168
485 300 12 21 0.034022547
738 163 5 7 0.03447881
127 377 19 32 0.03448359
904 223 7 9 0.03465751
692 283 12 19 0.03508229
723 226 7 8 0.035301637
770 196 5 7 0.035431396
577 170 7 8 0.03576986
99 397 25 44 0.0359318
805 181 4 6 0.03618999
567 192 11 19 0.0366188
481 288 8 12 0.03765668
729 215 6 7 0.03783203
547 238 8 11 0.038002837
679 271 9 13 0.038356747
694 286 8 13 0.038602877
760 168 5 6 0.038719386
877 238 13 18 0.03993183
461 371 27 47 0.040610794
890 282 22 20 0.04086954
689 273 8 11 0.04124234
741 227 7 8 0.041964162
402 495 39 71 0.0422835
461 237 10 14 0.04251212
530 224 13 19 0.042517934
880 241 10 11 0.042683594
689 261 8 11 0.04269168
728 242 8 11 0.043399975
308 453 41 62 0.04406624
873 243 7 9 0.044217296
364 300 13 19 0.044401754
537 267 19 32 0.044979982
915 258 10 11 0.04720605
867 224 6 8 0.04799348
854 212 4 6 0.048002917
741 178 5 7 0.048300628
792 177 4 6 0.048416875
260 207 9 12 0.04992876
561 212 6 10 0.050367214
714 176 5 9 0.05113049
868 197 5 6 0.0513117
753 229 6 9 0.05133212
761 179 4 6 0.051445637
941 276 22 17 0.052570246
727 319 20 21 0.05317487
389 502 49 96 0.053476103
805 277 13 25 0.05369711
277 192 12 12 0.053764965
912 337 42 66 0.05435061
278 186 22 19 0.056338422
451 214 9 10 0.056393165
724 176 4 7 0.056649137
711 260 8 12 0.056809686
261 197 14 16 0.05686849
1013 228 8 13 0.056878008
2 344 10 29 0.057333466
433 228 9 11 0.057358757
35 382 19 33 0.058542375
509 209 12 17 0.05875187
771 211 7 8 0.059061173
983 272 23 20 0.05910486
891 274 20 19 0.05922975
242 207 7 9 0.059850503
361 184 12 18 0.059923902
526 499 49 100 0.060601436
548 228 7 10 0.06165925
866 215 6 8 0.062805615
552 212 7 10 0.06298445
262 199 10 12 0.06337536
283 217 29 40 0.0636157
258 204 14 18 0.065041155
269 537 49 87 0.0653151
0 559 39 133 0.06708711
761 196 5 7 0.07049345
902 335 37 65 0.07059523
854 197 4 6 0.07322033
806 196 5 6 0.07401848
852 227 5 7 0.07520999
773 179 4 5 0.076054655
839 198 4 6 0.07780652
376 500 45 64 0.07913228
506 209 7 12 0.08487008
822 211 5 7 0.08647509
839 225 5 7 0.08743947
839 214 4 6 0.08810191
1011 224 11 21 0.08881223
0 345 15 34 0.09022967
577 173 6 10 0.09023613
836 243 6 8 0.09038077
568 348 23 49 0.092420734
817 229 6 9 0.09324416
467 362 33 62 0.09436244
741 242 7 12 0.0945764
734 285 13 20 0.0957543
559 337 22 48 0.09593666
725 317 13 21 0.09813713
738 209 5 8 0.099843524
583 238 11 19 0.10326395
802 237 7 11 0.103742726
431 195 13 17 0.10382061
515 195 8 9 0.107527025
804 232 7 10 0.10973365
308 206 14 17 0.110022545
533 228 8 11 0.11670954
642 186 21 26 0.11700834
310 208 10 11 0.11734937
849 246 7 8 0.11779595
413 432 38 67 0.12240515
820 198 4 5 0.12550405
529 264 19 35 0.12580863
453 191 8 10 0.12616943
455 239 10 12 0.12958452
6 387 18 33 0.1305604
532 210 8 10 0.13810988
488 175 6 9 0.1435085
433 197 10 12 0.14499159
138 322 28 39 0.15028022
273 189 21 18 0.1531603
584 240 8 14 0.16861443
511 211 9 12 0.17429987
595 297 17 34 0.21047951
763 393 26 50 0.2314861
100 390 19 35 0.2368046
807 274 16 31 0.24338281
363 181 14 18 0.26480266
296 529 36 81 0.27876043
569 196 7 13 0.29826546
68 417 28 44 0.43689546

