18_Concerts_Concerts_18_602
250
564 329 18 18 0.010011543
402 389 20 21 0.010083383
917 330 15 15 0.010184697
141 407 15 19 0.010191564
392 325 19 26 0.010328903
305 521 35 59 0.010412117
415 288 8 15 0.010412711
549 297 9 12 0.010430779
295 257 9 15 0.010501541
595 361 13 10 0.010558531
388 295 12 19 0.010569232
673 327 13 16 0.010642831
433 332 13 19 0.010650743
355 364 21 26 0.010767656
256 276 9 14 0.010785651
132 399 12 13 0.010801827
331 324 21 26 0.010845834
1012 293 4 12 0.010893101
225 426 21 29 0.010945429
210 264 13 17 0.011015665
710 328 14 18 0.01108842
1 402 11 25 0.0111946035
497 337 9 12 0.01129958
372 304 12 19 0.011489955
2 377 9 14 0.011569682
827 430 41 53 0.011599358
995 316 17 33 0.011702944
518 340 10 13 0.011735521
396 367 20 20 0.011790047
567 334 20 18 0.011853344
147 374 10 10 0.0118599245
575 296 8 12 0.011866034
0 286 15 35 0.011949889
750 355 14 18 0.012125001
877 332 11 12 0.012133445
246 276 12 19 0.012139362
821 360 9 12 0.012213936
733 379 22 19 0.012358448
575 356 22 17 0.01238
101 278 8 13 0.012444027
707 385 19 29 0.012446037
116 408 10 13 0.012519864
866 361 28 35 0.012627024
504 302 12 18 0.012680731
390 298 8 13 0.012687753
526 341 12 13 0.012909471
845 354 13 18 0.013038874
47 303 12 21 0.013092324
434 306 8 14 0.013147854
308 292 12 21 0.013192307
539 366 20 20 0.013311806
432 304 12 20 0.01365424
872 332 9 11 0.013849763
512 372 13 20 0.01418067
709 340 13 13 0.014283242
221 264 13 18 0.0146600725
540 358 21 20 0.014693827
10 402 22 20 0.014852956
452 281 6 11 0.014958604
508 303 12 16 0.014978262
593 279 8 11 0.0151531985
837 342 11 14 0.015749974
224 351 21 18 0.015773254
414 357 14 18 0.01583743
327 270 12 19 0.015852353
0 444 9 29 0.01589223
647 339 13 18 0.015964365
480 357 21 25 0.016312169
109 398 19 28 0.016385656
942 344 11 9 0.016388783
167 264 10 12 0.016505273
389 337 13 19 0.016513782
555 353 21 19 0.016617792
272 261 9 14 0.016749023
0 304 9 28 0.017073134
776 328 17 27 0.017217876
413 320 12 19 0.017247302
438 291 7 13 0.017827528
391 356 21 27 0.017916966
548 357 21 29 0.018128175
144 387 12 12 0.01827543
326 261 9 14 0.018593954
670 338 14 18 0.018944858
684 355 13 14 0.018980652
603 328 21 17 0.019255111
839 341 20 20 0.01926557
324 259 13 19 0.01932478
1000 277 5 8 0.01935046
44 381 26 37 0.019461289
473 261 6 11 0.019588562
349 326 13 19 0.01975586
998 313 5 11 0.020225132
69 273 7 14 0.020412324
254 272 12 20 0.020554679
679 356 13 13 0.020600323
332 265 13 17 0.02066457
926 331 10 9 0.020805446
301 249 12 19 0.021084422
650 349 20 19 0.021968858
1 278 7 16 0.022510907
1017 308 5 13 0.02269331
122 417 22 19 0.022869596
286 506 30 73 0.023433466
614 268 13 19 0.023476023
587 357 22 28 0.0235434
911 355 12 11 0.023575848
703 374 11 12 0.023854582
220 338 20 20 0.02493818
940 370 43 49 0.024972208
292 238 11 19 0.02513093
996 322 6 14 0.025229681
485 304 7 11 0.02609544
31 392 23 18 0.0263543
506 300 7 12 0.02644704
998 344 8 13 0.026766758
900 354 13 11 0.02685243
166 275 10 12 0.027230773
384 303 11 19 0.028054582
999 292 5 11 0.028140211
269 258 12 19 0.028263891
615 271 10 14 0.028337764
701 373 14 17 0.028845724
900 346 15 15 0.028979208
4 388 17 33 0.029147686
996 340 12 21 0.030096907
510 300 8 11 0.03113727
35 348 21 19 0.031168329
191 360 15 20 0.031469747
392 324 13 20 0.03174468
518 336 14 19 0.03190102
14 326 17 29 0.032905504
992 317 11 23 0.032952838
478 359 14 20 0.03316337
919 332 11 10 0.033460535
344 332 20 21 0.033510916
598 354 24 18 0.03393141
479 259 11 18 0.033934563
400 355 14 19 0.034420293
1 259 7 16 0.034460522
495 358 13 19 0.03503231
135 408 20 29 0.036190554
607 339 13 12 0.037782524
292 240 9 14 0.038020913
546 276 11 17 0.03921081
235 294 13 22 0.039638087
654 340 13 18 0.039828133
336 495 34 68 0.0398458
0 412 10 28 0.039884467
734 354 21 18 0.040058468
0 375 12 20 0.04020328
438 280 7 11 0.04069947
523 322 13 18 0.040850993
452 289 7 13 0.04157188
39 347 18 29 0.041921772
920 338 21 18 0.041953996
176 308 13 18 0.04229047
588 367 25 18 0.043458648
114 405 14 19 0.044131607
177 263 13 16 0.044528242
876 357 21 18 0.04592288
813 422 21 30 0.04674516
216 271 20 19 0.047630377
0 380 12 22 0.048413415
567 330 11 15 0.04977241
343 381 21 22 0.050957765
140 412 23 19 0.05174463
137 385 23 18 0.052201785
871 334 13 17 0.052275382
926 342 11 10 0.05234242
227 295 19 21 0.053501036
232 299 20 21 0.053674143
904 352 22 18 0.056083158
406 287 11 19 0.05623351
54 386 24 21 0.056581065
333 271 13 19 0.056685727
0 281 8 28 0.058023885
337 326 14 21 0.059018526
315 387 20 32 0.060437996
917 341 11 10 0.06261122
619 265 13 16 0.06434002
1 413 18 32 0.065200225
248 304 21 21 0.06545011
27 397 23 19 0.06808425
828 425 32 36 0.0684341
565 260 8 11 0.06884886
518 324 10 14 0.06918203
916 338 14 17 0.070578516
510 304 9 12 0.07591983
0 256 9 24 0.07669089
382 393 20 32 0.07678397
474 363 21 21 0.07694546
337 331 19 21 0.07881496
505 304 8 13 0.079082295
552 304 9 14 0.08138013
514 390 21 30 0.083481535
0 274 10 24 0.08460423
590 358 24 17 0.08826257
29 341 20 22 0.08871673
60 380 18 32 0.09068902
366 391 19 33 0.09096398
411 387 19 31 0.09167307
369 273 13 18 0.09325842
866 372 23 19 0.09554139
105 254 11 20 0.0973222
79 419 21 23 0.09849402
39 343 21 21 0.10065554
130 393 15 18 0.10343712
129 395 20 21 0.10633419
876 337 14 16 0.10979304
679 352 20 20 0.11082496
566 333 14 17 0.11202002
601 336 22 18 0.12294155
895 351 22 18 0.12647386
138 401 20 27 0.13340834
520 337 21 20 0.13370275
615 264 13 17 0.14112763
436 326 13 19 0.14537878
211 272 14 19 0.14826863
477 393 26 39 0.16027379
305 386 20 33 0.16758926
303 253 12 18 0.17434186
397 322 13 18 0.17656985
554 384 28 40 0.17865163
47 384 22 21 0.17895599
452 344 15 20 0.18088683
297 522 32 61 0.18252686
707 337 21 18 0.1966507
21 336 13 22 0.19862203
517 323 13 18 0.20438364
701 385 14 19 0.20972604
457 485 25 44 0.23020898
579 261 9 12 0.23547292
187 363 23 21 0.23557949
871 370 24 20 0.23891713
108 254 12 19 0.25018713
74 416 20 31 0.25535586
481 260 7 14 0.26173404
168 401 21 31 0.26323736
735 371 20 21 0.2649337
260 531 23 50 0.27197057
548 278 8 12 0.2906034
262 258 12 19 0.29861724
938 377 32 41 0.32114395
189 261 13 18 0.3222475
141 255 15 17 0.32540646
836 340 14 20 0.36188135
50 261 11 20 0.4009709
773 331 14 19 0.42261404
329 493 29 69 0.4271342
897 480 38 60 0.6897443

