18_Concerts_Concerts_18_504
466
306 403 13 20 0.01000143
321 228 7 9 0.010027018
593 377 13 18 0.010145452
371 316 4 6 0.010146917
221 400 12 21 0.010147267
225 519 22 55 0.010212639
599 453 13 20 0.010229456
258 408 7 12 0.010256746
165 372 13 18 0.010259283
470 296 4 6 0.010285418
166 421 10 10 0.010374817
36 422 7 10 0.010424878
51 361 6 7 0.010441114
518 297 5 6 0.010443135
832 393 22 17 0.010597273
423 426 7 9 0.010658237
294 297 4 5 0.010703786
708 362 7 11 0.010708242
690 370 9 13 0.010719046
630 399 12 20 0.01075966
70 315 5 7 0.010924863
836 404 11 11 0.010925728
1012 264 6 11 0.010982068
518 390 12 19 0.011033574
902 269 6 6 0.011130864
945 269 9 9 0.011151888
181 647 51 35 0.011198574
722 324 8 11 0.011244031
769 374 9 11 0.011287127
565 375 7 9 0.011291784
822 407 10 13 0.011301445
272 374 12 19 0.011308075
805 314 6 7 0.011357253
422 439 8 10 0.011364147
84 401 13 17 0.011373783
134 313 5 6 0.0115084965
678 549 14 23 0.011520154
597 299 4 6 0.011548952
704 369 11 19 0.011559272
329 416 21 18 0.011566324
777 418 21 20 0.011577892
246 384 12 21 0.011607565
793 358 22 18 0.011627419
486 297 4 5 0.011640452
217 424 34 67 0.011763809
552 315 4 6 0.011774042
222 453 24 54 0.011813388
593 465 21 21 0.0118349325
771 389 14 18 0.01193151
532 620 30 37 0.012034596
504 541 20 23 0.012068325
536 298 6 7 0.0120962765
576 425 14 17 0.012119616
499 298 4 6 0.012163975
679 360 7 10 0.012237747
52 425 7 9 0.01225343
831 400 21 19 0.012274178
759 378 9 12 0.012330763
677 328 5 7 0.012399202
710 343 7 12 0.0124143865
975 290 13 17 0.012428261
277 300 4 5 0.012451002
870 282 6 7 0.012514683
546 359 7 8 0.012533461
864 375 10 11 0.012629925
102 345 5 6 0.012650564
248 388 8 12 0.01268285
245 201 7 9 0.012747186
322 385 13 17 0.012773647
324 372 13 18 0.012781226
722 535 9 11 0.012834752
769 406 9 12 0.012839122
482 585 41 56 0.012840868
977 308 13 18 0.012902776
284 509 40 60 0.01295681
630 362 7 8 0.012970875
647 329 5 7 0.013004635
151 575 36 66 0.013259119
948 312 7 9 0.013303128
339 298 5 6 0.013315233
145 406 14 16 0.01338335
614 298 4 6 0.013383893
643 392 8 13 0.013449231
563 315 5 5 0.0136005925
798 486 40 58 0.013636996
691 399 9 16 0.013692485
404 331 5 5 0.0137271155
788 299 5 7 0.013744
68 393 6 7 0.01377484
325 298 5 6 0.013840069
517 403 7 10 0.013846031
435 406 6 10 0.013846788
228 391 8 12 0.013872171
127 382 17 28 0.013887326
692 297 5 7 0.013943058
803 281 6 8 0.013981587
160 436 14 17 0.014003613
432 435 13 19 0.014055226
333 386 12 18 0.014088561
500 410 7 8 0.01408992
359 315 5 5 0.014198592
101 363 5 7 0.014240748
212 403 10 13 0.01454105
899 348 8 9 0.014753233
311 297 4 6 0.014903949
400 423 8 11 0.014966434
534 361 6 8 0.0149824135
456 396 7 9 0.014991712
261 313 4 6 0.0150436675
389 330 5 5 0.015081154
5 380 6 9 0.0151569
485 360 5 7 0.015187472
779 469 14 22 0.0152458865
658 330 6 8 0.015324153
819 357 14 16 0.015324375
22 347 5 7 0.015379819
901 280 5 7 0.015396424
225 389 12 20 0.015411507
610 436 13 20 0.0154534
800 437 10 12 0.0155969355
341 315 5 5 0.015664995
35 331 6 7 0.015684351
5 345 6 9 0.015712608
210 395 9 12 0.015756346
450 407 13 18 0.015794832
208 392 13 19 0.015828313
497 393 7 9 0.015882479
677 346 7 9 0.015967429
624 388 12 20 0.016253503
197 314 5 6 0.016255615
36 391 6 8 0.016307648
499 314 5 6 0.01639854
218 473 32 81 0.016411297
374 330 4 5 0.016422108
595 385 9 11 0.016465796
472 313 4 6 0.016473899
422 331 4 5 0.016510878
691 346 6 9 0.01653055
851 372 13 16 0.016531719
248 378 7 10 0.016646203
263 299 5 6 0.016652776
620 437 21 21 0.016712898
163 406 9 10 0.016717475
102 329 5 5 0.01676166
603 470 20 22 0.016824048
211 362 6 8 0.016850166
773 418 13 21 0.016875265
654 358 12 19 0.016888497
603 448 20 21 0.016926954
405 408 7 9 0.01707929
754 340 13 17 0.017105598
434 427 7 9 0.017201519
707 406 9 15 0.017223734
694 330 6 8 0.017354177
173 374 13 17 0.017376104
245 362 6 7 0.017440753
715 91 19 30 0.017481254
502 592 39 62 0.017488718
53 330 5 6 0.01761584
119 330 4 6 0.017739682
550 453 13 18 0.017876428
578 431 13 18 0.017931497
848 283 8 9 0.017954806
255 376 12 19 0.017981427
149 315 5 6 0.01801483
488 377 7 8 0.018101234
786 354 13 17 0.01826509
581 314 5 6 0.018275421
439 331 4 5 0.01836106
68 342 6 6 0.018548653
15 387 12 19 0.018627372
904 314 5 8 0.018656751
767 403 13 19 0.018774167
211 400 13 19 0.018853275
390 419 12 18 0.018988915
85 331 4 6 0.019112574
519 315 5 6 0.019181572
686 396 18 23 0.01933624
391 423 9 11 0.019344533
770 341 8 9 0.019345786
485 394 7 9 0.019354003
784 403 13 20 0.019454237
626 391 8 12 0.01947048
527 391 9 13 0.019521913
968 268 7 9 0.019534599
5 389 6 13 0.019640122
52 395 6 7 0.019748742
662 297 5 7 0.019835895
725 297 6 7 0.019886889
549 345 5 7 0.019904466
248 316 5 6 0.019961566
720 310 12 19 0.019985665
157 536 22 47 0.020000484
555 656 27 26 0.020018417
885 281 6 7 0.020182377
868 314 6 8 0.020400876
405 346 4 5 0.020599596
645 298 5 6 0.02064161
745 650 26 32 0.020771325
181 313 4 6 0.020829052
852 330 7 7 0.020888017
212 331 5 6 0.020989262
68 330 5 6 0.021023436
422 407 7 9 0.021219252
196 331 5 6 0.02127103
2 411 7 13 0.021336729
118 346 4 6 0.021419838
632 299 5 6 0.021576598
326 315 4 5 0.021799285
833 359 9 10 0.021808187
133 330 4 6 0.021864183
438 360 6 7 0.022219423
392 395 6 8 0.022426512
486 314 5 6 0.02250158
78 421 14 18 0.022636266
659 343 7 9 0.022756575
611 441 21 29 0.022963619
372 392 7 8 0.023019787
820 404 13 19 0.023295678
640 389 13 20 0.023311626
867 297 6 8 0.02335626
166 313 4 6 0.023437582
1 417 6 12 0.023452947
18 391 8 11 0.023478346
947 297 6 9 0.023485867
694 311 5 7 0.023639651
854 314 5 8 0.023949169
516 374 7 9 0.023957055
84 379 6 7 0.0239962
709 326 6 10 0.024037462
102 390 7 9 0.024053598
580 329 5 6 0.024082927
675 370 12 19 0.024159046
743 340 8 11 0.024252255
451 331 5 6 0.024294948
799 375 13 12 0.024391042
660 313 5 7 0.024479326
564 330 5 6 0.024720196
599 313 4 6 0.024767926
70 425 8 10 0.024889288
435 439 8 11 0.024934
773 298 5 7 0.024957113
835 314 6 7 0.02506544
486 408 8 10 0.025205048
612 377 7 9 0.025355026
567 345 5 7 0.025520759
642 359 7 10 0.025535284
502 332 5 5 0.025583044
798 435 13 18 0.025788097
18 328 6 9 0.025844937
852 375 11 11 0.025923548
519 394 8 12 0.025952868
305 386 12 19 0.026061235
706 372 8 12 0.026161632
628 377 8 11 0.02622112
883 328 7 8 0.02660715
708 312 6 8 0.026764674
534 317 5 6 0.026892224
227 365 6 8 0.026987785
691 393 9 16 0.027061548
212 374 8 10 0.027375447
677 372 9 13 0.02752523
583 347 5 6 0.027579118
788 357 9 11 0.027675562
271 385 12 19 0.02799879
182 348 5 6 0.028007597
23 378 7 9 0.028083585
788 348 9 9 0.02818873
724 357 9 13 0.02825014
37 409 7 9 0.028300416
979 283 8 8 0.028456895
498 377 7 8 0.028575081
801 359 10 10 0.028698398
882 345 7 9 0.02875425
915 281 6 7 0.028759563
286 390 13 19 0.028765162
86 397 6 8 0.028832754
20 360 6 8 0.029015701
356 332 4 6 0.02909017
756 298 5 7 0.029161073
135 347 5 5 0.02917177
597 331 5 5 0.029401895
278 315 5 5 0.029689627
692 363 7 11 0.029703202
788 313 5 7 0.029722761
34 379 7 8 0.03008852
614 314 5 5 0.03014314
556 449 14 17 0.030143809
145 391 9 9 0.030574366
497 532 19 31 0.030626554
582 360 6 8 0.030760247
55 344 5 7 0.03076232
151 347 5 6 0.03114124
500 361 5 7 0.031218173
101 377 6 8 0.03133215
470 332 5 5 0.03140441
646 312 5 6 0.03142624
552 329 5 7 0.03159034
307 314 5 6 0.032066014
333 628 30 43 0.03256552
517 330 5 6 0.0326162
882 315 6 8 0.03291653
324 388 9 11 0.03293504
387 346 5 5 0.03309766
114 388 14 18 0.03309829
824 331 7 8 0.03318044
968 313 6 9 0.033387832
147 330 5 5 0.03339486
595 381 8 10 0.033420973
945 276 9 10 0.033770643
196 345 6 7 0.033951573
54 407 7 8 0.033960693
247 330 4 5 0.034048557
278 329 5 5 0.03415467
611 344 6 6 0.034234952
722 353 13 20 0.034456562
340 330 4 6 0.0346163
257 382 12 19 0.034632552
834 334 7 7 0.03500168
675 546 22 28 0.03514037
133 377 7 8 0.035173826
226 432 13 23 0.03524766
309 331 4 6 0.03536793
81 424 9 11 0.03540914
191 390 10 12 0.03544794
286 402 17 30 0.03568298
295 315 4 5 0.035698052
337 377 7 7 0.035926603
436 345 5 7 0.036002904
114 376 7 9 0.03613451
289 392 9 12 0.036457997
466 346 6 6 0.03693065
422 346 5 5 0.036949065
213 344 5 7 0.03697943
226 372 7 10 0.037215
774 313 6 7 0.037576523
273 388 8 12 0.03780835
220 507 31 76 0.038064107
743 299 6 8 0.038284764
707 298 5 8 0.038480323
615 330 5 6 0.03849795
159 552 17 38 0.03853272
937 312 6 10 0.03855572
484 331 5 6 0.03869671
631 313 4 6 0.03872616
35 345 6 7 0.038843706
182 331 5 6 0.038878266
290 412 13 23 0.03892874
524 388 13 19 0.039044384
968 294 7 8 0.039219536
469 393 7 10 0.039220568
262 361 5 7 0.039798085
388 376 5 6 0.039821945
594 360 7 7 0.03985099
231 344 5 7 0.039999835
117 362 6 7 0.040083982
188 387 13 17 0.04068495
325 329 5 6 0.0407331
677 313 5 7 0.040755264
293 332 4 5 0.040793907
740 310 6 9 0.04087734
517 363 6 7 0.04099916
534 328 5 6 0.04122734
612 363 7 8 0.041403327
167 330 5 6 0.041992728
993 281 8 9 0.042555064
866 328 6 7 0.042821355
419 362 5 6 0.042903066
407 364 5 6 0.04300496
452 348 6 7 0.043286454
598 345 5 7 0.04333327
937 281 6 9 0.04345685
246 346 4 5 0.043695793
128 390 11 12 0.043909572
216 444 33 75 0.043913558
627 328 5 7 0.04399536
116 391 8 12 0.044186544
358 347 4 5 0.044358272
232 331 4 6 0.044495296
504 342 5 7 0.044918578
743 332 8 10 0.045247935
453 356 6 8 0.045411672
484 347 5 7 0.045460574
162 396 9 10 0.045655776
518 344 6 7 0.04596857
608 556 42 55 0.046020098
656 361 8 12 0.046419967
35 359 6 7 0.04670487
68 378 7 8 0.046712972
261 347 4 5 0.0467785
419 378 6 8 0.046829995
755 327 7 8 0.047613844
967 281 6 8 0.047770206
66 408 7 7 0.0477979
424 391 7 9 0.047831543
872 344 7 9 0.048139982
372 345 5 6 0.04814395
391 364 5 5 0.04840749
307 378 7 8 0.048595533
147 409 10 9 0.048898414
258 380 7 10 0.049100056
431 392 8 10 0.049426917
775 468 13 23 0.05041061
165 346 5 5 0.0505668
199 374 8 9 0.050815318
467 359 6 9 0.051805563
529 344 6 7 0.051916644
821 360 9 10 0.05218782
358 394 7 9 0.052259486
195 361 7 9 0.052325275
183 358 6 8 0.05255213
336 389 8 11 0.053175095
821 345 8 8 0.05377101
307 389 9 11 0.053821713
343 348 5 6 0.054308757
260 385 8 13 0.054738536
51 380 6 7 0.054941997
324 361 5 7 0.056140292
403 376 6 7 0.056393944
755 314 6 8 0.056743946
980 312 8 10 0.056901596
151 361 6 6 0.05760063
308 347 5 6 0.058289435
506 531 20 31 0.058933478
371 363 5 6 0.060945082
276 348 5 5 0.06118279
293 373 7 9 0.062458586
403 392 6 9 0.06264017
452 410 8 11 0.06312585
341 360 6 7 0.06356979
167 376 8 10 0.06781393
309 360 5 7 0.06785126
176 375 8 10 0.06892022
134 362 5 7 0.0698525
293 363 6 8 0.07023698
978 293 8 10 0.07152524
375 376 5 7 0.071650535
278 360 5 7 0.07192796
723 312 8 11 0.07274282
293 344 5 6 0.07364897
275 377 7 10 0.074705526
356 360 5 7 0.074766055
163 360 6 8 0.074919626
643 346 6 10 0.07667151
357 376 6 6 0.077086486
326 349 5 6 0.07943757
182 386 14 18 0.07984947
804 332 8 9 0.08145917
806 339 9 9 0.08234252
774 469 18 31 0.08354756
261 330 5 6 0.08724816
790 328 8 10 0.08744935
773 330 7 9 0.09327281
149 377 8 9 0.096448265
834 340 8 9 0.09852256
757 342 8 11 0.100020505
705 403 12 21 0.10214297
855 343 8 10 0.1254127
688 392 13 21 0.12671131
326 374 8 10 0.13044079
86 404 8 10 0.13615084
515 609 42 53 0.16286728
793 371 22 19 0.19570558
607 463 27 41 0.19693603
122 386 20 19 0.20971002
338 625 34 57 0.43099096

