18_Concerts_Concerts_18_670
19
760 161 11 23 0.010060335
66 207 9 12 0.01242506
786 123 9 13 0.012590835
154 185 21 29 0.012814686
307 303 356 355 0.014690121
294 180 30 15 0.015036385
783 120 12 18 0.01513217
64 204 13 19 0.015276047
298 186 24 20 0.018323805
806 304 36 62 0.020473924
141 190 26 18 0.030798115
362 346 360 394 0.04498735
142 188 22 29 0.044988256
690 128 12 19 0.06926224
786 115 9 16 0.07725524
692 132 8 13 0.13154745
301 171 20 34 0.17057249
298 176 27 39 0.30703333
783 113 13 21 0.83504814

