18_Concerts_Concerts_18_151
243
424 302 20 27 0.010013514
336 198 13 21 0.010147013
318 327 13 18 0.010217799
355 72 9 10 0.010342697
621 67 12 18 0.010436031
45 145 13 20 0.010638017
898 199 14 22 0.010660192
996 232 9 15 0.010706058
29 424 13 17 0.010779543
353 337 13 19 0.010807514
998 165 8 13 0.010830044
957 175 13 20 0.0108441515
452 53 13 19 0.010846387
742 191 12 21 0.010862453
157 623 12 21 0.010889281
1000 257 19 23 0.011015836
703 174 12 20 0.011134097
320 330 9 13 0.01114021
985 272 21 21 0.011160063
876 238 24 18 0.011220279
751 176 11 22 0.0112817325
34 75 11 11 0.011378819
486 52 12 18 0.011430536
354 420 13 20 0.011433663
518 166 8 12 0.011479565
867 180 10 13 0.011496146
492 310 13 19 0.01157224
749 127 11 22 0.011574047
47 188 21 19 0.011591433
748 414 14 21 0.01162376
102 181 22 18 0.011766732
487 71 8 10 0.011843497
101 112 14 12 0.011881347
272 328 7 11 0.011898367
70 114 14 16 0.0119077265
96 288 9 15 0.011915915
477 310 14 20 0.011931353
464 313 18 29 0.011933838
307 147 8 11 0.011945797
502 172 13 19 0.012081465
853 330 13 22 0.012440049
734 159 11 21 0.012593889
112 322 13 20 0.012637914
968 660 31 15 0.012647932
109 228 25 16 0.012676498
580 263 18 21 0.01270007
502 136 13 19 0.012737894
223 263 12 19 0.012755308
301 392 22 19 0.012786377
997 160 11 20 0.012927055
21 423 13 18 0.01294969
778 190 17 30 0.01298149
517 287 12 19 0.013076949
103 427 20 28 0.013095393
320 336 10 13 0.013182417
230 401 13 19 0.013353477
0 417 12 23 0.013546402
868 412 13 23 0.013583626
60 306 13 20 0.01363695
992 240 13 21 0.013744648
4 166 8 14 0.013923268
1 318 10 27 0.01418383
991 56 13 20 0.014225219
2 162 11 22 0.014299815
39 382 22 18 0.014549896
559 141 12 20 0.01471467
653 143 12 20 0.01482802
1014 48 7 14 0.015110952
127 428 12 19 0.015207948
431 293 13 20 0.015262203
897 290 21 19 0.015863888
307 655 12 21 0.015871244
1012 163 7 14 0.016030863
237 401 13 19 0.016058166
511 143 12 14 0.016192606
98 422 13 23 0.016201284
723 316 19 29 0.016705189
461 61 16 29 0.017014882
196 339 10 12 0.017014896
494 39 13 19 0.01710404
220 143 12 18 0.017204689
619 293 20 20 0.017650763
195 336 13 19 0.017736224
503 338 21 22 0.0178416
525 230 13 18 0.018016685
1012 200 8 16 0.018036306
675 196 12 21 0.018038021
215 144 12 18 0.018349731
1012 43 10 23 0.018350953
587 264 13 19 0.018658541
202 429 22 19 0.019098623
497 49 8 13 0.019104047
887 436 20 22 0.01923283
5 435 9 14 0.01948351
864 414 21 29 0.01962955
718 131 11 20 0.01964667
770 176 12 22 0.020006223
3 101 8 13 0.020346027
244 325 10 13 0.020592285
1010 70 8 12 0.020689448
55 7 13 20 0.020692715
38 381 14 17 0.020705035
494 45 12 20 0.020971512
133 95 11 14 0.020972973
32 74 15 17 0.021028303
185 164 7 12 0.021231031
199 588 12 20 0.021402288
368 86 9 10 0.02151659
430 129 12 19 0.021561323
107 429 21 20 0.021848246
995 147 13 21 0.022180045
997 255 13 22 0.022438543
558 135 12 19 0.02244553
2 98 11 20 0.022678943
952 145 13 21 0.023058753
236 333 13 20 0.023137767
823 133 12 19 0.023809154
993 267 19 30 0.024064256
994 229 12 21 0.024532335
675 211 9 15 0.024691349
230 326 13 19 0.024847932
497 42 8 11 0.0255419
503 140 13 19 0.026169328
187 422 21 19 0.026386853
289 445 21 19 0.02642569
929 148 13 21 0.026558513
946 216 12 19 0.026692342
55 13 13 19 0.026953341
623 70 8 12 0.02735177
15 75 10 13 0.02780115
495 72 8 10 0.027807964
343 428 12 19 0.02830337
359 269 13 19 0.028388647
85 277 13 22 0.028464286
740 96 11 21 0.028486948
877 229 23 18 0.029694682
656 146 8 13 0.029787097
480 142 13 19 0.0305076
129 422 13 20 0.030514205
1010 158 10 25 0.030538911
188 428 22 19 0.031125389
858 62 13 18 0.031575494
39 374 23 19 0.032742
714 434 19 23 0.033157796
488 56 8 10 0.033535957
996 331 20 21 0.033757653
98 278 13 20 0.034163557
621 53 12 18 0.034651164
595 71 10 14 0.035809863
865 177 13 19 0.035837412
33 377 22 17 0.036027197
231 332 13 20 0.036455482
1014 40 7 14 0.03713177
517 231 13 19 0.03755996
865 256 23 20 0.0380677
48 228 23 18 0.038251407
720 55 18 22 0.038756657
210 264 15 20 0.040406406
431 300 13 22 0.041269507
623 56 9 13 0.041725665
3 431 12 20 0.042478155
508 137 14 19 0.0434227
1012 36 10 22 0.0444411
351 82 10 13 0.04471581
142 370 21 18 0.046492793
471 319 13 21 0.047673333
855 175 12 20 0.04881649
338 204 13 20 0.049298704
300 395 20 28 0.04940979
106 104 14 18 0.04971026
344 80 11 15 0.049871486
0 86 11 18 0.049950328
551 271 12 20 0.0502334
77 113 13 17 0.05084536
852 323 13 25 0.050861977
205 400 13 18 0.05191617
11 110 13 18 0.052203096
242 323 13 19 0.05234547
699 144 14 20 0.055466242
447 277 14 18 0.059330598
866 146 20 20 0.0595927
99 108 20 18 0.063043155
673 207 12 21 0.06484648
259 433 20 19 0.0672387
742 125 11 23 0.06752709
743 414 20 28 0.07157092
999 319 19 32 0.072506346
584 268 13 19 0.072846375
95 426 19 22 0.074509636
88 283 13 21 0.07590021
984 61 13 19 0.076941565
129 91 18 20 0.07902585
692 144 19 21 0.081539236
105 55 10 15 0.084137894
1013 201 10 24 0.084733404
75 101 14 17 0.08484321
92 284 13 20 0.0853
1 89 8 12 0.086074
151 399 21 20 0.08912246
668 254 19 23 0.10674177
362 336 21 21 0.11412836
13 99 14 18 0.115729555
505 140 20 19 0.123610444
9 351 22 19 0.12398744
476 319 14 22 0.1248457
872 256 20 28 0.12767194
886 66 9 13 0.1300357
742 411 14 24 0.13003868
727 318 22 29 0.1315743
975 268 18 30 0.13172506
6 110 12 19 0.14147243
988 61 14 18 0.14907208
495 336 19 23 0.16351743
952 147 21 20 0.16478284
896 203 21 21 0.17039776
586 144 21 20 0.17122304
1010 197 11 23 0.17356886
752 260 21 21 0.17600262
588 326 23 21 0.1788385
70 98 14 16 0.17963383
871 148 22 21 0.18874104
344 79 20 19 0.19688836
330 262 21 21 0.20397216
304 396 21 21 0.20412695
14 81 14 17 0.2184062
563 200 14 20 0.22335906
785 198 13 22 0.23679423
101 105 15 17 0.2793017
470 259 23 19 0.28626198
472 205 21 20 0.28981525
782 145 19 22 0.3289919
722 60 13 20 0.33660108
121 332 22 21 0.3447414
203 92 15 17 0.36432594
209 267 20 20 0.3673616
400 149 14 20 0.39710116
853 62 14 19 0.41521206
64 75 14 15 0.4153342
592 69 14 19 0.47594884
463 68 21 20 0.50729066
130 88 14 18 0.5172075
106 55 14 17 0.56737167
33 78 16 17 0.677669

