18_Concerts_Concerts_18_920
157
553 621 11 25 0.010082211
1010 526 6 11 0.0102648325
664 575 6 8 0.010405702
830 548 13 16 0.010470766
253 655 29 43 0.010635554
402 10 12 25 0.010895146
875 644 6 10 0.01106942
277 531 13 19 0.01112259
886 111 26 17 0.011281919
767 598 8 9 0.011328405
614 562 12 15 0.011418733
238 0 65 36 0.011656097
997 612 14 17 0.011789658
897 575 8 9 0.012084971
961 575 8 11 0.012346905
912 502 6 7 0.013031794
555 616 19 31 0.01337875
280 536 8 11 0.01342895
343 10 24 18 0.013502581
1000 514 13 17 0.01352798
1009 612 9 10 0.013709973
199 562 7 11 0.013786927
251 633 25 49 0.013795787
240 618 53 86 0.013924615
990 591 10 12 0.014309524
882 594 12 18 0.014585909
908 515 12 16 0.014592127
881 567 7 9 0.014989974
784 642 7 10 0.015052792
868 599 7 9 0.015174797
883 628 6 9 0.015264612
285 501 13 19 0.015393349
280 540 9 13 0.01549838
914 622 12 20 0.01554534
705 622 11 9 0.015643634
834 530 7 7 0.015811943
900 546 8 9 0.016350448
978 579 18 19 0.01638557
999 615 10 11 0.016528022
896 597 9 11 0.0166428
926 609 8 12 0.016742049
591 575 13 17 0.01746877
996 623 11 9 0.017945744
916 626 8 12 0.018480226
753 608 8 9 0.018826295
278 537 12 20 0.019059524
920 573 8 11 0.019208338
567 595 7 10 0.019977247
577 592 8 10 0.02029415
286 509 10 14 0.020541245
744 628 8 9 0.020847844
154 567 6 11 0.020972714
610 575 7 10 0.0211773
247 646 39 61 0.022775484
567 569 7 7 0.023027897
274 503 16 30 0.023149993
753 563 19 17 0.023831656
851 514 8 8 0.023973111
898 626 8 10 0.024191177
672 563 6 7 0.024359059
771 638 8 11 0.024376763
755 570 14 15 0.02684785
897 606 13 19 0.02722347
881 546 7 10 0.027492438
853 535 7 7 0.027834345
159 565 7 9 0.028054876
882 532 7 8 0.030255057
1000 526 7 10 0.030585717
919 612 7 10 0.03065904
880 643 7 10 0.031129478
792 559 8 9 0.032191426
557 621 11 24 0.032444086
143 598 19 32 0.032849573
965 605 12 18 0.03309652
767 561 8 10 0.033915322
880 574 8 11 0.034130696
750 594 14 16 0.03617796
560 611 7 12 0.036753435
868 522 7 7 0.037114
839 517 6 7 0.03836032
930 576 8 10 0.038791835
869 610 7 8 0.039119855
947 561 7 8 0.039987247
913 566 8 11 0.040072646
822 551 7 9 0.040600345
967 608 9 13 0.043053545
883 608 6 9 0.04358577
398 4 18 36 0.049111634
233 625 27 47 0.049329292
217 619 58 83 0.051280096
244 624 34 70 0.051583678
804 577 8 9 0.05261412
912 527 7 9 0.052781686
1004 513 13 17 0.054944858
928 560 12 15 0.055794433
568 576 6 9 0.056595545
944 576 13 17 0.0566782
738 640 8 9 0.05826129
900 497 6 8 0.059626885
900 610 8 10 0.061440535
767 622 14 14 0.062004555
234 604 24 50 0.071325526
743 600 8 10 0.07678643
855 592 8 11 0.08120863
829 572 9 13 0.08173298
761 545 8 9 0.1001541
762 537 7 9 0.100882925
802 553 7 7 0.10374519
583 576 7 9 0.10692084
867 564 8 9 0.10692291
825 565 8 11 0.107290044
982 585 12 18 0.11162009
949 524 8 9 0.11246172
142 585 17 33 0.11620609
742 606 8 11 0.11657033
884 597 8 11 0.13509552
833 560 8 12 0.14167033
620 603 10 15 0.14722183
595 577 8 11 0.1493251
1002 517 8 11 0.15907983
982 582 10 13 0.1628804
869 545 8 10 0.16763942
854 547 8 9 0.17051536
802 559 7 8 0.17075214
767 543 9 9 0.1784279
947 578 8 11 0.17889181
767 537 8 9 0.18703707
903 521 8 9 0.19369192
849 497 15 16 0.21094157
901 525 7 9 0.22068979
869 529 7 8 0.22294693
582 567 7 8 0.22557741
591 564 8 9 0.22593157
757 572 10 11 0.23205045
664 564 6 8 0.23731175
903 485 7 9 0.23945832
851 499 11 10 0.2512977
1006 515 9 11 0.25146157
753 596 9 10 0.25623477
228 615 37 67 0.26392993
833 551 8 10 0.26422027
950 521 8 10 0.26582652
820 530 7 8 0.29004708
623 565 8 10 0.35267136
617 605 10 14 0.40200716
911 518 8 11 0.41365597
852 558 9 13 0.42410335
616 565 8 10 0.48264492
790 550 7 8 0.4915214
770 623 10 10 0.50174767
753 627 10 11 0.5047285
869 574 10 12 0.50951177
757 567 10 12 0.5548157
930 562 9 11 0.5601319
824 572 10 13 0.56624264
903 565 10 13 0.5922499
279 505 14 20 0.6635702

