18_Concerts_Concerts_18_853
24
441 463 22 18 0.010789636
306 379 22 19 0.010866895
745 203 41 58 0.012603248
904 215 42 56 0.0129129775
99 426 34 63 0.013214543
148 284 5 6 0.013570075
306 377 17 31 0.017421061
72 438 24 51 0.019094462
326 467 11 12 0.022265498
313 389 24 19 0.025299037
251 379 16 32 0.08346966
246 380 22 21 0.098368794
751 130 40 60 0.103681274
96 377 23 20 0.1135891
312 382 24 21 0.26591873
188 380 17 33 0.2879192
244 377 17 33 0.32705924
317 376 17 32 0.42381382
179 380 18 31 0.4330526
103 376 19 31 0.57736415
600 240 48 57 0.64300513
915 217 43 60 0.8079562
755 206 45 59 0.8436495
744 118 38 67 0.87190104

