28_Sports_Fan_Sports_Fan_28_751
44
499 8 40 58 0.010209016
442 317 51 102 0.010575557
541 162 40 59 0.010711479
642 329 49 100 0.010712146
798 15 39 58 0.010766005
100 3 29 16 0.011430187
835 436 101 139 0.011653676
519 228 42 70 0.01234136
457 266 55 89 0.013192904
627 362 83 175 0.01353169
354 324 28 45 0.014943119
379 342 39 71 0.016894167
11 144 36 59 0.019197
720 28 44 61 0.01997286
103 0 20 26 0.02026193
193 52 27 44 0.020752419
356 300 34 66 0.02083253
657 492 69 96 0.021766048
648 473 91 137 0.022531847
382 326 37 67 0.022806201
91 176 21 29 0.024700595
777 19 63 84 0.02537048
95 158 21 19 0.03009339
188 111 38 67 0.032518614
636 386 54 110 0.034760512
197 138 34 42 0.03697696
684 15 66 73 0.04667921
350 315 37 63 0.049582403
798 33 41 63 0.053912055
322 474 40 60 0.057658322
644 428 85 151 0.07121678
169 139 19 32 0.08495995
652 453 63 102 0.0896107
87 181 23 19 0.10588372
918 13 58 87 0.1102369
932 24 35 70 0.15593459
419 357 36 72 0.15787965
661 12 65 82 0.17631646
132 6 28 41 0.21897057
390 333 51 101 0.27956346
677 14 39 65 0.32143018
530 222 49 97 0.60872316
15 154 43 55 0.8187037
193 125 43 62 0.83544034

