28_Sports_Fan_Sports_Fan_28_697
21
445 583 80 186 0.010010806
101 148 135 134 0.010041371
27 1339 105 204 0.010047544
3 1222 34 177 0.010054817
10 1301 43 157 0.011163073
198 102 85 74 0.014126804
13 41 60 100 0.014161218
243 69 75 84 0.016717914
2 29 98 151 0.01819117
39 35 114 148 0.025065375
753 1313 66 86 0.02835832
553 338 120 186 0.03225802
519 259 85 191 0.03709736
737 1255 95 133 0.03939081
221 48 121 135 0.04435276
202 73 75 85 0.057997756
184 62 113 113 0.059408717
9 1324 89 219 0.06708135
518 327 199 286 0.11134382
564 385 120 181 0.28847143
747 1281 65 94 0.31326428

