28_Sports_Fan_Sports_Fan_28_118
91
1010 118 9 32 0.010007399
1 3 9 31 0.010090135
363 133 28 41 0.0103063835
725 219 32 42 0.0103126895
320 300 31 82 0.010427255
38 46 23 20 0.010854058
620 171 19 36 0.011030006
633 184 37 62 0.011087961
153 573 22 52 0.011294047
769 33 24 16 0.011757951
2 152 74 146 0.0119155
373 144 33 36 0.012445732
631 215 35 65 0.0125009725
258 103 37 52 0.012670563
833 47 22 19 0.012681871
905 83 20 31 0.012737805
390 291 50 96 0.012911938
617 195 26 47 0.013445821
322 282 31 78 0.013448826
31 83 41 55 0.013450693
664 175 26 42 0.013526937
1 51 9 32 0.013585159
267 123 23 19 0.013594069
641 165 35 59 0.013668608
173 78 23 28 0.0137189645
139 117 24 17 0.0137404855
886 47 13 20 0.013777587
224 210 39 62 0.014544044
150 30 43 54 0.014681172
126 41 13 23 0.014704332
59 80 20 36 0.014797075
138 113 24 17 0.015023297
358 94 39 56 0.015113827
179 67 40 52 0.015488523
745 13 25 16 0.016280035
16 43 53 84 0.017134482
368 135 44 51 0.017511552
547 240 36 63 0.01763293
6 94 24 45 0.01799149
578 215 48 90 0.01893331
132 134 28 39 0.019689405
887 52 21 20 0.019964477
4 90 12 25 0.020923102
313 135 37 64 0.021939626
555 231 18 42 0.022213696
425 340 28 83 0.022592606
613 221 26 48 0.022689255
892 47 14 20 0.0228762
1007 103 12 47 0.024357157
339 114 44 96 0.024829393
191 191 35 67 0.026594162
486 167 31 39 0.027221661
8 98 16 37 0.027604116
200 38 60 84 0.02823155
188 211 41 64 0.028517779
511 289 50 97 0.030287446
840 46 23 19 0.031580742
612 161 35 62 0.03379125
0 30 38 56 0.036895126
192 101 22 28 0.0370857
185 75 25 16 0.03741729
612 185 35 66 0.039601527
324 139 47 85 0.040696498
186 93 25 18 0.041247733
480 158 41 55 0.041439794
609 211 34 67 0.044718675
490 319 86 138 0.045324534
56 90 30 40 0.047540825
188 79 22 29 0.04870144
100 120 20 32 0.05218197
911 96 26 44 0.061501328
229 193 35 63 0.06591197
3 37 27 42 0.07758902
528 137 21 21 0.07768457
266 114 22 30 0.08020741
718 210 43 57 0.08214688
7 80 16 36 0.08331378
724 206 30 45 0.097371206
919 103 24 45 0.108369164
527 134 19 32 0.13306202
29 40 29 40 0.13940772
502 330 59 103 0.17456211
45 77 29 42 0.3922431
49 71 33 59 0.4310827
550 219 28 67 0.5697823
96 125 30 38 0.5784053
7 197 63 89 0.58017224
324 154 34 62 0.81906116
1 350 76 134 0.8816885
713 200 38 61 0.89995503
644 283 71 142 0.9203248

