28_Sports_Fan_Sports_Fan_28_590
42
316 258 45 51 0.010156112
308 207 42 51 0.010396808
38 68 14 21 0.010461565
242 248 18 31 0.010619069
257 253 14 24 0.010748976
578 176 20 21 0.011375327
541 301 37 59 0.012564203
1005 487 14 39 0.013040125
40 80 21 30 0.013066437
262 270 19 34 0.013191438
200 301 21 24 0.01390999
572 308 29 42 0.015473647
316 236 32 38 0.015991332
714 473 19 33 0.016458137
802 463 20 23 0.01805585
99 268 20 31 0.018565731
46 45 20 23 0.01961315
335 264 49 46 0.01984744
1009 482 11 28 0.020094302
342 268 37 33 0.020855112
708 36 34 68 0.021251732
327 261 58 87 0.026133636
584 150 8 11 0.026834348
314 211 31 37 0.027297044
566 316 37 63 0.02809137
609 267 37 56 0.032860838
310 229 44 53 0.03396885
48 32 19 33 0.034945346
319 399 25 46 0.03744124
59 32 19 34 0.045832023
1003 475 16 35 0.058639057
252 294 37 61 0.06172861
806 459 19 32 0.08444142
582 175 20 32 0.16324988
254 248 21 32 0.32594845
199 294 24 43 0.38930345
50 40 19 33 0.38993233
53 37 28 36 0.46484244
598 612 33 36 0.49465862
35 269 20 34 0.61976576
771 460 27 41 0.8334633
552 166 27 39 0.91611195

