28_Sports_Fan_Sports_Fan_28_480
27
476 209 62 83 0.014356275
158 154 46 51 0.014712001
320 83 105 123 0.0156220915
333 96 66 91 0.016803993
332 129 67 90 0.016831921
573 258 50 96 0.017138274
2 76 29 85 0.017426906
201 155 62 79 0.017470054
8 196 17 36 0.01850054
189 149 46 54 0.02022955
977 236 23 33 0.020676458
318 115 106 131 0.020941073
827 212 49 54 0.023395566
14 72 48 108 0.023607245
0 99 35 75 0.024155755
375 125 68 99 0.026594669
440 98 49 97 0.033744056
209 154 44 56 0.037819177
438 136 51 92 0.03896446
373 96 71 92 0.0622361
563 267 45 56 0.074273735
988 242 22 32 0.08195489
972 227 35 47 0.084111445
356 82 103 129 0.13126093
494 202 57 84 0.81318796
980 235 31 35 0.88977015
698 158 71 114 0.9782438

