28_Sports_Fan_Sports_Fan_28_487
158
1 63 32 68 0.010107863
762 9 26 16 0.0103053525
880 173 35 33 0.010333091
548 5 21 30 0.010352326
358 490 29 41 0.010474131
65 86 25 48 0.011023927
1016 187 8 37 0.011211253
785 81 21 35 0.011346235
842 0 21 21 0.011516717
107 3 23 18 0.011779192
146 32 20 21 0.012363908
97 0 20 29 0.012484907
55 8 23 20 0.0125915585
2 71 21 55 0.0127297
145 27 21 20 0.012984074
1 78 14 43 0.013422438
137 373 29 38 0.013524518
209 467 43 50 0.014070029
139 46 26 42 0.014183103
87 95 28 39 0.014605579
9 49 23 20 0.014606889
780 72 33 51 0.014770405
60 206 33 62 0.015091852
725 283 30 65 0.015176757
668 392 36 58 0.015446509
184 267 34 59 0.016007539
428 193 22 35 0.016516732
191 79 29 37 0.01694469
55 81 33 64 0.017300054
904 519 37 62 0.017591141
478 43 23 32 0.01775095
140 30 21 30 0.019573782
3 431 35 69 0.020077277
160 7 27 38 0.020152446
894 3 26 16 0.020175291
45 0 23 12 0.02049044
906 454 33 41 0.02078083
596 454 38 57 0.020924307
356 119 30 37 0.021581879
154 518 50 46 0.021887856
48 0 20 26 0.023442628
674 6 23 29 0.023481358
889 253 30 39 0.023991048
351 477 28 40 0.025618974
487 255 29 38 0.026407994
10 50 15 41 0.02757789
38 434 37 66 0.028023843
899 0 24 23 0.028765209
149 222 26 44 0.028938685
92 241 36 66 0.028940307
66 223 35 64 0.029135307
794 229 32 43 0.02933536
422 66 37 48 0.029378565
205 115 29 37 0.02970346
632 95 22 34 0.029866073
478 0 24 17 0.030668614
216 191 36 56 0.031364724
834 344 34 54 0.031591266
844 0 25 13 0.033834524
148 236 28 41 0.034359194
592 428 40 52 0.035491113
9 44 22 53 0.03560226
22 217 27 41 0.038250938
11 214 28 39 0.03929908
331 561 34 36 0.03937734
62 0 20 30 0.0402641
773 207 42 49 0.042652294
181 506 34 36 0.043240692
474 260 33 57 0.04538616
512 240 28 41 0.045449276
44 101 27 49 0.047054134
564 238 28 40 0.049308125
595 389 37 55 0.051818844
166 502 39 49 0.05206827
142 220 25 46 0.055135984
694 449 33 64 0.058067907
459 214 33 39 0.05845468
603 12 28 16 0.05977066
176 515 41 52 0.060481537
473 0 27 12 0.061832014
185 397 31 37 0.06510836
50 98 35 62 0.06601493
957 347 33 53 0.06782857
756 557 27 45 0.07103669
190 296 40 53 0.07405471
137 235 33 59 0.07526666
612 524 36 56 0.081406474
426 459 35 65 0.087299705
424 200 29 41 0.091885015
796 395 33 60 0.09676831
91 106 27 41 0.099137224
732 274 35 54 0.1007965
454 279 31 56 0.11455154
115 265 30 44 0.11669331
1003 414 21 58 0.12731706
603 2 32 32 0.12868676
748 560 29 42 0.14381035
816 276 42 49 0.14499687
726 584 34 41 0.14726982
915 435 29 66 0.14800137
419 260 28 45 0.1582327
548 501 33 52 0.16007926
205 15 21 32 0.16117449
967 277 33 54 0.16217096
860 245 33 38 0.16387598
565 338 35 53 0.17306575
549 15 23 30 0.17654897
821 555 36 66 0.17671427
710 319 33 58 0.18157765
616 316 30 43 0.18368459
953 209 38 52 0.18563047
884 300 34 53 0.1880691
733 242 40 47 0.19239387
673 270 34 55 0.19576606
155 265 33 57 0.20274234
488 369 36 66 0.20278075
51 435 33 66 0.21084033
621 93 29 41 0.2173015
550 565 37 52 0.22230533
409 579 34 46 0.22788103
872 167 32 40 0.22911276
555 242 30 39 0.24298246
106 257 36 58 0.24347377
786 215 38 54 0.2515407
604 178 33 56 0.25223425
664 490 36 57 0.25275406
222 188 28 42 0.2533729
667 156 32 40 0.26406446
861 417 32 59 0.26671085
463 201 39 52 0.26814118
0 335 22 46 0.27206412
512 429 34 55 0.27910295
0 451 36 64 0.2809304
799 0 30 37 0.29328704
408 27 35 32 0.29429615
472 33 31 37 0.30053827
213 110 31 39 0.303288
824 485 31 61 0.3072194
711 105 30 39 0.3179245
963 479 35 56 0.3192789
339 554 31 40 0.3347964
60 375 32 60 0.3383468
674 11 31 34 0.34326595
996 332 26 44 0.34536016
167 3 21 34 0.3526618
466 498 32 67 0.35456112
161 146 32 40 0.3584654
670 78 30 40 0.36138186
789 78 29 41 0.37168527
992 104 30 44 0.37534115
259 549 39 62 0.37808043
132 441 29 54 0.38008788
916 521 36 61 0.38340616
424 63 29 38 0.40234476
38 79 32 68 0.4033928
343 1 34 32 0.42847246
936 144 32 39 0.43568435
329 62 30 44 0.5880665

