28_Sports_Fan_Sports_Fan_28_244
65
192 100 85 135 0.010162931
346 102 38 73 0.010427723
883 285 35 57 0.010625724
665 69 37 62 0.010705231
722 114 40 66 0.010863287
342 74 37 70 0.010868344
959 304 31 39 0.011000802
196 160 49 108 0.01112441
707 109 33 67 0.011546987
381 66 51 90 0.012173003
522 54 30 44 0.012845197
601 92 31 43 0.012909027
659 299 51 94 0.013188503
153 116 37 60 0.01340166
107 268 27 79 0.013644527
759 267 40 55 0.01380932
5 247 13 48 0.013874265
340 310 52 101 0.014345543
9 18 38 134 0.014983125
502 172 33 73 0.015240268
133 231 29 74 0.015503399
213 84 40 62 0.0157562
972 16 23 19 0.015952751
28 37 35 69 0.016631855
341 51 39 67 0.017595468
998 58 24 88 0.017782796
872 300 36 60 0.017793685
871 280 28 44 0.017891904
339 104 54 104 0.018028446
499 225 53 106 0.018799523
5 240 19 62 0.018951572
3 233 27 79 0.019158741
214 113 44 63 0.019686034
988 287 18 34 0.019871922
192 220 51 115 0.020478232
792 263 39 59 0.02079755
953 295 41 57 0.022726594
483 122 36 60 0.022935135
210 136 45 61 0.0229795
514 47 53 88 0.02432547
682 329 30 71 0.024419619
773 251 40 55 0.02537654
339 59 55 90 0.027265906
769 84 35 70 0.027634475
862 106 33 67 0.028703615
579 102 42 67 0.044491902
328 57 33 65 0.046072572
866 270 37 61 0.04887734
721 134 41 73 0.049325135
594 99 40 66 0.049374048
857 248 37 61 0.053959675
1002 34 21 96 0.056290414
473 235 56 97 0.057315484
484 235 36 70 0.064792484
581 90 49 97 0.07507611
577 82 46 60 0.08755108
518 42 39 62 0.09191928
723 120 54 97 0.09422077
587 74 53 84 0.10405259
208 113 52 100 0.13007563
889 306 27 41 0.17340195
930 278 28 41 0.18994205
517 18 37 61 0.23078476
787 248 37 58 0.24835323
954 288 30 40 0.33546498

