28_Sports_Fan_Sports_Fan_28_267
115
360 264 22 19 0.01004248
500 321 13 18 0.010063687
499 203 13 18 0.010084749
591 305 21 19 0.010264508
482 335 13 20 0.0102978125
299 258 14 18 0.010663562
407 207 10 13 0.010860946
584 262 7 10 0.011429907
594 285 9 12 0.011633915
591 282 14 17 0.011707125
532 246 6 8 0.011893255
322 207 19 26 0.011916054
501 206 9 12 0.01194286
496 325 23 43 0.012030736
305 240 10 12 0.01295969
327 279 13 20 0.013014645
359 210 22 18 0.013098851
577 308 10 12 0.013126823
349 232 24 18 0.013535013
531 208 10 12 0.013721429
498 243 7 9 0.013778048
418 247 20 20 0.014293323
584 273 8 10 0.0143492995
609 307 11 12 0.014879696
515 242 7 10 0.015147008
310 212 14 19 0.015701985
467 200 13 20 0.015724065
630 283 22 20 0.0158112
503 304 8 10 0.015912587
300 266 12 20 0.01614057
596 258 8 10 0.01619531
437 384 14 19 0.016291775
585 363 20 22 0.016667861
650 256 19 30 0.016705714
406 315 12 20 0.016872702
635 270 22 19 0.017135784
514 259 6 8 0.017136345
341 199 11 10 0.01724618
428 249 21 21 0.017646661
408 315 20 22 0.018022377
532 291 6 8 0.018062253
340 195 14 17 0.018426353
530 206 13 18 0.018512059
444 232 13 22 0.018863602
574 354 17 30 0.019074457
616 299 21 19 0.019140244
544 259 6 9 0.019296085
587 314 21 21 0.019631743
302 237 14 17 0.01963264
337 318 16 35 0.019904964
343 193 23 17 0.02056557
484 272 7 9 0.020631444
304 220 18 28 0.020713577
548 276 6 9 0.021791765
515 275 6 8 0.02357193
506 323 23 18 0.023762135
460 199 18 29 0.023985745
518 290 7 8 0.024785252
501 272 7 9 0.025035447
600 240 8 10 0.02558881
506 335 23 19 0.025774086
415 321 18 30 0.026349382
575 305 14 19 0.02701605
573 366 20 21 0.027177978
357 222 24 19 0.030366031
501 257 7 9 0.030366573
428 383 19 30 0.03176322
411 201 13 22 0.032026898
626 276 20 19 0.032046955
607 305 14 18 0.03264159
637 195 14 20 0.03387522
326 278 18 29 0.033971466
350 210 22 17 0.03638974
533 259 6 8 0.03734756
592 274 14 17 0.038590085
290 261 17 32 0.042938735
445 224 17 30 0.044243734
531 274 6 9 0.044507585
288 259 19 20 0.046382423
468 53 45 57 0.04648291
452 48 42 57 0.04704755
461 195 14 19 0.04926854
627 340 17 31 0.05089639
312 221 11 14 0.05100992
312 212 21 19 0.054274727
499 339 18 30 0.057334963
424 240 21 23 0.05880718
330 267 17 31 0.064822756
590 393 16 32 0.065304786
424 244 17 31 0.065480396
619 327 18 31 0.07269872
679 238 20 21 0.07396177
291 264 13 19 0.07591036
595 277 9 11 0.07658848
665 204 22 20 0.07681737
633 199 21 20 0.080211334
438 384 23 20 0.08195273
560 364 20 21 0.08899618
445 223 13 22 0.10214362
596 399 13 25 0.10464282
666 254 21 21 0.10947664
326 273 14 20 0.109912634
559 359 17 31 0.11080955
506 332 18 32 0.11391912
635 338 17 33 0.16685988
623 278 18 31 0.16857755
502 345 23 21 0.17001547
404 202 18 22 0.18168567
420 234 17 31 0.20287232
626 281 20 21 0.2056592
355 256 21 20 0.20821749
361 252 18 29 0.26249275
311 217 21 21 0.35102963
347 320 17 33 0.45132032
352 224 22 20 0.5625326

