28_Sports_Fan_Sports_Fan_28_7
727
31 27 10 12 0.010003805
287 40 14 16 0.010036091
55 34 10 11 0.010037821
942 270 14 19 0.010046515
832 228 10 12 0.010063911
0 131 17 33 0.0101010185
977 159 14 15 0.010102606
104 65 23 16 0.010120896
993 192 14 17 0.010148143
4 196 12 25 0.010171895
927 344 21 18 0.010195476
781 380 13 22 0.010199856
0 341 8 31 0.0102386335
909 143 14 15 0.010244748
132 33 11 10 0.010286029
288 0 10 5 0.010336408
28 151 21 19 0.010339408
406 17 8 8 0.010363617
908 126 14 14 0.010484322
145 109 14 17 0.010494037
645 107 14 17 0.010549459
242 28 19 18 0.010575607
916 285 14 17 0.010576974
688 137 10 13 0.01059236
78 209 19 30 0.010596683
921 173 10 13 0.010610341
270 93 14 16 0.010629805
88 279 21 20 0.0106580155
9 332 17 35 0.010716564
863 170 13 17 0.010718754
877 268 22 17 0.010720376
106 344 22 28 0.010723895
690 13 8 8 0.0107503
952 512 24 17 0.010765173
7 521 20 31 0.010766452
178 218 13 12 0.010776233
270 229 13 18 0.010778841
817 269 9 12 0.010821925
973 188 14 17 0.010889424
758 731 32 71 0.010912961
6 189 22 19 0.010961397
618 78 20 18 0.010963196
862 238 9 12 0.0110244
744 139 9 13 0.011057425
1015 221 8 12 0.011068986
836 286 10 12 0.011087871
839 33 8 8 0.011095068
991 51 8 9 0.011107951
423 61 9 11 0.011115475
1011 337 9 14 0.011122291
578 1222 34 14 0.01112539
321 126 11 12 0.011150931
188 252 14 16 0.011168601
777 277 12 20 0.011195686
625 92 11 11 0.011235096
10 787 42 118 0.011248686
122 356 21 30 0.011251789
253 32 11 11 0.011321181
500 58 13 17 0.011328303
991 172 14 16 0.011328442
868 91 12 17 0.011378819
29 137 29 40 0.0114013
981 278 13 19 0.011459012
473 123 22 19 0.011477791
332 88 13 18 0.011489217
119 352 22 20 0.011503909
792 642 26 44 0.01152194
436 80 9 10 0.011592624
787 635 35 61 0.0116054
190 255 11 11 0.011618266
720 111 10 11 0.011712605
294 137 14 19 0.011745724
453 616 53 85 0.01175408
138 14 21 16 0.011767125
991 142 10 10 0.011802127
37 16 11 11 0.011857165
770 33 9 7 0.011951173
266 654 50 85 0.011971167
2 864 11 110 0.011993591
737 15 8 8 0.011999287
23 131 39 56 0.012040806
133 222 11 11 0.012046304
0 188 30 65 0.012053699
919 640 30 38 0.012088876
804 253 13 17 0.012114005
930 408 13 18 0.012122373
285 33 15 15 0.012162755
780 640 27 43 0.012201614
262 0 9 6 0.012220601
820 62 13 16 0.012254958
199 238 13 13 0.012318514
720 552 14 22 0.012355397
602 517 26 16 0.01237596
706 60 11 9 0.01241216
480 1 10 10 0.012447003
736 91 14 16 0.012454268
964 194 11 11 0.012486542
816 798 37 59 0.0124969585
1009 364 10 14 0.012523196
34 0 11 9 0.012531147
867 145 10 10 0.01253486
56 220 22 20 0.012542889
430 109 22 20 0.01259722
805 297 12 20 0.012609469
933 124 11 11 0.012679459
66 29 10 10 0.012763057
352 0 9 7 0.0128692705
447 533 19 30 0.0128706405
305 79 10 12 0.012929763
76 234 20 32 0.013066357
989 382 25 52 0.013067069
286 360 23 26 0.013112019
307 42 13 16 0.013130499
894 265 12 12 0.013198802
177 267 14 18 0.013206505
672 79 11 10 0.013232917
701 90 15 15 0.013321876
988 222 13 19 0.013325994
145 217 11 11 0.013410112
961 77 8 9 0.0134205315
305 6 12 7 0.013426929
956 454 22 19 0.013484327
544 56 20 18 0.013529609
979 1 6 6 0.013535751
942 277 13 20 0.013540451
549 119 12 19 0.01354746
206 285 22 18 0.013568543
465 92 10 12 0.013586105
817 191 9 12 0.013587535
1010 0 5 8 0.013593047
85 86 12 17 0.013623712
872 128 22 17 0.013631083
878 519 22 18 0.013682301
95 554 27 48 0.013687238
992 31 7 8 0.013741733
261 229 13 18 0.0138187185
989 230 13 19 0.013821897
336 45 9 10 0.0138561735
1011 342 10 15 0.01391262
412 110 13 19 0.013934676
555 554 21 21 0.013944533
720 80 9 9 0.01395747
817 236 9 11 0.013978124
111 75 13 12 0.013983191
111 0 12 6 0.014017907
814 170 13 17 0.014018686
233 532 22 29 0.014021559
203 76 21 17 0.014082755
1014 625 9 33 0.01418383
190 76 10 12 0.014227528
192 308 21 21 0.014229435
791 75 8 10 0.014296958
839 457 14 18 0.014320974
866 111 8 10 0.014370991
127 340 20 30 0.014389516
227 171 13 18 0.014430902
124 153 13 19 0.014434076
722 45 10 10 0.014443691
47 210 18 31 0.014453075
920 232 13 19 0.014499272
589 11 15 15 0.014507643
868 30 7 8 0.014558705
335 59 13 17 0.014581927
590 74 14 17 0.014609414
203 364 23 28 0.014644314
407 116 13 20 0.014739531
208 0 8 6 0.014766097
54 42 11 11 0.014842543
180 13 9 10 0.01487173
209 97 12 11 0.014938304
38 122 22 20 0.014943029
817 226 8 11 0.01496185
944 137 10 12 0.014975975
962 123 14 16 0.015063486
759 92 8 9 0.015094851
995 195 10 10 0.015152387
352 101 13 17 0.015318664
418 19 7 8 0.015351382
95 63 11 11 0.015389008
758 0 7 6 0.015394803
567 49 10 10 0.015400349
272 95 10 11 0.015404159
464 2 10 11 0.015413383
423 658 32 63 0.015455237
467 666 72 92 0.015592487
1010 237 9 13 0.015614431
497 0 10 8 0.015650759
525 102 13 19 0.015672725
877 403 20 19 0.015709894
946 159 10 12 0.015761768
48 1 10 10 0.015850427
91 237 21 20 0.01591137
663 626 28 39 0.015919086
439 88 22 18 0.015943553
499 586 18 26 0.016046619
212 223 15 17 0.016054377
224 9 12 18 0.016056364
529 65 9 12 0.016098613
370 43 13 16 0.01613393
930 156 10 11 0.016148115
864 355 19 20 0.016156722
121 10 21 17 0.01617815
979 141 14 16 0.016229756
40 266 17 32 0.016283104
593 62 14 16 0.016324814
80 281 21 20 0.016477492
779 390 19 31 0.016495097
998 17 6 7 0.01653676
848 123 9 12 0.016569067
657 581 18 25 0.01664312
990 494 24 17 0.016644064
550 121 9 13 0.016666548
833 232 13 17 0.016692927
849 30 7 8 0.016717711
1000 0 7 7 0.016784064
228 2 8 9 0.016791448
973 125 14 15 0.016808515
582 17 10 8 0.016859086
258 93 20 18 0.0169628
178 251 14 16 0.017033434
62 793 46 101 0.017034719
322 74 13 18 0.017101876
977 171 10 11 0.017106038
271 266 13 19 0.017177869
976 190 9 12 0.017322306
849 160 9 10 0.017330091
933 1 7 7 0.017337417
465 45 14 16 0.017435228
525 41 10 12 0.017444625
900 530 20 30 0.01749616
33 551 28 43 0.017503759
240 312 23 18 0.01762837
321 57 13 16 0.017675815
904 125 9 11 0.017695582
445 549 18 31 0.017735636
226 28 8 12 0.017801445
87 82 9 12 0.017843014
786 139 9 12 0.017935367
576 3 9 9 0.017952502
909 389 22 19 0.017980551
875 219 13 18 0.01806157
230 83 11 10 0.018080855
642 56 14 16 0.01809354
20 0 10 11 0.018144574
806 418 21 28 0.018196907
353 32 10 9 0.018255655
92 201 14 18 0.018358817
805 407 19 30 0.01846235
167 91 13 17 0.01854398
75 45 14 16 0.018668834
419 644 31 66 0.018675588
142 0 11 7 0.018687913
675 14 8 7 0.018721448
258 104 21 18 0.018753342
751 135 10 14 0.018762497
815 298 13 18 0.018772814
25 546 34 57 0.018837206
866 0 8 8 0.018911282
243 1 9 9 0.019060219
6 189 13 21 0.01923268
821 161 10 11 0.019279255
248 312 22 19 0.019308157
306 60 9 11 0.01934894
445 543 21 18 0.01941341
734 735 27 50 0.01941352
8 701 34 65 0.019428935
387 60 10 11 0.019464027
701 587 13 23 0.019500664
103 383 26 18 0.0196329
551 551 21 27 0.019723184
4 264 14 40 0.019971345
112 32 15 16 0.020062825
205 198 13 17 0.020082647
124 278 21 20 0.020180147
833 264 13 17 0.020254994
610 58 9 11 0.020330274
660 42 13 16 0.020341825
132 0 10 7 0.020388117
997 595 13 26 0.020428004
422 0 7 8 0.020432081
997 162 11 10 0.020463025
448 79 9 10 0.020477872
671 44 9 11 0.020522986
804 58 13 17 0.02067673
110 356 22 30 0.020971112
194 302 20 21 0.020996043
197 396 29 15 0.021047974
358 125 14 16 0.021084309
850 96 8 11 0.021212164
888 241 11 14 0.021236869
736 33 8 8 0.021615988
440 548 21 20 0.021618176
597 4 10 8 0.021714035
723 0 8 6 0.021782082
913 113 9 10 0.021866208
430 62 14 16 0.021877551
679 64 12 11 0.021890862
879 131 11 11 0.021913907
293 60 10 11 0.02192066
816 533 19 29 0.021984046
706 31 9 9 0.022116836
186 422 29 16 0.022123272
584 89 13 18 0.02214564
21 23 11 13 0.022210745
176 30 14 16 0.022216227
47 201 15 16 0.022311427
869 127 10 11 0.022621114
241 17 9 10 0.022627482
610 14 9 7 0.02265037
814 188 13 18 0.022757422
372 3 12 10 0.022830162
834 64 7 9 0.022966262
85 79 13 18 0.023155682
270 224 13 18 0.023292454
808 421 24 19 0.023299042
917 190 14 16 0.02338482
889 521 23 19 0.023400214
881 139 10 10 0.023428503
120 15 11 12 0.02351237
811 1244 62 90 0.02351904
815 252 9 12 0.023524383
657 63 9 9 0.023563322
1013 582 11 26 0.02358843
206 238 12 12 0.023604646
964 640 36 62 0.023670945
192 664 42 52 0.023701435
392 517 11 22 0.023715418
274 0 9 4 0.023748627
404 35 8 8 0.02377155
805 254 10 11 0.02380373
5 76 9 15 0.023854582
130 44 15 16 0.02398957
86 88 10 12 0.023995671
285 664 40 63 0.024106825
263 348 24 19 0.024247536
384 46 10 10 0.024324695
723 15 8 9 0.024360823
840 542 25 20 0.024663392
902 84 8 7 0.024807617
902 111 9 10 0.02483831
333 77 13 18 0.024920247
808 801 35 59 0.024974989
93 60 14 17 0.025094086
141 77 14 17 0.025100894
849 426 11 13 0.02510984
891 238 13 16 0.025186999
807 415 24 20 0.025255263
766 81 10 10 0.02534936
983 271 14 19 0.02557933
503 61 9 12 0.025611142
652 106 14 18 0.025842626
29 293 17 33 0.025848377
450 60 14 17 0.0258701
359 17 10 9 0.025905456
114 34 11 10 0.025933111
993 72 12 18 0.02602851
397 558 18 36 0.026336541
70 567 34 61 0.02640572
79 13 22 17 0.026489817
341 20 9 8 0.026531339
798 93 9 13 0.026548171
800 126 9 12 0.026698897
982 61 7 8 0.02672302
768 46 10 10 0.026754664
996 201 11 12 0.026790656
994 176 10 10 0.026931403
961 660 36 56 0.026935827
324 76 9 12 0.027277086
321 47 14 16 0.027278095
820 116 10 13 0.027628874
903 143 10 11 0.027634699
549 14 9 9 0.028003167
726 33 9 8 0.028304879
662 74 10 11 0.028352598
46 228 22 19 0.028636813
222 183 13 19 0.028843815
57 551 25 45 0.028869756
866 268 10 12 0.0289375
560 12 9 8 0.029004792
158 218 22 17 0.029010097
179 2 9 8 0.02911614
978 162 11 10 0.02919456
326 33 10 9 0.029318037
181 74 13 17 0.029742027
996 62 8 9 0.030088257
437 88 13 17 0.030101437
988 664 24 47 0.030185595
792 95 8 11 0.030454932
291 14 9 8 0.030590624
573 48 15 15 0.03073617
1016 113 6 11 0.030865388
423 31 7 8 0.030869205
159 119 13 18 0.030940883
368 31 10 9 0.031081863
610 122 14 17 0.031088354
207 265 22 17 0.031301055
548 52 11 10 0.031359926
798 28 10 10 0.031461768
817 172 9 12 0.031490255
289 560 27 40 0.031560972
865 173 10 11 0.03187782
835 5 8 9 0.03194901
978 17 7 6 0.03218856
823 73 9 11 0.03218919
275 50 10 9 0.032405794
517 90 13 17 0.032607596
305 12 10 9 0.03275139
768 98 8 11 0.033058472
909 382 23 18 0.033132628
979 76 12 17 0.033292137
983 220 13 20 0.033603307
706 18 9 8 0.033748392
50 266 22 18 0.033754013
848 110 10 12 0.033757754
6 200 16 39 0.03392477
845 145 10 10 0.033932693
836 254 9 11 0.03402479
837 10 8 9 0.03406759
640 50 9 10 0.034262914
1009 334 12 21 0.03442877
511 58 13 17 0.03457513
500 95 10 12 0.03463883
226 11 9 12 0.034787502
689 30 9 11 0.035096005
50 696 37 60 0.03512363
769 105 9 11 0.03521982
676 34 8 9 0.035278846
423 48 8 9 0.035379056
24 696 37 62 0.035441633
70 19 11 10 0.03551773
987 271 14 18 0.03553856
467 58 9 10 0.03567841
487 48 9 9 0.035711393
997 122 9 11 0.036050115
530 3 9 9 0.036112852
981 144 10 11 0.036241833
933 94 10 8 0.036341522
308 36 10 9 0.036362953
113 42 14 12 0.036524452
866 257 10 13 0.03653501
171 90 14 17 0.03656516
626 107 15 17 0.036669683
911 145 10 11 0.03703132
527 31 9 10 0.037085112
324 91 13 17 0.037205722
389 1 10 10 0.03751927
680 60 21 17 0.037617337
594 65 11 11 0.03769435
472 12 10 11 0.03773862
996 74 8 13 0.037777886
115 357 22 20 0.03787675
208 362 24 17 0.037938625
902 0 7 6 0.03800337
628 48 14 16 0.038011827
802 265 10 12 0.03818697
24 294 22 21 0.038350154
1007 361 12 21 0.038409263
944 131 10 11 0.038452692
756 49 9 9 0.038629152
911 128 10 10 0.038769964
989 650 24 49 0.03910086
34 386 21 29 0.039375693
178 33 10 11 0.039377
498 36 11 10 0.039393067
453 1 9 10 0.039509527
132 127 13 18 0.039794512
605 46 14 16 0.039876513
1016 57 7 12 0.039927684
5 840 43 114 0.04011311
600 48 9 10 0.040336855
753 62 8 9 0.04035646
528 15 9 9 0.04037041
834 234 11 12 0.040847845
544 0 9 10 0.04090815
129 268 21 19 0.040942088
105 72 22 18 0.04116757
887 0 7 8 0.041228622
885 35 7 7 0.041350946
91 14 15 16 0.04139012
688 3 7 8 0.04145792
788 0 8 6 0.041490804
824 50 10 9 0.041584574
776 683 25 43 0.0418034
313 637 34 63 0.041818194
482 64 13 16 0.041934088
867 50 8 8 0.042075243
780 279 13 17 0.042130545
998 584 18 36 0.04214985
705 78 11 10 0.042254418
700 587 19 32 0.042289156
873 12 8 9 0.042493537
484 72 11 12 0.042562585
259 344 23 27 0.042686954
40 327 22 21 0.04281412
519 37 11 11 0.04282892
704 92 11 10 0.043085776
448 17 8 9 0.04311201
338 61 9 11 0.04313342
1003 618 18 33 0.043188564
952 110 11 11 0.043596137
740 61 9 10 0.043857343
882 92 9 11 0.044080827
33 123 20 20 0.04418979
46 224 23 18 0.044278692
871 219 13 18 0.044418246
438 18 7 8 0.04457475
755 34 9 8 0.04502121
667 635 28 39 0.045397215
903 62 6 7 0.045551166
513 60 10 13 0.045807704
0 132 8 28 0.045821838
607 2 9 9 0.045857053
834 266 10 12 0.045957845
368 16 11 9 0.04621134
914 33 7 7 0.046336204
262 94 11 12 0.046347562
901 17 6 7 0.04638335
918 193 11 11 0.046393003
775 6 9 8 0.046603262
722 91 9 11 0.046740443
350 98 13 16 0.047030486
630 57 10 11 0.047080614
82 203 21 19 0.047089323
629 27 9 10 0.04729496
785 115 11 12 0.047427528
788 18 8 9 0.04752078
202 93 23 18 0.047696438
976 127 11 11 0.048046455
750 130 10 13 0.048439737
137 257 22 18 0.048934948
946 18 6 7 0.049030628
855 238 11 12 0.049215607
503 579 27 42 0.049282264
951 520 24 18 0.051010553
291 277 14 21 0.051225748
960 200 13 17 0.051491566
678 2 8 7 0.051691268
519 11 10 11 0.05237907
961 63 8 8 0.05275542
837 75 9 10 0.052811146
818 504 13 18 0.052888043
913 93 9 9 0.053059466
453 32 7 8 0.053061083
623 80 11 13 0.053147666
820 17 8 10 0.05341723
914 0 7 6 0.053517893
964 126 10 11 0.054244246
883 155 10 11 0.05447711
0 851 18 134 0.054886572
207 299 23 21 0.055006254
661 32 9 9 0.055079408
982 374 36 68 0.05531702
660 16 8 9 0.05553846
561 3 9 11 0.05583415
1008 232 12 22 0.055845097
658 0 7 5 0.056007158
863 67 8 10 0.056365933
640 17 8 9 0.057012603
946 92 9 10 0.057083547
629 19 9 9 0.05732298
856 73 8 11 0.0577031
323 59 9 11 0.057762153
965 33 7 6 0.058073286
187 398 30 39 0.05816361
308 44 10 11 0.0582006
871 94 8 11 0.05865684
916 18 6 7 0.058928225
83 15 12 11 0.058981754
71 45 11 12 0.059280954
604 512 23 17 0.059325423
836 122 9 13 0.059338186
63 503 20 30 0.059492566
548 59 12 12 0.059499346
197 0 8 7 0.05996457
932 64 6 6 0.060042847
914 78 8 7 0.060978513
805 60 10 11 0.061564237
851 68 9 9 0.06166166
581 30 10 10 0.061711825
743 81 9 9 0.06238917
208 77 11 12 0.062668994
914 151 11 12 0.06273056
280 364 23 19 0.063307844
221 221 14 17 0.063438065
466 32 9 10 0.063925914
924 232 14 19 0.06392641
923 311 14 17 0.06422102
433 65 9 11 0.06459646
942 171 12 13 0.064662024
949 33 6 7 0.06471569
336 0 11 8 0.06512921
140 209 14 15 0.065299734
101 0 12 8 0.065371856
73 235 21 21 0.06550214
403 59 10 12 0.06580081
887 46 7 9 0.06583278
163 219 13 12 0.06590378
288 36 10 9 0.066089205
372 46 10 10 0.066383295
550 30 12 11 0.06650526
934 34 6 6 0.06669367
760 758 33 70 0.066704
715 547 19 31 0.06671084
896 174 10 13 0.066744424
899 50 6 7 0.06685191
201 301 20 32 0.066870205
822 66 9 9 0.06739145
673 91 14 17 0.06746914
832 48 8 9 0.06772147
640 29 8 9 0.06786082
738 94 10 11 0.068462536
963 231 13 18 0.06857137
593 31 9 9 0.06861406
497 42 10 11 0.068751685
609 31 10 10 0.06887646
645 59 9 11 0.06896415
323 49 10 11 0.06941122
758 81 9 10 0.06968582
881 13 8 9 0.06986835
866 351 13 19 0.07044223
753 111 10 11 0.070949666
902 91 9 9 0.07103127
964 48 7 6 0.07115525
290 43 9 10 0.07120381
576 50 11 11 0.07142984
957 108 11 11 0.07181746
904 33 7 7 0.07221656
483 65 10 12 0.07267598
559 28 10 12 0.07320214
944 1 8 9 0.07320884
980 34 8 8 0.07322411
757 17 9 8 0.07342689
864 73 8 11 0.07352345
948 64 7 7 0.07361246
933 16 6 7 0.07391587
841 144 9 13 0.07419424
880 401 14 18 0.07569168
835 325 13 19 0.07622145
964 19 8 7 0.07625784
948 48 6 7 0.07678057
200 128 13 18 0.07689408
214 300 23 20 0.0773951
18 17 14 16 0.078139216
893 487 14 19 0.07833863
451 46 8 9 0.07890923
821 118 11 14 0.07908311
930 80 9 7 0.08004299
436 30 7 8 0.08020837
199 235 22 18 0.0804484
596 634 29 39 0.08060123
437 47 8 9 0.0806288
402 44 9 9 0.08123905
705 47 15 16 0.08163331
478 9 10 13 0.08181875
915 67 7 7 0.083366245
844 456 14 17 0.08358388
1 1077 74 173 0.084202245
453 63 9 10 0.08450555
885 74 8 9 0.08471233
886 68 8 10 0.08601095
918 47 6 7 0.08604494
786 119 10 14 0.086117975
587 90 15 16 0.08679092
880 298 23 17 0.088317044
704 108 15 16 0.088624105
48 10 11 11 0.08911605
109 39 21 18 0.09041863
661 45 10 11 0.09058513
1012 297 12 21 0.09208336
932 114 11 10 0.0927945
791 25 10 10 0.0944288
303 106 13 17 0.09508928
607 48 11 11 0.09622303
387 33 10 9 0.09729171
518 41 11 12 0.09751307
338 31 12 11 0.09984576
468 48 9 10 0.10005947
775 9 9 9 0.10101475
6 1106 54 120 0.10170982
936 47 6 6 0.1021787
211 666 32 39 0.102712296
629 50 10 11 0.103030995
298 431 20 32 0.106616355
818 541 21 20 0.10687538
386 79 15 16 0.10707335
4 73 13 21 0.10723193
592 13 10 10 0.108002216
168 525 22 33 0.10809909
138 261 22 19 0.10853643
973 295 13 20 0.108982965
927 171 11 13 0.10941754
276 82 11 11 0.109800756
144 16 11 11 0.110066466
930 683 32 56 0.11031777
246 32 11 13 0.11117687
980 78 9 12 0.11141538
805 139 10 14 0.11177975
949 76 9 8 0.114085846
686 62 13 12 0.114533104
982 49 7 9 0.114583716
641 3 7 8 0.11780695
11 72 13 19 0.11785945
127 11 11 12 0.12116697
253 155 21 19 0.12130287
835 509 14 18 0.12397868
61 774 37 65 0.12779622
730 725 36 69 0.13089111
849 47 8 10 0.13386852
155 877 40 68 0.13548796
357 48 11 12 0.14638624
842 534 20 32 0.16064355
493 582 25 44 0.16275594
85 561 35 63 0.16348137
585 634 32 38 0.16806647
0 842 22 102 0.18405451
577 620 35 54 0.18711281
194 557 32 38 0.19569919
542 596 37 54 0.2122498
9 561 27 46 0.21784665
149 670 48 65 0.21900403
647 577 27 40 0.22738467
123 851 54 94 0.28143755
549 596 26 41 0.31723303
86 858 58 98 0.44225758
953 841 60 99 0.6553305
480 648 90 146 0.8601445
881 1124 84 154 0.99061394

