28_Sports_Fan_Sports_Fan_28_126
140
343 263 44 65 0.010042419
439 343 27 16 0.010068952
17 326 8 13 0.010072765
1 342 7 15 0.010176592
868 289 6 5 0.010192829
436 330 33 35 0.010341413
93 306 14 16 0.010596953
19 299 8 10 0.010729372
741 297 5 6 0.011094456
96 294 13 18 0.011187396
838 237 7 6 0.011428307
144 292 13 16 0.011444285
14 322 12 20 0.011578907
807 327 5 6 0.011593793
16 307 12 19 0.011677954
108 277 13 15 0.011708261
1017 328 4 9 0.012058573
789 328 5 6 0.0121629955
39 328 8 13 0.012389145
762 328 5 7 0.012713678
37 324 12 20 0.012952549
676 312 6 6 0.0134705
321 225 56 85 0.013486546
81 283 7 8 0.014662594
271 293 13 19 0.014810524
51 269 7 7 0.01490504
4 309 6 12 0.014954368
133 340 7 10 0.015588292
260 281 7 8 0.015591043
837 328 5 5 0.015747461
821 328 5 5 0.015903182
787 282 5 7 0.017664475
210 279 7 7 0.01792406
1012 311 5 7 0.01815766
953 344 5 8 0.018187849
98 297 9 10 0.01873266
288 280 13 17 0.019496236
274 296 7 11 0.019588154
805 285 5 5 0.0196275
62 277 13 17 0.020250978
997 331 5 6 0.020606857
855 327 5 6 0.020988472
231 281 6 7 0.021230249
40 311 8 12 0.021700764
38 289 11 18 0.022600297
96 309 11 11 0.023712395
118 313 8 9 0.024148272
18 310 8 11 0.02487212
821 285 4 5 0.02591768
47 313 9 12 0.026578745
405 292 35 29 0.02741088
788 314 4 6 0.028518327
72 309 19 19 0.02916892
288 276 27 42 0.029766621
379 312 26 17 0.029787892
886 309 5 5 0.02979727
126 282 13 14 0.03017364
277 280 13 16 0.031210588
290 289 13 21 0.03368968
720 287 6 6 0.034327902
122 296 8 10 0.034610968
102 276 13 16 0.03633647
662 285 7 7 0.0375654
835 288 5 6 0.03776651
679 297 6 6 0.037889957
392 302 23 27 0.03795344
0 272 10 24 0.038698982
169 294 7 7 0.039600417
673 284 6 7 0.04186335
400 306 24 18 0.042525493
772 326 5 6 0.042773083
67 292 9 10 0.042974286
838 313 5 5 0.043186564
290 282 9 9 0.043247167
245 284 6 7 0.043560352
81 295 9 11 0.044526946
292 279 19 32 0.048945755
199 279 6 7 0.050722446
2 295 6 12 0.054722287
2 277 6 14 0.054826844
869 310 5 5 0.055489942
775 314 5 7 0.056302067
985 311 4 5 0.058412064
55 281 6 8 0.061537508
178 293 7 8 0.065937795
655 291 14 17 0.06655107
48 294 8 10 0.071280405
126 289 13 17 0.071379
1012 300 5 6 0.072194785
856 314 5 5 0.07311958
1 268 6 11 0.074252725
725 296 6 6 0.07457017
66 270 6 8 0.08288645
905 309 5 5 0.08684773
78 312 10 12 0.096418664
806 312 5 5 0.0991545
148 284 7 6 0.09973302
1000 310 5 6 0.10040365
711 288 5 6 0.10133101
658 294 9 11 0.1098722
691 288 6 7 0.110490136
967 310 5 6 0.11248106
170 284 7 8 0.123142555
279 282 9 11 0.12931061
40 286 6 9 0.13608614
709 312 5 6 0.14589877
65 280 8 10 0.15374164
821 312 5 5 0.15419075
410 299 23 29 0.15819967
39 291 8 12 0.16227505
787 297 5 7 0.17223866
997 299 5 5 0.19977243
950 309 4 5 0.20320724
936 308 5 6 0.2149315
147 294 8 9 0.21565539
693 293 6 6 0.21997766
111 278 8 10 0.24484482
806 298 5 6 0.2516604
129 291 9 11 0.2731008
901 301 5 5 0.27548036
851 298 6 5 0.3095532
917 308 5 6 0.3176384
951 303 4 5 0.3252649
707 294 5 6 0.36006305
936 303 5 5 0.37922037
981 299 5 5 0.38316157
886 299 4 5 0.3869134
70 309 14 17 0.38931367
821 300 5 5 0.40500095
838 298 6 5 0.4063665
869 298 5 5 0.43322214
965 299 5 6 0.4795143
422 382 64 76 0.50349396
104 278 8 10 0.50427175
919 302 5 6 0.57733893
176 285 7 8 0.6089162
128 284 9 10 0.6120525
777 300 5 8 0.6949539
306 251 82 82 0.9150099
458 199 82 98 0.9846656

