28_Sports_Fan_Sports_Fan_28_711
30
499 367 7 6 0.010706998
573 368 24 27 0.010953935
544 365 6 8 0.011035652
411 368 13 15 0.012382793
570 367 7 8 0.012403079
502 359 7 7 0.012549375
389 372 13 15 0.012840765
592 366 10 6 0.014283311
5 661 86 238 0.014519018
404 368 13 15 0.014766423
535 364 6 8 0.02069259
577 361 9 7 0.02614413
543 359 6 7 0.026766075
407 382 7 9 0.028036105
623 371 9 6 0.028582131
616 371 9 7 0.0294431
644 374 9 7 0.029670268
518 364 7 8 0.03167118
389 379 9 9 0.035774108
578 365 9 7 0.049087644
447 368 7 7 0.053909622
537 359 6 7 0.073585495
468 364 9 8 0.07367471
391 375 9 10 0.07700583
376 380 8 10 0.078297086
442 367 7 9 0.08524697
518 358 6 8 0.12302429
406 371 9 10 0.16957639
414 369 9 11 0.18755838
428 100 109 193 0.59097546

