28_Sports_Fan_Sports_Fan_28_2
176
993 482 9 7 0.010208159
978 453 8 6 0.010230335
455 294 4 6 0.010619795
180 214 5 5 0.010761264
38 310 8 6 0.010861514
196 214 5 5 0.0108891465
420 371 5 6 0.010984311
471 421 7 8 0.011005819
118 370 9 9 0.011062406
25 332 26 17 0.011094189
10 318 20 28 0.011163894
100 197 5 6 0.0111790225
212 213 5 6 0.011814123
148 198 4 4 0.011884583
85 355 8 7 0.012142016
162 290 6 6 0.012272779
193 245 8 8 0.012523243
533 390 7 7 0.01285096
501 434 9 7 0.013560395
16 325 8 8 0.013624399
563 342 6 8 0.013979925
16 308 7 7 0.01407458
84 200 5 6 0.014463294
165 214 4 4 0.01456682
177 262 7 7 0.014660989
181 231 5 5 0.014678076
531 372 6 6 0.0149881635
439 402 7 7 0.015686192
149 214 4 4 0.015919324
146 306 6 6 0.01594918
6 226 5 7 0.016130617
133 197 5 5 0.016153622
470 310 4 5 0.016449435
199 362 105 109 0.01646595
421 341 4 6 0.01656258
548 357 6 6 0.016693993
198 229 5 5 0.016824884
21 213 5 5 0.017390186
548 342 5 6 0.017990666
515 407 6 6 0.018385882
438 326 5 5 0.019110316
485 310 4 5 0.019231385
593 207 184 179 0.019287713
454 311 4 5 0.019682717
968 516 31 14 0.020039288
35 292 6 5 0.020077337
516 328 5 5 0.021212937
483 421 8 8 0.022100313
26 322 25 17 0.02249114
37 214 5 5 0.022499347
118 197 4 5 0.022829609
22 229 4 5 0.022840051
501 405 6 6 0.023646973
499 423 8 7 0.024118628
517 387 5 6 0.0255222
979 470 8 7 0.025695346
84 311 6 5 0.025829572
52 213 5 5 0.026296146
165 231 5 4 0.026548184
483 390 6 5 0.026665121
184 244 6 7 0.026892649
35 326 10 7 0.02696328
453 373 5 4 0.027747208
1013 471 7 9 0.027842224
451 402 8 8 0.027870333
135 213 4 5 0.028016979
70 214 4 5 0.028478952
533 357 5 5 0.029466484
52 247 5 4 0.02956311
4 245 5 7 0.029610358
454 325 4 5 0.029720599
470 390 5 6 0.030704511
149 230 4 4 0.030968552
418 359 5 6 0.030976394
164 244 5 5 0.03125276
436 390 6 7 0.03157989
129 353 7 7 0.03200599
6 323 7 9 0.0323728
502 328 4 5 0.032454204
167 264 6 6 0.033615917
471 404 8 7 0.033649288
85 293 5 5 0.033713356
30 325 22 28 0.033714242
533 340 5 6 0.034044456
422 388 6 7 0.035371758
55 296 5 6 0.035431657
84 212 5 5 0.037142232
117 214 4 4 0.03775685
437 341 5 5 0.038051147
66 337 8 7 0.03813517
149 245 4 5 0.038314346
518 371 5 6 0.038404405
439 373 5 6 0.03860602
502 372 5 5 0.038621042
85 246 4 5 0.038939044
105 310 5 5 0.039718322
470 325 4 5 0.040069636
485 325 4 5 0.04043202
485 356 4 5 0.04071001
517 358 5 6 0.041290198
103 214 4 5 0.041585866
37 230 4 5 0.04205726
102 245 4 5 0.042146847
69 246 5 5 0.042206742
86 229 4 4 0.042294674
104 292 5 6 0.043194328
516 341 4 5 0.043375384
484 373 5 5 0.043437574
53 229 5 5 0.04354198
166 275 6 5 0.043567147
134 245 4 5 0.04391528
499 391 6 5 0.04405407
101 230 4 4 0.044415865
470 357 4 5 0.044525325
469 341 4 5 0.045378186
438 357 5 6 0.046740126
102 340 6 5 0.047004525
86 261 4 5 0.047210436
37 246 5 4 0.047314014
71 227 4 5 0.04809464
53 262 5 4 0.048149936
118 229 4 5 0.048170503
148 263 4 4 0.048621234
71 292 5 6 0.048825603
135 262 4 4 0.049127124
85 277 5 5 0.049557086
133 230 4 4 0.05082878
149 292 6 6 0.05145869
470 372 4 5 0.051708303
102 278 4 4 0.05192056
485 343 4 4 0.05204826
502 341 4 5 0.052774485
117 260 5 5 0.054340933
38 261 5 5 0.05450603
68 262 4 5 0.05516637
501 358 5 5 0.055263903
117 246 4 5 0.055340618
454 340 4 5 0.05635805
116 294 5 4 0.057806663
452 391 6 6 0.057834752
149 278 5 5 0.057892337
6 276 6 7 0.05844953
55 335 8 8 0.059452508
455 359 5 5 0.05956493
5 308 7 8 0.06013342
481 405 8 7 0.060438134
133 277 5 5 0.060490083
71 277 5 6 0.06196216
21 261 5 6 0.06283085
133 309 5 5 0.06323812
64 309 6 7 0.06481533
101 358 8 7 0.06649033
118 278 4 5 0.06657101
22 247 5 6 0.06889897
101 262 5 4 0.06927642
7 262 5 7 0.069290124
115 309 6 6 0.06939551
71 324 7 6 0.07197633
83 339 6 6 0.07677591
54 328 7 8 0.077545926
36 276 6 6 0.082384005
51 275 5 6 0.084973276
21 276 6 7 0.08670467
99 326 5 6 0.08737147
116 352 8 7 0.088812396
134 294 6 5 0.08979192
84 325 7 7 0.09062919
131 326 6 6 0.09906809
119 326 6 6 0.099775024
56 306 7 7 0.102940075
5 290 7 8 0.10557644
130 338 7 7 0.112155996
118 343 7 6 0.12344789
17 288 9 9 0.15991724
226 355 101 127 0.8058625
640 227 105 168 0.99887305

