19_Couple_Couple_19_743
62
719 245 13 18 0.010129289
601 278 30 40 0.010241722
687 245 13 19 0.010428992
733 203 14 19 0.011014511
728 234 22 18 0.011089587
581 338 19 33 0.01124278
489 184 19 32 0.011500579
583 268 36 58 0.011602239
708 234 13 18 0.011671066
536 361 38 58 0.012720851
386 368 35 58 0.012755477
761 252 29 14 0.013229325
492 185 24 17 0.0133861285
643 345 20 29 0.01400844
359 187 12 20 0.014066317
600 316 23 19 0.01425151
649 400 22 30 0.016247962
677 396 26 17 0.016442938
574 312 22 18 0.016845807
587 295 21 20 0.016979046
587 312 22 20 0.017739307
522 337 25 47 0.01809146
266 422 24 47 0.01810791
665 375 25 16 0.019753113
654 370 23 18 0.019938435
595 271 40 56 0.02147181
650 375 28 41 0.022425516
595 298 38 57 0.02266251
270 403 28 62 0.023835866
145 468 16 36 0.0247752
765 255 23 28 0.024860552
680 356 25 17 0.02492764
675 354 22 26 0.025062557
638 325 14 22 0.027141536
587 274 27 41 0.029580297
602 307 27 41 0.030236712
608 311 20 32 0.030705323
177 469 16 39 0.03234308
669 395 24 19 0.0339445
321 220 19 30 0.038936563
320 217 20 19 0.044846065
653 364 23 17 0.04940144
759 262 26 18 0.05082722
664 362 24 17 0.053265184
588 305 26 43 0.054445155
275 413 17 39 0.06584219
761 217 24 19 0.08967542
540 281 21 31 0.13058622
187 471 16 38 0.14440645
671 392 28 39 0.18182799
635 320 20 29 0.216416
279 410 23 45 0.28124118
668 384 29 37 0.34581834
802 303 30 41 0.37522554
405 300 28 41 0.5926746
397 298 28 42 0.70745826
696 410 28 40 0.7357562
153 308 28 38 0.7711423
858 303 31 41 0.8163064
449 302 27 41 0.85302687
523 276 29 40 0.89422524
127 316 29 39 0.91408914

