13_Interview_Interview_2_People_Visible_13_254
21
220 104 40 73 0.01182826
573 146 62 85 0.012475011
385 21 71 76 0.012752504
268 6 69 79 0.0135243535
210 110 51 104 0.017649911
620 0 105 90 0.020163765
488 56 62 107 0.022962308
323 139 68 84 0.031515073
469 35 99 137 0.033860497
293 0 99 99 0.040576827
208 13 56 89 0.04098943
214 14 40 68 0.0428362
201 42 74 158 0.09925568
309 0 63 83 0.119752735
210 71 56 112 0.15644275
632 0 71 72 0.17061277
375 136 71 106 0.28806376
441 23 84 96 0.34583664
726 203 50 93 0.4392153
381 150 78 148 0.88359576
450 37 91 118 0.9768977

