13_Interview_Interview_Sequences_13_929
24
90 194 43 68 0.01011963
969 256 41 131 0.011259606
734 261 30 39 0.011773464
0 75 42 103 0.012558047
772 279 58 84 0.012697241
730 268 44 54 0.013014743
679 155 25 47 0.01316478
666 171 35 64 0.014121585
3 370 45 124 0.01687385
98 174 39 77 0.017095266
834 336 78 76 0.017234594
184 187 60 85 0.01971581
590 288 24 52 0.020467473
118 166 36 74 0.027410982
1 310 37 154 0.031359397
593 297 36 66 0.033321593
771 251 42 58 0.06849752
792 187 63 89 0.06950658
586 292 32 66 0.10079339
146 163 73 80 0.13424893
487 147 57 79 0.8100003
61 164 71 96 0.8276594
805 167 64 102 0.9324136
174 157 69 98 0.98116654

