13_Interview_Interview_2_People_Visible_13_189
28
396 220 33 42 0.010250464
1006 303 15 41 0.011651204
2 25 33 144 0.012196994
0 189 33 75 0.012348469
2 156 30 79 0.012752048
7 130 33 158 0.013465539
3 222 32 76 0.013809307
4 252 33 77 0.014696948
5 378 31 174 0.015193294
4 253 30 168 0.015526795
985 259 24 19 0.016773077
984 259 37 60 0.016852181
2 90 30 84 0.017852709
0 120 30 83 0.019430479
4 59 31 80 0.022222675
7 197 32 159 0.024275037
987 240 27 41 0.025119219
990 268 26 44 0.028799562
8 70 35 147 0.05843162
176 199 49 84 0.46803808
400 217 40 62 0.9219995
754 245 38 37 0.9562056
922 241 39 60 0.9573626
256 221 37 56 0.9677789
816 255 42 48 0.97002864
514 218 41 59 0.9770522
574 181 31 55 0.98121303
676 239 34 60 0.98809785

