13_Interview_Interview_Sequences_13_55
19
3 207 40 62 0.010588268
173 184 47 48 0.01065328
3 222 42 125 0.010734429
507 337 35 74 0.0130391745
471 339 43 69 0.0143093215
0 286 8 32 0.0148424385
750 139 88 207 0.015669186
22 275 14 22 0.02245809
618 419 36 54 0.025327351
118 82 25 18 0.027928393
167 192 31 37 0.029920196
550 375 64 77 0.03898193
593 206 184 257 0.04120917
998 445 22 52 0.07043714
677 168 111 260 0.13122702
628 430 28 35 0.30021015
549 368 39 79 0.30342844
531 363 67 85 0.6957438
632 186 105 247 0.96443284

