13_Interview_Interview_Sequences_13_868
40
645 261 7 9 0.010004287
740 68 6 8 0.010106894
594 264 9 8 0.010115604
903 40 8 11 0.010418397
644 280 8 10 0.010777011
605 47 23 18 0.011144602
350 45 25 46 0.01126131
684 29 18 28 0.0112776905
602 39 24 17 0.011489375
707 58 6 11 0.011502726
901 35 13 19 0.011772883
540 40 23 18 0.0118269
833 30 19 31 0.011982814
578 250 10 9 0.013237133
625 284 9 9 0.013412742
962 37 7 11 0.013806105
922 264 42 56 0.014224672
658 292 9 9 0.014302404
546 248 8 9 0.0149385715
884 49 8 11 0.015017308
591 251 10 9 0.015638987
240 52 7 10 0.015876124
581 266 8 9 0.016305238
693 54 6 12 0.017266087
563 246 9 8 0.017428108
726 57 8 10 0.018524842
1011 45 9 26 0.019312344
416 21 28 42 0.022134881
884 43 7 10 0.026504606
765 247 25 15 0.027879411
697 259 7 9 0.04052496
529 231 10 13 0.042516865
771 250 13 9 0.05017307
415 33 37 61 0.058481514
1013 49 5 14 0.061958794
692 38 8 15 0.0663753
1014 44 6 10 0.106522374
527 229 13 19 0.14284343
689 34 12 21 0.20956352
287 84 30 48 0.961596

