13_Interview_Interview_On_Location_13_921
108
453 418 7 12 0.010026597
538 402 7 11 0.010100875
792 414 7 11 0.010835204
422 348 7 14 0.011120398
660 352 7 9 0.011134952
502 398 8 11 0.011157337
439 395 12 26 0.011646384
97 389 7 9 0.011896225
695 375 7 7 0.012033479
117 389 6 7 0.012542523
102 401 6 9 0.012561363
738 402 7 9 0.012620194
582 370 6 8 0.013195295
193 359 7 8 0.0135737965
975 327 8 10 0.014328536
497 365 13 19 0.014395448
849 370 6 12 0.014512716
446 332 24 17 0.014515559
78 378 12 18 0.014744898
528 380 11 18 0.014870988
206 393 14 21 0.014947311
422 345 17 31 0.014964718
202 388 24 19 0.015043441
168 340 6 8 0.015284407
192 387 7 7 0.015823187
446 393 16 34 0.01596886
470 333 26 15 0.016300306
446 384 12 21 0.016343717
515 454 30 71 0.016754324
77 371 13 18 0.017036866
501 369 8 10 0.017331017
481 412 19 21 0.017689673
520 357 6 8 0.017934352
120 370 5 7 0.018392442
192 395 22 20 0.018414611
789 409 12 21 0.018534573
836 384 6 9 0.01856451
657 371 8 7 0.018918488
691 385 8 8 0.019108014
150 401 6 9 0.020180972
583 361 6 7 0.0202483
229 403 7 8 0.020347323
418 339 11 22 0.02107393
547 374 5 8 0.021345023
431 390 16 34 0.021364192
450 412 12 23 0.021622842
606 383 12 18 0.023222925
132 361 6 6 0.023379516
193 371 7 8 0.023487434
643 368 13 19 0.023962023
460 412 12 21 0.024534658
595 398 6 10 0.026434766
137 386 6 8 0.026667565
638 352 21 19 0.027088007
433 410 16 37 0.02768117
69 373 12 17 0.02879344
530 375 6 8 0.029989218
181 360 6 6 0.030012703
68 377 12 18 0.03169795
161 359 6 7 0.032285232
660 342 7 8 0.032717012
445 404 17 35 0.03391775
597 374 6 7 0.034662936
623 369 12 20 0.03873656
460 332 26 16 0.03913212
963 331 13 19 0.042987928
645 356 8 9 0.044190582
645 375 8 9 0.045025647
542 383 12 20 0.045883387
163 383 6 7 0.046443425
542 399 12 19 0.047581684
585 387 6 9 0.05215297
640 352 20 30 0.053213555
593 384 12 18 0.05351857
965 334 9 12 0.056683272
420 343 11 23 0.056952268
643 387 8 8 0.057926793
148 387 6 7 0.05871653
181 384 7 7 0.063065186
531 383 7 11 0.06783781
626 374 7 11 0.06846059
936 383 11 27 0.069645084
627 383 7 10 0.07125149
641 401 9 12 0.0715442
180 373 6 7 0.071866654
80 375 7 10 0.071886934
134 371 5 6 0.078846246
81 381 7 11 0.080825835
509 384 12 18 0.08707442
151 371 6 7 0.10693304
639 398 13 20 0.1308823
512 386 8 13 0.13853775
152 358 6 6 0.14637986
503 385 8 13 0.15399656
545 388 7 11 0.16598068
545 403 7 11 0.19001849
70 380 8 11 0.19214854
609 386 7 11 0.21208395
162 373 7 7 0.22749883
500 382 13 19 0.2709117
71 376 8 11 0.3331769
596 387 7 11 0.4029563
656 384 25 41 0.52343345
760 391 20 34 0.5725924
202 389 19 29 0.6577988
937 383 16 34 0.7230779
664 386 21 33 0.8219749
754 390 21 35 0.83994

