13_Interview_Interview_Sequences_13_7
69
754 307 8 12 0.010578791
951 228 8 10 0.010723208
681 277 18 33 0.010952349
758 298 8 13 0.011343957
980 275 13 20 0.011594487
385 267 15 20 0.011695655
929 245 20 28 0.011831872
776 278 12 20 0.012247758
265 362 20 31 0.012467647
962 230 8 10 0.012767323
437 280 11 9 0.012852266
381 261 27 33 0.013563164
946 264 11 9 0.013875198
711 179 7 9 0.014365744
938 246 22 17 0.0144422045
290 172 7 8 0.015225597
857 276 24 17 0.0152803445
888 289 25 18 0.015561915
620 255 25 17 0.015877428
892 261 23 17 0.015983522
740 310 8 12 0.018058848
769 340 17 35 0.018349485
866 232 9 8 0.019244535
776 282 16 30 0.020537283
959 242 21 19 0.020791885
875 281 21 29 0.021413198
927 263 11 10 0.021462308
420 255 18 31 0.023666026
720 336 17 36 0.025627509
915 261 12 11 0.025720954
768 337 13 22 0.02597716
428 290 24 16 0.026881788
944 250 10 9 0.026885537
104 246 29 19 0.027710782
933 293 27 17 0.028887276
781 309 10 14 0.030281061
876 276 23 17 0.030672526
927 294 25 17 0.03120299
932 250 9 9 0.03160525
843 275 23 18 0.03529427
418 266 20 30 0.036269743
737 307 13 21 0.038200974
866 241 14 21 0.044053286
913 250 9 8 0.046506025
777 311 8 13 0.049649015
430 276 24 16 0.049673613
939 261 25 17 0.05294946
938 274 26 16 0.05407818
668 255 24 18 0.06168155
870 243 24 19 0.06543438
779 307 13 19 0.06871051
775 306 13 19 0.0820897
937 275 22 30 0.089278735
783 279 9 15 0.09186
920 259 23 18 0.09936054
891 275 24 18 0.10863756
770 295 9 14 0.11047607
554 281 18 33 0.1227481
910 258 22 18 0.16911826
889 279 31 36 0.20469685
768 292 12 20 0.24731605
866 237 19 31 0.40612808
381 265 25 19 0.42051953
781 277 12 20 0.42781577
385 258 19 30 0.5176895
478 244 21 35 0.8946587
108 239 18 34 0.94535613
637 191 36 48 0.9842853
254 207 34 43 0.98457193

