13_Interview_Interview_On_Location_13_521
23
536 264 9 12 0.010201242
314 354 7 12 0.011156701
544 407 43 58 0.011162767
0 241 35 59 0.012370175
664 399 63 88 0.012446694
318 335 11 23 0.014174658
293 354 7 11 0.01469536
679 409 40 63 0.016223362
534 271 9 12 0.017658686
400 51 83 158 0.022035845
7 254 17 38 0.023527477
5 248 24 47 0.02673834
684 390 56 87 0.030750008
516 273 13 18 0.03396799
518 276 9 13 0.043225557
715 27 58 114 0.15455876
426 38 69 188 0.15481712
389 347 13 19 0.19151695
435 59 50 133 0.21404123
884 209 27 41 0.86069244
723 34 56 157 0.9413475
176 215 36 52 0.9746493
905 3 83 151 0.99891007

