13_Interview_Interview_Sequences_13_859
42
644 178 11 14 0.010122683
947 369 61 91 0.010367721
285 244 20 30 0.011163457
548 165 33 12 0.011213463
809 171 10 15 0.012822047
870 144 19 31 0.014109891
279 251 27 18 0.014881918
569 169 27 16 0.014936978
809 150 16 36 0.014959799
871 155 23 18 0.01647512
834 139 20 38 0.017109012
540 163 26 15 0.018191446
625 178 22 20 0.01907177
516 356 30 38 0.019992877
809 162 19 22 0.020769916
639 182 20 21 0.020884518
547 165 12 9 0.02124067
189 212 20 32 0.022122446
539 169 25 17 0.023704255
541 176 30 35 0.026468417
524 224 26 19 0.026838291
580 159 30 14 0.027484503
648 186 21 19 0.03573986
547 172 21 30 0.038171273
521 217 19 33 0.042914916
265 235 31 39 0.08155665
576 157 24 27 0.08784346
584 169 21 29 0.087895475
571 162 28 15 0.09419257
645 174 19 29 0.18429479
812 166 13 21 0.23915766
717 154 22 21 0.37896138
641 175 19 22 0.4415691
720 150 17 34 0.70837516
619 180 20 32 0.72167003
255 162 25 42 0.8151131
552 195 30 42 0.8503888
230 195 28 39 0.9081293
711 197 19 35 0.9191114
825 126 35 55 0.94150174
124 111 31 41 0.9588679
476 105 36 51 0.9793784

