13_Interview_Interview_Sequences_13_2
62
0 12 26 60 0.010482273
362 152 18 34 0.010675366
720 140 56 71 0.0107189305
223 187 36 57 0.010903634
0 127 8 39 0.01116937
58 138 22 53 0.011524634
6 6 25 17 0.011756644
325 234 28 42 0.012207545
937 26 10 12 0.012604257
721 162 40 60 0.0131433755
0 120 18 49 0.013750821
725 132 38 62 0.014346642
319 131 20 32 0.014600755
120 3 28 17 0.014954888
227 198 19 34 0.015269285
1017 202 7 36 0.016397633
377 147 28 46 0.016956108
809 0 32 28 0.017449342
50 143 13 23 0.017898308
347 266 34 70 0.018832298
455 4 31 15 0.019648941
315 143 23 21 0.019885411
53 129 31 70 0.019938435
454 70 39 58 0.020598657
320 225 37 60 0.020674098
1 2 19 21 0.021114586
383 128 49 83 0.02255497
47 144 17 35 0.022741811
654 235 41 69 0.023151482
705 152 17 34 0.02641995
742 259 80 131 0.027244153
133 69 37 56 0.029242799
145 261 37 60 0.030226171
713 179 17 34 0.03391844
733 270 60 89 0.04339843
465 75 42 58 0.057728928
822 202 35 63 0.065215744
263 189 42 69 0.08866343
122 0 34 23 0.10346449
450 0 34 22 0.117556326
10 238 19 31 0.17540565
371 139 37 64 0.1975592
10 242 25 20 0.21064524
0 136 14 37 0.28422597
949 15 53 89 0.35226408
246 30 31 37 0.36550146
643 233 41 77 0.3815419
130 267 41 70 0.44679916
271 183 56 79 0.45911506
228 186 24 45 0.49223328
493 170 47 62 0.59908324
1 25 18 39 0.59979343
316 134 25 41 0.60329914
943 18 51 56 0.61596256
922 213 29 58 0.6997899
750 278 56 99 0.739427
647 143 24 45 0.78548074
235 30 32 40 0.7857723
551 201 27 42 0.7895247
657 28 34 38 0.8738648
569 25 37 48 0.88092995
326 28 27 39 0.8883541

