13_Interview_Interview_Sequences_13_209
22
446 193 21 20 0.011265659
355 174 36 57 0.0114020845
700 53 39 63 0.012145402
726 57 44 62 0.012201027
463 47 21 19 0.018628905
704 74 43 58 0.023968492
33 175 24 46 0.025237907
585 29 24 49 0.02538084
696 176 24 48 0.030654581
421 51 45 63 0.03765141
684 155 28 65 0.04045674
551 146 28 40 0.04158662
720 275 44 62 0.0584992
719 75 50 55 0.07498352
581 40 33 67 0.086225934
517 196 28 45 0.33127627
519 198 33 61 0.4719365
687 173 23 52 0.52158034
428 47 49 86 0.5293121
285 158 31 61 0.800367
90 109 67 93 0.90840524
867 59 85 104 0.9829206

