13_Interview_Interview_2_People_Visible_13_223
30
3 58 8 14 0.012984564
650 55 18 35 0.01358909
2 330 8 14 0.014655114
733 335 24 46 0.016459983
1011 77 13 47 0.01657261
270 21 18 33 0.01692674
493 93 18 33 0.018125594
1 55 11 22 0.019010691
550 348 18 34 0.019642135
0 327 11 22 0.02305617
664 106 35 63 0.025590606
828 102 19 37 0.027033947
560 24 19 30 0.027467212
391 382 20 31 0.029427936
801 312 23 49 0.0511496
567 183 46 57 0.056054674
272 95 24 46 0.056188103
284 100 18 41 0.059034128
660 317 32 46 0.17992955
457 372 26 42 0.33205208
825 107 27 42 0.42654592
280 105 27 42 0.45321888
292 372 29 39 0.6937267
573 104 24 43 0.7031772
650 310 37 61 0.7912044
866 312 31 63 0.84070116
699 52 33 67 0.86037993
124 39 34 60 0.8928998
123 311 35 58 0.9221128
420 40 34 62 0.9648659

