13_Interview_Interview_Sequences_13_867
147
64 461 13 20 0.010027554
20 418 9 11 0.0101093855
783 1 9 10 0.010251727
2 420 8 13 0.010396945
887 329 20 20 0.010436239
454 111 7 8 0.010470247
981 429 13 20 0.010473582
928 456 18 33 0.0105936695
660 62 10 10 0.010769287
29 461 15 22 0.011181045
126 385 18 30 0.01160267
876 429 26 41 0.0118499715
34 411 12 19 0.011989279
212 459 20 22 0.011991499
684 28 14 15 0.01203603
831 403 28 43 0.012271188
70 445 18 32 0.012486641
677 23 11 8 0.012589447
937 406 19 30 0.012871755
944 379 13 18 0.012923148
551 66 12 17 0.013680764
805 17 9 10 0.013895851
8 438 11 26 0.014271103
816 4 10 9 0.014341269
940 392 20 29 0.014508311
946 383 9 12 0.014831174
102 380 13 22 0.014915042
36 416 8 11 0.01496088
196 221 7 6 0.015153384
614 45 12 17 0.015687656
742 19 9 10 0.015871251
617 37 7 9 0.016734712
616 41 24 25 0.016882347
528 64 14 17 0.01696335
644 41 14 15 0.016990662
662 24 41 30 0.017120307
4 432 8 13 0.017661886
947 404 9 13 0.017713884
750 8 14 18 0.018131157
642 64 8 9 0.018182706
738 33 9 11 0.018259337
627 60 13 18 0.018611448
229 225 6 6 0.019660935
575 68 13 16 0.019748816
112 70 51 58 0.020870946
8 433 22 20 0.021180145
99 441 24 48 0.021300182
532 78 8 8 0.021748172
126 445 12 23 0.022414505
655 17 11 8 0.022534857
655 32 15 15 0.022815065
62 474 14 19 0.023760382
823 393 38 60 0.023968114
330 404 17 35 0.024278414
652 18 56 44 0.024746086
17 457 20 21 0.02497719
832 3 11 11 0.025136916
753 12 10 11 0.025962517
487 97 8 7 0.026054464
108 383 21 21 0.026398275
627 41 13 16 0.0267898
106 381 19 31 0.027013035
645 19 10 9 0.027305463
720 25 13 16 0.02801644
806 4 10 9 0.028257286
166 222 6 7 0.02972259
1010 370 10 11 0.02996875
513 49 42 52 0.030144533
604 62 13 17 0.030614922
247 417 22 21 0.030943954
935 431 12 19 0.031020833
212 227 6 6 0.031210182
104 447 17 35 0.03206483
707 32 14 16 0.032121256
224 429 19 20 0.032809086
470 101 7 8 0.032884154
556 67 12 16 0.03374952
803 392 42 59 0.034249812
719 20 14 15 0.034323025
676 27 14 15 0.03564815
1 419 18 31 0.03584065
976 383 14 17 0.036497574
626 36 13 15 0.036523327
2 429 13 21 0.036819547
267 381 21 30 0.036898676
945 402 13 19 0.038393173
978 386 10 11 0.038937215
656 46 9 9 0.04017207
183 215 6 8 0.04067254
576 73 12 17 0.04106249
516 77 8 8 0.044279292
885 417 26 41 0.045493484
182 425 23 20 0.04568617
607 65 9 11 0.046263415
188 414 17 30 0.04824368
561 74 7 12 0.05173302
772 1 10 12 0.051866952
826 1 21 18 0.05420296
193 214 8 9 0.05421011
962 387 11 12 0.054238603
687 31 10 9 0.054718714
553 75 7 10 0.0558543
948 367 10 14 0.056346092
518 70 7 8 0.057729397
643 34 15 15 0.06064686
945 407 12 19 0.061950874
721 22 11 11 0.06333936
722 27 10 11 0.06499082
629 64 9 10 0.06651718
532 68 7 9 0.06850309
9 442 21 23 0.069341764
877 430 22 21 0.06938939
754 4 10 12 0.06956748
635 19 55 42 0.07177561
641 26 42 28 0.07211578
208 450 18 34 0.0787553
220 451 19 33 0.079528436
961 384 13 18 0.07969593
708 35 10 10 0.0802394
752 2 13 17 0.09045953
658 36 10 9 0.10812222
677 30 11 10 0.11032039
578 75 9 12 0.11243025
554 69 7 11 0.11562249
616 47 8 10 0.117239356
108 48 52 96 0.11953256
27 453 19 32 0.119929664
1002 366 20 20 0.12194132
766 0 21 17 0.12921898
577 70 9 11 0.13177238
646 44 9 9 0.13228667
598 61 13 17 0.14011756
628 38 9 10 0.1467898
253 418 19 32 0.14803998
881 329 20 20 0.14877112
599 62 10 13 0.15736811
629 44 9 9 0.16602157
946 364 13 19 0.16991767
645 37 10 10 0.18590684
558 69 8 12 0.2198861
15 444 18 33 0.24416676
237 414 19 30 0.29579216
881 423 20 33 0.35221076
996 368 15 20 0.37031123
176 416 17 31 0.39312637
288 403 29 44 0.41806337
392 278 183 295 0.99173975

