13_Interview_Interview_2_People_Visible_13_668
133
690 450 12 21 0.010103522
621 514 21 19 0.010193657
424 509 16 37 0.010361524
525 563 16 44 0.010551883
103 703 9 13 0.010731766
208 705 10 13 0.011070981
524 481 17 36 0.011563904
288 740 18 20 0.011724267
598 468 11 15 0.01178782
82 732 12 20 0.012157692
487 417 6 11 0.012249805
112 700 12 18 0.012465351
530 481 8 11 0.012505454
918 457 12 20 0.012569109
685 601 27 45 0.012580145
21 676 14 17 0.012598845
499 486 8 9 0.012692825
288 742 18 26 0.012851432
20 689 10 12 0.013012141
686 453 19 30 0.0130988825
24 673 21 17 0.013129424
694 607 28 43 0.013321262
432 483 8 10 0.013329035
160 706 9 12 0.013334053
324 741 8 13 0.013334267
417 482 16 33 0.013620522
130 661 6 8 0.013759774
692 463 8 12 0.013912025
684 498 23 18 0.014026879
288 499 9 11 0.014121857
3 678 9 13 0.01420631
321 742 19 26 0.014351538
693 453 7 11 0.014440013
224 725 17 33 0.01471653
886 448 6 13 0.014759744
703 445 19 30 0.014838095
530 446 12 18 0.015026769
44 718 13 18 0.0150859775
101 690 13 17 0.015114834
157 704 13 18 0.015193465
255 736 18 32 0.015216341
704 463 12 21 0.015523959
428 493 12 21 0.015677566
218 727 19 23 0.016150735
208 712 18 31 0.016176365
691 615 40 62 0.01691045
53 690 14 17 0.016934605
598 475 11 14 0.017434193
1 676 13 18 0.017792428
96 736 9 14 0.018186687
115 703 8 12 0.018189602
341 733 12 22 0.0185536
388 746 13 20 0.018753193
415 526 30 68 0.018814951
592 470 17 29 0.019128375
220 707 20 18 0.019194424
198 703 13 18 0.019216295
6 687 10 13 0.019618616
293 741 9 15 0.01965844
10 682 18 30 0.019698381
603 459 18 28 0.019718695
933 457 14 20 0.019752527
255 720 13 19 0.020330625
705 475 21 19 0.020618452
524 546 16 41 0.020717388
690 458 12 21 0.02146348
30 675 11 11 0.021596836
424 495 8 13 0.023333492
324 748 8 14 0.025672168
921 565 35 66 0.02684603
710 477 23 19 0.027226383
18 687 14 17 0.02725399
389 738 13 19 0.027970774
60 693 13 16 0.028344776
941 452 14 21 0.02841583
533 450 8 10 0.029873058
322 738 12 21 0.030224202
224 719 13 23 0.03036739
63 695 9 12 0.03042825
7 700 18 31 0.030960364
55 692 10 12 0.031163108
178 648 7 8 0.032226738
522 542 22 54 0.032250028
423 540 10 29 0.034136843
55 704 10 13 0.034373768
292 479 11 12 0.035432886
688 598 39 60 0.035806023
108 692 13 16 0.035818536
38 718 13 18 0.038015913
251 734 19 22 0.03974826
422 492 12 21 0.03979661
437 525 11 25 0.03997989
103 693 9 11 0.040993243
680 591 37 65 0.041166883
322 745 12 20 0.041353602
408 475 13 18 0.04308057
54 702 13 17 0.043433346
598 472 21 19 0.045625024
146 706 9 13 0.04678224
32 691 11 11 0.046848513
205 703 14 19 0.047089428
5 683 13 20 0.048544884
681 565 27 44 0.05009876
677 559 35 61 0.051467385
127 714 13 18 0.05719837
4 702 13 22 0.05795744
93 733 12 20 0.058172062
130 707 13 19 0.059613448
220 716 17 30 0.059913054
132 710 8 12 0.06235968
144 704 13 18 0.06378757
69 731 12 19 0.06822795
409 478 10 12 0.068825476
593 460 17 29 0.068981774
29 688 14 17 0.069063954
422 537 16 39 0.07224823
701 483 29 39 0.07261942
602 467 14 20 0.0742707
416 470 13 17 0.0779937
110 694 10 12 0.08161202
418 472 9 12 0.08343188
290 475 15 17 0.0836616
130 717 9 12 0.09281638
292 744 12 20 0.094155475
61 699 13 18 0.102340996
418 477 9 14 0.12182528
935 456 22 20 0.16313514
415 475 13 18 0.19449385
521 548 29 72 0.21912426
84 684 13 18 0.22744139
930 452 20 28 0.24343346
290 467 15 16 0.29264364
597 467 15 21 0.46657875

