13_Interview_Interview_On_Location_13_401
22
764 154 28 41 0.010158221
376 51 41 48 0.013937238
517 134 38 56 0.015094447
384 45 22 19 0.017532254
760 163 28 38 0.018498229
996 74 11 27 0.021744383
1000 70 15 41 0.02328197
382 49 33 36 0.027974425
649 78 40 52 0.02801049
529 103 40 53 0.102278836
344 223 42 65 0.70579344
218 77 44 67 0.786071
642 271 37 65 0.8744064
536 151 37 63 0.8744333
483 59 35 53 0.94281393
354 142 31 59 0.9429385
662 85 33 51 0.9440623
832 79 36 61 0.9511735
571 61 35 50 0.9530381
375 66 34 53 0.9535627
793 146 37 57 0.9707262
420 110 32 62 0.97351223

