13_Interview_Interview_2_People_Visible_13_743
25
195 164 61 86 0.010188876
665 78 9 14 0.010274784
936 59 19 37 0.010877263
838 65 6 10 0.011045606
668 72 20 27 0.011647367
927 72 40 62 0.012149826
715 145 8 12 0.013091488
548 27 33 43 0.016970007
838 102 7 14 0.01731221
480 253 116 138 0.018914245
835 104 11 24 0.019996345
929 28 37 58 0.02080838
147 163 57 91 0.022123948
673 82 10 13 0.024219655
840 58 7 9 0.027639125
664 74 12 21 0.036083933
670 78 14 19 0.042122826
664 69 12 19 0.060871676
718 144 13 16 0.09584454
668 69 13 17 0.11102853
929 48 36 60 0.17614894
720 145 9 12 0.46838623
544 16 41 65 0.47018272
151 0 58 68 0.75151443
858 42 40 71 0.8723624

