13_Interview_Interview_Sequences_13_5
31
117 283 30 39 0.010092644
119 308 26 17 0.010116001
208 262 67 70 0.010292711
708 254 61 106 0.012373869
81 347 49 59 0.013595809
688 177 95 159 0.0137404855
141 372 80 54 0.014038366
62 349 51 57 0.017467435
78 276 53 83 0.018645708
749 239 115 162 0.018989217
72 299 30 41 0.019001007
127 362 114 64 0.019105516
112 289 39 54 0.019982131
692 227 97 172 0.022145236
704 197 58 101 0.025592705
258 277 40 72 0.029750844
69 295 38 59 0.033646863
472 48 65 98 0.03509399
99 275 36 58 0.037854627
143 346 77 80 0.03807091
116 297 30 37 0.040720716
229 235 43 62 0.042125087
244 212 46 98 0.043007303
168 343 78 83 0.06111196
255 260 36 74 0.07881475
243 243 52 102 0.08422627
68 327 43 64 0.09838093
70 320 53 93 0.1071831
152 323 112 103 0.18695164
106 295 31 37 0.23539957
488 37 69 113 0.955282

