13_Interview_Interview_Sequences_13_717
76
867 375 29 74 0.010027331
496 377 17 33 0.010053498
125 399 12 21 0.010066054
357 430 19 29 0.010190092
158 491 15 16 0.010358405
258 448 13 11 0.0105202375
872 385 22 53 0.010886446
824 203 10 21 0.011337396
240 434 14 17 0.011491909
680 491 22 19 0.011851875
167 412 20 20 0.01199124
864 362 16 38 0.012279838
691 434 12 19 0.012706989
261 298 18 34 0.012816863
242 444 21 19 0.012866478
904 307 21 18 0.012968579
242 437 10 11 0.013473288
102 422 18 34 0.013743858
875 331 17 33 0.014368162
511 391 18 31 0.014620217
158 106 17 36 0.014687899
129 383 12 20 0.014718874
76 311 14 20 0.015214019
389 414 9 15 0.015251736
875 392 15 39 0.015362953
902 324 18 31 0.015441572
234 457 20 30 0.015564675
876 330 20 22 0.016580267
238 442 20 29 0.01697911
157 402 22 18 0.01710696
161 350 13 20 0.017358461
784 507 25 16 0.01800313
498 389 17 32 0.018878968
395 410 13 23 0.019641887
256 438 12 11 0.021729684
680 447 10 16 0.021901172
761 203 10 26 0.022212235
812 402 20 21 0.027148746
602 403 22 20 0.027164329
386 403 13 21 0.02889268
812 406 13 24 0.029135587
705 313 21 31 0.030099545
831 459 12 27 0.030497655
126 312 23 18 0.030862844
132 305 25 18 0.031266417
159 403 20 30 0.031391155
162 425 20 29 0.03207584
250 436 23 16 0.033407196
340 471 12 26 0.03471185
648 462 11 27 0.040280696
832 457 17 36 0.046067253
162 423 13 21 0.052829277
258 452 18 34 0.055160675
67 311 21 20 0.06030705
282 185 188 186 0.060938876
903 319 22 20 0.06180049
160 416 19 21 0.06301156
253 442 19 32 0.06821653
347 469 18 35 0.07316008
337 469 17 34 0.07335873
807 407 13 23 0.073644154
252 445 23 18 0.10275497
808 403 16 33 0.10600905
388 412 20 26 0.11690852
901 315 19 31 0.16474476
844 276 23 19 0.18662825
604 405 17 31 0.2234479
65 305 20 20 0.23104803
71 307 22 21 0.34086764
388 409 13 23 0.37794688
650 462 17 33 0.38280752
680 446 19 22 0.43696544
129 301 20 27 0.44237363
846 273 17 31 0.49163058
341 175 111 225 0.6945126
637 150 67 112 0.83667105

