13_Interview_Interview_2_People_Visible_13_1001
128
200 336 9 10 0.010226401
288 203 21 20 0.01037451
409 147 8 15 0.010450421
436 349 10 26 0.010497424
961 337 12 13 0.0106953215
385 179 16 35 0.010747206
675 349 17 33 0.010832041
294 189 19 32 0.011010584
447 164 8 13 0.011088447
178 358 15 31 0.011607555
500 160 9 14 0.011627491
207 333 9 12 0.011671489
208 153 16 31 0.011702508
226 158 9 12 0.011808936
253 347 12 21 0.012036524
433 317 10 23 0.01212258
939 317 17 31 0.012772529
483 161 9 13 0.01305984
670 378 19 31 0.013286216
642 281 12 21 0.013328734
382 153 11 23 0.013500119
239 367 11 21 0.013835007
484 157 17 32 0.013897333
195 192 19 23 0.013917711
473 304 6 16 0.01425039
384 173 12 26 0.014501317
467 346 16 33 0.014893611
213 152 14 20 0.015075071
421 150 16 34 0.015326873
296 356 8 15 0.015338246
95 348 9 15 0.015434014
409 151 17 25 0.0154888015
148 370 14 18 0.015549647
87 370 7 13 0.015730154
89 340 8 15 0.015811319
438 163 13 20 0.015817657
241 372 8 12 0.01606396
445 161 11 19 0.016150486
85 364 11 22 0.016941227
296 364 9 15 0.017265093
120 402 21 19 0.017348055
658 383 21 18 0.018037895
223 154 13 19 0.018419852
375 152 11 23 0.018919459
383 148 8 15 0.01905581
656 346 21 19 0.01924711
652 344 17 31 0.019430675
324 166 10 12 0.020318273
469 407 12 23 0.0208539
640 286 17 31 0.02130385
204 330 13 18 0.02285503
221 140 18 29 0.022876427
220 366 12 21 0.023346327
202 186 21 21 0.023369992
203 179 21 19 0.023539815
864 322 17 33 0.02413758
224 148 9 14 0.024255328
213 375 13 21 0.024694093
117 366 20 19 0.025195163
242 163 8 12 0.025481513
460 150 17 34 0.026006822
320 169 13 21 0.026182078
732 338 12 24 0.026294805
160 381 12 13 0.026949504
88 337 11 20 0.030287957
472 347 12 26 0.0304623
498 157 12 21 0.03082275
322 163 13 19 0.031028572
481 158 12 20 0.032985453
459 139 16 31 0.034109883
374 147 8 15 0.034757566
408 145 12 22 0.035810996
181 352 19 20 0.03584205
239 159 13 20 0.037723273
407 154 12 23 0.037989702
237 146 13 17 0.03849548
96 349 16 31 0.038708918
95 341 9 14 0.040408283
471 299 11 24 0.044333152
629 323 14 21 0.0454892
92 346 13 20 0.04598472
209 140 17 30 0.0504319
771 316 17 33 0.05201461
240 148 9 12 0.057956956
294 357 17 30 0.058735993
665 384 22 19 0.06057735
583 345 21 21 0.061193444
633 322 20 22 0.062249225
729 72 46 58 0.06558036
670 325 16 33 0.06644515
213 370 9 15 0.07008921
728 343 19 23 0.0718658
199 184 17 34 0.07691952
380 146 12 21 0.07947766
153 372 21 20 0.07970409
731 49 41 64 0.08613344
299 355 14 21 0.094715185
372 144 12 22 0.09703619
734 330 16 33 0.09962144
412 147 12 20 0.10135659
92 339 13 19 0.107528046
726 43 54 97 0.10967835
631 329 21 22 0.11371485
659 334 19 21 0.12540413
381 161 16 39 0.12545301
828 315 18 32 0.13129792
127 362 17 29 0.14244515
193 350 15 29 0.15200213
220 146 13 20 0.15260793
726 342 13 23 0.15295877
721 330 16 34 0.1533824
665 334 18 22 0.15475254
295 354 12 22 0.16767775
369 152 23 50 0.17558531
639 326 16 31 0.18008466
155 377 20 20 0.1959016
463 140 13 19 0.21042036
296 360 20 21 0.22495794
214 145 14 21 0.2564714
627 324 17 31 0.33181217
210 368 14 21 0.36448297
580 333 16 32 0.37752986
186 352 20 22 0.41095027
292 143 20 20 0.4805477
477 344 17 31 0.4954831
956 333 20 20 0.6055424
121 367 22 20 0.6709256
817 311 19 35 0.86280155

