6_Funeral_Funeral_6_531
131
199 362 13 19 0.010394355
972 243 25 17 0.01042696
134 326 10 12 0.01054914
872 202 24 18 0.010720871
468 232 6 5 0.011019493
390 51 7 11 0.011022555
215 333 13 17 0.01127886
515 277 5 5 0.011587729
594 277 6 5 0.012036279
423 248 7 6 0.012088916
513 213 7 7 0.012740035
487 290 5 6 0.013164997
132 333 12 11 0.013706099
630 276 6 7 0.014123203
340 281 12 16 0.015058519
432 252 13 16 0.015087685
4 325 16 32 0.0152211
290 317 8 11 0.015341286
644 229 7 9 0.015505439
280 306 9 11 0.01578142
988 243 24 17 0.01588497
40 345 26 16 0.016328085
214 307 13 16 0.016488075
502 215 7 6 0.016675366
615 276 5 6 0.0167832
239 333 9 12 0.016989084
311 276 8 12 0.017110376
610 246 5 5 0.017254464
537 261 6 6 0.017345559
610 228 5 6 0.017647712
236 320 13 16 0.019561078
216 336 10 11 0.020385502
563 247 6 6 0.021935955
424 71 6 8 0.024304073
255 304 10 10 0.02463431
458 272 6 8 0.025290472
596 260 5 6 0.025471255
485 229 5 5 0.02554022
212 318 13 17 0.025842497
204 356 14 17 0.027825553
515 291 5 5 0.028215442
35 336 22 19 0.02856636
467 273 6 7 0.028700134
383 264 14 14 0.029947646
488 273 5 6 0.030038403
1 329 11 26 0.030076923
552 273 5 6 0.030743754
562 228 6 6 0.031135444
598 245 5 5 0.03418759
582 244 5 5 0.036004584
100 323 13 18 0.037556764
99 332 13 18 0.037902527
598 229 5 6 0.03879892
375 274 8 11 0.03918209
583 231 5 6 0.042215727
547 242 6 6 0.044888232
193 315 18 18 0.047544125
567 273 5 5 0.0518149
546 231 6 8 0.05388984
103 326 8 9 0.05390909
239 322 9 11 0.055788305
285 293 14 15 0.057810508
164 322 12 12 0.05837722
113 330 14 17 0.05851836
193 310 14 16 0.06160505
245 292 14 16 0.062837236
244 305 14 15 0.065654665
502 289 5 6 0.06923752
215 309 9 10 0.06937833
312 288 8 11 0.069509305
140 329 14 17 0.07066588
213 320 9 11 0.07265383
502 228 6 6 0.07566583
503 245 6 6 0.07710838
115 333 10 11 0.07731492
354 284 9 11 0.07993315
264 286 20 19 0.08098152
580 264 5 5 0.08219396
472 245 6 6 0.083771564
584 273 5 6 0.085111536
223 328 19 18 0.08856748
247 295 9 11 0.08864384
103 337 8 9 0.09255155
176 323 10 12 0.09468767
196 312 10 12 0.09668424
563 261 6 6 0.10272902
220 306 14 15 0.10305396
289 301 13 16 0.10841464
172 321 14 16 0.10928728
531 237 7 8 0.1255226
499 261 6 6 0.1262195
129 328 22 19 0.13217996
502 275 5 6 0.13511471
406 268 10 10 0.13709405
519 233 8 8 0.1444713
227 331 13 12 0.15242535
228 326 11 13 0.15349892
110 323 14 17 0.15583608
529 233 7 9 0.16337009
341 283 9 12 0.17527744
133 324 15 19 0.17622063
113 326 9 11 0.19496
288 295 10 11 0.19710015
223 308 10 11 0.19977933
482 246 7 7 0.20040189
437 244 6 8 0.20462076
416 268 8 10 0.21028474
517 240 7 8 0.21709855
324 283 9 12 0.21765187
271 289 10 12 0.22268157
486 259 5 6 0.2481024
246 308 10 10 0.2707641
549 259 6 7 0.28706878
79 334 22 20 0.29568073
448 248 7 9 0.31983802
291 303 9 12 0.35053352
226 325 14 16 0.35298988
456 257 7 8 0.35348812
136 324 20 20 0.35378167
465 260 6 8 0.3875811
197 317 10 13 0.394199
405 263 10 12 0.4168082
339 279 10 13 0.42912582
321 276 13 17 0.4621887
417 262 9 11 0.4856762
162 319 16 18 0.5156593
40 338 23 20 0.5565963
435 254 8 10 0.57199365
260 290 15 16 0.5770943
354 278 9 12 0.62199813
385 268 11 12 0.71820337

