6_Funeral_Funeral_6_760
82
789 381 7 9 0.010233928
767 148 17 32 0.010330244
885 161 7 10 0.010568454
632 144 25 37 0.010991203
765 154 12 21 0.0111508835
645 359 13 19 0.011280126
229 207 38 67 0.011403917
886 169 9 10 0.011465738
688 182 20 20 0.011623047
709 173 8 11 0.011720732
950 311 8 12 0.012013904
631 142 23 17 0.012030945
866 123 6 8 0.012061135
81 213 61 94 0.012202861
203 106 72 95 0.012220422
845 155 21 20 0.012479923
653 359 13 19 0.012702539
914 144 7 11 0.013032126
656 363 7 10 0.013447624
723 174 8 10 0.013455914
628 141 9 11 0.01367938
599 332 6 8 0.0142091755
626 139 14 18 0.015351281
900 141 13 19 0.015533583
935 106 5 9 0.01583844
903 144 8 11 0.016143266
707 169 12 20 0.016183348
922 162 17 20 0.017171277
771 353 16 39 0.017815609
621 336 21 29 0.018252987
758 168 8 14 0.018985456
671 361 23 21 0.0197638
575 355 12 18 0.02009587
948 108 5 9 0.020424152
767 347 23 50 0.0209345
948 94 5 9 0.021741705
976 168 10 12 0.021979019
648 363 8 10 0.022373812
863 327 12 17 0.023169281
611 364 6 9 0.024296101
610 169 13 20 0.026344974
750 160 18 30 0.026837269
608 351 7 10 0.028527576
630 153 13 20 0.028812375
882 124 7 10 0.02885569
596 360 7 9 0.028989218
653 354 28 40 0.031304326
840 165 23 19 0.031437557
899 151 12 19 0.031717945
761 392 19 22 0.031989098
918 164 12 18 0.034336872
570 359 6 11 0.035166666
197 98 97 130 0.03560127
757 156 13 23 0.035655368
855 121 6 8 0.037422236
898 170 13 18 0.037503406
839 148 19 32 0.04083139
612 172 9 12 0.041064385
901 155 8 12 0.042075723
827 167 23 20 0.04567611
747 148 17 31 0.047091484
836 159 20 29 0.051041543
624 147 19 29 0.059377998
568 352 6 12 0.060135804
920 167 8 12 0.061697308
599 353 7 10 0.068177775
912 155 12 20 0.07549437
914 158 8 13 0.08532366
901 173 8 11 0.08910391
865 329 8 12 0.093844794
758 390 13 23 0.0992476
672 426 20 22 0.10156251
925 158 12 19 0.12306106
756 163 13 21 0.1765869
632 153 22 22 0.18236603
927 165 10 14 0.21422651
578 358 8 11 0.26226932
576 353 9 14 0.38157257
415 320 21 31 0.45613325
665 353 26 40 0.6610087
961 160 15 18 0.7423025
210 119 82 160 0.96915644

