6_Funeral_Funeral_6_618
74
175 646 19 28 0.010093583
327 1149 60 74 0.010198518
554 3274 201 224 0.010588608
320 1141 62 43 0.011157064
391 1220 25 22 0.011261379
662 1174 73 43 0.012070645
368 509 48 74 0.012609736
271 493 29 32 0.013135919
85 605 33 57 0.013583472
438 1170 25 21 0.014985439
197 504 37 45 0.0154420575
207 512 26 33 0.015543401
129 473 34 52 0.015569521
740 498 106 105 0.016094506
41 452 18 28 0.016212445
59 486 18 30 0.01756225
482 1219 18 17 0.017767088
292 492 27 35 0.017862076
337 1149 31 28 0.018090663
143 559 23 32 0.019100647
170 475 35 50 0.019118983
600 453 23 19 0.01963264
85 559 20 29 0.019930834
351 505 34 36 0.021910084
550 476 58 49 0.021951692
350 494 33 36 0.022053804
177 480 22 30 0.02248119
142 452 21 27 0.023429642
163 510 49 75 0.023947697
165 455 22 25 0.024617406
136 481 20 29 0.024803132
304 1166 55 45 0.025052015
568 484 23 23 0.025786253
312 3278 184 252 0.030507807
735 3243 132 138 0.0339124
262 3247 290 370 0.038116783
56 509 31 54 0.0402747
624 3199 235 376 0.048481133
206 490 27 31 0.049319733
487 570 20 25 0.05011285
632 3335 137 165 0.05495367
391 554 29 36 0.055242
60 518 20 34 0.057261188
329 1159 39 43 0.062130306
314 1173 32 30 0.0627601
389 536 27 33 0.064479396
88 485 21 36 0.0757422
336 1165 29 30 0.079960056
133 525 22 33 0.08301532
269 503 38 45 0.08987496
337 3398 196 257 0.0951863
355 482 56 54 0.09867253
85 521 21 35 0.09952127
81 2462 64 126 0.10838924
129 516 35 52 0.11083026
659 3243 163 270 0.11731076
172 526 26 36 0.1179196
77 509 33 54 0.122396044
85 2427 64 127 0.14104812
379 527 40 48 0.1519234
286 501 39 44 0.15828826
198 484 40 47 0.17261627
295 3336 274 376 0.17817833
385 547 38 49 0.18594615
261 486 55 52 0.19232076
79 477 35 57 0.2949328
276 485 51 58 0.32689738
531 1191 89 103 0.7163215
343 487 52 56 0.736974
164 519 39 51 0.7395418
912 4302 108 146 0.83534265
259 2465 69 109 0.8399635
725 463 129 159 0.9400003
524 2021 274 207 0.9493636

