6_Funeral_Funeral_6_160
70
854 129 52 74 0.010012549
294 250 18 36 0.010197097
289 253 22 20 0.010647407
714 200 32 67 0.010808441
257 235 39 62 0.012610502
330 275 25 46 0.015092179
194 177 42 70 0.015374513
287 244 26 46 0.015668973
195 311 34 67 0.016797433
392 260 22 19 0.017856047
289 226 18 38 0.018341945
93 170 43 114 0.02037347
221 205 38 63 0.020393664
5 199 16 77 0.020460697
370 240 20 22 0.020985892
128 177 36 64 0.022318043
828 193 52 90 0.024382189
372 309 30 49 0.024762852
280 234 35 64 0.025060447
718 178 25 53 0.025317281
529 372 41 55 0.02562795
3 133 32 97 0.02842142
337 276 12 25 0.028979233
166 207 36 82 0.029871274
329 265 19 34 0.03290027
266 221 27 45 0.034161795
1008 59 16 64 0.035610218
25 60 40 117 0.040376283
986 807 38 136 0.04266275
181 236 36 76 0.047841467
999 828 21 110 0.04864626
910 91 45 69 0.052631326
285 442 27 46 0.054886837
53 85 35 80 0.057089873
973 165 45 102 0.06439718
356 286 35 69 0.07266702
3 165 31 97 0.07536617
998 90 25 102 0.07740168
282 220 26 48 0.07995516
996 127 25 107 0.080491126
725 161 28 49 0.0837505
737 166 34 75 0.0923575
261 181 49 91 0.09844943
176 212 48 109 0.09986869
210 179 43 76 0.10221388
2 186 25 101 0.11886962
892 105 40 71 0.12316803
261 211 36 64 0.12668012
863 204 43 68 0.13730937
288 185 35 65 0.17414801
971 97 43 113 0.17529768
6 124 57 221 0.19527037
9 103 38 132 0.20138806
87 186 36 74 0.2348138
277 208 35 67 0.26511353
140 203 50 94 0.2981746
1000 71 24 90 0.3672383
157 217 51 103 0.42438123
786 201 41 78 0.43488482
7 160 43 136 0.5837926
362 295 37 68 0.602997
900 97 58 86 0.7290761
20 216 54 113 0.7311233
718 152 29 72 0.7975439
362 217 25 45 0.8049047
841 124 40 69 0.8272417
755 163 35 76 0.84219337
869 242 71 84 0.864634
198 186 64 96 0.89811176
612 367 34 58 0.91693336

