6_Funeral_Funeral_6_1029
31
157 167 22 35 0.011314261
382 171 20 37 0.012637551
55 252 35 66 0.01467038
378 234 38 72 0.015429166
315 208 47 58 0.015812017
222 203 35 61 0.01770077
764 136 35 75 0.019162321
763 114 34 77 0.021275036
355 174 35 68 0.025976842
381 179 26 47 0.026810644
957 264 54 95 0.031517662
368 163 24 52 0.03263653
480 158 35 61 0.034653317
831 51 43 55 0.038031768
271 122 80 112 0.044607006
400 197 57 83 0.067858964
297 160 71 105 0.10439803
228 202 28 42 0.12226053
363 152 31 74 0.13430342
371 160 33 63 0.18177165
143 161 28 43 0.32545954
836 98 57 78 0.4645649
75 149 33 39 0.48252442
975 91 49 94 0.49795017
418 189 31 73 0.63152593
81 135 33 54 0.6962827
2 193 25 47 0.74981755
147 158 35 54 0.8368845
40 180 33 40 0.9281779
284 111 88 156 0.95116615
607 109 80 146 0.9962047

