6_Funeral_Funeral_6_696
92
328 183 23 20 0.010120996
344 158 10 12 0.010239068
296 56 7 12 0.010285937
296 158 21 19 0.010424643
823 134 43 63 0.010510975
1018 58 6 47 0.011110056
1 178 17 27 0.011359214
473 158 41 69 0.011528639
368 169 14 25 0.012688542
207 172 18 31 0.013363595
123 166 25 17 0.013602371
88 163 27 18 0.013962124
223 176 14 23 0.014071074
91 188 26 20 0.014902562
343 156 14 18 0.015155042
413 163 19 31 0.015335978
542 173 10 11 0.0155760115
319 186 22 19 0.016769852
807 166 34 38 0.0168237
523 159 13 17 0.0172248
86 155 16 19 0.017294405
106 170 24 18 0.018082391
307 43 12 18 0.018132951
219 156 21 18 0.019054312
1014 53 10 59 0.019503014
967 170 34 41 0.02010499
0 165 37 51 0.021079484
526 161 8 12 0.021696022
17 167 23 21 0.02265406
81 149 19 29 0.022892645
350 158 11 12 0.023894796
295 49 6 10 0.024632264
549 146 18 30 0.025279103
915 130 54 76 0.025301995
141 169 24 18 0.027040897
521 164 20 31 0.027135927
69 174 20 29 0.02810206
396 154 13 24 0.028186588
671 129 51 57 0.031417847
519 162 13 21 0.03344054
169 150 17 32 0.03359263
348 163 20 22 0.037791763
560 65 47 70 0.03794349
521 159 9 12 0.038805377
15 187 25 42 0.04276729
158 168 22 19 0.043185335
390 154 13 23 0.04740647
786 156 10 12 0.048300523
531 171 8 13 0.04935479
519 157 13 19 0.051030546
784 156 14 17 0.05251323
800 164 24 18 0.055907045
309 46 8 11 0.059860766
536 169 21 19 0.08817962
170 158 24 19 0.08970298
348 156 13 19 0.09647937
124 180 20 33 0.10851673
28 167 21 27 0.10940199
390 151 18 30 0.10973647
527 168 14 19 0.11217116
162 166 26 37 0.113564946
296 165 18 31 0.12788214
422 87 40 55 0.13146777
101 186 20 33 0.1720359
974 169 43 69 0.18393214
172 162 23 21 0.21650888
389 160 19 30 0.21706197
167 162 19 33 0.22230221
295 164 21 21 0.2533264
58 170 26 18 0.2701859
24 163 24 20 0.31059074
548 143 13 19 0.34337318
26 197 20 34 0.36258498
549 147 13 19 0.435001
118 183 26 41 0.45531288
7 173 22 32 0.47467148
58 187 26 40 0.47491914
92 151 21 29 0.48429236
86 156 26 19 0.4907147
366 169 19 33 0.4939922
965 162 43 62 0.54579175
97 174 25 40 0.5627769
222 167 18 31 0.5823036
336 175 20 34 0.6149103
815 147 45 65 0.6329981
682 117 56 75 0.6586431
162 188 26 44 0.69118136
568 67 57 75 0.6974639
267 149 21 35 0.7302852
565 198 52 94 0.7847081
454 165 62 82 0.8108964
898 132 42 59 0.9430882

