6_Funeral_Funeral_6_733
44
208 288 24 17 0.011196847
880 116 70 86 0.011303678
294 295 8 10 0.011516804
396 301 11 18 0.011812537
198 298 40 58 0.013228135
218 301 29 46 0.01454157
316 315 14 16 0.016059153
247 309 7 8 0.016162673
265 313 18 33 0.019854803
335 304 11 12 0.022706369
19 105 12 22 0.023431344
254 315 20 19 0.026521573
326 293 13 17 0.02832202
858 109 104 144 0.0291895
327 295 9 11 0.030051326
319 318 10 11 0.031543195
266 296 18 31 0.032422267
214 290 27 18 0.03985302
223 293 21 33 0.041498464
5 280 16 38 0.042801227
0 261 13 36 0.04403497
205 290 31 40 0.04876603
276 296 10 12 0.051620435
398 303 7 12 0.05460057
295 306 9 11 0.06623815
274 294 13 17 0.066517375
260 305 14 17 0.06707264
328 293 20 19 0.074448064
293 303 14 18 0.07900714
324 307 9 11 0.08048821
304 308 10 12 0.118218526
389 302 11 18 0.12888162
262 307 9 10 0.14186892
276 302 11 11 0.14639302
322 303 14 18 0.19828118
274 299 14 17 0.23161727
301 306 14 17 0.4034525
24 277 26 41 0.438874
329 299 20 20 0.46105793
390 304 8 12 0.54573685
209 286 39 55 0.57259893
132 202 67 86 0.8556137
652 148 79 100 0.9690581
839 140 94 147 0.9897966

