6_Funeral_Funeral_6_610
32
434 419 44 69 0.010334564
862 45 110 146 0.011944053
430 429 56 102 0.012559968
528 399 66 93 0.012763753
640 149 83 82 0.012775319
863 10 130 107 0.013060153
853 64 65 93 0.015597997
552 415 36 75 0.016477037
768 30 43 62 0.016910877
956 6 41 56 0.016918926
562 416 41 74 0.017295143
836 47 100 131 0.017334979
417 309 90 154 0.020293135
766 19 66 77 0.0224385
395 395 71 90 0.02289281
881 9 39 58 0.027616335
951 16 49 98 0.0297422
892 20 77 70 0.03068261
872 14 38 61 0.032009326
846 25 71 74 0.03344212
436 318 61 97 0.033876177
430 386 57 112 0.03731355
865 28 42 62 0.043344866
375 299 48 68 0.045450054
379 297 91 147 0.04601437
631 355 88 155 0.055901363
646 379 60 106 0.064915195
622 115 121 137 0.09799274
386 360 101 138 0.10180739
558 384 89 140 0.15308627
564 429 68 100 0.19644856
381 287 61 92 0.3298756

