6_Funeral_Funeral_6_177
261
165 572 7 7 0.010006161
2 504 5 11 0.010033543
391 268 29 38 0.010123309
551 185 19 30 0.010126468
976 164 14 22 0.010163871
262 598 7 8 0.010384457
356 168 7 8 0.010395915
114 524 7 6 0.010408294
85 414 9 9 0.010535437
817 142 22 19 0.010595004
355 155 7 6 0.010610661
123 139 39 63 0.010820097
66 627 9 8 0.010930675
288 421 9 10 0.010994515
484 208 20 30 0.011078239
262 203 17 39 0.011141377
528 223 12 21 0.011175101
70 435 9 9 0.011222809
899 203 21 22 0.011280089
349 212 14 18 0.011430149
619 190 22 21 0.011443417
247 456 5 8 0.011491627
248 405 6 9 0.011674856
278 484 9 8 0.011913264
337 483 8 9 0.011944841
321 541 6 8 0.012076326
116 354 8 7 0.012202286
384 167 8 9 0.012207368
85 502 9 7 0.012352727
637 198 21 33 0.0124794645
524 193 13 19 0.012562831
558 180 13 18 0.012563292
98 359 10 8 0.012856993
117 588 9 8 0.012967097
444 189 19 19 0.013092479
416 170 13 16 0.013148801
514 205 25 44 0.013186294
1008 172 16 23 0.013249913
941 149 23 19 0.013295044
296 498 8 9 0.01335998
893 180 37 49 0.013414346
136 525 8 7 0.013502435
55 628 8 8 0.013570681
307 562 7 9 0.013594498
371 152 7 7 0.013774769
494 166 22 17 0.013991826
4 208 8 13 0.014222326
325 191 20 29 0.014592936
51 490 8 8 0.014771084
69 502 8 8 0.014867176
1004 196 20 22 0.015104488
838 183 25 17 0.015114635
286 600 7 10 0.015438658
273 617 7 8 0.015509508
68 424 10 8 0.015666774
434 180 8 12 0.0158747
253 195 13 20 0.016028605
501 193 11 11 0.016340612
38 566 7 9 0.016447097
309 551 6 8 0.01685806
394 205 21 30 0.016861197
508 166 14 18 0.016965933
243 441 6 8 0.017262917
197 572 8 7 0.017314538
364 184 13 16 0.017457584
272 539 7 8 0.017481418
3 635 6 8 0.01773414
487 173 7 9 0.017821107
118 552 7 7 0.017882038
17 196 9 12 0.017901544
136 169 29 45 0.018022098
511 171 9 10 0.018493239
959 165 22 20 0.018630927
85 489 9 7 0.018802663
118 470 9 7 0.019140162
866 169 22 28 0.0192399
580 180 9 8 0.01933893
969 173 24 19 0.019392308
257 442 7 8 0.019543089
179 520 7 8 0.019611215
338 151 8 7 0.019642493
82 564 9 9 0.019876445
528 196 8 12 0.020488912
273 409 7 9 0.020531883
99 488 9 7 0.021053085
182 575 8 7 0.021121264
293 547 7 7 0.021135587
482 197 9 11 0.021650743
255 199 8 12 0.021676492
546 192 12 19 0.021710297
264 538 6 9 0.021944007
432 240 23 18 0.021966564
267 181 19 40 0.022262156
417 195 9 13 0.02266893
169 456 7 8 0.023034092
471 184 8 10 0.023587419
518 208 17 33 0.023630166
469 194 9 11 0.023694275
288 485 10 9 0.02375979
22 490 7 10 0.023845576
131 420 7 8 0.024365973
319 203 20 31 0.024581797
150 407 7 9 0.02462258
757 200 8 8 0.024648713
413 192 13 19 0.024811372
480 194 13 19 0.025257548
100 537 9 8 0.025785115
796 157 23 34 0.02602834
115 488 8 7 0.02603139
404 197 10 12 0.026046427
21 553 8 10 0.026145637
37 629 7 7 0.026148375
49 568 8 9 0.02634928
828 136 14 17 0.026424125
102 424 9 7 0.026525851
500 170 9 9 0.026995702
983 162 23 20 0.02719811
162 538 7 8 0.027614877
483 177 12 17 0.027735356
843 147 24 19 0.028319545
216 250 39 60 0.028615449
500 184 9 11 0.028884077
112 228 6 9 0.029103864
532 184 7 10 0.029126024
19 628 7 8 0.029597802
386 183 9 10 0.02999027
21 568 7 10 0.0303227
418 172 9 11 0.030435616
196 515 6 9 0.030517004
281 601 7 10 0.030684317
1 261 33 66 0.030926052
84 418 10 8 0.031206192
621 182 28 38 0.031233406
132 550 7 7 0.031393424
129 594 9 9 0.031684842
770 202 8 7 0.032298323
411 176 19 19 0.03252006
313 213 22 20 0.032570746
496 189 20 21 0.03264001
150 462 7 8 0.032704968
512 187 20 29 0.032837454
438 167 9 10 0.033237807
396 191 21 26 0.033239387
999 156 18 34 0.033241365
934 168 19 33 0.033276472
1006 198 15 39 0.03363433
360 191 21 26 0.03394731
327 498 7 10 0.034013655
514 185 14 17 0.034024436
547 181 13 18 0.034665156
968 164 26 38 0.034870293
498 182 13 18 0.035451505
407 179 14 17 0.035578266
70 552 8 9 0.036086358
926 162 26 42 0.036382165
211 580 7 7 0.036884267
742 186 7 9 0.036934696
145 165 38 60 0.037602864
135 404 7 7 0.03767284
224 99 48 48 0.03780413
176 455 6 8 0.038058486
367 186 8 10 0.038083144
54 501 7 8 0.038367715
1003 171 16 37 0.03846182
168 596 9 7 0.038538832
258 552 6 8 0.038630664
367 193 9 13 0.038720533
114 409 7 8 0.03874678
311 484 9 10 0.03925877
99 552 8 8 0.039654035
1008 164 16 22 0.040103525
831 138 10 10 0.041795198
424 250 29 39 0.041896135
828 141 20 20 0.041975908
548 196 8 10 0.04261157
597 183 9 8 0.042707235
2 583 6 11 0.043431178
39 488 8 10 0.045834962
67 605 10 11 0.04697145
34 505 7 9 0.047023434
277 552 7 9 0.04716689
147 483 7 8 0.0486108
147 597 8 7 0.049359947
85 547 9 9 0.052024454
373 168 7 8 0.052133232
133 535 7 7 0.052201852
746 182 21 30 0.055395324
254 187 33 64 0.055588353
20 615 7 9 0.055958733
608 183 9 8 0.056544323
408 180 10 11 0.0585692
147 533 7 7 0.058653012
71 562 9 10 0.058887262
196 582 8 7 0.059278153
561 184 8 10 0.059817567
149 469 7 7 0.059844095
518 188 8 10 0.060033716
177 595 9 7 0.060214575
364 191 13 18 0.060511433
97 475 9 8 0.06061382
55 423 9 9 0.06179943
834 181 21 29 0.06529436
860 142 21 22 0.06572929
832 148 20 29 0.06823851
183 531 7 9 0.07006041
54 548 9 10 0.07459275
402 193 14 19 0.075125664
167 471 7 8 0.07743442
39 612 9 9 0.07868235
68 483 8 9 0.07956494
33 552 7 10 0.08046701
48 611 8 9 0.081722796
116 609 10 9 0.083146475
167 519 8 9 0.08331841
116 602 9 9 0.087042876
550 185 7 10 0.088124454
151 582 9 8 0.08914172
2 198 13 18 0.0921005
357 185 13 17 0.09559382
144 525 8 8 0.09662419
307 301 43 56 0.09957102
4 200 9 14 0.10010875
86 615 9 10 0.10025922
85 540 9 10 0.10088297
129 468 8 8 0.101295814
484 179 8 11 0.107129626
360 192 9 13 0.10736723
540 265 17 37 0.10829185
131 159 39 62 0.11863601
208 572 7 8 0.120166
693 171 28 39 0.12436188
115 533 7 8 0.12506695
68 609 10 9 0.12785709
359 189 12 18 0.13407418
450 187 9 13 0.14132793
161 582 9 8 0.14453657
416 262 30 39 0.15486825
359 187 9 12 0.15854506
128 589 9 9 0.16727783
482 259 27 40 0.16902655
97 598 11 11 0.1760632
899 192 23 29 0.17737538
450 192 10 12 0.17910525
518 193 9 14 0.18053314
181 580 8 7 0.182284
220 228 33 63 0.1918034
769 164 31 36 0.21551222
416 178 10 12 0.27186766
790 163 31 36 0.27824295
905 148 32 36 0.2852354
899 195 27 38 0.30294776
516 191 13 18 0.37637419
262 171 31 64 0.4116515
972 158 20 34 0.44549602
444 258 26 39 0.48580405
687 166 25 43 0.62444013
550 207 31 66 0.62525225
630 185 29 43 0.6927169
920 152 29 39 0.7022987
870 152 29 38 0.84300536
782 155 31 42 0.8490721

