6_Funeral_Funeral_6_77
316
1006 450 12 20 0.010091177
230 542 7 7 0.010095069
206 389 22 17 0.010120419
523 353 19 28 0.010121469
2 565 6 13 0.010172475
445 346 12 18 0.010235682
547 370 19 28 0.010384212
73 340 24 17 0.01039696
85 359 13 11 0.0104293665
465 389 8 10 0.010448577
909 426 14 17 0.010522765
970 563 41 116 0.010694676
458 371 19 29 0.010871303
1010 443 8 10 0.01087555
983 517 35 61 0.010983218
322 374 22 28 0.011017285
999 393 8 9 0.011085022
945 511 20 21 0.011128098
925 543 22 18 0.01119823
910 406 9 11 0.011219163
531 339 13 17 0.011224963
117 566 7 6 0.011255939
972 524 21 30 0.0112833865
47 361 11 10 0.011365024
999 411 9 8 0.011368406
559 360 11 11 0.011368878
506 385 21 20 0.011484096
785 366 9 10 0.011583078
951 349 7 10 0.0116023375
165 550 7 7 0.011608955
362 363 20 29 0.011620604
469 406 9 12 0.011681438
952 504 22 20 0.011715768
196 537 7 8 0.011729855
931 484 34 57 0.011855456
691 362 8 10 0.011888016
895 393 13 17 0.011909533
1009 454 9 12 0.011920087
630 346 9 10 0.0119518945
217 388 23 17 0.012155631
43 329 26 16 0.01222725
196 399 14 17 0.012260708
838 408 7 9 0.012339005
820 366 8 10 0.012376351
694 391 9 11 0.012425839
130 570 7 7 0.012548547
467 402 13 19 0.012591422
81 559 8 7 0.012634373
716 397 19 30 0.012686731
211 533 8 8 0.012732325
298 361 21 19 0.012837229
48 344 13 9 0.012962233
883 475 7 10 0.01319458
904 439 20 28 0.013220998
13 375 13 11 0.0132657075
146 370 14 17 0.013349218
953 511 22 20 0.0133824255
966 390 9 7 0.0135364905
575 348 10 9 0.013638002
537 391 22 18 0.013768157
451 353 18 27 0.013942547
948 410 8 9 0.014001453
516 376 10 11 0.014224812
791 408 22 18 0.014333318
47 566 10 7 0.014377523
859 357 13 17 0.014437894
760 360 9 11 0.014480922
428 353 19 27 0.014901316
447 348 9 11 0.0150233535
641 362 9 10 0.015033475
787 403 14 19 0.015100502
258 390 11 9 0.015126018
240 361 10 8 0.015133067
227 549 7 7 0.015161284
915 470 10 11 0.015217842
707 375 13 20 0.01526054
82 566 10 8 0.015575486
41 339 24 16 0.015585908
926 536 21 19 0.015845325
96 355 20 26 0.015963234
819 370 13 17 0.016175903
896 426 14 16 0.016207257
527 360 14 17 0.01628519
602 344 24 17 0.01629419
897 435 14 17 0.016299313
582 358 26 37 0.016436085
30 360 22 17 0.016508479
108 366 21 27 0.016645227
705 388 9 13 0.016678758
964 381 7 7 0.016710037
66 362 11 10 0.017094344
1009 424 8 10 0.017118357
271 386 22 18 0.017134232
497 347 10 10 0.017229022
651 533 6 10 0.01732599
190 357 13 18 0.017398525
403 372 10 12 0.017735636
36 362 11 10 0.017782755
195 394 14 17 0.017825114
630 377 12 11 0.017825749
117 349 9 8 0.017983044
497 390 21 20 0.018020773
306 373 11 13 0.018130897
887 362 8 10 0.018207468
626 359 9 10 0.01823416
179 346 7 8 0.018239936
750 373 13 19 0.018252125
662 374 13 17 0.01853754
100 565 8 6 0.018579967
313 370 20 20 0.018612923
453 383 13 18 0.01872596
944 412 22 28 0.01873312
622 363 19 29 0.018844958
568 346 23 16 0.018872593
655 533 6 9 0.018920192
243 390 10 9 0.019123903
988 507 20 31 0.01913686
948 389 7 8 0.01942205
160 368 13 18 0.019667013
332 370 21 19 0.019894846
533 342 9 11 0.019986749
983 438 8 8 0.020254742
722 405 12 21 0.020398466
96 360 10 11 0.020512985
360 349 27 35 0.021023504
548 360 13 13 0.021028388
405 349 9 10 0.021040667
995 531 19 34 0.021597018
241 381 10 9 0.021887984
252 386 23 17 0.021897715
210 363 8 9 0.022247678
914 465 13 18 0.023066495
22 569 8 10 0.023340305
486 360 9 11 0.023596993
454 386 10 11 0.023966186
106 387 22 17 0.02401946
990 425 14 16 0.024061278
102 559 8 7 0.02407183
70 564 9 8 0.024215529
884 389 13 18 0.024383482
404 359 9 11 0.024482979
576 368 24 17 0.024714535
988 499 23 19 0.024893705
1009 407 9 10 0.02506709
617 356 21 18 0.02525213
287 378 11 12 0.025282595
401 356 14 18 0.025324712
37 374 22 27 0.025429212
897 372 9 11 0.025967004
62 359 22 17 0.02606986
898 395 8 11 0.026071258
982 428 9 9 0.026177466
401 369 13 19 0.026227841
179 538 8 9 0.02626486
882 377 9 10 0.026316024
909 509 14 22 0.026423635
452 378 14 17 0.027220258
929 442 9 9 0.027332269
38 377 12 11 0.027516538
512 373 21 19 0.02756926
166 347 7 8 0.02761242
265 375 21 29 0.028321423
602 349 27 34 0.028332278
710 377 8 10 0.028711645
46 376 12 11 0.028759422
941 500 14 22 0.029108904
522 370 19 29 0.029359022
149 350 7 7 0.029475877
181 362 13 17 0.029496787
736 370 12 18 0.029759578
914 501 13 23 0.029837316
753 377 8 11 0.029839156
215 378 9 9 0.029921435
514 361 9 12 0.029929977
6 374 10 13 0.030396897
275 378 11 10 0.030511577
912 429 9 10 0.030715851
789 370 12 18 0.030740293
149 361 7 9 0.03097761
249 405 23 19 0.031244978
664 362 9 10 0.03149642
162 364 8 9 0.03161058
725 376 7 10 0.031653572
8 375 19 30 0.031952646
689 372 13 19 0.031979434
994 436 9 9 0.03225371
148 551 5 6 0.032390464
116 364 9 10 0.032932375
213 394 9 9 0.033037364
436 361 9 13 0.03327062
282 386 22 19 0.033337347
951 357 7 11 0.033693135
162 371 10 11 0.033735678
164 540 6 7 0.033779155
496 357 11 12 0.033818305
664 377 9 11 0.033939127
534 370 23 18 0.034447443
848 377 8 11 0.03480555
71 559 8 8 0.03491069
225 373 19 30 0.03495757
639 376 13 11 0.03502969
531 377 12 12 0.035343483
872 372 8 11 0.03659702
77 352 21 25 0.036665913
127 361 13 17 0.036852777
488 368 20 30 0.0368561
37 566 9 8 0.037033264
116 373 12 10 0.037627444
148 373 10 10 0.037953943
980 395 7 8 0.03833098
511 358 13 18 0.03906417
434 370 10 13 0.039408877
738 374 9 11 0.03956578
1 394 8 12 0.0396273
120 367 21 18 0.040477503
468 376 14 17 0.040787965
900 362 7 10 0.040921267
113 391 10 10 0.04193065
490 345 21 19 0.042390358
691 374 9 11 0.043256648
219 362 22 17 0.043290827
187 369 14 17 0.043683045
198 402 10 10 0.04485054
900 400 13 18 0.045318145
58 372 23 17 0.045839697
128 371 10 10 0.045967527
198 398 9 10 0.046395764
637 369 18 29 0.046542704
130 363 9 11 0.04668877
259 376 15 16 0.046712447
34 373 21 17 0.04678357
945 442 7 8 0.047944337
485 358 13 18 0.04817254
862 359 9 12 0.04839827
110 361 21 19 0.048679907
886 392 9 12 0.048813526
1005 558 17 39 0.048874754
627 373 21 17 0.05098037
834 365 7 10 0.05153166
132 345 7 8 0.05166678
6 371 13 19 0.051771235
219 369 22 18 0.051810738
765 356 13 18 0.052503314
469 379 10 11 0.052579578
193 360 8 10 0.052613176
926 355 8 11 0.052665066
191 372 9 12 0.053929046
669 372 12 18 0.05436818
0 390 11 19 0.05451312
134 551 7 7 0.05495444
116 557 8 7 0.056222275
690 386 20 20 0.056427367
448 356 9 15 0.057520546
902 403 9 12 0.0600345
354 354 21 20 0.06086598
225 393 9 8 0.060925834
422 361 9 12 0.06184043
688 372 20 31 0.06306296
697 373 26 42 0.06445992
226 365 10 10 0.06490422
993 428 9 10 0.06536901
455 382 9 10 0.06611306
1 548 7 12 0.06751101
671 376 9 12 0.06819965
768 359 9 12 0.068832666
196 348 8 8 0.06961872
790 373 9 11 0.069888614
261 379 11 10 0.074812755
183 364 8 10 0.07803431
421 358 13 19 0.079781525
697 383 20 23 0.07991693
930 495 13 22 0.08218072
270 375 22 17 0.08384283
973 508 20 31 0.08394995
281 375 21 19 0.085590675
226 373 10 10 0.08821478
910 434 15 16 0.090054594
948 380 7 9 0.09324618
908 505 18 33 0.09397595
571 358 22 19 0.095843725
833 372 7 11 0.09858254
899 438 9 10 0.09868007
87 356 22 19 0.09915831
940 497 20 32 0.1095672
40 373 22 18 0.11038908
182 367 13 18 0.11961532
292 369 21 28 0.12179494
899 429 8 10 0.122101024
6 372 23 19 0.12884472
854 357 12 17 0.13482101
822 373 8 10 0.13528132
669 359 13 17 0.13820831
797 373 14 16 0.13972403
112 368 21 19 0.14041431
431 366 14 19 0.14127553
913 437 10 11 0.142155
301 369 21 20 0.15659374
489 353 21 19 0.16206683
583 366 25 19 0.17069139
800 375 10 12 0.1846113
671 361 9 13 0.20637374
81 355 22 18 0.21685244
551 356 22 19 0.21713127
588 355 20 28 0.22278991
434 359 13 21 0.23071837
527 373 21 19 0.23892595
444 354 14 19 0.2497329
334 344 21 28 0.25067762
855 359 9 13 0.2884804
333 342 23 20 0.29098317
477 372 14 17 0.29776058
633 372 21 19 0.3060492
360 355 22 20 0.3107281
919 355 9 13 0.35432723
603 354 24 20 0.35577065
545 358 20 19 0.41243538

