6_Funeral_Funeral_6_759
102
291 84 20 32 0.010589247
271 59 23 20 0.011149391
58 313 25 20 0.011496709
41 116 27 41 0.011908439
264 283 27 43 0.01194784
511 0 24 24 0.011974304
787 213 32 37 0.011985264
0 241 12 49 0.012019615
728 74 29 36 0.012185744
487 0 23 23 0.012284645
680 5 20 37 0.012386117
383 6 20 32 0.012519051
279 62 24 19 0.013709921
978 310 34 60 0.013759489
1012 20 9 30 0.0147428615
955 30 23 18 0.015922172
491 7 25 17 0.016543794
966 106 25 44 0.01678715
790 1 31 14 0.016957745
919 0 29 14 0.01696875
777 7 25 18 0.017319163
543 49 29 37 0.019245345
204 103 24 19 0.019776136
1006 28 16 35 0.019802932
922 39 21 30 0.019817913
769 24 22 19 0.02268788
982 330 26 46 0.026890798
219 78 32 35 0.028458912
971 320 29 44 0.028847612
16 93 19 38 0.031684402
503 31 25 31 0.032000557
436 66 31 34 0.03401487
252 89 25 20 0.03752183
901 0 22 25 0.040022567
874 91 27 40 0.04108006
544 25 22 30 0.042219613
467 89 29 39 0.046897385
195 90 29 37 0.054196578
893 0 24 17 0.054425888
551 170 28 44 0.061888196
657 109 32 59 0.06602673
66 153 31 59 0.071478136
173 148 28 42 0.0721771
777 8 23 31 0.0800177
659 96 33 36 0.08613096
282 63 23 31 0.08739655
251 82 29 36 0.090276495
921 48 21 31 0.103301816
543 148 37 64 0.11526352
268 57 26 40 0.1365978
165 63 27 45 0.13816272
710 139 36 35 0.14155757
964 92 24 44 0.146569
361 6 19 33 0.14664802
775 14 28 35 0.15557979
428 74 25 39 0.15807474
969 324 36 55 0.16103245
44 142 25 43 0.16547358
265 155 30 56 0.16638789
649 123 34 52 0.16871098
649 180 37 50 0.16935104
60 307 27 44 0.17100155
867 114 30 43 0.17908773
194 154 30 42 0.2159488
230 60 28 40 0.21810813
955 58 22 33 0.22155337
325 90 28 37 0.22238864
909 44 29 37 0.22333449
262 112 28 41 0.22980367
493 30 31 37 0.24331975
458 91 28 42 0.24874537
633 21 27 38 0.2554943
333 176 30 39 0.27351576
959 213 28 46 0.28675544
381 113 28 41 0.2882069
853 271 27 41 0.28977278
124 92 30 39 0.2913369
72 167 30 46 0.2957245
730 61 29 41 0.3075395
450 3 30 33 0.3119232
846 269 27 41 0.31509227
381 13 27 37 0.3154034
952 139 27 46 0.31616244
566 11 27 36 0.3336661
692 47 29 38 0.34526896
313 0 29 32 0.35085636
440 153 32 53 0.3576095
95 74 28 38 0.3578562
500 248 31 62 0.37870392
601 77 30 40 0.38430172
20 90 30 43 0.3905438
794 95 29 40 0.39063928
798 29 31 37 0.40153527
319 265 32 62 0.40177768
362 53 27 39 0.42272383
744 346 28 49 0.44828412
107 266 35 58 0.4590374
194 0 30 39 0.46536428
682 10 29 38 0.4664787
902 279 31 59 0.509847
122 9 31 42 0.5597657
777 212 31 39 0.57400376

