51_Dresses_wearingdress_51_414
23
530 0 124 264 0.012396493
7 18 24 105 0.013084774
561 110 49 128 0.014219766
409 63 48 86 0.015169375
8 66 74 142 0.023008702
254 92 55 88 0.02411501
560 44 53 138 0.025899881
2 30 41 102 0.02623102
0 0 9 32 0.031870108
0 0 12 37 0.09649656
24 61 47 69 0.09926994
406 36 54 83 0.25771165
16 67 54 99 0.4487714
254 0 44 35 0.55706406
78 95 62 94 0.7131681
382 39 38 78 0.7313641
138 0 49 39 0.7386653
432 40 48 104 0.76073563
10 106 58 116 0.79541206
544 19 76 226 0.815336
335 109 61 94 0.89284605
204 84 75 117 0.96231616
700 79 75 117 0.99084806

