51_Dresses_wearingdress_51_77
35
546 96 7 7 0.010494478
207 290 8 9 0.010701362
480 106 8 8 0.010991099
438 62 7 9 0.011249201
5 32 80 219 0.011291635
949 185 7 8 0.011305394
518 107 7 8 0.011423858
772 151 31 71 0.012352058
407 125 22 18 0.012459107
600 105 7 9 0.013593009
147 300 14 8 0.013693683
242 297 7 9 0.013976783
232 285 12 16 0.014397694
498 109 8 8 0.014920003
515 95 6 7 0.017204326
411 128 20 29 0.018193064
550 109 7 7 0.018707097
813 154 13 17 0.02023264
195 284 7 8 0.02025296
158 296 10 8 0.02105586
236 284 12 16 0.023939054
404 242 20 21 0.029770201
816 158 9 11 0.03826785
244 313 6 9 0.03995509
139 294 22 29 0.040525716
561 109 7 9 0.045078956
746 149 22 54 0.04655098
233 287 9 12 0.048069652
140 297 27 15 0.04924191
407 131 22 19 0.063748345
502 88 6 8 0.06537307
238 287 9 11 0.09564856
201 295 8 10 0.10036091
207 294 8 10 0.10776467
411 238 19 32 0.80427575

