51_Dresses_wearingdress_51_727
133
491 41 18 23 0.01005263
1007 0 11 15 0.010128886
2 219 27 83 0.010320606
975 0 10 11 0.010372664
576 47 25 42 0.010568848
196 118 52 114 0.010624094
795 0 28 12 0.010664509
763 43 27 44 0.010702524
548 72 11 15 0.010713758
494 19 20 51 0.010879624
593 17 9 9 0.011288627
892 0 14 17 0.011410865
915 21 13 18 0.0117001925
518 69 13 19 0.011720572
413 197 31 85 0.011773331
975 19 18 30 0.012236727
588 6 19 32 0.012297815
400 180 44 122 0.012298916
681 0 22 26 0.012628433
703 73 14 21 0.012841623
689 59 11 14 0.012930553
884 9 19 20 0.012988413
996 0 14 15 0.013004102
419 211 30 90 0.013409191
878 6 18 30 0.0136891175
648 13 27 42 0.013862853
962 10 9 12 0.013966213
960 6 13 17 0.014269634
585 14 23 17 0.014281135
634 0 27 15 0.01436405
861 12 23 18 0.014397213
971 3 18 29 0.014410754
894 76 29 37 0.015000531
699 1 22 26 0.015091519
577 61 8 12 0.015216313
34 455 107 225 0.015377344
523 81 18 32 0.015553748
584 73 9 13 0.015801074
577 44 8 10 0.016010221
1015 42 8 14 0.016336411
383 186 34 80 0.01680252
260 82 71 98 0.01726947
498 15 13 18 0.017759716
601 12 28 42 0.018300446
205 84 54 95 0.01831766
442 137 33 78 0.018404886
990 53 13 20 0.018417804
997 0 10 12 0.018518766
688 3 21 19 0.018525362
513 34 16 33 0.018926296
781 3 20 29 0.01972796
594 0 9 9 0.01976796
753 26 21 19 0.019943131
983 54 13 20 0.020563005
587 57 20 21 0.02073331
941 83 14 20 0.02074079
740 11 10 12 0.022384662
546 61 13 22 0.02298053
759 34 37 65 0.023138808
488 23 12 21 0.023523217
597 27 10 11 0.02370396
980 13 10 12 0.023927571
584 69 21 20 0.02425749
924 89 20 21 0.024291655
881 86 20 21 0.024428407
739 8 13 18 0.02473595
935 64 18 33 0.02587043
765 21 26 42 0.02597955
876 76 28 40 0.027059836
982 20 14 19 0.02721839
895 6 19 29 0.02764499
896 10 10 13 0.027766569
579 20 13 18 0.029041218
734 40 38 55 0.029399995
527 34 14 20 0.029666927
518 56 16 33 0.03159219
919 13 10 13 0.032746095
747 31 20 31 0.03282451
750 40 22 19 0.033466715
997 11 9 12 0.033612214
582 17 10 12 0.035132866
681 51 26 40 0.035332505
583 69 13 19 0.035578657
581 24 9 11 0.035807464
573 58 13 20 0.036070403
979 11 13 19 0.03685831
904 69 13 23 0.036958277
769 24 19 32 0.037364963
255 78 101 134 0.03783577
524 29 19 21 0.039200217
943 73 14 19 0.039381213
704 53 21 19 0.042171318
528 75 13 21 0.04236731
298 77 74 83 0.04402699
689 0 15 16 0.04585119
567 56 9 14 0.04601351
598 23 24 19 0.047252845
577 52 17 33 0.048311945
1014 38 10 24 0.049210723
784 8 22 19 0.04928115
737 47 30 39 0.049587473
637 6 27 17 0.05047076
761 26 23 20 0.05077259
994 8 14 18 0.051356856
581 14 13 18 0.05256294
526 82 19 23 0.05317638
624 41 45 66 0.05527386
707 44 14 18 0.05845156
684 57 20 20 0.0688351
592 22 22 19 0.069612585
918 10 13 19 0.07484341
901 62 19 33 0.07580234
700 11 22 18 0.07868334
923 11 13 18 0.08223098
651 6 25 18 0.083881795
927 21 13 18 0.09087817
589 17 17 35 0.09932142
496 26 14 38 0.104654394
504 58 21 20 0.10934398
908 69 13 20 0.11388474
499 48 15 34 0.122801274
893 7 14 20 0.1487565
646 2 23 29 0.15604919
467 238 28 76 0.1709512
962 0 14 14 0.22046572
500 21 12 20 0.2219038
565 53 13 20 0.2875482
699 65 22 30 0.31390625
546 68 14 22 0.33179843
497 53 19 22 0.45161685
607 35 58 86 0.72635394
787 31 65 78 0.89206046
292 82 75 185 0.99505746

