51_Dresses_wearingdress_51_7
36
234 64 29 41 0.010500891
228 68 7 8 0.01119588
238 51 17 37 0.012644717
236 68 18 32 0.013139301
887 94 38 61 0.017873205
165 80 18 21 0.018621383
251 46 29 47 0.019667715
188 87 23 19 0.02011822
383 89 20 34 0.020440342
237 48 25 47 0.022316348
125 58 17 33 0.023570172
173 85 14 22 0.025636075
878 65 26 44 0.026193673
531 65 18 41 0.03441461
249 62 30 44 0.038565997
165 87 19 20 0.058449972
12 64 16 34 0.059407514
882 57 36 61 0.061632622
114 56 16 34 0.069644526
50 56 17 33 0.07137987
170 81 21 22 0.13188812
277 32 71 67 0.13959786
193 79 21 21 0.16163033
115 67 16 33 0.16235186
243 52 40 60 0.174692
120 71 18 24 0.1999043
199 79 23 20 0.23681717
169 81 17 31 0.4338879
11 54 18 35 0.5896115
60 58 17 35 0.60930765
378 93 29 40 0.67546546
534 56 24 51 0.80344564
956 120 37 51 0.88735867
492 79 22 47 0.92290586
292 25 76 69 0.9376087
779 8 68 98 0.9769462

