51_Dresses_wearingdress_51_830
23
793 31 33 71 0.012021456
259 0 98 99 0.012315023
287 42 42 66 0.012401531
929 45 31 36 0.012975369
872 28 23 20 0.0130485855
921 25 24 18 0.014507186
830 34 37 69 0.016913168
832 24 19 36 0.017008264
256 22 101 120 0.017603904
479 116 41 60 0.017830767
190 617 42 58 0.021858547
787 29 18 34 0.025320178
854 36 37 64 0.028323935
794 27 23 20 0.029533971
299 31 57 89 0.05942389
274 34 69 82 0.07859331
274 8 69 80 0.10501547
826 17 36 59 0.17843473
860 29 28 44 0.19793999
794 25 26 43 0.34872985
563 28 65 77 0.8219326
1002 21 18 34 0.8680811
936 35 25 40 0.94282633

