51_Dresses_wearingdress_51_464
44
1005 434 17 79 0.010203005
991 363 29 74 0.010256522
728 425 57 93 0.010700323
708 387 28 45 0.010778867
761 377 44 62 0.010881963
704 397 39 65 0.010921632
888 300 31 72 0.0109288925
1006 324 17 27 0.011410671
700 348 35 66 0.011515502
897 284 15 41 0.011566541
998 301 17 40 0.013005467
14 347 158 189 0.013029679
786 243 51 113 0.013104721
901 389 20 36 0.013386197
999 520 23 88 0.014122288
755 406 46 69 0.015125762
928 413 25 47 0.015939126
171 918 93 185 0.017132515
802 339 36 67 0.01780283
969 551 41 126 0.018026905
957 380 26 47 0.019257184
970 484 43 118 0.019722678
1004 361 16 40 0.023273036
952 373 34 66 0.023278754
800 374 37 65 0.02410881
747 359 72 160 0.024540415
895 410 29 47 0.028575253
728 383 54 98 0.0296491
961 384 39 115 0.031102514
922 404 33 67 0.03421376
798 311 34 66 0.036660273
993 585 27 94 0.040258866
989 287 31 65 0.04314995
704 378 36 66 0.04501329
892 383 34 64 0.08559583
972 426 44 111 0.100781344
905 392 53 86 0.113709174
833 405 36 61 0.1201505
999 422 24 107 0.21061496
1000 316 18 36 0.21494871
891 399 37 66 0.2365712
754 408 53 107 0.3180608
47 377 96 182 0.99139094
412 251 225 310 0.9952329

