51_Dresses_wearingdress_51_606
33
466 248 13 20 0.010039172
362 248 7 15 0.010698597
386 252 8 12 0.011270419
484 238 11 12 0.011752623
96 234 8 10 0.012213614
474 194 22 19 0.012507639
480 184 17 36 0.012666584
80 253 9 12 0.014016641
362 238 6 11 0.014320786
136 233 6 11 0.014830875
390 214 16 29 0.015209076
100 115 12 23 0.015310373
824 335 40 69 0.015832903
381 231 12 18 0.016599124
382 219 12 21 0.01759603
77 250 13 18 0.019625073
114 241 8 11 0.02030718
368 246 8 15 0.021565307
437 251 8 10 0.021967825
384 235 7 11 0.022479298
86 238 9 11 0.038132887
468 236 10 13 0.044716146
360 243 11 23 0.046298385
410 228 13 18 0.051636618
365 243 11 21 0.058484886
371 234 11 20 0.06768866
478 235 21 19 0.07231008
494 707 112 158 0.10251203
467 234 13 19 0.112271205
373 237 7 12 0.17330386
406 227 14 19 0.71907216
259 228 81 126 0.9923343
637 70 72 174 0.99950063

