51_Dresses_wearingdress_51_739
45
919 278 27 42 0.010661697
702 245 27 44 0.010880172
75 289 49 117 0.011284786
829 299 38 56 0.011473026
854 303 25 18 0.011834325
953 282 21 21 0.01199337
627 877 62 87 0.012653887
280 245 30 36 0.012732978
1000 334 19 61 0.013442969
929 282 18 33 0.01498791
192 123 18 33 0.01530805
699 236 36 63 0.015646704
545 208 40 58 0.016183311
962 302 37 62 0.017124616
5 318 27 103 0.017175768
11 320 35 161 0.020639636
994 325 27 79 0.020901956
12 291 37 139 0.022230485
318 244 42 55 0.022786768
319 242 59 84 0.023084966
747 225 51 85 0.026639137
64 249 48 97 0.029206712
54 258 41 75 0.032082096
699 185 20 31 0.040544596
277 289 26 44 0.042100668
811 288 19 32 0.04443781
861 297 23 29 0.044773284
357 240 26 45 0.04544576
967 287 21 31 0.046255056
358 229 26 42 0.04735888
229 236 20 34 0.06117104
223 292 27 39 0.08365416
666 158 14 16 0.18532376
665 158 10 13 0.21975344
267 287 31 55 0.3280232
573 291 47 65 0.35523996
226 240 28 37 0.6342372
638 258 31 41 0.7263554
681 182 31 37 0.76417994
999 252 25 42 0.7893086
258 171 22 35 0.8432951
906 276 31 42 0.89001673
870 242 26 39 0.94203734
718 220 76 87 0.9556395
457 119 93 164 0.99797064

