51_Dresses_wearingdress_51_1035
56
989 226 31 73 0.010199008
587 33 18 28 0.010394116
623 33 13 22 0.010874376
386 53 22 16 0.010921693
664 27 30 32 0.011018911
585 46 17 30 0.011130297
516 2 14 12 0.011475816
316 105 38 62 0.011493671
391 56 10 8 0.011935721
711 20 22 19 0.012028486
699 9 27 15 0.013923064
701 50 23 18 0.014367892
965 203 54 95 0.015300017
641 44 19 19 0.015398626
525 46 28 40 0.015705522
333 39 22 17 0.016770136
671 2 24 16 0.016907588
327 53 11 12 0.016982047
538 49 19 22 0.018421609
391 48 27 16 0.018956522
338 27 10 9 0.019169314
261 103 10 14 0.019722618
336 53 13 11 0.019820077
523 0 15 16 0.02099028
609 37 9 15 0.02122649
565 49 12 22 0.021849908
605 44 12 22 0.022487132
291 56 11 13 0.02400721
575 45 11 22 0.026077814
520 0 20 24 0.026362304
714 51 21 19 0.030198915
666 25 24 18 0.034930345
737 26 15 19 0.040570315
610 42 17 31 0.04058951
541 44 18 32 0.045490544
327 49 14 18 0.074769184
610 33 18 29 0.09419993
703 18 20 29 0.10113458
598 42 12 23 0.10637162
263 100 21 21 0.11103154
514 0 21 17 0.11284456
334 48 20 26 0.12702721
260 101 14 20 0.13085714
656 33 22 20 0.15104379
642 35 14 22 0.18828827
599 37 13 24 0.22222349
701 17 24 19 0.23633508
605 34 13 22 0.34834918
663 31 24 20 0.4462589
330 48 21 20 0.5723446
288 53 15 20 0.736479
734 28 21 20 0.7427952
584 274 83 98 0.8399782
849 182 84 90 0.9224148
411 42 82 117 0.96252674
183 233 83 135 0.9919144

