51_Dresses_wearingdress_51_140
20
991 239 30 75 0.012077658
147 501 61 95 0.012273507
541 176 39 59 0.01306814
1003 433 18 65 0.013261838
927 273 27 43 0.014333573
268 293 49 104 0.014420474
928 257 26 45 0.016517801
538 151 38 58 0.017919023
965 247 41 112 0.020296268
985 275 24 50 0.020858627
616 142 19 34 0.02527169
546 158 29 41 0.02684072
157 304 49 90 0.032924425
980 265 34 67 0.04679665
181 286 49 93 0.09702372
177 294 41 70 0.33074674
255 309 38 64 0.35509628
618 149 20 34 0.8176763
139 342 32 81 0.83873165
456 82 76 133 0.9984118

