5_Car_Accident_Accident_5_243
59
360 135 7 10 0.010974789
498 56 7 7 0.011032576
297 118 6 12 0.011043398
420 135 10 10 0.011566313
473 74 6 7 0.01220297
285 103 27 41 0.012364438
260 100 28 43 0.012566546
514 91 7 7 0.012660121
438 95 7 9 0.012863288
513 103 8 8 0.013167141
367 238 116 131 0.013170344
497 48 7 7 0.0136306025
415 104 14 17 0.0149253225
433 118 8 10 0.017406873
501 77 7 7 0.017458862
360 108 18 30 0.017675243
500 90 7 8 0.018222047
262 74 58 83 0.019966707
466 95 6 9 0.023008993
253 93 39 58 0.023134258
486 60 6 7 0.023438547
370 133 8 12 0.02555408
417 120 14 17 0.0265978
358 111 6 9 0.026603594
487 90 7 9 0.026889786
497 122 8 9 0.027152602
215 92 39 63 0.027710492
453 93 12 17 0.028718615
374 108 6 9 0.029237626
367 129 12 19 0.031224614
431 102 13 17 0.032439325
295 102 11 22 0.032440957
301 101 11 21 0.03275719
291 106 19 32 0.03343961
483 74 6 8 0.044346884
467 102 13 16 0.045140553
358 119 6 11 0.04622889
500 104 8 9 0.051325247
400 118 8 10 0.05333425
419 108 8 9 0.057815634
298 106 6 11 0.059589706
355 113 12 23 0.05988913
397 104 13 18 0.06630614
455 96 8 11 0.07063625
304 104 6 11 0.073098585
373 122 7 12 0.09607092
401 107 7 11 0.10166578
420 123 8 10 0.107761435
370 118 12 21 0.11790186
387 112 12 19 0.12817109
453 98 13 16 0.13258494
389 116 8 12 0.15169679
477 102 13 16 0.15428907
391 109 8 13 0.18356606
469 104 8 10 0.2755397
389 107 12 19 0.2899367
435 105 7 10 0.3510469
479 104 9 11 0.5736308
455 100 9 12 0.58923787

