5_Car_Accident_Car_Crash_5_773
44
637 442 9 14 0.010024724
659 443 8 11 0.01031246
329 408 17 26 0.010343082
677 455 8 10 0.010518183
757 447 12 21 0.010978728
711 480 13 21 0.011162241
493 450 13 17 0.011430822
679 435 13 17 0.011450782
512 470 8 11 0.01204552
478 437 8 11 0.013126724
419 453 9 12 0.015500117
326 409 9 16 0.015792541
722 480 10 14 0.015864402
489 456 8 11 0.0158999
335 415 8 15 0.016740974
496 453 8 11 0.018188236
490 471 8 12 0.018675543
417 451 13 18 0.018812638
558 426 9 12 0.020087719
400 426 10 14 0.021922838
349 416 12 17 0.023152366
555 425 13 17 0.027048953
688 440 12 13 0.0284343
639 447 8 14 0.030364983
655 447 12 16 0.031323735
392 430 13 17 0.03145502
327 413 10 17 0.032461625
352 419 8 12 0.035823494
331 408 12 20 0.038704634
550 427 9 14 0.0412148
634 441 13 17 0.05202122
494 469 12 17 0.053071238
716 476 19 20 0.07043989
468 439 10 13 0.08612704
554 429 13 17 0.116397455
719 473 14 18 0.13041167
497 472 8 11 0.16159517
657 449 9 11 0.20066105
397 428 14 18 0.7169228
324 407 14 22 0.7170681
684 436 18 21 0.7550267
550 429 14 17 0.7825563
629 441 13 19 0.8256705
465 435 15 19 0.82638884

