5_Car_Accident_Car_Crash_5_574
61
231 150 7 10 0.010029845
50 160 13 18 0.010752587
77 164 19 30 0.011360894
52 147 8 10 0.011489596
7 145 12 21 0.011747668
566 222 31 14 0.012212814
67 147 8 9 0.012304634
87 174 8 13 0.012324329
7 176 12 21 0.012694009
421 137 18 29 0.013041728
148 167 8 9 0.013072199
162 169 8 8 0.013945491
355 165 11 12 0.014514304
6 156 12 20 0.015011751
40 186 26 46 0.01656881
65 161 12 19 0.01688538
227 144 12 22 0.017099714
42 165 19 30 0.017214801
224 154 18 34 0.017742023
15 158 9 14 0.017815549
805 155 18 33 0.018568963
220 138 18 33 0.01913549
53 163 8 10 0.019277876
774 164 36 62 0.020104194
421 144 9 12 0.020241983
96 174 9 13 0.020341506
41 209 26 46 0.020481542
141 176 13 17 0.021281179
19 146 8 12 0.021679606
12 160 17 34 0.022687532
379 158 22 18 0.022798546
14 177 9 15 0.024187924
85 170 13 21 0.026186626
130 171 19 29 0.026197663
94 167 19 28 0.026980944
131 167 14 15 0.029013524
34 180 35 64 0.029109906
35 200 36 63 0.030345103
7 159 8 13 0.030861238
200 135 30 39 0.03237094
353 168 14 20 0.03316405
68 164 7 11 0.040063694
84 160 12 20 0.04053716
49 174 13 23 0.041979168
13 155 12 20 0.0427082
144 179 9 10 0.043161154
420 140 13 19 0.0445115
16 143 13 19 0.047432855
134 169 9 11 0.049333084
86 163 7 11 0.05213324
93 170 13 19 0.06045522
12 174 12 22 0.08471481
96 164 10 12 0.10303714
196 148 32 38 0.10814033
161 175 14 18 0.13862328
93 162 14 18 0.16771024
164 178 9 11 0.19707821
350 163 20 20 0.21561073
132 172 14 17 0.36524475
740 146 25 44 0.6451507
779 149 24 47 0.8343488

