5_Car_Accident_Car_Crash_5_38
52
855 294 12 22 0.010207864
847 235 7 9 0.011068438
968 225 6 8 0.011386765
929 205 7 8 0.012066437
0 212 26 67 0.012260201
824 236 8 11 0.012814722
306 81 94 131 0.013106226
967 282 21 21 0.013675796
75 266 13 18 0.013767717
338 90 42 65 0.014414269
782 251 10 12 0.014512871
956 291 23 19 0.014772112
178 281 56 57 0.015420238
71 260 18 32 0.016203616
976 233 8 11 0.017030017
736 241 20 29 0.020006025
162 265 105 132 0.020616097
779 248 14 18 0.020926727
911 233 18 19 0.021697134
967 235 8 9 0.023793276
733 247 21 19 0.024152592
739 238 10 9 0.026307186
773 245 13 18 0.02769747
886 223 8 9 0.02951307
774 249 9 12 0.031399254
322 89 40 69 0.03249585
865 251 7 10 0.03668077
936 248 13 17 0.037696138
776 236 18 20 0.03973776
776 264 22 18 0.042426102
896 246 9 11 0.048270714
930 234 8 10 0.04962505
888 247 8 10 0.050899513
886 238 13 16 0.05416083
897 221 8 9 0.059004717
946 241 8 10 0.06000145
179 278 68 87 0.06119288
893 239 13 15 0.08286168
959 285 22 20 0.10208722
962 277 21 31 0.10367885
323 96 59 88 0.10433157
940 245 13 17 0.10664993
70 266 13 19 0.12564017
937 251 10 11 0.15160647
780 238 10 12 0.18369244
2 225 16 40 0.19174014
887 242 9 11 0.25521025
895 241 10 12 0.27201572
942 248 9 11 0.30447188
776 239 10 12 0.34406278
915 236 10 13 0.45614696
832 232 13 16 0.6391503

