5_Car_Accident_Accident_5_34
139
592 66 6 9 0.010130579
211 42 48 53 0.010177159
521 65 16 28 0.010314806
789 313 44 61 0.010355771
324 20 6 8 0.010447975
390 6 7 10 0.01052636
229 51 6 9 0.010570085
733 66 22 17 0.010577253
358 79 5 9 0.010632583
630 69 7 10 0.010815653
888 56 27 44 0.010826494
436 34 6 9 0.010893632
884 20 8 11 0.010897901
983 17 8 9 0.010997248
103 2 5 7 0.011022356
619 4 27 15 0.011039862
39 64 11 23 0.01113037
342 34 6 8 0.011141271
705 58 20 27 0.011202006
40 80 7 12 0.0113281375
468 17 6 8 0.011496319
672 48 20 20 0.011567337
56 1 6 7 0.011605466
874 25 19 30 0.01181895
130 86 8 9 0.011906566
548 4 7 7 0.01207631
183 70 7 10 0.012148325
387 65 6 10 0.012335584
456 6 6 9 0.012348335
388 52 6 9 0.012354904
370 35 6 10 0.012433441
604 46 22 19 0.012453466
38 74 11 22 0.012553169
340 5 7 10 0.012638264
790 36 6 7 0.012728855
403 0 12 19 0.012957232
372 101 6 9 0.013090102
780 48 21 19 0.013094494
721 67 9 8 0.013129894
757 52 7 7 0.013441401
94 70 13 16 0.013636861
133 38 5 6 0.0138650555
229 65 7 9 0.014005983
991 51 33 78 0.0142782815
20 140 29 15 0.014312874
712 62 23 18 0.014398837
646 80 8 9 0.014679544
210 66 7 10 0.014718183
454 18 6 9 0.015072968
661 80 8 9 0.015546764
888 5 8 10 0.016307993
356 3 7 9 0.016493225
454 37 7 9 0.016528573
88 80 10 13 0.016674638
894 9 19 32 0.016791463
340 20 6 9 0.016960956
519 88 7 10 0.017463582
978 2 14 16 0.017595222
70 20 5 7 0.017675988
627 7 11 8 0.0178071
3 79 7 14 0.017808376
149 84 6 10 0.017813623
133 52 6 7 0.017920038
181 80 7 11 0.017998375
1 74 10 25 0.01911631
565 5 8 8 0.019132616
881 24 12 21 0.019152174
358 71 5 8 0.019203987
547 80 7 11 0.01960665
150 49 5 7 0.019672919
565 86 7 9 0.019710144
944 3 10 8 0.019953037
151 39 6 7 0.020062191
679 38 8 10 0.020089172
761 72 23 21 0.0206105
674 67 9 9 0.020841727
388 18 7 10 0.020914933
699 49 14 21 0.020958899
152 67 6 9 0.021654787
375 19 7 10 0.021699307
45 64 11 21 0.021747893
524 93 12 18 0.021839306
96 72 10 12 0.022589449
731 76 22 18 0.023238257
749 66 19 31 0.023289148
214 52 7 9 0.023649212
670 60 21 18 0.023660606
786 52 8 9 0.024125157
897 253 27 44 0.024624813
68 1 6 6 0.025352351
0 91 11 24 0.02536505
467 4 7 8 0.025599638
162 65 6 10 0.025967076
446 239 41 60 0.027491627
83 3 6 6 0.027947318
2 95 7 14 0.028004793
374 63 5 10 0.028174948
576 95 7 9 0.02933407
931 17 7 7 0.029601665
897 2 8 9 0.030324182
164 53 6 8 0.030974671
195 61 12 20 0.031681765
406 2 7 12 0.03204581
369 3 7 11 0.03221488
513 92 12 19 0.033032835
481 72 8 12 0.03306308
88 78 12 18 0.034625947
715 40 20 30 0.036245413
579 87 7 9 0.036246106
353 17 13 20 0.036975965
989 81 28 51 0.036989477
740 70 8 7 0.03765023
964 3 9 7 0.037936702
356 21 7 12 0.03808277
697 59 24 18 0.039578672
684 52 18 28 0.04080251
969 55 40 103 0.04145456
1012 2 8 10 0.04179303
487 3 7 9 0.041936867
198 65 7 12 0.042314243
992 1 10 9 0.043678153
918 17 8 8 0.045017477
919 7 7 9 0.047697768
568 97 7 10 0.052236535
617 64 22 20 0.052473076
528 69 10 15 0.057404432
980 5 10 9 0.07650708
483 77 7 11 0.07839694
530 75 9 15 0.093466245
933 3 8 8 0.094373666
527 96 7 11 0.10816864
516 95 7 11 0.1592938
93 75 13 17 0.2087753
687 44 17 31 0.36727875
608 63 20 22 0.41380003
690 51 21 21 0.6086882
983 71 38 69 0.6591494
526 67 13 21 0.67369765
766 65 19 32 0.7420872

