5_Car_Accident_Accident_5_641
53
291 274 10 10 0.010112716
93 275 25 19 0.010190126
183 266 8 11 0.010254481
326 237 8 9 0.010693027
644 182 12 19 0.011422775
190 242 19 29 0.011564901
162 249 9 9 0.011996178
290 279 14 11 0.012331675
191 262 12 21 0.01235082
995 189 7 8 0.012554173
205 250 13 19 0.013347227
209 236 7 10 0.013360188
155 245 21 19 0.013542343
1017 239 6 12 0.014121385
181 262 13 21 0.014209308
163 240 9 8 0.014324253
297 248 8 10 0.014712921
96 222 8 8 0.014864263
384 265 23 16 0.014971706
947 174 13 19 0.015102829
194 261 19 32 0.016390359
183 251 7 9 0.01697058
161 254 30 40 0.017357877
163 239 32 35 0.017424287
193 248 13 18 0.017478421
303 246 13 17 0.01761622
839 307 64 81 0.017620692
186 234 22 19 0.01792902
984 209 7 9 0.02124179
208 254 8 10 0.021643259
349 253 22 19 0.022219166
949 177 9 12 0.022533191
194 239 8 10 0.022766884
324 276 13 19 0.02355034
92 235 24 17 0.023741307
353 258 13 19 0.024485646
33 328 33 39 0.024554672
99 239 10 9 0.027542656
154 247 42 55 0.028363174
182 238 8 9 0.029235475
106 266 26 17 0.030587537
92 269 28 18 0.030958273
136 236 7 7 0.031004656
295 241 8 9 0.039091688
196 252 8 10 0.056686826
145 232 8 9 0.061705813
285 276 23 18 0.06561118
304 242 8 10 0.06663621
29 321 42 56 0.080398075
306 248 8 11 0.08953333
949 179 12 18 0.09699638
145 227 7 8 0.1338255
89 264 32 34 0.6854673

