5_Car_Accident_Accident_5_66
98
337 287 11 9 0.010119755
0 130 18 18 0.010151112
459 142 14 14 0.010466597
677 163 5 8 0.010626125
463 139 8 6 0.010800502
309 277 11 9 0.011030069
233 82 6 7 0.011062198
308 80 9 5 0.011168885
307 148 8 8 0.011855796
72 260 5 8 0.011859221
465 176 9 8 0.01243302
934 284 18 36 0.01247282
224 232 10 9 0.012506042
537 149 5 7 0.012671367
322 75 7 5 0.013285496
176 144 8 9 0.013362268
485 144 14 14 0.01434412
948 231 19 21 0.014665537
257 139 13 17 0.014728129
184 240 29 14 0.014831028
402 137 14 15 0.014897292
926 275 34 63 0.015057515
415 175 9 10 0.015369231
689 145 6 7 0.015432963
30 235 20 34 0.015611389
373 188 11 25 0.015648201
957 57 32 41 0.015881406
547 114 5 6 0.01594172
949 41 56 85 0.01600437
548 150 5 6 0.01606751
186 86 6 7 0.01645147
323 258 9 8 0.017229725
369 212 7 11 0.018151648
993 60 25 48 0.018256508
931 281 25 46 0.018517269
227 237 11 10 0.019234408
202 101 22 28 0.019447807
355 83 8 5 0.019857638
259 80 7 7 0.020433163
441 190 23 17 0.020966925
517 98 6 5 0.021007366
535 130 5 6 0.021114027
258 138 8 8 0.021892859
487 161 8 8 0.02223967
365 187 22 28 0.02226312
428 192 24 18 0.022914425
792 134 7 8 0.023358807
942 227 19 30 0.02384111
338 259 9 8 0.024946667
401 87 9 5 0.024978241
435 174 10 8 0.025120668
738 126 44 50 0.025463143
533 103 5 5 0.025634106
500 98 6 5 0.025940068
325 80 8 5 0.028122032
537 162 5 8 0.028253043
454 141 14 14 0.028747683
243 73 7 7 0.031775106
417 143 8 8 0.03248301
688 135 6 8 0.032528277
456 139 8 8 0.033175573
546 162 6 7 0.035028193
307 71 7 5 0.036495034
192 161 24 17 0.040171664
471 163 8 9 0.041799523
132 147 9 9 0.042701405
387 84 7 5 0.043920953
372 85 7 5 0.045197297
951 49 43 55 0.045408975
259 142 9 9 0.047058873
665 136 5 7 0.047744587
274 71 7 6 0.05167572
952 226 20 21 0.051863965
243 79 7 7 0.053264007
666 144 5 8 0.053746812
292 73 8 6 0.055631176
437 169 9 9 0.056092516
601 137 7 9 0.061809897
611 161 6 8 0.06468112
192 98 6 9 0.07185406
341 80 8 5 0.0725585
679 137 5 7 0.077088855
264 71 6 7 0.07936111
198 162 25 18 0.08711488
601 142 6 8 0.09450959
534 115 5 6 0.12513115
494 146 7 7 0.16377535
186 100 6 9 0.16648524
405 140 9 10 0.17245615
195 84 5 7 0.20455882
608 137 6 10 0.21351741
676 145 5 7 0.27359995
610 142 5 9 0.29455924
462 144 9 8 0.39566684
487 146 9 8 0.61922157
456 143 9 9 0.7051649
404 136 10 11 0.76977724
24 238 29 42 0.9115862

