5_Car_Accident_Accident_5_287
137
391 158 10 8 0.010073431
398 165 12 9 0.010213542
407 139 8 7 0.010228163
445 153 84 73 0.010240093
153 132 11 18 0.010330468
273 166 12 8 0.010332331
214 90 6 6 0.010426823
322 151 8 6 0.010961268
369 173 11 8 0.011031592
389 135 8 6 0.011203247
233 196 25 16 0.011232215
948 28 7 8 0.011273603
361 170 25 16 0.011371563
199 76 6 7 0.011512082
899 30 7 8 0.011558079
158 164 8 11 0.011662823
708 96 6 6 0.011845176
742 119 7 6 0.011864687
647 137 26 15 0.011947126
289 154 10 6 0.0120252855
308 108 7 7 0.012035775
257 169 11 8 0.01208829
253 151 24 15 0.012434391
823 110 7 8 0.01276641
159 152 7 11 0.013042845
305 68 21 19 0.013338935
885 44 8 8 0.013346209
229 139 8 6 0.01383258
851 40 15 12 0.013931918
819 72 7 8 0.014043316
674 94 6 5 0.014061048
196 160 9 6 0.014147637
412 119 22 28 0.014193861
216 110 5 5 0.014218113
241 140 9 7 0.014609388
727 97 6 5 0.014642648
636 138 25 15 0.015001861
384 164 22 16 0.015317822
930 26 8 9 0.016022116
724 119 6 6 0.016877599
266 161 24 16 0.016990947
632 145 28 15 0.017186372
227 90 7 5 0.017406417
201 168 23 16 0.017409664
357 136 7 7 0.017843924
238 170 24 15 0.018260757
292 137 9 6 0.01829677
292 192 19 30 0.01832624
241 121 9 7 0.018490106
410 120 23 17 0.018502532
887 71 14 17 0.018644493
422 91 8 9 0.018812614
354 153 7 7 0.019432433
786 124 8 6 0.019917654
864 161 42 62 0.020008368
401 152 15 15 0.020080507
197 179 14 16 0.02024117
930 53 8 9 0.020799031
244 173 12 8 0.020866713
389 126 8 8 0.02162882
420 142 145 115 0.022161067
919 25 7 9 0.022281755
243 153 10 7 0.022765769
886 56 9 9 0.022801468
888 73 10 11 0.022807715
642 109 6 6 0.022913389
344 139 6 8 0.023012599
375 100 8 9 0.023521947
848 31 16 27 0.02428675
756 96 7 6 0.024445366
643 141 11 8 0.024805559
756 118 7 6 0.027176064
258 138 9 7 0.028146287
367 133 246 223 0.028227711
231 108 7 6 0.02885573
417 124 10 9 0.028863668
711 139 8 6 0.028891323
197 168 10 8 0.029471913
214 121 6 5 0.030839404
818 56 7 9 0.031067947
883 88 10 12 0.033785753
899 41 14 17 0.034065437
259 154 11 8 0.034548726
230 121 7 5 0.035158504
644 124 8 7 0.03662033
220 211 22 20 0.037062854
198 182 11 10 0.037149627
342 153 8 8 0.03808089
661 91 5 6 0.03928305
214 158 9 7 0.039379023
661 105 6 5 0.04107025
357 103 7 8 0.041153595
898 54 20 27 0.041227255
769 95 7 6 0.04238031
656 141 11 7 0.042689506
742 96 6 6 0.04411768
240 107 7 7 0.047346115
769 103 8 6 0.048495933
156 133 12 17 0.05109286
931 42 7 8 0.05174244
901 45 9 10 0.05370074
911 49 14 16 0.056205556
274 140 9 7 0.05680197
676 106 6 5 0.05701338
390 167 11 8 0.058571845
706 120 6 6 0.059318285
224 156 10 7 0.061185382
264 153 24 16 0.062552124
298 199 22 20 0.062662736
914 45 8 10 0.06333267
152 161 8 14 0.066710465
272 157 11 8 0.07274697
896 54 15 17 0.074744485
660 122 9 6 0.07476046
153 156 8 14 0.076610744
344 106 7 9 0.08155417
403 155 10 9 0.08536993
151 158 11 19 0.085515134
881 85 14 18 0.08824386
673 141 10 7 0.08968632
209 170 10 9 0.098585725
906 40 21 19 0.09984295
690 121 8 6 0.10704885
691 140 10 7 0.12251248
679 122 8 7 0.124291494
690 109 6 5 0.12450135
914 52 10 10 0.13108374
899 56 9 10 0.14614326
419 177 151 127 0.15430158
711 106 5 5 0.15705045
756 104 7 5 0.18365316
155 135 7 11 0.21440707
739 104 7 5 0.24163772
728 104 6 6 0.27417257
894 65 14 17 0.4321494
158 135 8 10 0.56430393
850 34 19 21 0.8670238

