5_Car_Accident_Car_Crash_5_365
54
228 118 10 10 0.010373678
283 112 21 19 0.010429268
581 34 21 28 0.010594729
720 20 9 10 0.011483734
657 19 14 17 0.011544941
819 196 32 12 0.011961324
408 0 29 12 0.011986586
223 122 13 18 0.012078483
286 163 22 34 0.012907514
584 31 23 18 0.013047364
548 56 19 21 0.013076051
680 31 21 29 0.014136236
900 160 44 47 0.014352928
899 183 41 29 0.014360816
928 182 25 29 0.015994063
342 0 51 32 0.016206034
262 151 12 24 0.01637503
661 32 7 9 0.017110696
349 0 39 25 0.01748015
663 6 9 9 0.017807668
267 281 78 143 0.01793053
593 3 12 8 0.018876702
894 179 52 45 0.019098047
199 144 38 56 0.0194279
694 3 10 9 0.019485269
609 19 23 16 0.019744031
276 249 56 98 0.020341503
544 1 11 8 0.020689193
696 23 9 9 0.024636652
578 2 12 8 0.024662985
930 163 24 30 0.025442863
277 178 33 38 0.027737297
901 174 58 85 0.027804947
554 42 21 30 0.028151097
625 4 9 8 0.028273704
532 0 10 8 0.032511473
905 166 34 34 0.032806076
620 49 24 19 0.04029675
708 2 9 8 0.04059446
673 0 8 9 0.043490745
276 301 55 108 0.045620363
660 23 8 9 0.04720962
687 32 14 17 0.049145006
698 16 21 18 0.04975392
704 19 10 11 0.051005997
925 144 27 16 0.055070512
925 132 29 14 0.055951733
269 158 30 41 0.07888018
690 34 9 10 0.08052954
271 169 45 52 0.087184556
618 41 20 31 0.12176846
914 172 47 48 0.1765032
918 158 42 50 0.23878984
273 156 38 52 0.8207476

