5_Car_Accident_Accident_5_982
24
880 136 10 29 0.01065024
772 124 8 12 0.011112068
828 124 25 46 0.011843099
809 317 36 69 0.0126205105
835 129 17 36 0.013013867
112 279 49 61 0.015061971
835 204 9 13 0.015376204
833 182 13 20 0.015819328
101 251 100 127 0.017978631
662 315 44 55 0.018657053
803 342 40 67 0.019410683
811 128 28 44 0.02310875
607 206 22 28 0.0289482
832 200 13 19 0.030127667
876 136 16 35 0.03163704
795 324 61 89 0.036278095
612 207 13 20 0.04241725
425 381 24 47 0.051575843
378 363 26 42 0.052271355
117 264 63 93 0.05444832
819 332 35 75 0.062379867
733 200 44 57 0.9632271
473 223 42 55 0.9798497
322 241 40 58 0.9801312

