5_Car_Accident_Accident_5_77
201
583 134 28 43 0.010110859
593 39 14 20 0.010112192
400 50 20 21 0.010131068
239 1 14 16 0.010136007
176 7 12 9 0.010153581
2 109 12 45 0.010271608
385 0 21 22 0.010297929
855 79 13 20 0.010366998
568 16 21 19 0.010504806
185 72 24 18 0.010722717
391 0 20 14 0.0107712075
82 75 13 21 0.010877878
580 0 7 4 0.01091135
203 66 27 16 0.010999919
558 63 18 29 0.011044007
371 53 18 31 0.011065995
503 6 9 12 0.011171166
638 20 14 18 0.011232396
687 161 41 55 0.011396705
4 25 19 31 0.011423454
118 95 24 17 0.011451959
26 52 21 20 0.012028785
557 24 18 28 0.012105267
879 40 13 18 0.012166915
724 35 9 11 0.012169356
707 40 11 11 0.0123812305
1 0 8 8 0.012429362
33 18 9 10 0.012562979
633 31 21 18 0.012604655
376 23 12 19 0.0127991075
384 22 9 12 0.01291091
800 55 10 12 0.013119703
454 82 23 19 0.013151698
63 61 37 59 0.013305722
653 52 23 19 0.014169947
623 33 21 18 0.014685352
179 87 9 9 0.015139307
920 49 20 21 0.0153185995
635 51 22 20 0.015443333
713 16 19 26 0.0155138625
448 226 42 62 0.01562465
480 48 11 13 0.015772758
4 36 9 12 0.015789257
720 32 14 18 0.015848367
0 140 23 95 0.01589658
447 92 23 19 0.01604966
629 38 9 9 0.016151343
667 49 21 19 0.016174119
242 17 9 10 0.016657047
198 1 13 10 0.016805947
751 53 9 9 0.016885657
74 72 19 34 0.016935065
161 3 10 9 0.017020505
147 104 10 8 0.017126694
642 24 8 10 0.017292233
165 96 14 17 0.017839212
685 0 12 16 0.017875833
382 19 20 27 0.01849731
987 52 18 31 0.01862094
870 65 8 15 0.018786311
227 14 14 17 0.018907765
377 31 21 20 0.019079294
177 82 18 29 0.01930148
21 23 14 17 0.019424543
228 6 11 10 0.020049661
767 16 14 16 0.020101517
0 33 19 20 0.020439062
70 67 27 43 0.020804558
618 51 23 19 0.021124767
430 59 21 21 0.021241553
685 30 12 18 0.021697253
733 22 20 17 0.021822633
971 38 24 40 0.022172233
375 27 12 22 0.02225814
3 140 13 51 0.023879457
381 20 14 18 0.024160134
738 34 9 10 0.024269847
543 69 24 18 0.02433037
876 60 12 23 0.024367448
228 70 18 28 0.024914408
601 51 22 20 0.025029093
640 35 9 9 0.025190594
614 3 8 9 0.025814533
809 7 7 11 0.02596326
2 20 8 12 0.02643274
881 44 9 10 0.026623916
916 57 12 25 0.027556455
529 1 14 17 0.027609026
531 4 11 11 0.027842714
0 16 11 20 0.027893113
436 53 14 22 0.028972821
714 5 13 17 0.029008761
13 30 21 19 0.029374365
174 100 9 9 0.029463688
203 0 21 16 0.029560471
51 22 9 9 0.02979138
697 67 21 22 0.031216152
391 0 12 8 0.03138315
687 33 9 12 0.031716846
752 40 8 8 0.032349482
47 2 14 17 0.03236315
797 59 21 20 0.03293037
524 83 20 29 0.03339628
394 0 14 9 0.033786673
621 63 23 20 0.03442837
756 23 8 8 0.034439933
687 1 8 12 0.03528806
571 69 24 19 0.035404574
241 3 10 11 0.0357568
34 54 19 30 0.036556173
684 23 13 17 0.036574047
325 0 10 10 0.037100222
523 102 25 16 0.03718193
410 50 19 22 0.03749517
810 19 17 28 0.037954744
744 48 21 19 0.038025428
482 40 10 12 0.038516603
22 25 10 11 0.038557988
2 133 18 67 0.038880877
700 46 21 19 0.03958313
324 0 10 6 0.041101206
917 53 8 12 0.044242617
552 65 23 18 0.045240138
560 14 21 19 0.046068236
703 37 20 19 0.046398036
653 62 22 21 0.04785419
79 66 19 23 0.049024597
859 77 20 20 0.049028862
7 44 18 31 0.049335174
118 86 22 19 0.04990634
0 105 10 28 0.05166413
687 25 9 13 0.05238203
229 16 10 10 0.052966975
963 45 19 22 0.052994143
177 80 22 19 0.054525483
677 29 13 18 0.05746588
716 67 24 21 0.063382536
915 52 13 20 0.06348212
753 28 19 30 0.067567945
50 4 9 11 0.069012895
880 57 18 31 0.07061203
679 32 9 12 0.07578599
475 44 20 20 0.0758148
443 56 18 29 0.07637675
167 99 9 9 0.07700546
873 57 9 13 0.080847666
480 38 13 18 0.08141842
439 54 23 20 0.081665434
872 55 12 18 0.0828528
3 47 19 21 0.084045276
983 48 20 21 0.08823139
225 68 25 19 0.09072773
704 69 20 30 0.09240846
677 24 13 17 0.0931911
679 26 9 13 0.094589986
0 0 12 18 0.10145933
869 62 12 22 0.10581728
770 18 10 8 0.10620088
879 49 8 13 0.10982864
876 48 13 18 0.11046395
75 59 20 32 0.11063914
739 53 10 11 0.1192682
796 52 20 21 0.12137635
687 61 19 32 0.13462521
798 20 9 13 0.15242705
434 51 19 31 0.15761407
2 1 9 13 0.16377413
450 80 19 31 0.16416402
209 1 12 12 0.1650038
390 0 13 14 0.16510049
577 69 20 31 0.17296217
795 18 13 17 0.17540897
733 50 21 19 0.1754591
544 73 19 29 0.20643848
489 69 24 21 0.2522066
109 84 17 32 0.25916642
977 47 19 22 0.27817234
791 19 14 17 0.31155896
687 70 22 31 0.32786226
626 56 19 32 0.37071273
793 21 9 12 0.3736026
30 6 15 17 0.39257616
516 35 20 20 0.39609846
710 5 13 18 0.4016399
491 63 18 31 0.4268446
183 78 25 20 0.43037564
112 88 21 20 0.44715518
892 57 22 31 0.4597995
934 47 29 43 0.46553874
588 44 21 21 0.51216674
191 74 19 29 0.51571923
537 79 25 19 0.52069753
739 25 10 11 0.53836113
649 56 19 32 0.5550771
232 65 18 29 0.55690783
380 56 19 31 0.5587429
764 33 22 30 0.57092094
811 51 20 32 0.5819901
714 62 20 33 0.59025997
581 59 18 32 0.6019515
290 76 20 29 0.67300737

