5_Car_Accident_Accident_5_244
91
914 184 20 21 0.010760944
909 215 21 20 0.011119522
645 212 9 12 0.011619788
637 324 27 47 0.011752357
489 200 21 19 0.0119254915
326 345 36 67 0.011936165
463 265 26 44 0.011960924
561 216 8 11 0.012008771
484 206 19 21 0.012097725
718 188 14 23 0.012334177
836 203 13 26 0.012376094
778 189 17 31 0.012413761
875 190 18 33 0.012641187
763 223 20 22 0.012886547
558 211 13 21 0.01303953
551 211 20 28 0.01307935
835 185 6 9 0.01376602
652 206 14 24 0.014091192
749 210 18 31 0.01428848
486 324 26 43 0.014551838
543 212 13 18 0.014806816
896 195 19 22 0.015238077
706 182 13 24 0.015814101
0 165 17 65 0.01626879
630 209 12 21 0.016759241
692 194 13 21 0.016878525
453 44 14 21 0.017417805
752 197 12 19 0.01747255
1 173 12 50 0.017641835
632 213 8 12 0.018022014
626 185 8 12 0.018575307
329 324 33 73 0.018682873
110 184 101 138 0.0194681
646 192 18 31 0.020424863
163 167 35 63 0.020594401
564 195 7 13 0.021741623
784 192 20 21 0.022772862
892 208 20 23 0.02278041
635 301 35 64 0.022851834
837 196 7 14 0.023125872
764 224 25 48 0.023592407
567 181 12 24 0.025379786
451 41 18 30 0.0257224
931 205 19 32 0.02699383
615 294 33 70 0.027408384
772 201 8 11 0.027956365
803 201 18 30 0.02816866
668 192 21 21 0.029022055
757 209 13 19 0.029326886
480 194 13 21 0.029959513
923 183 21 21 0.030710446
463 297 27 42 0.03225275
758 212 9 11 0.035470884
473 265 25 44 0.036433488
456 44 20 21 0.037312496
128 201 61 92 0.040094517
614 317 38 67 0.043397114
613 186 17 29 0.043543886
909 221 20 20 0.044139843
622 181 13 21 0.04671055
563 182 17 29 0.047222048
496 208 15 22 0.048771054
564 189 12 22 0.051633347
770 197 13 20 0.05173016
841 189 17 37 0.053440634
630 314 37 65 0.054298114
761 208 21 21 0.05505347
546 215 7 11 0.05568971
755 202 7 10 0.07463483
573 184 12 26 0.08663088
478 253 19 33 0.09212686
835 193 11 25 0.10860002
864 200 25 44 0.11567964
642 206 19 22 0.116273195
797 194 19 24 0.14593995
901 207 19 33 0.1577651
770 214 18 35 0.15952808
1004 181 20 53 0.16855326
503 207 23 21 0.20800358
706 188 18 23 0.20853718
913 187 18 31 0.21325862
476 296 25 47 0.22985642
919 188 20 23 0.23152919
924 188 18 30 0.24549063
802 190 16 33 0.30957508
573 178 18 31 0.3444951
711 185 19 30 0.4835337
997 192 24 52 0.5296274
650 202 19 31 0.6511479
493 205 19 33 0.65802485
842 195 24 45 0.730568

