5_Car_Accident_Accident_5_460
156
317 335 11 21 0.010027487
407 150 6 7 0.01024016
702 209 27 16 0.010574654
313 316 8 12 0.010591405
960 389 7 11 0.010827668
322 149 7 9 0.010945285
0 269 8 29 0.011019904
922 347 14 15 0.011172961
195 324 12 21 0.011249513
433 127 5 6 0.011320589
42 68 9 12 0.011552459
0 262 7 18 0.0115717
273 318 12 19 0.011949011
182 325 9 15 0.01213197
174 331 18 31 0.012372686
880 370 21 17 0.012393604
49 80 9 14 0.0124919405
41 66 12 18 0.012962306
9 326 20 21 0.01322136
353 118 6 7 0.0134066045
425 171 5 9 0.014234679
376 135 6 7 0.014561797
0 360 12 50 0.014615972
356 135 7 8 0.015034119
4 328 8 13 0.015169375
221 94 8 7 0.015309631
234 303 17 22 0.015603219
178 332 12 24 0.015735418
209 323 8 13 0.015782628
1018 345 5 9 0.015907945
238 302 9 12 0.016358724
6 339 14 41 0.01709429
269 310 18 19 0.01728035
65 304 18 30 0.017917722
895 349 9 10 0.018154964
74 328 24 17 0.018343156
287 320 13 19 0.018409465
133 277 8 10 0.018514585
4 302 14 37 0.018622603
195 133 7 8 0.018631656
172 290 12 19 0.019342784
151 311 11 12 0.019410968
318 316 8 12 0.01984324
259 318 13 19 0.019851059
203 319 18 30 0.019877763
0 258 7 27 0.020969711
404 138 6 7 0.021225499
275 322 8 12 0.021613987
46 77 13 19 0.021885084
27 307 22 19 0.022619879
425 128 5 6 0.022629479
968 357 7 8 0.022653226
378 151 7 10 0.022975234
56 312 10 12 0.023115458
885 373 11 10 0.023645932
39 315 18 31 0.024516234
301 352 12 22 0.024532877
206 115 15 16 0.024958605
299 340 17 33 0.025371926
188 307 12 19 0.026430888
457 150 6 8 0.026528481
206 320 12 21 0.026734117
2 324 12 21 0.026905831
383 145 12 19 0.027777107
864 365 19 19 0.028331608
463 145 12 21 0.028808631
165 292 12 19 0.032215383
290 323 9 13 0.03225461
979 354 7 9 0.03242361
46 61 10 12 0.03252785
309 343 7 13 0.032645054
261 321 9 12 0.03306335
119 311 23 19 0.03585791
175 292 8 13 0.0361353
167 294 8 13 0.037500657
212 98 14 16 0.037965417
0 353 8 28 0.03888578
343 141 8 10 0.039240852
893 358 14 16 0.040296275
894 369 14 16 0.041190084
227 119 7 7 0.043471012
191 309 8 13 0.043912336
307 340 11 21 0.046482656
884 349 10 10 0.046988774
925 349 9 10 0.04853306
883 355 14 16 0.05453287
312 325 12 19 0.05488993
55 309 13 19 0.058361966
313 328 8 13 0.059570443
248 120 8 8 0.059646193
256 118 7 8 0.059770856
970 347 8 9 0.060655463
31 327 22 19 0.06161011
386 148 7 10 0.06167692
173 316 17 30 0.061799627
258 310 13 18 0.06300741
923 353 13 16 0.06428917
160 309 8 13 0.064941786
458 138 6 7 0.06619793
917 348 14 15 0.06901384
340 142 12 18 0.07165846
897 371 10 11 0.07341903
199 122 8 8 0.07552738
139 311 20 29 0.07677621
466 148 7 11 0.07828878
915 351 19 18 0.07829151
223 102 8 7 0.081270844
146 308 20 19 0.0853176
433 149 6 8 0.0882739
868 368 11 13 0.088870935
285 312 12 17 0.09214073
157 306 12 19 0.09302723
318 325 9 15 0.094985425
63 312 11 12 0.09748913
925 355 11 11 0.10463878
201 108 7 8 0.10737825
210 119 8 8 0.10838992
181 322 12 23 0.10989416
181 310 12 19 0.11476604
424 147 6 9 0.115841426
896 361 10 10 0.12314902
209 309 13 17 0.12885876
885 358 10 10 0.1321864
341 145 9 13 0.13299301
183 312 8 13 0.13603757
127 289 14 17 0.14812914
918 350 11 10 0.15575239
316 322 11 21 0.15625723
288 314 8 12 0.16421007
260 312 8 12 0.16764003
0 280 15 35 0.1750689
60 310 14 17 0.18514234
432 136 6 7 0.19432558
320 114 8 8 0.19980016
232 307 9 14 0.22756217
212 310 8 13 0.23479488
315 110 6 10 0.23598006
314 114 6 9 0.24390367
341 111 7 8 0.24853878
46 69 13 18 0.26972148
343 114 8 9 0.29873508
918 355 11 11 0.30106798
112 306 19 29 0.33786973
389 133 7 8 0.34662402
214 100 8 9 0.36361367
319 110 8 9 0.3691617
239 306 9 14 0.38615075
254 103 7 9 0.41686004
274 312 8 14 0.4243893
250 103 8 9 0.42751572
424 135 6 8 0.43551782
466 136 6 8 0.44069776
216 94 8 10 0.47549292
865 362 14 16 0.50006276
388 126 6 8 0.5019467
977 348 7 8 0.5579976

