5_Car_Accident_Accident_5_948
20
168 303 31 44 0.010590591
150 272 61 83 0.010956962
647 162 23 19 0.011175549
532 80 57 83 0.011851284
668 148 14 21 0.012883417
574 94 49 89 0.012911093
684 117 22 19 0.013624648
647 162 13 19 0.016283937
601 131 43 59 0.017371383
679 129 20 32 0.019295413
579 102 42 56 0.02158562
608 113 29 42 0.02170816
584 117 53 89 0.022490539
382 132 69 75 0.024910215
657 148 21 20 0.029709702
600 107 40 58 0.035688937
532 67 41 53 0.107324034
164 294 40 62 0.11046963
655 144 20 31 0.1335593
666 142 21 30 0.34756136

