5_Car_Accident_Accident_5_203
63
692 310 8 8 0.010188794
790 287 12 26 0.010291822
584 238 9 11 0.010508009
791 298 21 22 0.010666597
584 232 9 9 0.010692119
998 147 5 7 0.011040612
980 322 6 8 0.011316864
39 144 7 10 0.012147799
962 370 6 9 0.012246362
759 310 6 9 0.012355136
1007 339 15 37 0.012363575
423 228 21 29 0.012541872
745 275 5 7 0.013081055
389 436 33 13 0.0154446745
1013 181 5 10 0.01625332
518 227 8 8 0.016488561
789 295 14 25 0.016619405
708 231 6 7 0.017071782
708 291 13 18 0.01762913
712 238 6 8 0.0205385
1014 325 6 11 0.021180023
706 216 7 6 0.022478994
998 165 6 7 0.0229779
983 163 5 7 0.023891076
755 272 5 7 0.02427333
615 225 13 17 0.024836583
589 230 14 16 0.025226569
709 298 13 18 0.025943218
616 236 13 17 0.026116585
720 304 8 10 0.02736276
694 280 6 8 0.028385935
592 232 9 11 0.028563825
674 287 7 9 0.029140577
754 260 5 7 0.030341716
694 227 7 7 0.030386737
1000 332 12 20 0.030721186
964 174 7 9 0.03297373
964 169 7 9 0.033464506
746 258 5 7 0.03506913
642 277 8 9 0.035683826
617 238 10 12 0.03906883
616 227 10 12 0.03917286
1010 338 8 12 0.04272256
1012 349 8 14 0.04289624
672 280 7 8 0.044189386
619 232 18 19 0.045044094
664 279 7 9 0.049431175
721 276 5 7 0.052245706
694 288 7 8 0.054445952
1001 335 9 11 0.06370955
712 278 5 7 0.06537525
593 237 9 12 0.06667687
1007 334 12 21 0.073581345
711 301 9 10 0.0736122
721 292 7 9 0.078680925
590 234 13 18 0.082679
1007 324 15 37 0.0832786
1009 345 12 21 0.08386591
711 295 7 10 0.12178341
621 230 14 16 0.12712544
795 285 16 32 0.19898197
623 235 11 13 0.36127216
787 284 17 34 0.7098131

