5_Car_Accident_Accident_5_628
119
336 387 24 18 0.010019254
344 186 25 17 0.010047155
1010 97 9 31 0.010090234
319 171 13 20 0.010100599
471 396 37 60 0.010363847
526 361 25 18 0.0108066425
278 232 23 19 0.011049236
798 188 19 31 0.0110602835
1004 95 15 39 0.011265208
847 205 19 33 0.0113135455
0 235 8 43 0.01154185
287 217 19 29 0.011614024
362 164 23 18 0.0116846915
895 358 38 66 0.012147737
73 336 27 44 0.012161632
96 245 20 32 0.012427366
627 109 41 58 0.012493594
124 209 26 43 0.01264714
25 197 22 19 0.012866764
296 245 21 30 0.012959945
725 336 36 62 0.013608765
37 271 19 34 0.013722306
408 185 22 20 0.014022588
380 214 23 20 0.01416251
536 348 29 39 0.014358818
186 295 27 44 0.014491494
847 197 19 31 0.015033101
759 362 38 67 0.01510136
482 163 12 21 0.015333631
224 200 13 21 0.015337677
950 320 35 67 0.01611037
122 215 20 22 0.016136423
71 210 31 57 0.016737027
608 100 38 57 0.016974661
377 61 21 29 0.01752103
1001 103 19 58 0.01838792
7 176 17 34 0.018486025
476 172 26 41 0.018712103
506 361 42 51 0.01903078
833 383 36 69 0.019223405
88 241 28 42 0.019307446
899 218 20 31 0.019391991
0 146 38 55 0.019682592
32 266 26 44 0.0200824
100 216 19 31 0.020452099
3 164 11 25 0.021114334
331 194 24 19 0.02113469
278 181 13 22 0.022055188
38 181 20 32 0.022231082
438 187 14 21 0.022366278
33 149 22 20 0.02247345
42 163 23 19 0.022602523
842 300 49 88 0.022856595
82 235 37 58 0.02392482
27 258 34 63 0.024130793
69 327 35 63 0.0246513
270 178 18 30 0.02508806
937 301 27 46 0.025517752
315 180 20 20 0.025982035
344 366 37 58 0.026619345
997 262 22 52 0.026667627
399 183 23 18 0.028493263
424 157 19 29 0.02896012
1007 358 16 71 0.029421862
906 237 28 38 0.030099042
1002 245 16 41 0.030923374
798 291 34 65 0.031238232
991 252 32 69 0.031779382
271 222 18 31 0.03182039
175 196 21 19 0.032316882
440 180 25 39 0.032345332
850 296 33 67 0.03237943
434 193 23 19 0.03257186
971 224 46 100 0.033828456
321 219 22 19 0.03415893
131 214 18 33 0.036632176
5 152 27 44 0.037403367
482 180 19 21 0.038927108
427 154 21 20 0.04029684
411 91 21 30 0.04146273
286 169 14 22 0.04534615
39 251 19 35 0.04670504
77 218 24 20 0.050436653
484 157 18 34 0.050906293
429 181 20 31 0.05166067
90 332 36 61 0.05462731
304 179 20 20 0.05656785
701 314 18 34 0.05678072
327 183 20 31 0.05973636
77 240 25 46 0.063835256
730 362 43 61 0.0642489
331 187 22 20 0.064804554
225 234 22 21 0.06530638
933 291 35 64 0.06940026
100 312 28 41 0.07006903
284 167 18 30 0.080147944
230 280 26 42 0.09057841
936 283 28 41 0.10012847
191 279 27 45 0.123120144
388 191 27 42 0.13553445
992 235 32 64 0.13718614
282 179 19 22 0.14514175
39 153 24 21 0.15106547
439 188 21 22 0.1518996
840 299 33 66 0.1542077
272 230 21 20 0.15424351
370 150 21 30 0.19480643
380 200 29 40 0.20148084
860 204 19 33 0.21604945
730 375 55 89 0.21612522
78 218 20 34 0.26712525
378 151 21 29 0.2741742
326 210 22 29 0.28202742
157 306 26 44 0.2954665
229 230 19 32 0.35471326
264 273 28 39 0.4178218
44 148 18 33 0.42251688
0 236 14 39 0.508485
177 217 19 33 0.5615934

