5_Car_Accident_Accident_5_340
161
503 150 5 8 0.010174036
423 156 7 6 0.010385144
788 119 10 12 0.010517106
545 115 17 31 0.010757634
332 211 19 26 0.011042918
985 45 21 23 0.011056498
58 215 23 18 0.01138786
245 231 8 9 0.011470862
942 109 19 30 0.011737474
355 276 8 8 0.011764592
742 40 7 9 0.011786459
640 110 11 20 0.011793871
223 179 8 9 0.011799613
257 269 22 28 0.011820181
503 120 6 10 0.011936778
3 237 11 26 0.011972724
244 276 10 11 0.01244524
160 201 21 19 0.012797631
4 231 7 10 0.013269872
887 64 22 19 0.013311557
220 215 21 18 0.0135258995
948 109 19 21 0.013576925
643 107 7 12 0.014035475
853 117 9 12 0.014103193
143 209 14 17 0.014110687
235 208 21 19 0.014310882
4 238 18 31 0.014491562
270 261 22 17 0.014494095
946 104 22 19 0.014575645
303 202 7 10 0.014711574
945 92 16 34 0.014879563
354 168 7 5 0.015071956
239 272 23 18 0.015132717
861 109 20 30 0.015379205
4 191 18 32 0.015732383
249 272 22 18 0.015785746
227 218 8 9 0.016267622
305 264 10 10 0.016724154
300 219 20 27 0.016762597
242 213 9 9 0.016783766
649 152 6 9 0.017143086
179 202 10 11 0.01737301
508 220 28 39 0.017406352
133 216 7 8 0.017426532
550 94 17 29 0.017915936
128 208 19 27 0.017921457
234 249 20 28 0.018038291
707 81 12 21 0.018084783
123 212 21 19 0.018954977
353 264 8 9 0.019071657
886 83 14 21 0.019376963
166 210 13 12 0.019635258
711 96 12 23 0.019711249
297 203 7 9 0.01988723
766 125 20 20 0.01989584
501 170 6 8 0.020387154
768 118 19 21 0.020840015
564 132 7 11 0.021945354
205 229 22 21 0.022687467
275 227 9 10 0.023229858
339 168 6 6 0.023872579
126 226 10 12 0.023881515
707 87 17 32 0.023916164
13 211 14 18 0.023971478
262 170 7 7 0.024082046
488 156 5 7 0.024187738
323 227 8 11 0.02454635
145 213 9 10 0.024899926
350 241 13 18 0.026782982
657 152 6 10 0.028404966
1 206 12 19 0.028788825
16 200 8 10 0.028911965
166 171 6 7 0.028946137
255 223 13 17 0.029272903
892 76 18 33 0.029782586
696 68 20 22 0.029860878
399 156 7 7 0.030291954
226 227 9 10 0.03129549
451 166 7 6 0.031310968
302 224 12 18 0.03183219
174 208 11 14 0.03193952
401 164 8 6 0.032239616
951 102 24 20 0.03376784
267 275 24 18 0.03462684
15 214 9 11 0.035790764
198 297 25 16 0.03598395
330 256 22 18 0.03634143
293 222 13 19 0.03816312
348 221 12 18 0.038635667
546 130 8 13 0.04001931
200 224 19 29 0.040157218
190 200 10 11 0.040747415
425 166 7 7 0.040968828
259 217 7 11 0.041719995
351 224 8 13 0.04174132
323 214 12 19 0.04245013
877 79 18 33 0.0424617
268 221 21 18 0.044064343
324 217 9 12 0.046884157
353 244 9 11 0.048615452
511 232 20 32 0.04866924
338 261 9 9 0.050874297
471 167 6 7 0.052271448
294 226 9 12 0.05339021
258 213 13 19 0.053508162
305 227 8 12 0.0545312
552 100 9 14 0.0547654
690 75 13 22 0.056630664
123 222 14 19 0.057593565
352 199 7 10 0.057616398
8 207 16 32 0.05767631
3 199 12 18 0.059576772
225 170 8 8 0.06020421
979 28 17 34 0.061802074
169 206 18 26 0.06351656
338 279 8 8 0.065546766
851 112 14 21 0.06720942
3 210 8 11 0.068745025
886 53 22 21 0.070005484
542 127 13 21 0.077853605
388 162 7 7 0.07877405
773 114 20 29 0.079597495
257 226 8 10 0.08451343
114 221 21 21 0.08843049
219 223 21 19 0.08922841
300 213 12 18 0.089508876
887 83 22 21 0.0936897
433 168 8 8 0.09704179
485 168 6 8 0.09943056
303 215 8 13 0.09968985
173 200 21 19 0.09972991
377 165 7 7 0.10028936
183 197 21 19 0.107280046
886 51 13 22 0.108179286
4 202 9 11 0.111335
391 157 7 8 0.12723175
344 217 9 14 0.12914842
438 156 7 8 0.13133384
848 108 19 31 0.1382461
782 115 20 21 0.1388162
551 97 12 20 0.14269608
349 215 9 14 0.1581122
891 49 16 36 0.16352396
309 240 13 17 0.16569352
958 91 19 34 0.16910727
343 221 10 16 0.1760707
884 51 16 35 0.1943418
643 114 6 10 0.2076602
556 97 12 19 0.21656545
992 37 18 33 0.24634726
293 215 13 18 0.24700078
296 217 8 12 0.25872394
347 214 12 18 0.25990927
689 61 17 35 0.42899695
266 212 20 23 0.43821445
343 216 12 19 0.44157365
164 205 20 20 0.52041376
196 233 21 29 0.67778194
38 215 27 39 0.6897745
984 28 25 39 0.7055836
105 209 21 28 0.79252714

