5_Car_Accident_Accident_5_177
141
687 71 7 7 0.010219212
291 205 13 17 0.010471981
837 220 23 19 0.010495374
803 287 27 44 0.010596628
688 80 6 8 0.010839657
342 225 9 11 0.010868294
1002 267 17 37 0.010998182
241 127 7 8 0.011107616
881 203 17 30 0.0111952415
963 207 12 20 0.011260401
420 293 35 37 0.011388144
836 341 38 62 0.011490506
277 162 7 9 0.011497859
649 179 21 18 0.011992991
740 218 13 21 0.012069451
665 78 7 8 0.01215464
838 230 17 32 0.0121783195
677 162 10 12 0.012211526
678 181 10 12 0.012291433
798 220 20 22 0.012437781
375 272 33 34 0.012500025
391 207 10 14 0.01250411
340 221 14 18 0.01263908
586 201 18 34 0.013437696
772 245 35 67 0.013441735
774 175 12 19 0.013587614
675 159 14 18 0.013654555
857 349 28 43 0.01375903
914 315 42 61 0.013787873
794 235 19 24 0.014147637
777 209 18 31 0.014237235
782 175 18 29 0.014334443
605 130 10 14 0.014358913
615 75 13 19 0.014447241
829 210 20 22 0.014463021
992 209 17 35 0.014535012
351 206 10 11 0.014680682
736 180 14 19 0.014706992
883 220 22 19 0.014821271
925 238 19 29 0.014847166
772 227 33 63 0.014889036
674 219 13 23 0.015060768
311 190 9 9 0.015355707
341 207 14 18 0.015434882
675 186 19 21 0.015533429
643 72 6 9 0.015746951
729 437 29 14 0.016362637
674 110 13 18 0.016397832
866 256 21 20 0.016420297
511 196 19 31 0.016842237
626 98 7 11 0.016931534
684 178 13 19 0.016941894
798 278 37 62 0.016985318
744 206 19 31 0.017274853
497 427 50 109 0.017392337
664 128 8 9 0.01744488
582 195 26 46 0.017553061
798 126 11 20 0.017795477
642 223 12 26 0.017805215
273 145 9 9 0.018085605
792 190 33 63 0.018295534
621 237 18 33 0.018317852
891 206 24 40 0.018399747
783 175 8 13 0.018410252
906 172 18 27 0.019032301
575 188 35 62 0.019181354
348 202 13 18 0.019660136
431 287 46 57 0.019842084
403 280 58 81 0.020687826
750 180 14 20 0.021826154
673 203 19 23 0.022018265
643 185 14 20 0.022127276
318 203 14 18 0.022631036
263 150 8 8 0.022751458
617 79 8 11 0.022916704
828 172 11 20 0.023190124
801 178 19 31 0.024316078
343 211 9 10 0.024640938
777 234 25 45 0.024716165
532 349 38 69 0.025171112
902 161 12 13 0.02533323
677 178 13 18 0.025633369
798 198 25 46 0.026380792
984 187 13 20 0.026537636
624 77 7 10 0.029551547
804 204 18 35 0.030929832
781 238 17 34 0.03146812
793 130 7 13 0.031906217
800 234 17 34 0.032855846
823 172 12 22 0.032963846
650 186 21 21 0.03334131
351 237 20 19 0.034900762
771 401 22 49 0.03700407
780 172 13 20 0.037584197
644 77 6 8 0.037867583
735 184 21 20 0.04122411
723 179 13 20 0.0413147
639 178 20 19 0.043189198
892 211 22 20 0.04324257
322 195 9 11 0.043573167
319 192 13 18 0.044499345
415 284 45 54 0.045421183
870 257 20 32 0.046610992
880 178 17 28 0.04686276
324 207 9 9 0.048070755
800 129 7 13 0.048073616
640 227 17 32 0.049943544
690 199 18 23 0.05170113
703 196 18 31 0.052963044
720 183 20 21 0.053346157
675 127 9 12 0.05699773
679 72 6 7 0.059911974
643 215 17 33 0.061557725
695 199 21 23 0.06249006
697 192 20 24 0.06523729
673 123 13 19 0.06802913
598 130 10 15 0.06920535
677 113 8 9 0.07209502
707 187 17 30 0.074420966
625 69 7 9 0.075060785
851 330 35 57 0.0757452
837 320 35 61 0.0801054
678 78 6 8 0.0859177
687 187 18 31 0.090661794
685 199 18 32 0.10709032
603 128 12 19 0.111205004
975 209 18 30 0.14406237
890 216 22 22 0.15784104
810 263 23 49 0.15803546
693 115 7 9 0.16331866
872 248 20 33 0.19330917
391 204 14 21 0.19540963
833 213 18 33 0.20903
987 187 21 21 0.24849251
911 237 18 31 0.30627206
902 159 22 20 0.32068586
881 179 13 19 0.40276113
747 184 21 21 0.48215768
392 206 20 22 0.6039052
597 129 13 19 0.6674874
301 208 21 22 0.7028801

