5_Car_Accident_Accident_5_642
104
572 663 12 17 0.010102397
513 730 9 13 0.010146366
0 641 9 26 0.01053343
598 694 7 9 0.010534761
574 671 11 18 0.010552341
543 754 10 12 0.010603805
751 631 13 17 0.010641606
626 678 5 8 0.010738009
233 644 5 8 0.010829558
520 663 7 8 0.010931882
261 645 5 6 0.011081463
469 730 6 9 0.011270282
243 644 6 7 0.0113137
516 738 8 13 0.011486889
453 771 6 7 0.011495257
702 733 11 9 0.011799508
468 760 6 7 0.011889926
817 645 7 7 0.012500997
472 664 6 7 0.012612092
63 666 10 10 0.012640265
514 735 12 19 0.012647175
805 736 10 13 0.013378849
483 630 14 16 0.013379284
496 618 10 12 0.013551939
696 733 10 9 0.01356971
707 758 11 9 0.013803223
536 744 11 15 0.015167952
373 649 8 5 0.015221537
808 650 6 6 0.015246516
356 721 13 20 0.015361959
510 640 13 16 0.015535559
579 753 12 11 0.015637953
494 616 14 17 0.015688775
787 648 8 5 0.01592406
536 749 20 18 0.015960395
710 744 24 16 0.016365178
462 186 58 83 0.016745504
740 635 9 8 0.016930485
803 734 13 18 0.017017057
614 675 6 9 0.017596243
588 744 12 11 0.017837275
458 743 6 9 0.017933814
474 649 6 8 0.01812767
465 743 6 8 0.018281454
535 755 10 12 0.018415986
56 674 11 13 0.018883666
274 637 5 5 0.019419938
481 664 7 8 0.019669402
473 195 43 57 0.01969863
768 649 8 7 0.01988892
694 731 25 15 0.020120317
700 753 24 16 0.020453675
595 677 6 7 0.021424826
610 757 12 8 0.021714997
0 653 11 26 0.022687716
718 747 11 9 0.023914944
504 643 9 10 0.025535446
477 228 41 62 0.026078155
447 201 88 135 0.02628746
534 750 14 18 0.029962119
693 737 20 18 0.030360673
576 749 20 17 0.03295756
365 721 13 20 0.033155788
260 636 6 6 0.03389517
631 747 12 11 0.034261547
530 648 9 10 0.036373064
712 756 25 16 0.037920877
570 673 7 11 0.038781337
627 650 5 7 0.040388957
481 646 8 9 0.041119814
240 636 6 7 0.044603772
494 625 13 17 0.045056462
513 643 9 11 0.04613552
593 644 6 8 0.046449125
54 663 14 18 0.050753795
702 768 24 17 0.05251655
695 740 12 12 0.056193627
456 763 5 8 0.056342386
639 754 13 11 0.06503005
485 633 8 10 0.06633644
583 648 6 8 0.06791082
638 747 12 11 0.07142918
62 674 12 13 0.072678454
56 664 8 11 0.073237896
582 741 21 19 0.075144485
571 667 7 11 0.07691578
632 744 23 17 0.081172936
497 628 9 11 0.083206624
233 635 6 7 0.085299246
56 664 20 19 0.090263315
703 743 13 11 0.09179545
633 751 22 17 0.09183494
754 635 8 9 0.093195796
623 664 6 9 0.100104414
758 644 7 8 0.1036229
461 214 60 94 0.117802225
577 673 7 12 0.13439299
613 650 5 7 0.18774942
575 667 7 10 0.18808717
615 662 5 9 0.22943217
538 744 15 18 0.4890693
697 739 23 18 0.5139745
581 743 15 17 0.5468501
57 669 19 20 0.68584055

