5_Car_Accident_Accident_5_234
331
780 276 14 17 0.010073083
785 280 9 10 0.010148258
222 485 13 19 0.010151459
599 574 11 19 0.010171468
184 511 20 20 0.010265531
341 423 13 19 0.010269451
560 169 6 9 0.010275345
131 479 12 26 0.010294926
598 501 9 10 0.010309468
414 311 12 18 0.010315684
892 281 14 15 0.010340691
609 629 35 68 0.010380038
359 364 18 31 0.0104275355
803 325 11 12 0.010484218
136 278 7 7 0.010506288
741 108 5 6 0.010552999
398 437 12 24 0.010556121
225 405 10 13 0.01063475
767 330 10 12 0.010743081
205 421 13 19 0.010743081
591 547 14 20 0.010770699
800 184 8 10 0.010786191
601 643 54 72 0.010833533
601 567 8 16 0.01085094
130 478 19 30 0.010853024
867 263 13 17 0.010949554
601 517 22 19 0.011008513
593 517 14 18 0.011010044
416 341 9 13 0.011102573
817 89 6 8 0.011137069
686 469 25 16 0.011212061
789 342 13 19 0.011215788
831 509 35 62 0.011297498
744 154 5 6 0.011378126
183 505 22 18 0.011395717
394 430 17 32 0.01141836
4 486 7 15 0.011444339
770 307 9 12 0.011487559
712 71 6 8 0.011544451
549 183 8 9 0.011756894
11 576 17 36 0.011786709
200 381 9 10 0.011920002
351 457 14 20 0.011923199
781 331 18 33 0.012000972
407 331 8 11 0.012055063
769 257 35 57 0.012090944
392 445 16 31 0.012099952
10 551 17 34 0.012100084
802 168 6 8 0.012196443
415 329 9 12 0.01229964
669 492 21 25 0.012508568
264 390 10 13 0.012538885
803 296 9 10 0.012765292
690 512 20 19 0.012926118
742 91 5 5 0.012989281
572 517 20 20 0.01298977
412 326 14 18 0.013025356
424 181 6 7 0.013092072
376 314 7 11 0.01313084
381 313 12 18 0.013150033
422 421 13 25 0.0131679345
358 310 7 11 0.013281028
896 350 20 19 0.013282478
697 468 22 18 0.013388823
2 413 10 30 0.0135408845
325 405 13 18 0.013738482
663 91 4 6 0.013821487
416 313 9 13 0.013825791
829 533 40 57 0.013878075
804 126 5 6 0.013902615
639 544 20 28 0.01391754
352 491 17 34 0.014043092
306 395 9 12 0.014319103
714 480 24 16 0.0143832965
881 262 9 10 0.014454168
712 475 25 16 0.014526764
677 90 5 7 0.0145441815
357 377 9 12 0.014585142
628 109 5 6 0.014587485
600 578 8 13 0.014635137
342 326 12 18 0.014682772
778 283 19 33 0.014870437
85 440 25 17 0.014960699
745 329 18 34 0.0149799995
852 248 7 9 0.015106979
758 187 5 6 0.015117191
201 486 23 17 0.015231232
273 405 10 13 0.015250296
584 534 21 19 0.015251715
590 545 18 32 0.015330578
327 408 10 12 0.015373734
370 358 8 11 0.015467829
789 75 5 6 0.01549221
489 160 5 6 0.01571487
816 75 6 7 0.015809493
91 498 41 58 0.015831908
754 327 10 13 0.015837748
532 182 6 9 0.015949285
266 553 19 30 0.015971536
536 142 5 7 0.015973888
355 405 13 18 0.016040884
775 91 6 6 0.016112668
585 595 7 13 0.01620478
757 90 5 6 0.016335813
808 88 6 7 0.01637029
259 447 19 20 0.0166086
306 401 13 19 0.01663531
807 292 20 31 0.016747734
850 91 7 6 0.016800724
430 359 13 19 0.016805632
348 417 26 42 0.016942276
662 134 5 7 0.016959947
404 342 13 18 0.01711304
787 89 5 6 0.017124336
403 496 11 24 0.017147513
802 105 6 7 0.017292516
323 424 13 20 0.01731729
713 315 25 48 0.017492462
179 424 9 13 0.017582014
804 154 5 8 0.017600201
815 314 10 11 0.017622095
262 447 19 29 0.017650101
641 632 35 64 0.017670542
131 268 8 6 0.017789353
222 402 13 19 0.017913753
475 534 22 20 0.017918587
754 77 6 7 0.017985208
423 507 17 30 0.018060206
781 524 19 32 0.018087707
270 484 12 24 0.018170603
353 359 13 18 0.018196605
384 315 8 13 0.018271782
912 95 9 4 0.018394513
816 248 9 9 0.018498644
802 278 13 17 0.01857917
640 544 13 22 0.018609632
791 170 6 7 0.019068329
581 537 10 13 0.019272715
805 314 11 12 0.019320803
785 214 8 10 0.019345362
788 123 5 6 0.01944132
707 134 6 6 0.019628504
83 446 15 19 0.019713512
870 251 9 9 0.020002909
644 134 5 7 0.020062976
356 362 9 12 0.020154508
884 286 18 18 0.020357033
382 321 11 20 0.020460706
883 123 11 8 0.020519448
731 500 25 17 0.020596076
305 392 12 19 0.020877115
190 421 12 21 0.021092199
757 106 5 6 0.021126539
121 268 7 8 0.021136386
812 311 14 18 0.021171931
708 126 5 6 0.021445211
263 388 13 18 0.021490553
264 440 21 20 0.021522833
802 251 14 16 0.02179988
358 454 18 31 0.02188629
648 107 5 7 0.021987299
895 346 13 18 0.022256536
332 405 13 18 0.022525541
243 422 14 18 0.022813758
773 185 6 7 0.022852782
792 342 21 20 0.022891482
428 419 13 25 0.022935985
820 293 13 17 0.02314658
405 345 9 12 0.02321875
661 486 24 19 0.023276774
775 215 7 9 0.02369278
758 229 8 11 0.023932645
895 264 9 9 0.024129216
867 107 9 7 0.024431333
337 313 8 10 0.024736322
853 189 12 21 0.024751231
547 166 12 20 0.024875209
866 122 8 8 0.024940051
814 277 13 17 0.024948819
487 196 7 8 0.025085958
727 137 5 6 0.025286883
726 38 12 18 0.02640846
812 232 14 15 0.026473608
579 154 6 7 0.026590854
163 423 13 21 0.02678443
758 203 7 7 0.026976313
272 390 11 12 0.02708662
686 502 22 18 0.027129408
759 137 5 6 0.027421713
193 390 13 18 0.02757113
818 262 9 11 0.027574195
576 520 18 30 0.02758064
790 154 5 6 0.027645873
2 481 10 24 0.027746659
592 126 7 8 0.027846571
631 134 5 8 0.027883297
895 283 9 10 0.028345749
371 343 8 11 0.02834875
437 186 7 7 0.028532656
422 428 12 24 0.029057946
792 352 20 21 0.02917613
613 135 6 7 0.029540574
790 186 7 8 0.029846232
798 326 19 33 0.029881343
772 153 5 7 0.0300113
372 324 12 20 0.030403038
352 424 19 32 0.030437354
660 106 4 7 0.03130593
326 328 7 11 0.03159928
33 556 18 32 0.031670462
805 312 13 18 0.03184983
583 135 6 8 0.03222577
470 171 6 7 0.032255314
213 402 10 14 0.032330275
387 343 8 11 0.032511827
822 297 10 11 0.032889683
752 325 13 19 0.032994498
899 93 9 6 0.033049386
350 496 12 24 0.033604074
882 106 9 6 0.034417916
782 229 9 11 0.034441844
768 275 21 20 0.03469305
774 122 5 6 0.034868456
195 393 9 12 0.035166528
593 133 6 9 0.035207387
862 295 14 16 0.03574556
342 347 8 12 0.036080092
707 305 35 65 0.036259644
566 141 5 7 0.036679167
693 120 6 7 0.03698782
727 42 10 11 0.0374645
355 373 13 20 0.03756384
808 75 6 7 0.03774694
801 255 12 17 0.03811522
307 478 12 23 0.038545743
807 232 13 16 0.03858324
428 402 13 21 0.038726866
350 430 13 19 0.039084774
136 539 27 40 0.039579254
336 351 13 19 0.040291756
374 328 7 12 0.04063272
674 110 6 8 0.04096994
340 344 12 19 0.041473087
805 136 5 7 0.041582104
880 93 9 5 0.041787628
583 125 6 9 0.041919425
192 482 21 18 0.042244416
870 93 8 6 0.042842064
798 321 21 19 0.043423675
265 448 21 20 0.0439709
600 564 12 22 0.044815987
743 136 5 6 0.04489577
663 122 5 7 0.04616707
551 140 5 7 0.04629269
774 108 5 6 0.046753045
628 122 5 8 0.0468468
502 160 6 6 0.047286905
344 330 8 12 0.047531705
616 123 5 8 0.047532026
474 328 14 17 0.04782648
385 325 7 12 0.048079908
385 436 12 22 0.048787184
869 266 9 10 0.049175948
423 174 7 8 0.04952809
146 269 8 7 0.05040312
212 400 12 18 0.051838484
868 274 12 17 0.052054778
177 421 13 20 0.052889783
351 328 7 12 0.054363664
486 187 6 8 0.054680277
414 401 19 22 0.057070702
254 436 20 21 0.057755847
756 217 8 9 0.05807635
804 254 9 11 0.058616623
777 269 19 33 0.061266046
579 534 14 20 0.061671957
603 567 13 21 0.061804753
431 584 18 30 0.0625448
563 151 6 7 0.06397717
774 201 7 8 0.06455475
469 183 7 9 0.06690702
788 138 5 6 0.06780569
143 417 13 21 0.06800607
499 186 6 9 0.070810236
771 172 6 7 0.07101297
772 229 14 16 0.07130555
549 170 7 10 0.07280819
518 156 5 7 0.073930494
266 400 20 20 0.07518832
519 167 5 8 0.07537805
349 425 13 18 0.07542455
785 204 8 9 0.07575544
516 184 7 10 0.07676428
863 345 19 20 0.07695921
643 124 5 7 0.078256726
533 168 6 8 0.07882597
866 296 9 11 0.079982944
423 412 17 32 0.08058502
319 431 19 20 0.081567004
421 501 12 26 0.08747026
471 327 13 19 0.088270985
80 441 22 18 0.08827789
804 281 9 11 0.08879763
550 153 5 7 0.089395255
427 502 13 24 0.09245238
353 463 13 20 0.09676967
815 234 10 11 0.0974108
817 280 8 10 0.09871908
785 295 14 17 0.101484895
675 117 6 7 0.1020952
791 107 6 7 0.105910264
450 187 7 8 0.114983104
534 156 5 7 0.12234889
744 123 5 6 0.12393663
754 123 5 6 0.12570675
773 138 5 6 0.12837946
869 276 9 12 0.13512848
788 298 9 12 0.14733592
267 387 19 20 0.160744
774 232 9 11 0.16195989
727 123 5 6 0.16402036
803 257 9 12 0.17066273
452 338 14 18 0.1709883
808 234 10 12 0.17887942
434 170 7 9 0.18475312
486 167 6 8 0.18784566
865 350 15 19 0.22124664
451 170 6 7 0.2269107
500 166 6 9 0.25233623
887 288 10 13 0.2797725
656 486 21 21 0.3306682

