5_Car_Accident_Accident_5_474
143
798 137 21 20 0.010160216
807 147 20 19 0.010297754
210 120 10 10 0.010609074
571 137 23 18 0.010836028
912 151 7 14 0.011123026
192 104 11 9 0.011165579
337 135 14 18 0.011195828
500 146 12 21 0.011321128
832 166 8 10 0.01139033
268 148 22 17 0.011770232
458 73 27 37 0.011925676
262 179 21 30 0.012006044
273 151 11 9 0.012203843
844 144 13 19 0.012337739
342 25 9 9 0.012383371
465 262 12 8 0.01247457
420 114 12 20 0.012496153
586 157 24 18 0.0133080995
866 153 8 12 0.013369519
184 102 23 16 0.013408042
249 179 24 17 0.013519876
422 118 7 10 0.013590022
405 115 12 20 0.013682204
285 168 23 18 0.013911841
781 136 13 19 0.013953912
287 174 22 19 0.013955671
333 144 20 27 0.0139975175
168 117 26 17 0.014655878
910 145 10 23 0.014807629
964 175 5 8 0.014814109
2 562 92 120 0.014854107
804 149 13 12 0.014882114
955 184 5 8 0.014941934
694 146 9 14 0.015081791
134 116 9 12 0.01534179
776 140 9 12 0.01545369
455 73 24 17 0.015471568
536 164 21 17 0.015676247
704 139 18 30 0.015808046
355 8 10 11 0.015815126
145 100 13 18 0.016040199
775 151 18 29 0.016517887
320 132 14 17 0.01663669
138 98 20 30 0.017165314
155 127 23 18 0.017198505
508 127 11 21 0.01749016
450 79 21 18 0.017551705
178 100 12 11 0.017753005
767 160 19 20 0.018828135
342 149 11 11 0.01961344
139 115 22 18 0.02013033
255 144 22 17 0.02032977
326 197 24 18 0.020985646
349 142 20 25 0.021328907
456 286 24 17 0.021623837
249 167 24 16 0.021942154
293 149 11 10 0.02217319
841 119 16 34 0.02270876
155 98 24 17 0.022767695
278 139 10 9 0.022810033
592 149 15 22 0.023057906
299 177 21 19 0.023397893
626 130 14 22 0.023842026
388 153 8 9 0.023971008
697 141 20 21 0.0241776
528 162 20 19 0.024452088
773 137 14 18 0.024817167
284 137 22 17 0.024828449
297 147 20 28 0.024836566
454 72 10 11 0.024877382
898 157 10 21 0.025194507
914 166 6 11 0.025670815
323 134 9 11 0.025937635
155 120 24 17 0.026839448
404 166 7 10 0.02717962
383 163 14 17 0.028515276
452 71 14 17 0.028559988
147 102 9 10 0.029170398
187 113 23 18 0.029197546
401 137 12 19 0.030487143
505 131 7 15 0.03082013
350 145 14 12 0.031949807
688 138 17 31 0.03250079
132 112 13 21 0.033151463
575 149 25 19 0.03394509
509 119 9 12 0.035366245
493 122 17 30 0.035911422
805 142 18 28 0.03638656
238 124 23 19 0.03927586
135 107 20 30 0.03964879
799 109 29 46 0.040002108
373 150 8 10 0.04004746
901 154 7 15 0.041303933
584 135 25 18 0.041426398
416 150 7 10 0.04444466
302 137 14 17 0.04510577
837 148 9 13 0.04531626
16 580 62 93 0.04555587
712 133 19 22 0.045651797
245 118 23 19 0.04650552
900 161 7 14 0.047087345
507 118 12 18 0.048127674
386 167 9 10 0.049359433
408 120 6 10 0.050274268
551 134 15 19 0.052577563
165 110 20 31 0.05326079
773 150 9 12 0.053732324
403 141 8 11 0.056075707
502 116 12 19 0.057324175
899 150 10 22 0.058819596
290 140 10 9 0.05896098
305 140 10 10 0.06324982
166 91 26 16 0.066724055
632 133 21 22 0.06824204
636 127 16 33 0.0725356
401 143 13 17 0.079890184
168 96 22 29 0.08009282
306 149 11 12 0.08178721
770 147 14 18 0.08346047
288 145 21 18 0.086191714
503 127 12 22 0.089073196
692 141 14 21 0.09468361
694 132 14 24 0.10285626
340 144 20 20 0.10933551
835 144 13 19 0.11055313
349 138 15 19 0.1235593
462 80 22 20 0.12594076
171 96 24 18 0.13254468
455 280 24 18 0.14260706
300 145 21 19 0.17642157
699 131 21 23 0.17795686
504 118 7 12 0.22125423
965 182 5 8 0.24680658
604 149 22 21 0.30776298
621 138 19 29 0.3372796
795 94 37 65 0.33817357
404 146 8 11 0.34555364
625 129 19 32 0.38461927
586 146 19 29 0.5819886
801 143 20 21 0.6132172
345 141 20 20 0.6507757
242 120 21 20 0.69507706
552 136 22 20 0.7643263

