5_Car_Accident_Accident_5_777
116
897 167 9 10 0.0100244535
897 185 8 9 0.010045861
628 178 11 11 0.010057092
896 198 8 9 0.010179445
178 277 11 8 0.010330414
1003 243 16 40 0.010531183
217 274 33 35 0.010889177
157 291 25 17 0.010915437
554 153 14 15 0.011174722
532 167 11 10 0.011340054
859 193 13 20 0.011621399
876 189 21 29 0.011707501
959 228 39 60 0.011904944
615 172 21 27 0.012225003
249 265 26 15 0.0124205565
97 293 12 10 0.012540137
888 198 38 58 0.012548908
558 162 9 12 0.012693948
170 288 25 17 0.01281246
602 175 20 19 0.012834717
146 279 12 7 0.012853943
422 232 9 10 0.012932271
171 276 26 15 0.012947642
862 196 8 10 0.013089467
972 211 20 31 0.0131021
630 175 24 18 0.013528579
945 167 11 11 0.01387043
386 245 10 12 0.0141391475
632 152 10 11 0.014235119
898 209 21 32 0.014261777
341 241 13 21 0.01491273
822 160 10 11 0.015019799
820 157 15 16 0.015172425
352 236 19 30 0.015245694
499 145 19 28 0.015299256
144 268 11 7 0.015335337
502 150 12 12 0.015518451
369 245 9 12 0.016024312
138 282 22 28 0.016574537
154 393 39 65 0.01697193
166 282 24 26 0.017249033
379 216 19 29 0.017949468
216 275 27 15 0.018166
537 174 22 18 0.018559972
930 229 42 59 0.019301284
842 191 20 29 0.019747686
893 204 29 42 0.019775368
366 241 13 18 0.019947601
598 176 10 12 0.020457147
375 217 22 18 0.020751517
392 245 20 30 0.020783508
384 242 13 18 0.02126401
597 173 13 18 0.02168077
624 156 20 26 0.022035984
186 283 23 26 0.022223309
888 154 9 9 0.02294485
677 165 10 11 0.023180038
252 273 25 16 0.023833366
914 150 8 10 0.024676863
886 167 9 10 0.024878802
367 222 18 30 0.02540541
885 162 13 18 0.025620911
396 246 22 18 0.026370103
675 161 14 17 0.02662732
753 146 17 28 0.026767753
897 152 8 9 0.0280131
557 155 9 11 0.029268386
631 159 24 18 0.03070785
396 256 22 19 0.033517156
382 227 11 13 0.033585437
603 165 14 17 0.03595216
867 187 8 9 0.036976654
626 167 20 17 0.0371112
91 291 24 17 0.038419433
376 226 10 14 0.038797412
629 171 10 10 0.039003175
137 295 26 16 0.039934866
548 153 14 15 0.04024203
828 152 12 14 0.04085557
423 308 32 77 0.042023536
939 164 21 18 0.044072717
734 166 10 12 0.046283197
889 162 21 19 0.04975365
526 162 22 18 0.050080605
606 167 9 10 0.05010351
348 239 19 21 0.06287903
528 152 11 11 0.06889023
548 166 10 10 0.07155207
376 224 20 19 0.0774509
824 152 10 13 0.08093852
241 263 12 11 0.083639026
631 147 15 19 0.087311484
856 198 9 13 0.09420671
759 149 10 13 0.11201354
550 155 10 10 0.11675745
728 163 19 21 0.11869486
375 223 13 20 0.118814796
624 173 21 20 0.13007419
542 162 21 19 0.13185063
854 196 12 20 0.14217226
235 260 22 17 0.1435846
793 149 9 13 0.15940149
509 148 21 27 0.16903983
727 167 10 12 0.18038347
502 147 15 18 0.18305439
791 146 13 18 0.1844189
762 147 14 19 0.18826258
596 165 13 17 0.2712513
520 149 22 19 0.27143934
795 147 13 17 0.38841286
725 164 14 18 0.4032628
598 167 9 12 0.42436922
503 148 24 19 0.56539404
823 150 15 19 0.6864016
632 148 23 20 0.7065018
758 146 14 20 0.8183366

