5_Car_Accident_Car_Crash_5_51
65
148 252 7 5 0.010251698
167 211 5 6 0.010267115
747 300 20 31 0.010469333
765 254 22 18 0.010598638
951 422 50 54 0.010829789
702 245 29 33 0.010945186
759 235 8 10 0.011448736
958 263 30 39 0.01158744
751 271 9 11 0.0117298
165 253 7 5 0.012019219
227 240 6 6 0.012744066
103 209 4 7 0.0131695885
546 252 8 7 0.013306309
736 276 22 17 0.013780134
274 242 8 8 0.013781417
132 251 6 5 0.013811593
720 271 9 11 0.01381701
709 265 10 12 0.014482548
537 279 20 21 0.015437933
546 236 9 8 0.015834961
710 252 22 20 0.01639641
291 222 7 9 0.017442126
619 296 22 27 0.017597487
537 271 32 36 0.017948685
752 297 22 19 0.017954031
631 308 13 20 0.019007897
226 253 7 6 0.02146108
103 251 5 6 0.022405375
85 241 5 6 0.023658458
102 223 5 7 0.023799304
758 298 23 18 0.024586475
956 254 25 17 0.02462636
247 222 6 6 0.02552201
733 259 28 38 0.027072316
195 246 6 5 0.027865166
164 241 5 6 0.028209873
717 266 14 19 0.028213304
148 243 5 5 0.028534858
182 245 5 5 0.029397434
167 219 5 6 0.030346138
113 223 5 7 0.031066252
244 254 7 7 0.03159713
259 237 7 8 0.03395241
247 240 7 8 0.034355327
833 237 17 28 0.035576317
115 206 5 6 0.03740557
765 274 23 19 0.037969705
835 241 10 14 0.042905103
118 249 5 6 0.046917398
132 243 6 5 0.064928405
705 260 20 20 0.07381354
210 252 7 6 0.07979432
103 241 5 6 0.080582485
744 267 21 20 0.08808347
184 252 6 6 0.09566434
714 257 20 31 0.11261696
836 201 13 17 0.12027582
516 234 13 17 0.12940726
705 253 21 19 0.13494067
737 268 22 20 0.13701382
116 244 5 6 0.16111667
198 250 6 7 0.19274616
834 243 12 18 0.24703215
518 236 9 11 0.3146096
769 267 21 21 0.598679

