5_Car_Accident_Accident_5_668
72
716 194 20 22 0.010030995
968 264 7 10 0.010144016
832 246 9 10 0.010201213
964 249 13 16 0.010549853
511 180 32 36 0.010602694
974 278 9 11 0.010616113
928 228 14 16 0.011142143
995 275 12 12 0.01119453
455 197 9 12 0.011284536
804 215 8 8 0.011573729
902 220 7 9 0.011623425
1013 296 8 10 0.011766693
711 179 33 57 0.01178235
453 195 12 19 0.011898506
820 244 14 17 0.011975856
972 272 20 29 0.012159169
912 240 14 16 0.012269987
472 176 48 50 0.01233868
819 231 8 8 0.012396511
855 248 8 10 0.0129703125
302 124 112 134 0.014885673
878 213 13 18 0.01495064
996 256 19 33 0.018067496
970 557 50 109 0.018111976
866 231 12 20 0.018211523
1015 215 6 11 0.019603997
506 201 66 75 0.019830042
994 267 15 19 0.01983629
823 248 9 10 0.020307375
945 247 8 8 0.020468852
869 220 7 10 0.020548392
1015 203 6 12 0.02081373
1009 501 12 45 0.021627488
968 273 20 21 0.022527453
730 208 21 20 0.022725815
901 234 8 10 0.023147173
867 234 7 10 0.02349573
898 232 13 19 0.026260782
935 246 9 10 0.02755416
895 244 10 12 0.02757569
322 140 66 83 0.028228397
884 244 13 12 0.02994484
464 157 69 73 0.03123122
732 193 20 31 0.033641025
766 224 22 18 0.036225684
888 240 19 20 0.03936295
976 253 8 8 0.04024992
915 243 10 11 0.041401926
777 215 23 17 0.041749515
759 196 12 18 0.049536426
785 218 10 9 0.051063903
773 219 10 10 0.05218323
771 215 14 18 0.052696783
760 198 9 12 0.057402547
882 217 7 10 0.058018062
717 198 27 42 0.062079404
734 203 21 30 0.06609927
869 245 9 11 0.06887234
869 241 13 18 0.078115106
719 189 19 34 0.07997639
996 268 19 32 0.08259789
764 196 13 17 0.084087975
766 198 10 12 0.096190706
882 234 15 20 0.09627703
968 276 9 14 0.11241024
932 231 8 9 0.12885542
967 253 8 9 0.13835946
966 274 13 18 0.23923872
991 270 21 20 0.2951323
915 234 11 11 0.45619595
913 231 14 16 0.54618853
881 239 20 20 0.6185831

