5_Car_Accident_Accident_5_607
40
200 2 21 27 0.0103963325
89 36 28 15 0.010572479
978 0 9 6 0.01064246
510 371 38 68 0.01090041
122 1 22 27 0.011420089
806 53 34 13 0.011546328
775 95 28 42 0.011636657
86 43 25 18 0.011642055
83 29 42 49 0.011887019
534 375 148 132 0.011924216
484 376 123 130 0.012122123
108 3 27 14 0.0126434835
290 17 7 8 0.013041101
503 391 39 67 0.013473726
732 93 26 16 0.013504507
741 75 23 28 0.01409241
771 87 37 60 0.014319488
500 394 77 76 0.014484739
766 97 82 65 0.016472138
211 2 13 11 0.017219232
731 84 33 33 0.017331114
123 35 22 28 0.019080963
716 112 24 18 0.022106959
214 4 24 16 0.022204872
458 388 74 74 0.022478893
448 378 42 60 0.025549188
471 373 45 66 0.026797004
153 0 24 16 0.030563409
240 34 23 19 0.03666113
121 47 24 18 0.039268408
88 34 32 35 0.039675396
77 35 29 40 0.04440577
712 104 24 27 0.044643678
451 363 70 74 0.051124174
108 6 23 27 0.05302514
207 0 22 17 0.054994036
110 20 25 17 0.056285996
109 26 24 17 0.059560746
249 30 21 31 0.17878969
237 27 28 38 0.47992653

