5_Car_Accident_Accident_5_448
413
705 411 13 20 0.01005488
752 246 10 20 0.010127577
137 328 8 11 0.010140237
87 338 9 13 0.010154732
68 371 13 18 0.01021723
12 338 19 19 0.010249052
324 294 7 10 0.010281287
980 237 12 19 0.010291084
929 326 13 21 0.010357991
340 362 9 12 0.010387114
435 310 6 7 0.0104347365
98 325 7 10 0.0104848705
689 485 9 10 0.01051211
339 367 9 12 0.010645327
817 181 13 18 0.010865127
289 432 14 18 0.010950783
448 215 12 17 0.01099196
930 331 12 21 0.011034106
871 248 8 10 0.011084761
484 248 9 10 0.011176477
414 451 14 9 0.011340866
178 323 12 18 0.011343341
194 329 8 12 0.011573042
944 203 6 6 0.011641275
86 334 12 20 0.011641906
744 447 21 27 0.011683788
499 259 8 10 0.011699101
981 230 12 18 0.011699757
423 311 6 7 0.011740727
296 464 21 20 0.011749726
454 182 6 8 0.011767158
705 405 9 15 0.011864753
977 275 8 13 0.011896527
404 346 8 6 0.011908417
316 370 12 18 0.0119335065
503 425 24 15 0.012149179
527 275 7 10 0.012245202
1016 277 5 13 0.012298742
396 437 14 16 0.012480651
176 369 9 15 0.012590407
268 353 12 19 0.012684695
291 201 6 5 0.012730316
420 293 5 7 0.01273115
467 196 7 9 0.012793759
374 168 5 6 0.012802934
645 256 12 18 0.012871816
467 186 6 9 0.012872591
163 326 8 12 0.012913511
438 185 5 6 0.013066597
469 230 7 9 0.013137329
176 342 9 14 0.013213977
804 193 11 19 0.0132735
69 389 13 20 0.013334907
701 484 22 18 0.013350462
391 439 11 11 0.013352308
303 431 14 17 0.013623039
407 148 6 7 0.013632564
751 447 21 21 0.013661795
452 267 6 8 0.01369273
590 477 20 19 0.013705795
120 342 7 12 0.0137272505
966 311 8 13 0.0137359435
959 364 12 21 0.013902196
433 281 6 8 0.013910539
69 326 7 11 0.0139530655
326 407 14 17 0.014032928
305 296 8 9 0.014124771
510 428 12 8 0.014190646
458 445 24 18 0.014193088
978 262 7 12 0.014217532
92 336 13 19 0.0142196175
15 361 10 13 0.014719538
996 291 7 12 0.014853557
142 347 12 20 0.014955456
30 357 12 18 0.015464328
323 185 5 5 0.015498074
871 189 6 6 0.015802529
661 360 9 10 0.01583135
210 309 7 11 0.015873061
174 339 12 19 0.015990175
344 323 8 14 0.016050799
228 313 8 10 0.016103117
853 251 8 11 0.016228735
840 229 8 11 0.016358824
359 182 5 6 0.016555823
144 327 8 12 0.01655949
310 249 6 7 0.016618617
356 170 5 7 0.016676039
327 414 13 18 0.01677494
624 445 20 28 0.016829625
359 294 6 11 0.016907152
279 307 7 9 0.017031038
50 323 7 11 0.017152527
235 369 12 19 0.01716628
900 264 7 9 0.017195443
166 220 5 6 0.017204035
342 320 12 21 0.017234012
410 283 5 8 0.01733792
947 232 6 7 0.01754997
761 445 19 21 0.01764572
928 558 22 22 0.018042007
931 191 6 7 0.018050166
840 213 7 10 0.018082099
821 195 12 17 0.01826141
150 216 5 6 0.018339293
53 338 11 18 0.018611204
229 200 5 5 0.018620808
215 325 8 13 0.018757828
703 399 19 27 0.018870553
423 329 7 7 0.019069586
106 235 7 8 0.019153679
946 279 8 12 0.0192441
12 364 13 20 0.01932476
354 282 6 9 0.019532617
408 296 5 7 0.019559273
497 406 10 9 0.019698115
422 169 5 6 0.020070758
58 297 6 9 0.020210799
850 254 13 18 0.020426909
1016 245 5 10 0.02063078
294 468 13 21 0.020869343
451 345 11 9 0.02090931
205 430 13 22 0.020970197
117 279 5 6 0.021160906
239 323 12 18 0.02130216
852 257 9 13 0.021516172
32 359 9 12 0.021700207
893 409 13 24 0.021858193
377 261 5 9 0.02215323
276 330 9 12 0.022326343
391 151 4 5 0.022351826
105 247 6 7 0.02250695
371 188 5 5 0.022524728
132 232 6 6 0.02259761
291 249 6 7 0.022606825
181 326 8 12 0.02281008
303 306 13 17 0.023146424
215 200 5 5 0.023215933
338 277 6 9 0.023265682
327 202 4 5 0.02332809
177 289 8 10 0.023371566
946 261 7 11 0.023485322
358 150 5 6 0.02357706
308 203 5 5 0.023632994
222 336 13 18 0.023696946
42 313 7 11 0.023785248
114 231 6 7 0.023951553
226 188 6 6 0.024025815
161 309 8 10 0.024301268
135 344 9 14 0.02435617
131 283 6 7 0.024388524
467 216 7 9 0.024727905
408 308 5 7 0.024872703
54 434 22 20 0.025297968
756 256 6 13 0.025341863
398 441 11 9 0.025549818
214 218 5 5 0.025701858
387 260 6 10 0.025744798
326 249 6 7 0.025815958
328 415 21 19 0.025901308
918 259 8 11 0.026036024
275 337 9 13 0.02608567
792 193 7 10 0.026101299
764 439 13 19 0.026150906
244 188 6 6 0.026262408
404 328 6 6 0.026385881
934 249 7 9 0.026606355
197 217 5 5 0.02673795
244 201 6 5 0.026774097
696 396 12 22 0.026999786
184 217 5 6 0.02704867
209 412 12 21 0.027120853
134 220 6 7 0.027225323
1012 200 5 8 0.027466346
735 436 13 18 0.027626555
630 446 13 23 0.027660657
211 406 13 21 0.02818376
89 268 6 7 0.028434353
453 274 7 9 0.028461779
388 235 5 8 0.028496927
12 359 14 18 0.028659768
227 280 6 7 0.028824337
262 345 9 14 0.02925077
405 169 5 6 0.02944419
514 402 12 9 0.029612934
420 200 5 6 0.029647132
435 169 5 6 0.02976326
241 326 9 13 0.029792108
191 433 18 32 0.02995814
51 371 12 18 0.029979564
295 309 9 11 0.030125815
249 308 8 10 0.030271702
1011 232 6 9 0.030406248
420 185 4 6 0.030553726
66 309 7 10 0.030598812
55 340 8 14 0.030601345
387 330 7 8 0.030698657
881 189 6 6 0.03074201
388 184 5 6 0.03151086
100 281 5 7 0.031569913
965 261 8 11 0.03173898
140 343 13 19 0.032901864
390 169 4 6 0.032942407
307 234 6 7 0.03307171
438 200 5 6 0.033209
149 264 6 7 0.03330242
751 438 22 18 0.033378415
182 233 5 6 0.03344277
212 342 8 15 0.033651683
173 367 12 21 0.033755615
197 246 5 6 0.033998467
632 448 20 23 0.034210823
274 327 13 19 0.03476543
406 214 5 7 0.03528389
261 348 12 19 0.03528589
131 264 6 7 0.03533539
147 294 6 8 0.03547867
425 241 6 10 0.03606413
199 308 8 11 0.036081336
104 306 6 9 0.036168948
85 309 6 9 0.0363392
114 247 6 7 0.036566056
214 263 6 7 0.036580455
226 338 8 13 0.036898315
215 250 5 5 0.036900785
148 235 6 6 0.03691181
740 460 21 28 0.037235174
77 369 12 18 0.037463464
358 231 5 6 0.038411126
326 216 5 5 0.038731527
277 201 5 5 0.038781676
296 531 26 41 0.03921825
132 247 6 7 0.039427448
229 324 9 13 0.039908566
996 264 7 11 0.04028771
1014 216 5 8 0.04037438
157 432 17 32 0.040420055
310 368 13 19 0.040889863
435 215 6 8 0.040920462
192 443 14 24 0.041350257
213 280 7 7 0.041542143
310 183 5 6 0.04159364
450 201 6 7 0.04178224
420 267 6 8 0.04183145
90 391 14 19 0.041879248
128 429 12 21 0.042215254
944 249 7 9 0.04240906
164 247 6 6 0.042752426
342 217 5 6 0.04303088
273 334 12 19 0.043223552
228 218 5 5 0.043338757
179 261 7 8 0.044212945
246 217 5 5 0.044623815
760 180 6 8 0.044663247
115 264 6 7 0.044995368
327 275 7 9 0.04551472
263 188 5 5 0.045568813
967 278 8 14 0.045773514
340 202 5 6 0.046025034
260 343 13 18 0.04618264
406 187 5 6 0.046303723
204 349 12 19 0.047323987
292 185 6 6 0.0475802
89 297 5 8 0.047853503
402 242 6 9 0.04889543
244 294 7 8 0.0489388
945 214 6 7 0.049206562
927 257 12 18 0.049781125
212 295 7 8 0.050819237
327 233 6 7 0.051283613
247 264 5 6 0.051435176
262 231 5 6 0.051636536
181 249 5 6 0.051662054
306 308 9 12 0.051796272
227 321 13 19 0.051835444
149 279 6 8 0.051850434
425 215 5 8 0.051926333
357 202 5 5 0.051958952
113 217 7 8 0.05233114
373 200 5 6 0.05233991
294 278 7 9 0.05245192
134 342 12 20 0.05280857
201 351 11 20 0.053215254
294 233 6 7 0.0532476
101 265 6 7 0.05390392
261 218 5 5 0.054016687
262 294 6 8 0.054318197
853 215 6 9 0.05539228
256 306 7 10 0.05551509
115 309 6 9 0.055818193
165 232 6 7 0.05602139
646 258 9 11 0.056361232
391 468 24 17 0.056975633
854 190 6 7 0.057021853
739 467 13 24 0.05843233
436 240 6 10 0.05955126
150 245 6 7 0.05998705
245 234 5 5 0.0607401
259 202 5 5 0.060766447
1000 244 6 9 0.061081443
310 214 5 6 0.06145316
892 400 17 30 0.061457336
229 233 5 4 0.061461676
904 244 7 9 0.06189301
293 217 5 6 0.06254782
50 313 7 11 0.06303031
981 312 12 18 0.063554294
963 219 6 6 0.06393141
230 247 5 6 0.064221665
277 234 4 6 0.064702295
914 250 7 9 0.06479751
278 188 5 5 0.065524936
198 235 4 5 0.065539904
133 306 6 9 0.06557031
965 275 12 19 0.06559795
194 264 7 8 0.06768492
773 182 6 8 0.06881963
737 439 9 11 0.06891743
150 311 7 11 0.06976416
133 295 6 8 0.06978926
294 295 7 9 0.07047846
851 226 8 11 0.07101627
406 198 6 7 0.07125257
278 246 5 6 0.07139832
246 281 6 6 0.07226509
228 265 6 7 0.072428286
210 341 12 20 0.072726116
214 232 4 5 0.07328484
588 468 21 20 0.07460343
389 211 5 7 0.074860975
118 298 6 8 0.07593686
899 233 6 8 0.07645297
274 296 7 9 0.07677883
339 246 6 8 0.078261495
246 248 4 6 0.07840726
980 319 10 14 0.07923272
275 281 6 8 0.0792674
419 281 6 9 0.07934147
985 218 6 8 0.07940907
754 250 6 13 0.081352964
295 261 6 8 0.08167336
197 284 8 9 0.08172825
426 233 6 10 0.083193876
196 290 9 9 0.0835277
339 233 5 7 0.08432674
930 231 7 8 0.08607948
965 231 6 7 0.08695503
792 184 6 9 0.08696853
373 232 6 8 0.08746016
261 247 5 6 0.08814815
995 218 6 7 0.089254275
65 297 6 9 0.08971764
260 281 5 7 0.08999143
1000 231 6 8 0.09008954
275 215 5 6 0.09265467
868 214 6 7 0.09327912
228 294 8 10 0.09329023
901 216 5 7 0.093496
322 262 6 9 0.09409404
261 264 6 8 0.09419788
357 217 5 6 0.09460902
451 228 8 10 0.09583861
881 248 7 9 0.09590502
888 403 13 26 0.09844419
998 199 5 7 0.09976112
450 242 7 10 0.106681824
375 213 5 7 0.11035
884 229 7 9 0.112488724
934 214 7 8 0.117269956
984 201 5 6 0.11787901
930 259 8 12 0.11866101
905 202 5 7 0.12263129
808 434 19 24 0.12691545
370 247 6 8 0.12955064
102 298 6 9 0.13164483
313 259 7 10 0.13341
86 390 14 20 0.13622913
273 261 6 9 0.13639636
432 235 7 11 0.14088278
807 197 7 11 0.14163345
339 263 6 10 0.14368317
983 241 7 10 0.14475365
919 212 5 7 0.14746556
403 234 6 9 0.15100719
304 277 8 10 0.15371095
801 184 6 10 0.15429698
919 230 8 9 0.15610188
388 243 6 10 0.1563372
176 282 7 11 0.15846553
17 340 11 13 0.16146003
864 227 13 17 0.16400814
230 369 13 19 0.16505694
806 427 17 28 0.1668261
50 435 20 21 0.16779535
966 247 7 10 0.16860674
871 200 6 7 0.1689033
451 218 8 11 0.17102058
983 235 7 9 0.1720191
390 203 6 8 0.17679588
885 215 6 8 0.18849094
886 202 5 6 0.19751103
702 403 13 21 0.20115018
820 185 7 10 0.20614383
824 199 7 10 0.20658204
914 203 6 6 0.20789327
853 197 6 8 0.2332889
357 247 6 9 0.24857727
292 389 14 18 0.30393186
927 549 27 38 0.34366444
804 429 13 24 0.34730276
835 199 7 10 0.35246828
867 229 9 12 0.36052382
933 195 6 8 0.49284083

