5_Car_Accident_Car_Crash_5_279
52
276 33 9 9 0.01021955
110 26 23 16 0.01024322
524 86 28 15 0.01039055
242 14 43 46 0.010552057
535 62 28 14 0.010585691
521 83 25 25 0.010670658
767 65 8 8 0.01083846
21 51 46 56 0.011050769
531 80 12 7 0.011599248
743 93 9 8 0.012148967
319 32 11 9 0.012283048
675 94 7 9 0.013045748
545 77 15 8 0.014119361
536 87 29 15 0.014798722
679 66 6 6 0.014919547
319 20 22 27 0.015833313
686 55 21 17 0.015929831
154 21 24 17 0.016470747
725 100 7 7 0.01703607
266 30 24 17 0.017398361
724 105 9 7 0.01798746
523 78 29 13 0.018457081
203 94 23 28 0.018851457
626 70 13 19 0.020388555
545 71 25 26 0.021521991
534 159 40 33 0.02225149
344 10 30 16 0.022544352
281 40 25 17 0.023727408
289 32 23 27 0.02391681
547 73 31 14 0.025271174
209 102 24 18 0.025286531
691 59 9 9 0.025734346
530 76 50 44 0.026047532
543 63 12 7 0.02715968
313 29 24 17 0.027258098
271 36 22 18 0.02867743
552 90 27 15 0.02968471
334 3 30 36 0.030079074
676 78 6 7 0.043703757
536 82 38 31 0.04376891
628 66 6 7 0.045663506
850 113 7 6 0.04712616
628 74 8 9 0.04947821
348 14 22 30 0.05100266
237 24 23 19 0.054421768
526 154 51 46 0.062158834
538 74 29 14 0.07043847
248 27 24 20 0.087233394
234 19 34 32 0.11681153
509 151 51 46 0.12112504
253 22 24 28 0.3140182
342 4 31 35 0.8246582

