27_Spa_Spa_27_486
32
239 281 9 10 0.010234088
226 279 14 16 0.010428883
263 293 9 11 0.010564166
166 311 14 16 0.011490263
196 311 14 11 0.012372429
212 292 11 10 0.012517973
198 316 20 28 0.013538191
861 21 44 56 0.013966988
204 291 23 16 0.016830642
176 321 11 11 0.01736139
185 337 25 17 0.017831251
225 289 11 10 0.018059839
274 288 10 13 0.018460523
186 321 26 16 0.02137158
218 286 22 17 0.021643164
168 323 10 12 0.023232048
168 313 9 11 0.024135498
935 60 27 46 0.02422512
881 27 46 57 0.029695263
167 320 13 17 0.034846738
172 313 15 15 0.03618821
228 282 10 9 0.036254637
275 280 9 13 0.03923703
272 285 13 19 0.042056195
169 318 23 17 0.043067012
901 11 54 83 0.044108875
197 308 15 16 0.07751623
272 278 13 18 0.07894222
930 49 36 65 0.08379334
198 307 24 18 0.29956874
450 199 59 77 0.5361589
777 20 52 87 0.5795197

