27_Spa_Spa_27_656
37
595 180 12 22 0.01054418
739 296 6 7 0.010632985
715 204 4 9 0.010695075
714 174 5 8 0.011786037
754 203 5 8 0.011870888
936 212 43 65 0.011977706
594 162 12 19 0.012165064
743 216 5 8 0.012664515
752 248 5 8 0.012667585
807 214 6 8 0.012894587
591 195 16 40 0.013321437
586 162 16 35 0.013641499
610 157 6 8 0.014005147
754 182 5 8 0.014131406
723 213 5 8 0.014213597
723 204 4 8 0.01474823
598 185 6 11 0.016480777
726 262 5 7 0.016946262
756 217 5 7 0.019098073
590 189 22 52 0.019750096
739 175 5 8 0.023162084
743 181 4 8 0.02590379
598 159 5 7 0.0272123
743 251 5 8 0.027465453
612 167 6 8 0.02886195
725 298 5 7 0.031911153
727 254 5 7 0.04194567
753 174 5 7 0.045673575
715 182 5 8 0.048340842
584 167 6 9 0.092681766
726 175 5 8 0.09328017
356 181 21 21 0.10959396
597 165 6 9 0.13529351
725 180 4 9 0.17336597
362 178 17 30 0.6136518
195 36 57 84 0.7512736
942 209 63 74 0.7920887

