27_Spa_Spa_27_768
120
912 339 8 12 0.010086848
777 258 23 15 0.010201275
961 282 10 7 0.010354076
964 383 12 8 0.010454534
883 303 13 17 0.010601564
833 340 12 19 0.010618302
948 358 10 10 0.010758731
867 318 13 18 0.01101927
779 284 23 16 0.011415616
897 317 13 17 0.01168896
764 257 24 15 0.01169458
761 273 24 16 0.011860512
808 267 23 17 0.011936217
881 323 9 10 0.0119697405
646 265 8 8 0.01212768
836 303 14 16 0.012235845
719 275 15 15 0.0130381435
999 386 9 9 0.013364242
811 262 16 14 0.014005273
902 351 10 13 0.014813927
838 348 8 14 0.014989634
678 276 6 7 0.015452712
721 287 9 8 0.015868831
690 293 7 8 0.016349956
836 343 8 12 0.016360067
949 291 10 8 0.016426437
909 277 14 15 0.01693708
930 337 9 11 0.017343495
748 275 24 16 0.017595906
864 273 15 15 0.01780624
900 308 8 9 0.017933067
960 353 11 10 0.018200938
901 347 13 19 0.018897425
836 345 12 20 0.019559762
677 265 6 7 0.019663004
999 323 10 9 0.019722508
1013 293 8 9 0.019723043
782 276 15 14 0.020295212
980 323 10 8 0.020344753
815 272 11 9 0.02089847
1014 371 7 11 0.021350931
865 266 9 6 0.021787811
732 258 23 16 0.022564515
731 270 23 16 0.022812307
870 321 8 11 0.023620922
769 288 10 8 0.024746016
848 301 13 16 0.025166139
209 341 41 68 0.02524987
693 265 6 7 0.025260787
796 263 24 15 0.02541462
995 306 9 8 0.027497532
948 310 9 8 0.027685098
823 293 9 7 0.027964527
884 340 9 13 0.029597227
836 265 11 7 0.03001968
878 275 14 15 0.030038396
899 276 10 9 0.03030191
957 323 15 15 0.03196808
878 284 14 15 0.034496557
839 271 24 17 0.034732852
865 309 9 9 0.035850834
977 291 9 8 0.035995282
710 264 8 7 0.03603336
1012 307 9 11 0.036285847
693 276 6 6 0.03700588
709 276 6 7 0.03869467
802 290 10 8 0.03870965
901 339 12 18 0.039461758
950 321 10 9 0.040582456
914 320 8 10 0.0411791
978 339 11 9 0.04215219
903 341 8 12 0.044571243
1009 302 13 19 0.045237675
914 308 8 9 0.045245294
784 261 10 8 0.046558924
803 265 11 8 0.047066815
815 263 10 9 0.05264307
839 306 9 10 0.053393915
963 304 15 15 0.05459643
912 280 10 9 0.054905374
871 289 9 9 0.055426836
898 293 9 8 0.056336243
962 288 9 8 0.05765654
786 287 10 9 0.059237868
738 273 10 8 0.060185287
834 293 9 7 0.06030856
930 306 9 10 0.06544276
756 278 10 7 0.06636425
756 288 12 10 0.068008885
914 288 10 9 0.06930593
928 293 10 9 0.07077398
722 260 9 8 0.07169086
882 338 12 19 0.07212133
836 275 13 8 0.07300742
960 327 11 10 0.07784888
980 308 10 8 0.078515105
848 276 10 8 0.078584716
930 321 8 10 0.07921425
900 320 8 10 0.07990377
769 277 9 8 0.08006887
886 307 8 9 0.08081713
756 260 10 8 0.0811949
851 296 8 7 0.08449012
722 278 9 8 0.08494249
850 304 10 10 0.09617562
785 279 10 9 0.10522394
798 267 24 16 0.10565822
803 270 14 9 0.1095819
881 287 10 10 0.11389229
739 261 10 9 0.12160337
771 260 10 8 0.13308589
867 276 9 8 0.13596134
881 277 10 9 0.1527912
966 307 10 10 0.18641043
831 270 24 16 0.2066933
751 284 22 17 0.2082442
568 244 54 76 0.36830723
328 263 58 77 0.52626806
739 321 43 72 0.5800819
187 339 53 76 0.651842

