55_Sports_Coach_Trainer_sportcoaching_55_894
102
184 336 6 6 0.010075562
247 366 8 8 0.010814694
934 351 4 4 0.010923358
951 428 5 6 0.011587063
197 336 6 6 0.012010553
936 411 5 5 0.012123019
27 369 20 20 0.01225963
852 353 5 5 0.012374026
1012 297 10 24 0.01275287
31 364 20 19 0.012999801
274 347 8 7 0.013385945
4 320 7 11 0.013430915
95 334 8 8 0.013925538
693 218 49 99 0.013944245
229 379 10 9 0.014384295
88 334 8 8 0.014444302
839 366 5 6 0.014525385
1000 429 6 6 0.01477552
257 373 14 16 0.015213191
129 336 10 6 0.015592939
1014 413 6 8 0.01649683
278 337 7 7 0.016850885
982 336 4 5 0.016856566
869 397 5 6 0.017090907
261 364 14 16 0.018189304
869 353 5 5 0.019984586
296 379 9 9 0.020189907
1014 353 5 8 0.020771915
31 341 9 14 0.020960616
324 364 7 6 0.022030108
949 352 5 4 0.022424709
88 156 8 11 0.022613624
889 413 7 7 0.023055375
199 347 6 6 0.02313635
840 379 5 6 0.024175124
229 334 6 6 0.02436054
711 230 36 73 0.024535324
89 142 9 11 0.025084894
259 377 10 10 0.025336603
257 334 7 7 0.0253722
997 351 5 5 0.026359618
915 412 5 6 0.026956458
917 368 4 4 0.027130876
23 337 13 20 0.027954483
852 366 5 5 0.027954873
852 380 5 6 0.028608
870 367 4 5 0.030900702
902 367 4 5 0.031176595
965 352 4 4 0.032181483
305 363 8 7 0.032357827
950 366 4 4 0.03248882
984 413 7 6 0.03338111
884 369 4 5 0.033524957
24 331 9 15 0.035262533
982 350 5 5 0.036770396
966 367 4 4 0.037466474
30 333 9 14 0.03949401
242 346 7 8 0.03985493
243 336 6 7 0.039934967
214 333 6 6 0.04012188
981 366 5 4 0.04161683
215 349 6 7 0.041882105
93 139 12 16 0.045412086
266 361 20 17 0.046828438
887 396 5 6 0.04711753
262 367 11 9 0.04853194
638 252 38 66 0.04984223
966 383 4 5 0.052362267
258 349 8 8 0.0526631
935 368 4 4 0.052933525
997 397 5 6 0.05548522
885 383 5 5 0.05569751
1013 399 6 7 0.05590465
997 367 5 5 0.057507053
984 397 5 5 0.05976528
1014 428 7 9 0.060308628
869 382 5 5 0.06057313
980 384 5 5 0.063734725
903 383 5 5 0.06513527
231 346 7 8 0.067663856
935 385 4 5 0.06850397
1012 380 6 9 0.06945215
900 398 5 5 0.071366
964 425 7 7 0.07150321
28 338 13 19 0.075894475
951 410 5 6 0.077408165
999 383 5 6 0.097862646
919 385 5 5 0.099390514
949 386 4 5 0.10846828
899 415 7 7 0.11299478
1013 361 6 7 0.12590453
918 396 5 5 0.13130897
23 330 13 20 0.1331737
963 410 6 5 0.13409129
961 402 6 6 0.16685985
996 412 7 7 0.17046703
27 332 13 19 0.17864926
95 140 9 12 0.1969678
934 396 5 5 0.21287395
950 398 5 6 0.24043751
271 363 12 11 0.3065068
433 66 145 199 0.9812061

