55_Sports_Coach_Trainer_sportcoaching_55_218
24
651 225 27 49 0.010714401
634 246 46 58 0.011444037
661 249 50 50 0.012640246
646 233 54 93 0.014168769
316 112 18 32 0.015799673
602 93 31 74 0.02017983
189 298 20 29 0.02083085
758 75 34 40 0.023431117
741 159 27 43 0.030113718
773 151 38 65 0.03309854
776 130 37 64 0.033464123
880 178 94 137 0.034210514
649 202 25 50 0.037172694
658 223 38 69 0.044043727
185 307 22 20 0.04439258
786 149 36 72 0.055822764
786 125 38 67 0.062353093
762 113 54 91 0.07286738
645 195 33 70 0.081785224
749 79 50 88 0.09158272
646 214 36 71 0.1046798
897 194 61 93 0.1225205
751 66 44 57 0.21626987
729 68 59 86 0.42596483

