55_Sports_Coach_Trainer_sportcoaching_55_786
23
694 165 7 11 0.010401882
455 157 12 27 0.01040829
709 164 8 10 0.01054935
750 152 12 18 0.010919973
702 170 17 31 0.011719788
768 160 13 18 0.011951748
1018 240 6 46 0.012111312
721 153 7 8 0.012865964
447 139 33 64 0.016054565
1018 226 6 43 0.019983398
706 179 8 11 0.021430861
450 147 25 44 0.030689813
703 176 12 20 0.032527775
452 152 19 32 0.0344548
736 258 78 87 0.049259998
721 159 8 10 0.05154469
771 163 8 11 0.0750486
753 155 8 12 0.08598408
752 151 9 13 0.34638676
484 117 71 130 0.9528531
563 258 73 132 0.99338937
372 262 75 136 0.9943203
725 269 77 116 0.99452955

