55_Sports_Coach_Trainer_sportcoaching_55_867
41
51 293 39 49 0.010437539
121 421 30 15 0.01047546
998 295 7 12 0.011160867
227 286 19 22 0.012072567
230 240 16 31 0.012186491
704 274 31 55 0.013086633
394 256 20 33 0.014200087
807 257 10 16 0.014833153
95 409 22 27 0.016198099
982 269 6 8 0.01685154
752 254 18 30 0.01757988
755 259 19 22 0.021742467
547 290 34 61 0.025925525
131 415 21 29 0.027574373
546 289 21 20 0.030942012
684 290 21 21 0.03162886
1013 313 8 16 0.03187493
697 292 22 22 0.032540426
552 296 26 43 0.033003397
1013 318 9 17 0.033988293
155 393 37 58 0.047775477
715 291 22 21 0.051257458
702 291 28 38 0.056358296
229 248 9 14 0.070714
45 302 31 35 0.09123773
765 259 12 23 0.09439733
463 402 53 97 0.11036935
1004 306 15 34 0.120393515
687 284 18 34 0.12364341
809 249 17 27 0.14838977
553 291 23 21 0.15152617
637 242 17 33 0.20017374
228 245 12 20 0.32016373
1012 314 11 24 0.33453998
711 284 19 36 0.34938565
554 281 18 34 0.5530184
807 253 14 22 0.64959645
61 302 22 30 0.6820359
234 280 18 34 0.8324335
509 261 29 43 0.96795905
393 260 25 40 0.9737023

