55_Sports_Coach_Trainer_sportcoaching_55_196
37
57 248 32 43 0.010019358
102 175 28 41 0.010520263
122 167 36 60 0.010994909
103 157 27 43 0.011457185
489 152 25 42 0.011479349
568 183 26 44 0.0116015775
653 196 21 21 0.011752806
241 241 36 66 0.012337576
0 243 12 50 0.012576111
97 168 38 57 0.0127026355
279 160 38 48 0.0133618545
458 182 19 36 0.014188604
69 236 46 109 0.014331594
744 148 36 61 0.01438763
423 174 36 61 0.015783213
91 240 28 47 0.017915096
46 243 27 46 0.019082354
566 205 40 59 0.024247037
177 163 38 61 0.028598076
228 240 37 69 0.03617345
758 166 36 67 0.03828555
514 171 20 36 0.040672634
229 171 34 61 0.0507301
85 232 36 66 0.06854177
62 221 47 95 0.076347776
43 233 34 67 0.09216497
161 150 37 59 0.10029383
447 176 36 60 0.1384506
447 192 38 67 0.1420627
651 192 20 32 0.14213595
792 34 35 75 0.15699516
51 238 41 64 0.21556346
788 22 56 91 0.23761064
547 185 26 43 0.33206597
164 164 38 60 0.5049808
508 161 28 44 0.9403535
284 171 29 42 0.97157717

