55_Sports_Coach_Trainer_sportcoaching_55_122
129
466 229 13 20 0.010023057
478 239 18 31 0.0100736255
135 193 11 22 0.010770414
449 251 12 22 0.0108042825
717 360 31 37 0.010865393
527 298 23 20 0.011142359
447 213 17 33 0.011173225
366 242 13 26 0.011181942
522 268 23 18 0.011293557
353 251 20 22 0.0115390215
136 187 20 30 0.011578989
675 263 33 60 0.011629217
474 237 20 21 0.011652373
423 210 23 47 0.011701493
328 178 12 20 0.012559011
535 183 8 12 0.012637444
544 176 11 20 0.012809222
169 244 22 28 0.013549377
230 249 19 30 0.013816451
316 289 20 22 0.014133651
739 214 19 36 0.014159128
517 240 19 30 0.0141948415
806 178 11 22 0.014237951
239 271 21 20 0.014442035
742 287 24 20 0.014536522
744 239 21 23 0.014570106
875 276 19 31 0.014583681
700 220 39 60 0.014684987
736 286 23 19 0.014917697
431 273 13 24 0.014958857
1009 334 14 40 0.015154636
326 190 13 20 0.015158529
131 202 22 29 0.015571399
685 255 13 21 0.016183889
96 216 21 29 0.016278911
396 250 16 34 0.01644543
371 205 12 21 0.016677829
621 175 13 21 0.01672464
484 225 13 20 0.017042777
326 175 19 29 0.01765904
292 242 13 21 0.017777434
606 259 13 21 0.01851888
171 258 22 20 0.01884748
246 256 13 19 0.018931098
331 179 13 20 0.018971631
697 274 21 21 0.018986577
299 267 18 30 0.019106835
232 266 19 30 0.01947425
474 272 19 23 0.01967647
418 274 12 25 0.020189403
320 251 19 22 0.020285295
704 342 29 37 0.020484107
524 260 22 19 0.020723572
171 269 21 21 0.020869743
634 446 37 56 0.021205215
301 207 19 30 0.021304594
253 271 22 21 0.021390028
731 221 35 57 0.02145546
247 256 22 19 0.022109391
180 175 11 20 0.022777539
547 179 7 12 0.023882627
313 210 21 20 0.024015523
699 285 20 22 0.024118617
317 218 19 29 0.024134966
337 239 12 23 0.024260398
299 246 19 32 0.024827445
526 293 23 19 0.024853224
565 178 7 12 0.025340604
880 160 13 20 0.026076108
16 243 20 31 0.026183436
423 233 17 35 0.027215548
335 249 19 22 0.028475964
124 274 22 20 0.030868804
289 252 19 21 0.031088859
427 216 17 35 0.03168797
654 308 20 30 0.032047413
895 272 17 36 0.0321203
738 326 30 36 0.03334377
524 287 24 42 0.033590466
887 231 25 46 0.03424318
386 269 20 23 0.03450954
1015 340 8 33 0.036865395
617 267 19 32 0.03693374
265 274 23 21 0.03784972
308 209 13 20 0.038010135
547 279 24 46 0.03996365
841 233 27 42 0.040296104
326 275 19 32 0.0423424
827 274 21 29 0.04237822
469 236 12 22 0.044736266
683 278 18 33 0.04680271
728 203 33 62 0.04829087
188 233 20 31 0.04991807
461 244 17 34 0.05167572
92 234 23 29 0.058380745
182 178 7 13 0.063506775
446 262 16 35 0.06515331
26 256 28 38 0.065169804
482 273 17 33 0.06547403
736 228 26 41 0.074639454
667 314 23 19 0.07953014
702 279 19 32 0.11232975
324 238 18 34 0.12031931
860 232 27 41 0.12979335
172 266 27 39 0.15634908
740 273 20 32 0.15700798
670 299 20 31 0.17007625
528 282 17 37 0.1784012
460 308 19 34 0.18092018
431 271 17 34 0.19263902
771 262 27 40 0.1978987
635 268 19 33 0.20341553
570 296 18 34 0.26110786
967 217 27 43 0.306721
559 286 25 46 0.3111985
189 279 21 30 0.385842
390 262 18 34 0.3974815
23 223 28 25 0.39963216
867 295 25 43 0.4313128
812 268 26 40 0.48283604
361 242 19 31 0.49024916
100 277 30 36 0.51482683
263 269 20 32 0.5368288
23 246 28 39 0.54258394
346 281 24 41 0.54302937
34 169 32 31 0.55051094
58 366 33 51 0.59313637
724 366 36 51 0.6360493
875 392 28 46 0.8295848

