55_Sports_Coach_Trainer_sportcoaching_55_789
28
970 505 28 71 0.010825637
13 241 22 51 0.02120244
993 353 25 48 0.021877768
589 224 33 43 0.030174932
991 365 24 50 0.042735364
592 211 35 66 0.84455234
363 280 38 64 0.8516016
271 225 43 67 0.8583716
922 155 38 67 0.86031514
53 124 36 60 0.8796309
763 164 37 67 0.8837683
615 111 30 69 0.8915675
149 208 38 76 0.9082208
390 217 35 65 0.914565
634 270 37 69 0.93089485
732 329 37 66 0.9343558
674 196 36 60 0.94187427
68 233 35 71 0.9431977
328 124 29 66 0.9475468
88 171 39 53 0.9537998
453 241 38 66 0.9547075
423 122 32 61 0.95483494
544 250 36 64 0.95615983
232 185 35 64 0.96539694
200 141 33 55 0.9685857
930 324 37 64 0.96966964
825 316 35 60 0.9748292
468 155 36 61 0.9751948

