55_Sports_Coach_Trainer_sportcoaching_55_686
21
422 130 7 10 0.010073041
585 75 20 37 0.013660998
449 92 31 33 0.024487387
399 101 8 14 0.025223441
88 63 43 50 0.027139623
308 90 18 18 0.027603988
320 121 8 10 0.041457325
316 91 9 12 0.0720997
392 101 9 15 0.08030572
449 89 22 20 0.08044486
100 102 47 54 0.23350798
744 96 6 9 0.27592304
760 65 20 37 0.30477953
393 94 11 18 0.5525505
456 87 20 31 0.66039366
395 94 13 17 0.66374725
858 73 40 73 0.7721604
311 93 10 13 0.7882791
115 106 40 56 0.8817304
752 60 25 44 0.95853657
579 64 34 52 0.9749

