55_Sports_Coach_Trainer_sportcoaching_55_569
69
84 231 8 13 0.010246106
99 248 12 28 0.010556633
9 244 20 28 0.010561077
70 230 8 11 0.010661289
71 277 8 9 0.0109726675
35 244 13 18 0.0109984
599 28 22 19 0.011087537
82 228 11 20 0.011142952
595 24 14 22 0.011301717
49 277 8 8 0.0122189075
563 77 13 20 0.012384297
85 238 7 11 0.012417316
450 18 32 36 0.01333495
632 26 6 9 0.013367198
556 260 26 15 0.01338992
66 242 13 23 0.013428584
48 243 7 9 0.013432683
469 34 27 16 0.013464829
476 21 22 28 0.013632808
16 273 8 9 0.014112658
637 28 12 19 0.014502243
458 41 21 31 0.014528941
114 237 11 29 0.014732442
636 65 12 20 0.015001412
183 264 6 7 0.015193486
12 313 20 32 0.01562121
83 233 11 23 0.016067414
456 49 25 17 0.016380675
907 210 36 38 0.016725127
643 22 7 9 0.016788315
5 292 7 10 0.017372612
64 249 14 21 0.017472075
486 0 24 21 0.01852754
629 28 12 19 0.018583702
168 266 6 8 0.018894099
167 271 8 9 0.019477338
482 2 33 13 0.022449946
169 303 22 31 0.022457995
604 15 16 32 0.02396469
640 31 8 12 0.024178574
172 304 22 19 0.02422397
45 242 20 29 0.025658904
157 290 13 20 0.02601619
647 58 17 32 0.026862126
18 246 7 9 0.028059646
6 245 6 10 0.028334644
631 65 12 21 0.038449902
18 260 7 9 0.041739147
183 272 7 10 0.045033984
631 31 8 11 0.04908581
5 260 6 9 0.04979646
372 243 17 33 0.055205405
6 273 7 9 0.057538465
38 247 7 10 0.061201025
693 11 16 31 0.08102914
35 252 14 17 0.081357956
37 255 9 11 0.124378316
593 19 22 21 0.1309313
185 82 52 80 0.26856577
379 247 18 32 0.2821529
63 242 18 31 0.336985
739 191 43 71 0.4237115
107 234 17 35 0.5919119
701 11 17 32 0.6321097
910 197 41 58 0.65006644
592 14 19 34 0.8580573
890 31 49 61 0.90184087
252 251 38 56 0.9160313
339 39 42 69 0.9451656

