55_Sports_Coach_Trainer_sportcoaching_55_588
51
608 271 22 19 0.010348312
434 242 13 23 0.010420787
680 271 21 32 0.010649346
654 253 17 33 0.010665097
510 282 14 18 0.011469938
597 256 11 15 0.011495214
446 241 22 21 0.011640875
645 269 18 32 0.012174367
477 252 18 33 0.012830259
647 267 7 7 0.013054359
660 267 8 7 0.01326391
513 289 12 11 0.013448941
787 278 8 10 0.013860644
648 277 9 9 0.014629501
493 278 23 19 0.015474918
457 245 23 19 0.017465292
682 257 25 19 0.018439665
668 249 24 17 0.018507745
655 261 23 17 0.018716
449 262 39 58 0.018738328
456 242 19 32 0.021423481
601 248 25 18 0.022674922
620 301 20 22 0.023404649
676 266 31 39 0.024097169
496 287 23 19 0.024320018
614 259 23 18 0.02532957
738 274 11 11 0.025499873
619 299 18 34 0.027739214
683 247 27 17 0.030754449
752 273 14 11 0.0312796
592 250 21 19 0.032801583
751 266 15 18 0.033455454
700 253 19 33 0.036267824
507 280 17 34 0.038528513
737 271 14 17 0.042179506
652 274 21 18 0.04263848
619 294 21 21 0.04427359
667 255 22 20 0.046696614
670 257 43 54 0.04681585
736 269 19 30 0.055694602
704 267 20 30 0.059929866
658 278 9 10 0.066300474
506 286 23 18 0.07707615
493 276 18 35 0.07762503
612 266 18 35 0.10007667
700 275 21 20 0.12160214
747 269 22 18 0.2520298
602 258 24 21 0.25594088
596 252 14 22 0.37730736
606 253 20 33 0.45240843
680 245 30 39 0.4937747

