55_Sports_Coach_Trainer_sportcoaching_55_774
150
392 204 20 31 0.010016033
732 111 24 45 0.010035334
386 184 19 31 0.010042129
430 40 10 10 0.010102044
888 7 29 38 0.0108066425
1005 151 17 73 0.010907563
404 18 14 16 0.01125685
483 115 21 27 0.011433717
386 73 10 11 0.011470678
425 116 22 18 0.011528254
404 6 14 16 0.011549278
487 121 23 18 0.012172166
478 0 12 5 0.012245093
414 54 19 28 0.012353903
962 139 45 113 0.012360007
939 51 22 30 0.012608743
405 54 14 16 0.012751514
352 105 18 32 0.012929841
996 54 18 37 0.012953286
964 36 39 59 0.013025387
395 73 18 30 0.013252214
966 96 38 69 0.01328491
385 51 14 17 0.013305276
462 166 23 18 0.013333156
415 176 20 31 0.013703179
442 121 22 17 0.014230249
334 73 21 19 0.014680696
168 272 9 13 0.015128981
321 95 14 21 0.015223781
348 109 21 19 0.015477606
407 40 9 9 0.01559742
359 156 18 34 0.015789948
323 37 7 11 0.015807772
348 3 13 16 0.016141571
449 20 9 8 0.016423108
373 80 14 18 0.016452264
477 119 15 16 0.017499667
414 90 19 29 0.017505325
750 131 13 19 0.017715966
661 5 8 11 0.018085027
415 47 14 15 0.018356986
414 71 11 12 0.018600237
371 71 8 11 0.018761167
166 270 12 20 0.018803833
353 0 6 5 0.018806916
479 121 10 11 0.019065792
1000 63 21 57 0.019530874
942 56 23 18 0.020300437
967 101 43 101 0.020363783
735 114 18 34 0.021013172
381 19 14 17 0.021020256
407 71 9 12 0.02163814
352 72 9 12 0.021776408
646 4 9 10 0.021928458
336 35 13 20 0.02221602
407 81 13 19 0.023173066
369 38 14 17 0.02337421
482 128 21 18 0.02354157
994 7 26 42 0.023657234
471 120 11 11 0.023973843
353 21 13 16 0.024685318
470 118 14 16 0.024754085
470 0 10 4 0.026020661
417 50 11 11 0.026034204
673 13 13 18 0.026211826
340 18 12 19 0.026584215
377 76 21 20 0.02690445
356 36 7 9 0.027148543
407 56 9 10 0.027265824
719 109 13 21 0.02851418
487 169 23 17 0.028718848
384 0 8 5 0.02981321
415 19 14 15 0.029813437
366 53 18 32 0.02983402
428 18 14 16 0.029906413
675 15 9 13 0.030284882
403 0 7 3 0.032606814
343 1 11 19 0.034340523
368 48 13 18 0.03463125
478 170 24 16 0.03716672
408 80 20 19 0.03835817
989 88 29 83 0.03936115
366 67 20 20 0.039547566
349 70 13 18 0.040829066
467 8 11 6 0.04196059
388 53 9 10 0.04273117
371 51 8 11 0.04369389
339 39 7 10 0.04470761
411 103 22 19 0.044913046
541 157 20 30 0.04747911
405 68 14 19 0.048305657
416 109 20 20 0.049105402
993 55 30 76 0.04924179
357 92 18 30 0.051286846
998 141 25 92 0.05317625
376 0 7 6 0.056008153
984 43 36 62 0.060632903
388 38 8 9 0.060772922
385 23 9 10 0.062477008
371 20 14 17 0.06541218
718 113 18 33 0.065774165
442 127 22 20 0.069370665
327 81 13 22 0.069429524
408 69 20 19 0.070800684
672 8 13 17 0.07350602
406 22 10 9 0.074012235
435 0 8 6 0.07842878
481 173 24 19 0.08028846
487 127 22 18 0.08327722
674 9 10 13 0.08517117
372 42 8 9 0.090600245
449 0 8 4 0.09132975
327 7 6 9 0.106979705
418 8 8 8 0.11081751
448 8 9 8 0.12485532
431 20 10 10 0.13485226
374 5 8 9 0.1353333
407 9 8 8 0.13732982
420 0 7 5 0.15792172
418 22 9 9 0.15972352
436 4 8 8 0.1629625
346 101 22 21 0.16757663
337 0 6 6 0.1740591
352 6 8 9 0.17406406
373 24 9 10 0.17465578
385 61 18 32 0.1770553
331 0 6 6 0.17842282
342 22 7 10 0.19217438
515 290 42 49 0.19415689
482 189 21 32 0.19804148
356 24 8 9 0.1997621
383 5 14 16 0.20323446
380 70 20 21 0.25669864
322 16 11 19 0.26364633
416 40 15 15 0.27502123
419 42 11 12 0.2847006
473 196 28 37 0.28600615
658 102 20 33 0.31034303
344 3 7 11 0.39824504
665 101 18 35 0.40018
386 7 9 11 0.40577972
325 18 7 14 0.42427078
329 79 21 21 0.4326493
362 168 26 41 0.45018458
601 139 27 37 0.507647
846 53 52 84 0.59017634
441 168 28 35 0.6057465
756 109 49 90 0.6713554
788 274 67 75 0.80754566
127 257 35 58 0.93400866

