55_Sports_Coach_Trainer_sportcoaching_55_263
49
215 79 11 23 0.010098125
87 183 7 9 0.010144307
88 200 7 8 0.010676454
103 163 13 19 0.011529954
134 118 11 10 0.011696498
145 92 9 10 0.011875067
102 96 30 37 0.011918644
133 12 8 9 0.012417673
105 166 8 12 0.012612396
100 95 11 9 0.013155807
262 120 8 10 0.01325943
161 101 9 11 0.014074937
240 103 13 18 0.015264555
149 66 13 17 0.01580195
110 165 9 13 0.018603228
130 101 22 27 0.019065661
131 101 15 16 0.019371258
98 199 7 9 0.020266755
147 107 10 10 0.020559546
102 117 14 16 0.02126542
115 93 11 9 0.02149999
141 103 22 18 0.021730775
161 91 9 10 0.021991953
269 86 22 17 0.023335572
108 162 12 19 0.026057169
160 4 9 10 0.02670681
262 104 8 8 0.027752334
165 68 10 10 0.028047789
104 101 22 17 0.02839871
293 109 8 7 0.031910233
246 85 13 18 0.03242769
248 86 22 18 0.03573089
272 98 15 14 0.03865257
255 91 10 10 0.041791044
105 114 21 18 0.04451321
133 104 10 10 0.045073986
243 107 8 9 0.04775788
100 99 14 16 0.04801242
248 89 9 11 0.048168704
104 120 9 10 0.049491625
111 104 11 10 0.049967553
130 92 10 9 0.054832526
145 112 14 17 0.056892548
101 102 10 11 0.05711912
276 91 9 9 0.07046849
111 117 11 10 0.08019802
151 69 9 10 0.09131193
275 100 10 9 0.25992396
315 32 80 92 0.9926472

