55_Sports_Coach_Trainer_sportcoaching_55_773
35
668 107 37 61 0.011641577
447 110 43 59 0.012206225
792 120 49 95 0.012523083
220 136 47 56 0.013682989
780 87 50 81 0.013748869
408 94 42 60 0.014644741
820 148 41 73 0.0154787125
166 173 19 36 0.015506101
449 126 47 60 0.016177785
988 208 29 63 0.01692616
228 282 32 85 0.01725652
607 195 35 68 0.018379532
852 233 34 71 0.01842089
193 185 38 67 0.024042713
995 221 16 41 0.024359468
639 117 44 95 0.026270567
2 161 26 49 0.026822317
321 84 48 57 0.029548468
806 97 38 68 0.05967154
807 80 37 58 0.07213117
184 164 39 64 0.08455125
995 224 21 51 0.09459251
732 91 42 59 0.09628525
161 160 37 61 0.18410814
815 131 40 74 0.19352801
723 75 39 65 0.29179534
333 90 46 66 0.38877013
633 77 45 70 0.4287682
712 68 36 59 0.4737982
642 146 34 75 0.794823
385 81 40 67 0.8261912
477 110 35 71 0.85409564
324 204 41 66 0.8737052
989 89 34 77 0.88795316
0 134 31 77 0.9001977

