49_Greeting_peoplegreeting_49_920
21
1011 122 9 67 0.0106481705
576 640 63 113 0.010795795
609 243 76 148 0.0110355215
714 197 50 109 0.011075283
935 516 89 152 0.011414858
495 307 50 123 0.014682233
608 307 42 71 0.014962048
714 171 54 92 0.016793959
608 281 46 66 0.017453307
0 404 49 251 0.0179616
672 184 38 64 0.02094719
4 490 38 145 0.027047016
957 532 59 96 0.029328365
557 592 99 145 0.034131482
3 509 27 102 0.0361516
572 602 64 105 0.04498766
0 436 31 190 0.053690676
9 666 40 71 0.26749197
600 265 60 104 0.7745477
466 297 74 107 0.8374313
236 179 80 126 0.9945095

