49_Greeting_peoplegreeting_49_991
66
482 117 8 8 0.010057908
373 210 10 28 0.010214428
708 106 14 16 0.010306345
495 108 8 6 0.01043805
407 140 7 6 0.010539469
8 479 132 159 0.010677128
545 104 13 17 0.010934125
369 206 14 36 0.011102485
828 140 14 16 0.011269611
718 108 8 8 0.011536091
785 115 8 12 0.011834448
433 183 8 10 0.0122972885
418 138 7 6 0.012622448
389 154 8 8 0.013263043
666 230 7 12 0.013485716
809 136 9 13 0.0149171725
807 143 12 21 0.015219821
832 211 7 12 0.01527825
781 112 13 20 0.015854346
391 192 11 22 0.015885267
600 193 11 20 0.016043307
778 107 7 11 0.016444467
483 181 6 7 0.017034048
466 94 9 9 0.018925117
392 183 8 13 0.020647902
635 155 19 19 0.022893328
414 181 12 18 0.022988
456 99 13 17 0.023100842
710 115 9 9 0.024315713
623 185 7 14 0.024888715
782 104 13 18 0.025467893
559 108 8 10 0.02646187
8 472 76 87 0.027571166
602 196 7 13 0.028315388
632 161 12 19 0.03047983
808 134 12 20 0.0316785
822 148 10 13 0.031989444
830 147 11 13 0.033631153
817 137 9 12 0.035405282
633 164 8 13 0.035878
620 182 11 20 0.036094707
418 185 8 11 0.03920521
813 144 18 31 0.052373163
632 235 37 60 0.052703094
610 191 12 19 0.05457103
640 157 9 14 0.059880935
784 107 9 11 0.06305149
711 109 8 9 0.06387344
396 176 15 31 0.0649922
458 101 9 11 0.06987983
612 194 8 13 0.07159548
814 135 13 19 0.07325735
0 454 110 126 0.0799656
391 179 12 22 0.08026034
581 265 24 51 0.086198024
548 108 7 9 0.11481593
613 185 8 15 0.11777444
820 144 14 20 0.12877128
480 107 9 8 0.14961551
824 144 20 20 0.16130033
405 183 8 14 0.16757807
462 100 14 14 0.19472304
638 158 12 19 0.25062135
611 183 12 20 0.33746934
465 101 10 11 0.46806225
401 180 14 20 0.72870123

