49_Greeting_peoplegreeting_49_218
53
0 759 6 18 0.0102121625
886 666 46 112 0.010452304
21 986 47 116 0.011170802
518 260 37 75 0.011217556
23 74 37 68 0.011540643
8 899 16 42 0.011923395
0 10 33 67 0.012313463
576 630 38 58 0.012373029
518 667 52 90 0.012596237
151 73 37 68 0.012600086
51 851 50 92 0.012941154
30 6 18 33 0.013047449
22 20 35 66 0.013403767
196 737 46 89 0.013594537
841 59 92 141 0.013917827
697 636 56 88 0.014233481
0 758 6 38 0.015076891
670 1145 39 78 0.016301187
25 49 35 72 0.016504196
38 851 35 68 0.016832558
51 851 35 68 0.01683611
71 5 25 48 0.01787041
388 632 48 61 0.018513389
100 27 34 69 0.019563334
456 1159 95 66 0.021164548
0 753 6 30 0.021926641
120 53 28 51 0.022509042
869 43 74 174 0.02349423
891 29 27 45 0.024850313
459 90 65 79 0.025564197
5 62 37 130 0.02811091
513 657 40 65 0.034712356
1 0 9 33 0.034854505
484 108 41 61 0.035698906
417 9 95 132 0.03904441
881 40 38 66 0.04471297
880 59 48 134 0.046003975
5 3 15 40 0.046574075
25 861 54 88 0.048687402
403 18 71 88 0.049888242
5 79 32 82 0.049969863
89 22 57 86 0.05085688
69 8 33 66 0.05143767
886 23 35 65 0.058655653
761 377 36 73 0.07056437
653 1155 66 70 0.08697696
5 891 30 72 0.10078753
429 28 63 92 0.11785659
3 912 23 55 0.2821256
115 40 35 74 0.38987455
193 753 38 58 0.58763945
396 625 59 88 0.6970734
693 608 64 94 0.7664881

