49_Greeting_peoplegreeting_49_307
34
711 296 19 31 0.011252766
846 301 21 21 0.011286099
389 349 12 20 0.011431151
727 322 22 21 0.011915185
728 274 22 20 0.012984501
593 339 17 38 0.013773092
705 282 19 23 0.013845452
368 259 17 30 0.014836743
870 271 30 58 0.016131539
687 299 17 32 0.017759642
604 336 16 37 0.02118056
871 285 25 20 0.022290176
748 301 13 18 0.022514252
270 239 24 23 0.0243634
857 357 42 60 0.025686914
619 279 14 21 0.02629912
750 303 9 12 0.027377581
681 280 12 25 0.029861294
844 299 17 35 0.03211504
283 237 16 32 0.038434017
156 334 29 39 0.039514467
688 274 13 24 0.05617388
175 263 27 57 0.0700967
360 247 13 29 0.11854384
614 278 13 22 0.139842
718 276 18 32 0.16619648
616 269 17 32 0.3076965
179 273 19 40 0.36261243
877 279 18 38 0.3684182
685 275 17 32 0.42035216
363 247 16 32 0.6474868
873 287 24 48 0.68741804
181 272 26 45 0.9115469
273 232 18 37 0.95956385

