49_Greeting_peoplegreeting_49_50
26
969 182 25 52 0.011645457
423 71 86 183 0.011645681
414 46 41 59 0.011801993
251 47 24 53 0.011815303
900 152 37 59 0.012033706
435 170 51 99 0.014969415
279 122 25 21 0.015481131
969 189 37 79 0.018427592
438 104 50 111 0.021722525
272 105 19 34 0.022088226
247 36 32 71 0.03291575
786 165 56 90 0.03291783
280 108 20 33 0.03749006
886 171 43 62 0.055371825
801 164 36 71 0.055681325
271 113 27 40 0.09761001
798 150 34 67 0.10237136
967 172 34 75 0.10797373
381 124 52 90 0.10801749
985 189 31 89 0.1344937
344 121 59 87 0.22192268
278 113 28 36 0.3895525
975 161 44 116 0.48951378
360 115 41 69 0.54769546
328 176 56 104 0.9006114
658 280 115 183 0.9959317

