49_Greeting_peoplegreeting_49_943
26
166 126 8 10 0.010307673
8 133 23 47 0.011493789
210 140 10 14 0.01304845
7 112 20 54 0.013341307
242 178 9 14 0.01338303
161 128 12 20 0.013693425
667 312 34 69 0.013806534
7 117 14 44 0.014775755
149 101 13 14 0.015082734
334 68 19 29 0.016888252
200 145 13 18 0.017564174
240 175 13 19 0.020224953
10 138 15 38 0.02406979
257 150 13 14 0.02444472
240 169 13 18 0.031553824
242 172 9 12 0.039919518
343 77 14 24 0.102599956
154 95 13 20 0.11528146
122 442 49 70 0.34465814
207 143 15 18 0.6125684
148 97 19 21 0.6318177
347 75 18 30 0.6355963
254 146 18 21 0.6839804
341 445 70 68 0.6927804
195 429 46 67 0.7125213
287 440 45 61 0.952205

