49_Greeting_peoplegreeting_49_48
31
16 137 123 335 0.010765742
566 168 28 17 0.010902811
233 336 19 33 0.011684383
205 263 27 17 0.012516298
137 299 21 30 0.012520213
192 266 31 56 0.012525897
192 287 21 21 0.013610806
167 289 23 21 0.014137174
218 259 22 20 0.014900307
143 297 20 20 0.015187694
199 287 24 20 0.016565049
65 358 38 68 0.020662347
203 280 24 19 0.02221878
187 279 23 21 0.024490837
571 165 25 49 0.035018217
542 142 32 72 0.051561546
158 291 22 22 0.059371796
569 156 25 44 0.059596866
140 287 20 32 0.05986532
568 163 32 69 0.05994044
521 153 37 76 0.33810455
0 74 113 320 0.3427863
533 153 33 77 0.48684642
198 274 19 36 0.5627427
163 283 20 34 0.5923898
719 115 59 84 0.6642839
10 122 87 243 0.73944724
590 187 41 68 0.8446695
233 262 25 41 0.87138474
384 234 31 40 0.89313203
293 220 28 44 0.89429814

