49_Greeting_peoplegreeting_49_810
58
311 147 44 100 0.010110845
929 203 33 65 0.010166961
725 65 44 110 0.010503285
732 74 24 51 0.010986565
636 79 45 106 0.011332709
253 132 83 132 0.012026871
794 166 24 19 0.012106834
166 201 37 67 0.012124851
295 182 29 45 0.012504381
600 33 33 78 0.012773528
314 196 25 50 0.012897773
125 480 39 76 0.013574588
876 183 19 32 0.01395913
734 168 35 55 0.014086443
256 0 24 17 0.014212448
496 76 23 48 0.014293189
968 78 25 44 0.01466267
738 143 17 37 0.014768018
509 103 34 37 0.01564843
786 203 13 11 0.01594514
895 237 25 47 0.015992232
311 181 25 50 0.016472246
974 178 23 50 0.017516596
747 191 25 19 0.01769917
1013 51 10 29 0.017870812
728 126 33 67 0.019756716
726 68 33 68 0.020109948
733 137 25 46 0.020112852
951 101 25 44 0.020240199
256 61 40 61 0.02075128
504 80 35 61 0.022614745
789 202 27 16 0.022931043
256 164 40 71 0.023001881
506 158 44 73 0.02504809
1009 47 14 38 0.02526144
636 126 46 98 0.025686389
280 186 42 61 0.026718102
183 325 111 124 0.02722442
923 167 23 19 0.03256633
975 199 23 50 0.03480661
199 331 75 88 0.034894686
207 153 58 93 0.039913844
506 95 44 56 0.04207874
310 184 33 72 0.042246006
745 185 25 19 0.042909253
196 181 63 91 0.04555749
598 57 37 70 0.046815928
781 200 25 16 0.07419186
728 103 32 70 0.123896
810 178 25 20 0.12769602
289 172 38 65 0.13371262
271 150 51 101 0.14184125
628 119 38 74 0.14536566
804 162 19 34 0.16022015
258 47 29 42 0.3093022
742 178 21 33 0.5482822
809 169 21 31 0.59751433
506 136 75 96 0.968731

