49_Greeting_peoplegreeting_49_353
102
277 451 10 13 0.010063128
283 466 22 19 0.010175779
497 306 6 7 0.010615663
437 327 9 5 0.010886332
628 402 9 10 0.011096146
659 398 7 12 0.011180044
556 401 12 20 0.011648382
552 407 15 31 0.011661823
252 440 13 20 0.011958439
614 275 6 6 0.011959475
472 292 8 6 0.011999405
252 528 23 51 0.012195477
581 387 7 8 0.012310325
368 298 8 5 0.012539948
555 409 12 19 0.012586301
549 406 9 15 0.012635993
437 342 11 6 0.01299709
627 365 14 15 0.013042353
404 344 13 6 0.013107873
696 403 6 9 0.013218491
255 437 9 13 0.013421825
723 418 8 9 0.013868317
710 418 6 10 0.013973859
662 291 5 6 0.01409057
310 445 14 17 0.014409866
253 424 18 29 0.014456213
452 310 9 6 0.014609017
673 376 6 9 0.014666859
311 448 11 11 0.015222824
621 357 23 16 0.015882352
642 387 8 10 0.016226923
415 342 12 6 0.016533146
368 442 21 29 0.016746493
739 401 13 19 0.017125957
381 446 19 29 0.01852233
301 424 10 11 0.018851696
358 297 7 6 0.01910058
275 448 13 19 0.02137942
357 308 8 5 0.02149878
386 520 20 31 0.021559397
232 418 18 31 0.021670906
663 377 7 8 0.021701802
337 293 8 6 0.02177716
627 385 14 16 0.023691181
299 422 13 16 0.024136547
227 411 12 23 0.024285851
319 449 11 11 0.024689019
375 459 22 20 0.025279315
609 407 10 9 0.025623705
229 398 12 20 0.026505081
378 406 16 23 0.02702789
441 262 6 8 0.028621506
488 303 6 7 0.029898185
752 355 6 7 0.030362468
673 383 7 10 0.030461363
594 385 8 8 0.030688757
583 374 6 6 0.03100302
730 358 5 7 0.031369437
740 373 5 7 0.03316129
725 375 5 6 0.033201214
710 404 5 7 0.034349576
600 361 6 7 0.035728123
302 430 10 12 0.03674025
382 405 8 14 0.037029512
628 361 9 8 0.037512228
725 404 6 9 0.0378134
708 375 6 7 0.039523028
300 428 13 16 0.039935485
696 373 5 9 0.04029218
640 368 8 9 0.041329063
383 410 9 15 0.04396298
545 293 7 7 0.044818744
641 360 8 9 0.044992704
609 361 8 8 0.045195986
696 388 6 10 0.045205217
709 388 6 7 0.04698538
313 446 21 19 0.049799703
231 401 8 11 0.050619904
742 404 7 9 0.050865266
657 384 12 20 0.0515994
294 423 10 14 0.05383485
724 388 6 7 0.058406442
754 388 7 7 0.061885674
583 359 7 7 0.06917073
376 405 8 15 0.06946021
246 433 13 22 0.07262148
741 388 6 7 0.07328665
290 422 18 18 0.0782997
486 294 6 6 0.07887288
532 291 6 7 0.092415236
630 388 9 9 0.09784296
659 387 8 12 0.10053179
598 371 6 6 0.10804178
248 434 19 22 0.13625383
629 368 9 9 0.13774556
740 356 5 6 0.14647906
610 367 7 8 0.17862257
374 407 11 21 0.20087098
375 403 12 20 0.21648572
379 403 13 20 0.27595294
293 425 14 17 0.43099982
548 407 13 20 0.7802993

