49_Greeting_peoplegreeting_49_53
61
796 476 38 68 0.010944253
141 350 47 64 0.010979743
189 349 39 71 0.011027061
783 682 47 74 0.011462036
1 73 24 109 0.011688342
222 149 26 18 0.011737646
726 297 37 64 0.0123212775
245 202 38 70 0.012407257
469 70 39 63 0.012934425
350 251 41 67 0.013228946
323 206 33 74 0.013531773
821 249 42 102 0.01455997
371 301 41 60 0.015101699
0 323 27 87 0.015190617
829 261 37 66 0.015308338
550 175 46 53 0.015703399
0 59 15 87 0.016085386
756 322 39 70 0.020238984
210 225 48 90 0.021304876
705 301 48 99 0.022146294
577 164 44 86 0.022250041
392 315 49 89 0.02248754
815 409 42 69 0.023838406
767 361 37 70 0.023942498
244 282 35 70 0.025022902
510 249 44 91 0.025072446
0 13 29 163 0.027002493
367 317 39 71 0.027352663
251 208 48 98 0.029181372
199 335 49 90 0.02930704
489 265 38 60 0.03088692
700 363 47 93 0.032751635
640 167 44 50 0.0344256
116 367 47 89 0.03820309
243 261 38 73 0.041403327
445 207 46 55 0.043011896
786 105 34 66 0.04467846
224 141 21 32 0.051583096
822 279 41 111 0.052249495
121 336 40 71 0.106381886
805 238 35 67 0.11681848
0 46 21 112 0.1661222
207 315 47 92 0.24121577
691 381 33 76 0.28617516
855 274 33 68 0.2886261
233 216 36 74 0.3225183
336 229 38 70 0.34302405
825 325 37 71 0.34462476
330 223 34 68 0.42217776
224 326 35 86 0.50027156
504 272 38 63 0.50668085
702 294 36 62 0.5284669
90 373 53 96 0.52855176
172 269 32 78 0.5348009
667 208 41 71 0.5483572
443 319 47 95 0.556318
353 331 39 75 0.6037865
799 378 54 101 0.6979374
772 653 61 106 0.7887556
563 172 47 59 0.82130706
330 638 70 101 0.9013627

