49_Greeting_peoplegreeting_49_387
59
376 306 6 6 0.010170829
361 280 6 7 0.010712924
685 234 28 59 0.011321929
149 282 5 6 0.012280289
841 255 21 28 0.012425219
103 125 7 10 0.012993703
388 280 5 6 0.01564873
273 268 12 21 0.016121494
424 304 5 7 0.016416917
551 247 17 36 0.01736869
390 306 6 6 0.020820908
131 278 5 7 0.021016857
279 284 11 19 0.022994403
422 281 5 6 0.023457583
163 282 5 6 0.024368173
118 277 5 7 0.025304731
273 257 13 21 0.02645867
564 259 7 13 0.026945014
243 272 6 13 0.02904631
279 273 6 11 0.02969778
240 302 6 11 0.030253273
231 305 5 8 0.031064736
213 307 6 9 0.035941612
179 289 5 6 0.03877355
335 283 21 18 0.039716784
119 290 5 6 0.040207148
653 342 23 29 0.040927205
561 255 12 22 0.045179088
201 289 5 7 0.046033278
450 286 5 9 0.04943684
439 279 5 6 0.050919637
241 292 6 10 0.053061597
357 289 7 6 0.054824814
281 288 7 11 0.06169922
371 282 6 6 0.07464989
229 276 7 12 0.07972297
341 287 9 9 0.080050744
214 291 5 8 0.1069184
240 266 12 24 0.10988119
131 291 5 5 0.11803492
151 290 5 5 0.1262774
453 274 6 8 0.15147279
229 289 5 9 0.15859056
437 287 6 7 0.15898654
515 236 26 43 0.17023881
257 267 15 28 0.17495376
164 287 5 6 0.18765655
286 284 12 19 0.19121666
389 289 6 5 0.21646003
227 270 12 22 0.21962136
288 287 9 13 0.2266763
373 287 6 6 0.29255596
409 288 6 7 0.35331446
250 270 19 25 0.36311856
418 288 6 7 0.4564562
690 244 18 37 0.59138656
694 243 26 42 0.5953828
520 222 26 49 0.90372306
639 234 23 47 0.94920546

