15_Stock_Market_Stock_Market_15_554
24
566 190 39 61 0.0105784405
686 220 23 35 0.0117606055
252 109 64 126 0.012005892
650 346 53 97 0.012647229
746 264 17 34 0.015002749
739 258 20 21 0.016682029
713 235 18 32 0.018553387
641 241 39 56 0.021386731
717 243 13 20 0.024393
0 157 36 87 0.027158288
249 72 72 100 0.028366769
746 253 18 23 0.02860345
639 378 43 63 0.04471582
750 248 13 21 0.049000427
681 228 29 44 0.05988905
694 221 26 40 0.114273176
743 253 17 34 0.13837978
197 99 35 71 0.17086928
341 106 70 145 0.34908697
0 161 53 123 0.6284938
679 212 36 55 0.6468431
505 203 75 105 0.9314438
360 115 61 117 0.9589894
245 77 81 201 0.9882345

