15_Stock_Market_Stock_Market_15_313
26
899 329 31 76 0.010161424
890 433 47 105 0.011264943
135 234 32 64 0.0123618925
936 91 9 12 0.012607474
890 485 26 47 0.013185282
609 139 39 56 0.0133460965
799 390 37 68 0.014431485
992 449 29 75 0.014698239
901 321 43 113 0.014756817
259 98 28 39 0.01592188
266 109 27 42 0.016826706
993 242 14 43 0.017815383
906 363 23 56 0.018707324
295 122 20 38 0.020701066
615 145 28 41 0.021609638
285 124 37 64 0.021660551
899 388 45 115 0.02426982
868 294 36 77 0.024865784
1004 267 18 66 0.028231595
839 102 21 54 0.049126174
952 167 29 73 0.055915136
599 493 123 165 0.078410596
901 378 33 78 0.08079671
903 354 30 79 0.08645496
886 459 34 71 0.40011665
287 112 33 58 0.7890059

