15_Stock_Market_Stock_Market_15_286
19
579 251 14 15 0.011140925
914 238 40 64 0.012714541
884 197 35 67 0.013218137
867 200 41 65 0.013431622
111 14 17 32 0.013695029
571 258 24 17 0.015844662
580 253 12 11 0.01635363
457 435 8 14 0.020786392
558 271 20 29 0.021515472
611 261 10 10 0.02159654
117 21 13 21 0.024205128
619 235 32 40 0.026073057
628 214 48 55 0.026294583
571 270 21 30 0.0472136
616 225 41 57 0.106077716
566 275 24 18 0.21778218
487 242 33 61 0.70537597
616 220 62 76 0.851848
693 133 84 98 0.96610004

