15_Stock_Market_Stock_Market_15_569
45
413 424 15 32 0.01117399
405 431 23 21 0.012289494
521 494 26 16 0.012668397
433 482 8 11 0.01333039
339 544 35 12 0.013353244
80 337 44 66 0.013997354
285 443 28 16 0.014178243
448 488 13 19 0.014555647
41 302 89 151 0.014746873
369 460 10 13 0.015500889
368 455 10 12 0.017406328
297 440 23 18 0.01742094
471 462 19 21 0.01857688
486 449 8 10 0.019476421
450 491 9 12 0.019990522
59 311 60 100 0.020527933
468 466 12 14 0.024252102
389 452 9 11 0.03340324
463 457 16 28 0.034495912
449 483 13 18 0.03799911
299 435 22 18 0.04071675
378 464 21 21 0.043498132
388 449 14 18 0.045419082
8 349 68 110 0.049648926
4 416 33 80 0.050711505
357 456 19 21 0.056467775
242 382 33 43 0.05672428
396 438 22 21 0.07691414
451 487 9 11 0.085231565
7 245 46 114 0.10698877
365 453 14 18 0.12183428
388 474 21 20 0.17632344
400 439 16 31 0.21420498
0 294 62 115 0.21734749
363 455 19 22 0.4328525
115 370 58 77 0.45554143
401 433 20 22 0.48622075
392 468 17 32 0.5939422
0 271 75 180 0.6560583
4 316 87 160 0.67749864
467 463 14 20 0.7775176
186 438 45 62 0.7859365
67 355 67 103 0.8333887
324 435 29 40 0.93916273
232 369 39 60 0.9658054

