12_Group_Group_12_Group_Group_12_794
26
450 182 37 70 0.010647693
572 102 36 67 0.011452693
686 80 19 32 0.011687093
37 310 10 11 0.012577757
564 23 51 82 0.012618936
2 274 11 44 0.013210943
384 166 21 35 0.014151103
500 65 41 59 0.015886415
359 165 32 40 0.017044518
661 125 34 59 0.019525144
654 131 26 46 0.021857042
666 143 21 24 0.022663375
486 42 30 36 0.024713166
470 137 31 68 0.025801038
649 123 34 63 0.027626673
456 148 45 97 0.031351406
456 139 32 69 0.03995137
654 116 24 49 0.06736288
2 293 8 15 0.07853817
665 132 26 43 0.111907765
559 45 28 45 0.1335868
361 147 36 56 0.18288387
452 157 34 70 0.2691908
374 149 33 55 0.28407463
0 290 11 21 0.46195605
564 35 33 64 0.49077

