12_Group_Team_Organized_Group_12_Group_Team_Organized_Group_12_707
62
179 125 5 5 0.010061136
466 31 5 6 0.010301244
485 109 6 6 0.010318671
146 120 6 6 0.010371944
22 123 6 7 0.010457711
166 106 5 5 0.01048589
498 108 6 7 0.01049321
270 182 21 20 0.010527665
191 158 9 8 0.010756981
503 87 6 7 0.011120754
119 122 6 6 0.011248597
416 133 9 8 0.011434729
610 117 34 57 0.01205161
36 107 6 5 0.01228361
558 167 8 10 0.012765292
726 77 7 8 0.012848934
260 104 5 7 0.012908194
147 110 5 5 0.012930232
945 127 9 7 0.013044478
440 57 5 6 0.013252564
465 86 6 9 0.013518331
962 138 12 7 0.014271707
552 168 8 9 0.0143026775
404 125 7 7 0.014548419
21 108 5 7 0.015811674
2 326 9 62 0.01669313
456 58 6 7 0.017143872
56 156 6 7 0.017235693
262 182 20 32 0.017918997
37 152 6 8 0.018452909
487 127 6 6 0.020767882
18 151 6 9 0.021146374
548 144 18 33 0.02134239
39 123 5 6 0.02212253
83 154 6 7 0.022261096
928 72 8 9 0.024436705
3 119 5 10 0.027105382
983 72 6 5 0.028223975
550 138 9 12 0.028251963
21 139 6 8 0.029012611
69 153 6 6 0.03121581
36 139 5 7 0.03431751
946 74 7 8 0.03452825
53 185 6 8 0.03502306
548 135 13 19 0.036514025
922 72 7 9 0.03924661
998 73 7 7 0.06974835
387 136 7 7 0.07002118
387 157 30 40 0.15111072
605 134 30 45 0.81615824
503 137 31 43 0.82517916
682 146 33 50 0.82725614
392 165 29 42 0.8894129
282 257 29 47 0.9111189
721 295 34 52 0.920261
793 119 35 55 0.9219984
298 161 29 45 0.9245744
389 269 29 43 0.92532504
212 156 35 40 0.9261231
490 282 31 44 0.93789804
599 271 40 48 0.9545061
179 266 38 53 0.96284544

