12_Group_Team_Organized_Group_12_Group_Team_Organized_Group_12_55
20
1009 405 12 48 0.010071739
70 113 19 39 0.011838854
469 139 44 58 0.014084151
120 140 27 42 0.015523019
231 142 18 34 0.022604303
188 123 33 41 0.026188614
436 95 31 37 0.030392049
1013 419 9 30 0.033080272
59 120 36 69 0.034172487
437 105 34 34 0.036893185
82 103 38 58 0.043168623
81 81 40 52 0.04433354
69 81 38 56 0.04906923
425 92 33 41 0.07990554
1014 426 9 31 0.084195696
1009 423 13 46 0.09250512
62 104 36 60 0.42112052
420 97 41 49 0.65849584
187 133 31 44 0.9369956
291 163 32 43 0.9628822

