12_Group_Large_Group_12_Group_Large_Group_12_13
90
287 390 13 18 0.010093169
370 366 21 19 0.010132377
57 330 7 9 0.010192844
56 370 22 18 0.010287874
298 385 20 19 0.010538793
123 432 21 19 0.010836069
480 363 16 19 0.010927094
34 310 7 9 0.011340443
155 338 23 17 0.011455112
223 392 9 10 0.011545545
383 385 14 17 0.0117328735
847 404 10 11 0.012187168
415 354 16 27 0.012247204
288 371 15 16 0.012459512
543 431 13 21 0.01278048
340 377 8 8 0.012949179
386 388 10 11 0.013106589
435 397 8 10 0.013422526
625 378 7 10 0.014488321
57 343 8 11 0.014796039
519 387 17 30 0.014913696
496 452 11 27 0.014991732
837 431 20 27 0.015298213
59 356 21 19 0.015328931
456 392 8 10 0.015864758
622 385 11 20 0.01598158
66 343 8 10 0.016210185
891 447 20 29 0.016695073
462 391 8 10 0.016825782
841 437 23 18 0.017025659
169 394 19 27 0.018050592
291 374 9 9 0.018136162
870 415 24 19 0.018443575
374 361 12 12 0.01853898
208 385 14 17 0.0187124
624 389 8 12 0.019082226
486 367 17 26 0.01945602
397 354 16 26 0.020060733
374 416 14 20 0.020615535
162 342 9 7 0.020824432
165 398 25 17 0.021019638
365 392 20 19 0.021129766
8 325 7 13 0.021425521
381 408 13 19 0.021508057
84 341 12 11 0.021838613
210 388 10 10 0.021893257
846 401 13 18 0.023978116
64 311 8 11 0.025718253
377 368 21 19 0.026688192
66 332 8 9 0.027836338
307 350 17 29 0.028401578
845 392 14 17 0.029336423
902 372 16 19 0.03011894
74 336 18 30 0.031004796
868 408 15 22 0.03216261
569 364 24 17 0.034545418
848 395 9 11 0.03528636
380 415 13 20 0.03659343
826 436 21 20 0.03717853
576 366 17 27 0.039602842
655 305 21 19 0.04291707
406 366 15 18 0.052353833
361 400 17 28 0.0632848
317 352 16 28 0.06753031
431 402 12 20 0.07385293
310 356 15 19 0.07559165
674 390 21 20 0.08469422
735 352 17 27 0.100088224
79 337 22 19 0.110909745
517 394 15 19 0.11264223
806 365 23 19 0.12020256
434 405 8 12 0.12151261
162 392 23 20 0.27402624
907 368 17 27 0.37460652
120 334 20 27 0.4126989
372 358 20 20 0.41482493
115 333 19 30 0.43746638
679 393 24 20 0.44311577
309 357 25 20 0.51082575
357 403 18 23 0.5475734
805 360 18 22 0.5512997
408 361 19 22 0.57365596
901 372 27 20 0.5786167
869 405 19 29 0.5817371
230 356 25 20 0.6092621
635 345 20 21 0.63538814
515 397 20 21 0.6493185
729 355 21 20 0.74077976
567 368 23 19 0.8157514
475 366 23 20 0.8845811

