12_Group_Team_Organized_Group_12_Group_Team_Organized_Group_12_442
105
1015 246 9 27 0.010050333
26 205 21 20 0.010058786
254 186 12 24 0.010182592
982 285 7 15 0.010293235
24 197 30 61 0.010627694
631 159 19 23 0.010784094
508 81 23 18 0.011685176
1016 263 7 34 0.011799518
203 193 19 29 0.011802638
674 177 22 28 0.012073755
450 209 20 21 0.012218523
662 217 26 19 0.012545511
1001 176 8 10 0.012579801
604 167 19 23 0.012735017
225 205 13 20 0.012776294
311 221 9 13 0.012996956
709 179 20 30 0.013011583
1007 258 13 40 0.013383969
474 206 22 18 0.013394916
124 191 33 60 0.013466768
324 214 17 32 0.013562998
1016 276 8 30 0.014006286
832 168 18 30 0.014025601
227 209 7 10 0.014252427
1004 229 15 36 0.01443833
558 192 13 21 0.014697087
637 153 18 32 0.015312077
134 202 22 21 0.015319274
587 165 17 32 0.015932037
1016 227 7 12 0.016034052
205 186 14 23 0.01614979
194 187 21 21 0.01628283
553 171 8 15 0.016334504
173 241 9 15 0.016651714
653 201 29 38 0.016917642
867 233 18 31 0.017024709
965 222 19 21 0.01704431
18 207 16 36 0.017650481
101 239 12 21 0.017840765
111 236 17 34 0.018055934
160 236 16 33 0.018430736
1016 238 7 15 0.018443601
968 229 21 21 0.019545864
298 208 17 34 0.02010174
804 168 19 23 0.020190975
312 221 20 20 0.020873785
593 151 17 34 0.021148663
1012 222 12 22 0.021852165
36 224 17 34 0.022067089
558 195 18 31 0.023304705
376 212 12 26 0.023952957
260 173 7 14 0.024787283
255 185 16 33 0.024958001
975 273 16 36 0.026532114
456 209 23 21 0.027983192
605 139 21 20 0.03169848
137 184 17 32 0.03279966
864 237 18 22 0.033287104
630 158 13 25 0.033991884
555 177 16 34 0.038151775
980 283 11 23 0.038644336
242 202 20 22 0.039586287
453 214 15 24 0.040171858
874 269 23 19 0.04132782
129 187 12 23 0.045171097
171 239 12 20 0.046018045
1004 169 18 32 0.049252182
31 219 21 22 0.050674755
810 170 20 24 0.051418487
528 183 19 24 0.053020373
7 356 19 62 0.055350702
258 170 11 22 0.05545039
168 243 8 15 0.060409367
1014 232 10 26 0.060754202
626 164 18 23 0.061204698
990 212 17 34 0.0622357
555 166 12 22 0.062272288
309 218 13 20 0.07333752
635 166 19 31 0.07481749
757 178 17 33 0.08335446
130 201 19 23 0.0873596
372 205 16 33 0.093515426
1011 173 12 20 0.09492043
166 248 9 15 0.10436646
165 246 12 19 0.113439426
1014 176 8 12 0.117845364
563 199 13 21 0.13998267
623 170 19 33 0.15663208
612 145 18 32 0.15875642
166 241 12 20 0.17002025
133 198 18 35 0.18467535
383 204 11 28 0.19477762
238 197 18 33 0.19528247
253 196 17 33 0.19642776
551 166 12 24 0.20512316
983 216 22 22 0.21521506
381 207 16 33 0.3444744
973 216 18 33 0.4300225
31 210 18 36 0.549213
662 202 32 36 0.6076155
199 186 19 31 0.6600582
456 207 17 30 0.79286134
763 178 17 33 0.8065011
525 179 18 35 0.8302889
814 164 19 34 0.89208424

