12_Group_Team_Organized_Group_12_Group_Team_Organized_Group_12_500
18
338 75 66 86 0.010096109
209 181 80 97 0.01223112
887 192 109 194 0.01292731
925 522 35 42 0.016108427
501 216 66 87 0.019787382
855 101 159 271 0.022946844
345 70 171 227 0.032645047
362 67 108 136 0.033117212
199 156 101 107 0.047900464
449 183 68 101 0.050934028
372 76 71 84 0.0632141
503 235 36 72 0.24708451
386 98 102 178 0.66998005
950 87 65 100 0.8491551
416 110 97 185 0.85873413
226 163 84 133 0.9689118
895 144 85 199 0.98051137
594 152 82 152 0.99734974

