12_Group_Group_12_Group_Group_12_519
47
292 64 12 21 0.01006862
516 200 31 37 0.010145883
352 123 35 65 0.010253939
434 62 12 21 0.010530597
494 14 20 31 0.011346278
822 184 37 52 0.011386213
758 68 13 19 0.011458984
606 123 34 69 0.011893765
980 35 11 20 0.012203033
606 70 34 69 0.013327699
1000 63 11 19 0.013935896
673 111 23 54 0.014268555
641 68 29 71 0.014478819
736 131 35 63 0.014620869
660 119 43 106 0.014961548
763 104 25 45 0.015344369
722 73 13 20 0.015751792
252 88 12 21 0.016212262
545 174 31 38 0.016505722
669 133 24 54 0.016873833
647 121 31 75 0.017907765
790 144 37 55 0.020964412
800 64 20 33 0.021857185
701 68 29 76 0.022726594
241 79 17 33 0.024121366
359 93 16 36 0.033366032
614 97 33 72 0.03375932
806 205 33 37 0.035378072
703 94 28 78 0.035782997
635 99 30 74 0.038258165
668 103 31 74 0.03847181
248 88 12 23 0.041866068
395 112 17 37 0.043259025
300 70 23 48 0.045320738
581 141 33 63 0.047839448
519 186 28 41 0.054298252
796 69 26 42 0.0714112
666 154 36 67 0.07469811
664 123 32 76 0.09642901
574 175 35 61 0.120949425
359 106 23 50 0.16048804
799 175 31 41 0.22199586
709 224 35 47 0.86415887
567 192 37 55 0.9050106
821 199 32 42 0.94146925
903 203 27 42 0.9478387
447 200 37 59 0.96423095

