12_Group_Group_12_Group_Group_12_268
46
643 65 9 14 0.010295946
150 224 27 17 0.01188852
677 150 6 7 0.012649962
599 189 34 33 0.013090193
240 90 23 19 0.015440462
641 63 12 19 0.016403079
413 211 20 33 0.01708459
150 219 25 17 0.017279282
861 381 21 30 0.018253423
773 429 20 31 0.019383233
818 394 32 43 0.019694533
994 389 30 69 0.020638132
250 88 23 20 0.021480897
661 148 6 8 0.022203729
774 432 12 22 0.025722392
419 162 37 49 0.030232666
423 169 23 32 0.032349825
660 143 5 7 0.041322358
311 247 24 32 0.10158725
604 207 28 41 0.112825565
250 88 19 30 0.12315663
422 160 30 34 0.2475845
242 89 18 32 0.43573827
573 222 29 42 0.45101905
444 211 32 52 0.4545984
806 220 27 43 0.4986826
728 265 31 43 0.5157543
489 194 31 41 0.5620194
854 231 33 39 0.5640873
371 205 31 41 0.5858529
632 219 30 41 0.60673046
158 339 36 61 0.6214243
702 190 31 43 0.65485257
915 323 33 40 0.6814936
760 212 31 41 0.6986316
301 243 30 39 0.71648914
246 347 34 46 0.74228287
710 374 33 59 0.82067984
584 359 32 52 0.82153356
892 209 36 49 0.8514484
342 351 42 55 0.8521365
151 261 31 41 0.86681956
100 242 37 47 0.86920035
456 321 33 51 0.8762291
217 212 36 36 0.889895
809 387 34 54 0.9202123

