12_Group_Team_Organized_Group_12_Group_Team_Organized_Group_12_653
22
921 386 22 29 0.012867358
919 386 33 34 0.013081417
2 247 18 35 0.016242405
536 326 22 35 0.019940216
259 317 33 36 0.024789134
738 276 28 40 0.059042387
912 388 21 31 0.144961
434 388 34 44 0.32306993
844 191 31 42 0.81669366
427 381 35 59 0.90990865
799 195 32 43 0.9143153
949 377 41 53 0.9148962
657 334 34 39 0.91563386
526 322 30 42 0.92825294
597 376 38 52 0.928609
385 284 33 58 0.9434697
315 224 33 53 0.9578194
74 169 39 50 0.9608257
243 357 38 56 0.9618001
329 299 30 60 0.9621538
771 361 38 51 0.9750406
200 174 31 58 0.9908818

