12_Group_Large_Group_12_Group_Large_Group_12_286
113
195 198 6 8 0.010062357
184 198 7 8 0.011027104
969 221 23 19 0.011149748
888 206 12 21 0.011995985
2 204 26 45 0.0120512815
946 244 7 10 0.012060414
946 257 13 18 0.012074331
135 209 29 41 0.012112237
589 244 26 36 0.012134874
195 211 8 7 0.012221514
746 229 17 34 0.012391526
737 254 20 29 0.012560531
783 256 13 21 0.012656706
424 251 25 50 0.01287015
928 269 9 12 0.013009894
597 254 10 14 0.013158693
910 201 12 20 0.013876424
322 193 13 19 0.013969575
537 270 8 11 0.014264739
495 222 10 12 0.014375653
129 203 38 60 0.014607109
644 255 30 38 0.015201221
913 205 8 12 0.015291829
768 259 21 18 0.015681237
407 217 13 21 0.015891746
913 198 8 13 0.01604623
918 267 9 13 0.016603108
151 208 38 55 0.016800527
140 204 25 18 0.017016012
158 217 23 18 0.017153824
638 219 23 17 0.017234813
485 213 10 11 0.017504038
762 213 34 62 0.018428763
727 249 19 22 0.018834347
904 260 9 14 0.019236557
966 260 10 11 0.019532092
644 222 10 9 0.019775901
509 252 20 20 0.019939823
390 268 41 65 0.02019895
514 223 18 33 0.020448154
326 197 8 10 0.020473344
993 271 22 19 0.020593153
606 254 20 29 0.020935135
627 272 45 53 0.021712516
121 206 25 17 0.022450408
926 262 9 12 0.02323899
156 202 20 31 0.023426991
897 209 8 13 0.024227757
911 194 12 21 0.024498535
489 208 22 18 0.024524411
486 222 10 13 0.02529724
542 268 9 11 0.025536032
156 213 30 39 0.025735488
517 207 9 9 0.027037773
921 265 19 20 0.027234264
294 174 30 44 0.027586855
438 269 36 61 0.028095886
163 214 12 9 0.028660089
540 260 12 16 0.028851425
766 259 19 34 0.032073103
949 261 8 10 0.034445208
146 194 13 9 0.035156053
894 206 12 20 0.03519436
607 270 41 54 0.035232686
766 219 26 44 0.035359997
770 222 18 34 0.03548894
488 226 26 40 0.03599998
796 235 43 70 0.03879468
769 270 20 21 0.039468113
962 209 7 8 0.043187622
1006 268 13 21 0.043637183
492 218 13 19 0.043786723
537 262 7 10 0.0453647
761 241 34 64 0.045742698
897 263 19 22 0.04635398
763 253 26 44 0.05007142
767 277 19 32 0.050167173
497 209 9 9 0.052882608
917 263 13 20 0.05712184
968 248 27 36 0.05793417
397 216 28 39 0.05989667
491 224 18 34 0.0601659
764 283 20 22 0.06342387
721 247 18 29 0.06955251
137 195 19 33 0.07698929
904 258 19 29 0.08468152
480 212 21 18 0.08783788
963 255 21 20 0.09089853
923 259 13 19 0.09726346
413 216 18 33 0.10272282
575 257 9 13 0.11444745
408 217 22 20 0.11670531
542 262 8 11 0.117385365
917 261 9 13 0.11742349
156 211 24 17 0.13077258
566 256 13 17 0.13840388
140 191 24 17 0.14314625
567 259 9 12 0.15606223
572 254 13 18 0.19788666
903 258 13 21 0.20859633
482 218 20 20 0.21116093
1003 261 18 31 0.32021505
594 249 18 22 0.32579932
967 256 24 20 0.41280147
725 249 14 21 0.4646065
915 259 13 20 0.47624025
416 263 41 69 0.5167557
261 218 35 67 0.73496175
491 242 27 39 0.8163253
2 192 25 44 0.8640757
786 237 83 72 0.8919293
90 155 38 62 0.94961905
289 152 34 60 0.9571836

