12_Group_Group_12_Group_Group_12_293
34
661 120 31 37 0.010369551
588 131 19 39 0.010489206
801 115 38 63 0.010760238
638 156 32 37 0.013284359
761 124 39 62 0.014092722
3 64 27 43 0.014667286
660 150 31 37 0.014799438
777 159 47 88 0.015002199
634 148 42 52 0.015651375
606 147 30 38 0.015964724
750 151 29 42 0.017617142
526 288 61 85 0.017723087
602 140 39 55 0.018375421
542 120 41 69 0.020038385
537 306 45 59 0.022256188
770 196 38 63 0.023361413
802 144 39 64 0.032325625
606 132 28 42 0.034979004
915 145 31 45 0.039832048
747 141 38 59 0.04630446
519 135 43 69 0.05349159
768 167 38 67 0.056578413
0 147 24 50 0.058013365
648 117 29 39 0.08391568
780 135 49 84 0.09927001
525 123 56 82 0.52100617
577 122 32 63 0.6017882
821 149 37 60 0.6512985
648 88 25 44 0.6984366
112 141 45 58 0.8162629
758 142 38 63 0.8280643
8 81 27 41 0.87985724
372 98 42 64 0.9314734
904 133 39 61 0.96958107

