12_Group_Group_12_Group_Group_12_843
122
55 322 13 19 0.01014471
337 181 5 6 0.010252661
497 204 12 19 0.01037895
388 198 5 6 0.010387653
5 256 8 12 0.010485904
402 199 5 6 0.010509516
4 482 45 122 0.010599128
659 254 14 17 0.0108251255
78 493 72 93 0.010844801
530 239 12 18 0.010937003
62 325 22 28 0.01117733
277 213 6 6 0.011393767
262 179 5 6 0.01146502
468 337 40 63 0.011877658
249 243 6 7 0.011921699
168 151 4 5 0.012233188
181 133 4 5 0.0122382315
327 450 30 42 0.012674345
182 149 5 5 0.012889726
168 103 4 6 0.012964917
424 230 8 10 0.013052467
657 259 20 28 0.013435351
487 242 7 11 0.013515781
148 105 5 6 0.01362363
276 181 5 6 0.013647627
658 195 6 6 0.013730983
150 116 5 6 0.014015265
177 246 6 5 0.014127161
280 450 65 83 0.01448508
99 322 9 10 0.015156316
151 129 5 6 0.015688179
165 117 4 5 0.016101416
451 331 39 63 0.01631096
278 197 5 5 0.016368119
260 197 5 6 0.016466498
636 188 13 16 0.017005097
595 224 8 11 0.017076623
168 258 6 7 0.017105829
71 255 8 10 0.01728584
611 201 8 7 0.01735355
609 223 8 9 0.017532885
660 268 20 18 0.017683849
595 257 8 11 0.017933235
326 209 6 6 0.018362185
279 238 6 8 0.018681873
592 254 13 18 0.0190915
210 240 6 7 0.01925804
547 256 13 19 0.019348094
311 183 5 5 0.020119568
261 215 5 6 0.02014306
338 199 5 6 0.020276386
133 215 5 5 0.020312129
113 490 68 102 0.02035471
295 197 5 5 0.020455332
353 210 6 6 0.020734379
673 263 14 11 0.021349119
499 207 8 11 0.02155927
215 214 5 6 0.021784358
199 215 5 5 0.02330741
227 213 5 7 0.025296345
326 181 5 6 0.026141005
672 269 14 11 0.029045545
451 303 36 60 0.029124761
201 241 6 7 0.029514352
342 210 6 6 0.029870294
467 370 54 87 0.030647755
576 241 8 10 0.031092204
182 227 6 5 0.032110717
258 240 6 8 0.032234713
485 278 20 32 0.03627054
120 225 6 7 0.03837106
94 477 100 142 0.040423848
646 216 8 9 0.041075684
652 244 14 16 0.041241687
165 240 6 6 0.042778824
642 185 7 7 0.044855107
56 323 21 20 0.04554101
653 223 9 10 0.047153927
139 241 6 7 0.04819224
199 231 5 5 0.04858062
136 229 6 6 0.05056981
725 303 10 9 0.05118973
301 448 63 92 0.052209295
655 246 10 11 0.052498564
427 235 11 18 0.054461397
211 232 5 6 0.05585327
245 214 5 8 0.05589807
644 219 14 15 0.060430605
320 455 40 63 0.060556415
627 192 14 16 0.06065056
599 208 12 17 0.064419
589 192 8 10 0.06482898
248 227 6 7 0.069479614
146 234 6 5 0.071889386
326 199 5 6 0.07485476
67 233 9 11 0.08053687
312 199 5 6 0.08247512
166 233 5 5 0.08875408
68 237 9 10 0.08952679
227 229 6 7 0.10637918
532 241 8 12 0.107236765
147 239 6 6 0.10907734
583 191 11 17 0.112236544
606 207 13 15 0.11675455
505 226 9 15 0.12013632
422 239 9 15 0.16655411
276 229 7 8 0.1767048
261 228 6 8 0.1770942
625 207 11 12 0.18885376
666 265 22 18 0.27501687
639 190 8 9 0.28574246
667 261 23 17 0.29657078
646 221 10 10 0.3177537
629 193 9 9 0.36697346
607 209 9 10 0.38581994
601 210 8 12 0.41009784
622 204 15 17 0.68192977
421 236 13 19 0.7158665
545 220 11 18 0.7611772
584 193 8 12 0.7623885
507 225 13 19 0.7659682
395 486 85 109 0.8947222

