12_Group_Team_Organized_Group_12_Group_Team_Organized_Group_12_927
68
15 172 17 34 0.010501264
169 173 22 38 0.010685917
440 179 27 17 0.011065052
375 204 25 17 0.011371081
634 161 25 20 0.011995703
463 165 23 18 0.012130033
206 199 19 33 0.01272532
528 182 22 22 0.014029715
740 426 27 19 0.014068078
646 287 18 33 0.014615993
921 146 19 36 0.014764216
29 165 18 33 0.01607723
581 183 26 20 0.01637754
590 186 19 31 0.017122762
573 185 25 20 0.019137558
25 139 20 20 0.020491531
13 128 16 34 0.020932995
636 266 20 31 0.026787573
712 156 29 19 0.031771477
779 308 16 36 0.032898586
723 334 18 32 0.034555644
356 186 20 30 0.035240922
518 186 19 29 0.03805942
397 191 22 30 0.03846485
31 146 13 20 0.050392296
28 136 16 34 0.060668293
476 156 26 19 0.08222738
404 170 28 19 0.1167369
753 328 20 22 0.11676357
716 149 17 33 0.14681154
811 340 24 20 0.15542103
553 203 23 32 0.17897852
364 166 25 20 0.22342806
409 166 19 31 0.22801064
484 155 18 31 0.22996734
718 154 19 32 0.26102975
798 188 21 30 0.2645976
409 190 22 32 0.28066826
604 206 21 33 0.28739205
547 174 20 27 0.29322892
794 161 27 20 0.29742253
477 150 19 31 0.3448748
402 163 21 30 0.3949694
812 331 18 32 0.40306142
801 163 18 34 0.4312531
746 153 19 34 0.4456078
639 158 19 32 0.45729735
446 173 22 31 0.46410075
742 421 20 30 0.46896386
683 173 19 33 0.47810367
582 179 20 31 0.47823462
668 368 24 41 0.4983609
510 179 22 31 0.5184463
847 164 21 36 0.5842414
1004 192 19 36 0.59164035
584 270 24 45 0.62367105
671 290 22 32 0.63543284
971 162 21 35 0.6764608
515 278 24 44 0.6979008
786 315 19 31 0.7246249
865 336 18 34 0.7259485
910 144 25 44 0.7263109
735 336 18 32 0.7526669
123 187 29 38 0.8181608
355 174 21 35 0.82837945
291 166 24 40 0.8645421
215 196 28 38 0.9004608
166 172 33 49 0.9306754

