12_Group_Team_Organized_Group_12_Group_Team_Organized_Group_12_504
27
497 77 49 90 0.011347042
498 65 50 50 0.011520148
729 194 51 52 0.011731514
406 101 41 65 0.012433202
472 62 48 57 0.014861206
339 93 54 87 0.016790574
356 138 34 40 0.017340334
177 234 53 61 0.018631656
638 166 25 19 0.018955164
405 120 41 64 0.019832283
374 131 40 59 0.019932393
464 133 48 63 0.024988
249 204 60 88 0.025256367
150 214 71 82 0.029138776
163 227 102 101 0.033785056
444 62 84 139 0.035416596
637 164 36 34 0.03597482
661 138 41 62 0.039725233
441 148 48 64 0.07155826
634 146 43 51 0.071623914
337 118 59 81 0.10015275
350 130 45 57 0.16423795
636 138 68 71 0.1978263
458 70 63 89 0.23980846
442 116 64 100 0.79118264
175 213 80 92 0.88615835
705 130 82 122 0.940382

