12_Group_Team_Organized_Group_12_Group_Team_Organized_Group_12_602
17
2 297 33 75 0.010569362
0 272 33 154 0.011646269
979 902 40 152 0.011817308
555 175 78 108 0.013716622
436 243 70 96 0.015163407
401 242 58 117 0.016383903
221 174 177 186 0.01947714
396 272 94 142 0.021070555
422 327 115 122 0.030125441
551 180 255 184 0.067629114
134 328 40 73 0.10705729
529 166 79 149 0.23328252
638 176 116 142 0.28780192
548 159 94 173 0.898108
664 181 119 173 0.98250186
431 268 89 172 0.9846927
282 170 89 201 0.99576557

