12_Group_Team_Organized_Group_12_Group_Team_Organized_Group_12_283
147
152 251 21 18 0.010290759
651 224 16 28 0.010688845
711 305 22 19 0.010883873
317 228 13 12 0.011587375
175 271 23 17 0.011883267
571 230 21 21 0.011896583
830 255 24 16 0.011908619
100 334 22 27 0.011943816
315 244 25 17 0.012016812
884 272 21 19 0.012543934
365 226 17 27 0.012620403
350 295 25 16 0.01275083
713 225 17 28 0.012761008
103 341 26 17 0.012792157
444 247 24 19 0.012881792
474 231 17 17 0.013101705
50 260 9 11 0.013191308
652 241 25 17 0.013338691
520 219 14 19 0.013929127
487 256 18 30 0.014129288
358 296 25 17 0.014353879
2 332 7 13 0.014468467
233 259 26 19 0.014741746
682 226 16 27 0.01474771
698 256 25 16 0.014883485
462 225 17 29 0.015006034
347 271 26 17 0.016083991
246 235 14 12 0.016430328
226 224 19 24 0.017167358
946 271 22 17 0.017450994
240 239 24 18 0.017650837
309 234 15 12 0.017938308
33 303 11 27 0.017950635
1 334 10 24 0.019658031
324 225 18 26 0.020031461
399 249 24 17 0.020768793
519 351 24 20 0.020855863
328 323 21 20 0.022930605
588 234 23 21 0.02378014
195 247 21 18 0.025443608
469 240 25 18 0.025625343
570 360 24 21 0.026092911
296 227 18 25 0.028827874
521 225 17 26 0.028842485
281 239 25 18 0.028901445
181 260 24 18 0.02938262
133 238 15 19 0.029793005
313 263 27 18 0.030533824
359 345 26 20 0.030825928
883 256 16 30 0.032608796
529 246 21 20 0.032904062
395 250 18 28 0.035931785
397 355 14 17 0.037893962
110 234 16 20 0.038183082
483 219 17 28 0.038831282
331 236 25 17 0.03908336
808 247 25 18 0.039436795
946 256 16 31 0.0398154
35 302 20 31 0.04005233
645 234 14 12 0.04083593
67 229 18 29 0.042645976
253 241 24 19 0.043791264
353 231 13 11 0.04732027
424 248 27 19 0.0480072
134 233 22 18 0.04847066
269 246 18 28 0.048699938
635 243 23 18 0.05086848
616 240 25 19 0.05205239
101 252 19 27 0.05604462
139 249 22 19 0.05851636
275 233 23 17 0.06013305
360 233 24 17 0.07095002
173 254 19 28 0.074115224
957 258 17 30 0.08049783
523 220 15 18 0.08152324
359 246 18 29 0.08681044
349 265 26 19 0.087105736
349 230 23 18 0.09415403
647 232 23 19 0.09589539
608 233 22 21 0.10378541
310 226 23 17 0.104884006
298 246 26 17 0.106465206
614 234 24 19 0.112795904
71 234 17 29 0.114577875
130 235 20 18 0.11617059
537 248 20 22 0.11662595
481 266 18 31 0.11689705
623 248 17 30 0.11971462
328 263 25 20 0.12135754
303 253 17 31 0.121681035
591 236 17 30 0.12209251
302 266 26 18 0.13727213
352 241 23 19 0.14026128
642 233 20 17 0.1409995
805 239 17 28 0.14584883
146 255 21 19 0.14978713
333 251 18 29 0.15849206
519 223 22 19 0.16112053
304 233 23 16 0.16286717
389 259 26 19 0.16483061
457 254 24 20 0.17235643
477 272 25 20 0.174235
518 260 24 20 0.17660382
105 238 24 18 0.17710428
461 248 24 21 0.18180466
621 263 24 20 0.19690582
176 263 22 19 0.20905356
316 219 16 15 0.211262
408 247 24 19 0.22521369
175 228 15 16 0.2267215
731 287 23 20 0.2274153
63 319 21 31 0.22929911
246 234 23 18 0.23132493
334 240 23 18 0.23137592
467 233 22 18 0.23944569
357 244 25 20 0.24527755
827 247 22 21 0.26020917
650 261 24 20 0.27076033
893 265 17 30 0.2879974
521 341 19 33 0.30625153
673 354 19 30 0.30663007
559 236 18 31 0.31543416
431 242 18 31 0.31581047
214 232 23 18 0.32071203
136 333 24 30 0.33800355
200 242 24 19 0.33843407
263 249 26 19 0.3421399
236 254 20 31 0.35567886
841 250 24 20 0.36318183
666 274 26 20 0.38914752
575 353 18 33 0.39174584
698 231 21 19 0.39317986
91 262 25 19 0.40191785
709 247 25 18 0.4034572
297 346 20 31 0.4057024
444 329 19 31 0.40606526
235 345 21 34 0.4249428
280 233 23 19 0.45027545
840 246 18 28 0.4566649
665 235 22 19 0.47687754
950 266 24 20 0.5004961
362 336 19 29 0.510874
766 245 24 20 0.52621984
798 242 23 21 0.562631
734 231 23 20 0.56313944
480 216 22 18 0.57587636
380 231 25 19 0.578334

