12_Group_Group_12_Group_Group_12_247
22
193 185 28 40 0.0109587135
444 384 35 78 0.011621765
457 415 61 98 0.012440822
139 146 23 33 0.013820401
488 50 26 18 0.018193217
169 220 28 44 0.02040925
258 193 20 30 0.022591243
215 190 6 11 0.022974249
266 189 21 20 0.02302202
165 210 36 62 0.042562816
463 371 54 97 0.04373582
488 42 20 32 0.045760717
706 485 63 86 0.047086157
182 223 30 39 0.057312056
399 123 29 42 0.10485115
129 140 34 34 0.116518416
129 143 38 55 0.34068567
785 331 53 86 0.49245048
807 197 40 71 0.50325936
123 170 44 71 0.6220339
531 137 32 41 0.9592708
405 116 31 42 0.971872

