12_Group_Group_12_Group_Group_12_578
21
763 313 100 121 0.010765762
39 269 35 74 0.011531818
301 378 69 77 0.012795794
162 273 46 65 0.015259259
781 327 63 94 0.024908235
231 359 116 108 0.028672084
753 351 113 105 0.029191937
554 233 53 91 0.030008137
562 116 48 92 0.030604953
572 119 38 64 0.034260344
579 130 37 69 0.037209652
54 277 52 107 0.071030706
547 112 39 59 0.074653946
252 365 77 81 0.087160885
52 289 41 70 0.09665788
15 242 54 104 0.107383944
770 359 80 78 0.11823334
1 262 84 154 0.119225435
13 283 58 109 0.1214401
304 241 40 69 0.6436231
528 236 70 95 0.9298818

