12_Group_Team_Organized_Group_12_Group_Team_Organized_Group_12_403
50
232 401 26 20 0.010365843
202 390 17 33 0.010812311
177 291 24 19 0.011008098
170 349 18 34 0.011190672
173 382 19 31 0.01122094
427 378 21 22 0.0116140945
302 376 18 31 0.011733066
174 367 21 20 0.01192916
440 408 31 37 0.012009115
881 211 22 22 0.012268641
302 359 19 30 0.012319513
314 346 24 18 0.01331554
360 394 19 33 0.0134307565
407 415 22 21 0.01694871
313 326 28 15 0.018141981
193 409 19 30 0.018471045
190 417 13 23 0.021913487
310 378 13 22 0.022262443
334 366 23 18 0.022918023
360 471 22 29 0.023598943
315 381 21 21 0.02416615
603 261 25 19 0.024918254
209 333 13 22 0.025092237
749 268 23 21 0.026345639
737 316 17 38 0.030281153
768 303 26 46 0.032160956
405 403 40 52 0.032343682
397 388 19 33 0.04453849
329 386 23 19 0.049092375
890 203 16 35 0.05398613
867 302 39 59 0.05634498
184 292 25 20 0.058095552
206 324 19 30 0.065236315
419 388 22 30 0.08091256
597 255 17 34 0.09308363
600 265 25 21 0.09467889
410 409 30 37 0.114652485
326 344 18 33 0.12169483
325 378 19 33 0.2385082
180 285 18 33 0.30044526
316 336 25 19 0.35116574
440 330 20 32 0.5601167
185 287 19 32 0.6404388
320 330 19 33 0.6659968
435 327 19 35 0.78807276
361 405 22 33 0.8396231
882 208 19 36 0.84328526
602 256 19 35 0.86612415
234 394 20 35 0.87095225
752 258 17 40 0.9392011

