12_Group_Large_Group_12_Group_Large_Group_12_228
68
557 433 14 16 0.010562811
616 450 20 20 0.010569212
903 418 13 13 0.010696068
247 409 12 15 0.010817535
292 409 14 13 0.011073581
405 436 10 11 0.0112326965
625 421 10 11 0.011244397
866 409 10 9 0.011299346
876 423 12 12 0.012263989
100 404 10 11 0.0126523385
563 408 15 13 0.0126540605
113 411 14 13 0.012819169
961 441 10 9 0.012940642
739 437 9 9 0.01301595
151 362 7 8 0.016078135
560 435 10 11 0.016113825
145 406 13 16 0.016308168
570 404 14 17 0.018001448
490 398 13 17 0.018429825
896 408 21 19 0.01880602
909 417 15 13 0.01925259
156 470 21 19 0.020932661
308 477 13 18 0.022442315
392 410 11 15 0.024122994
609 416 13 13 0.024395645
246 414 16 15 0.024963427
146 407 9 10 0.025789015
246 470 23 18 0.02704264
156 412 15 16 0.027585594
101 401 14 16 0.028571164
612 409 18 26 0.029612891
868 423 14 12 0.030013008
834 404 18 25 0.030436976
433 411 14 17 0.03499859
821 403 21 18 0.039623156
702 419 13 12 0.041184247
463 497 14 18 0.04351709
698 411 21 17 0.044248693
399 416 10 15 0.045749705
467 477 11 13 0.048445333
469 481 10 12 0.049254917
178 441 12 11 0.049635362
157 418 15 13 0.052975625
177 439 14 17 0.0584935
152 415 14 17 0.060990527
696 415 14 17 0.07050194
240 469 22 19 0.114732616
305 472 14 20 0.13764083
392 413 13 18 0.15552895
394 410 15 17 0.4708991
606 410 20 20 0.5949318
740 405 20 20 0.6414491
153 414 19 19 0.66995937
247 408 20 21 0.675822
697 414 19 20 0.69981664
292 405 19 20 0.71541846
429 415 16 17 0.7171963
867 419 20 19 0.7444095
904 413 21 19 0.75487334
525 407 16 19 0.75692147
562 404 20 19 0.76022434
109 409 21 19 0.77914566
652 417 20 20 0.79268146
338 410 14 19 0.8110524
780 409 20 20 0.81504375
200 407 20 21 0.81711394
484 397 15 18 0.82263553
824 407 22 19 0.8313437

