12_Group_Team_Organized_Group_12_Group_Team_Organized_Group_12_21
70
346 271 22 21 0.010139415
447 308 10 8 0.010141487
510 293 10 12 0.010315892
390 310 7 8 0.010411473
555 289 31 51 0.010912452
457 320 22 18 0.010979474
531 328 10 10 0.011503279
542 317 22 18 0.011612004
482 368 22 30 0.0118184155
356 457 19 22 0.011842502
239 339 13 22 0.01199949
337 296 6 9 0.012015058
521 295 24 17 0.012221365
502 294 10 11 0.013793295
273 326 35 33 0.014237509
325 323 6 7 0.016634116
511 283 17 28 0.017589131
328 313 6 8 0.017636977
391 297 18 30 0.018413309
225 355 11 21 0.018507503
520 330 20 30 0.018568102
504 365 29 40 0.01911083
234 344 19 30 0.019545516
469 272 15 21 0.019713584
336 308 6 9 0.02384656
501 355 38 58 0.02472182
424 316 25 17 0.024903465
407 336 25 19 0.027890425
425 296 10 12 0.028679516
240 346 13 23 0.031920027
505 301 22 20 0.0322558
547 312 8 9 0.032407027
395 304 22 17 0.03369512
433 306 12 10 0.033706628
437 398 36 58 0.03446309
227 359 7 13 0.035137232
413 306 21 18 0.03526038
424 294 13 16 0.03971605
355 280 20 30 0.041842304
411 318 23 18 0.045271847
259 314 34 37 0.04660127
420 333 20 31 0.046710305
549 354 27 40 0.048007876
430 296 12 11 0.04920346
541 307 21 19 0.05171534
496 302 21 19 0.05851522
417 310 10 9 0.06521796
308 325 7 8 0.06955938
420 305 20 30 0.07382035
494 304 20 31 0.086175635
402 308 9 9 0.09187913
510 321 22 20 0.0957208
383 285 17 31 0.107107915
386 291 9 13 0.10893405
523 301 24 20 0.12261996
497 291 21 20 0.12517267
522 323 24 19 0.13930772
504 290 20 21 0.16112274
456 325 30 40 0.18242459
469 276 25 20 0.19377278
426 302 23 18 0.20122482
519 310 20 30 0.2740762
424 293 22 18 0.3481443
383 288 13 20 0.3705331
466 273 20 29 0.4091335
568 298 21 30 0.43634248
476 274 19 29 0.49782693
561 297 22 32 0.7793935
354 293 28 37 0.90528333
263 322 36 38 0.97833633

