12_Group_Team_Organized_Group_12_Group_Team_Organized_Group_12_28
78
688 216 8 14 0.010043683
963 253 37 54 0.010106274
102 221 12 28 0.010212751
923 234 34 51 0.010279051
710 218 11 24 0.010340779
329 287 22 20 0.010837335
347 269 18 32 0.01138443
795 343 36 58 0.011725295
347 251 18 31 0.012128131
833 293 18 34 0.012380228
961 274 23 19 0.012408787
66 267 15 37 0.012495735
1003 251 18 24 0.013184489
365 319 23 20 0.013405147
781 282 17 25 0.014168036
715 237 16 33 0.014821068
970 245 25 17 0.015301512
0 264 13 44 0.015440722
156 265 16 31 0.015969707
138 243 15 35 0.016069207
469 268 25 20 0.016593061
992 250 21 21 0.016687121
302 303 16 37 0.016953262
823 274 12 25 0.019139852
67 226 12 23 0.019465765
963 309 21 30 0.019536635
325 261 34 56 0.0198954
331 271 24 19 0.02028001
824 276 20 23 0.020882178
151 241 14 21 0.021437982
315 291 35 60 0.022070615
629 195 27 16 0.023892945
1003 358 16 38 0.0246515
356 305 19 34 0.024898278
113 209 12 27 0.025448047
9 226 26 45 0.02574581
777 261 21 20 0.027351715
818 274 17 35 0.029995814
1004 343 17 36 0.032266
530 263 32 38 0.032655206
873 277 24 21 0.03451893
779 253 15 34 0.03804483
1000 242 20 23 0.04730805
331 246 24 18 0.048453555
144 271 21 22 0.05045451
998 242 14 21 0.051123794
782 294 17 35 0.051427536
320 298 26 44 0.05622468
676 262 16 32 0.06400527
780 271 18 24 0.07619713
159 245 15 35 0.082726285
104 216 16 37 0.099848054
153 243 20 21 0.10209422
968 262 21 30 0.11077027
333 268 19 33 0.1229126
992 289 19 38 0.12329426
474 263 20 32 0.12405495
473 253 19 32 0.14182599
103 233 16 37 0.16833852
970 251 20 33 0.21504134
997 242 19 31 0.2182112
451 261 21 30 0.22001933
333 249 20 32 0.3316851
831 275 18 36 0.34661335
9 212 24 43 0.36947197
795 337 28 46 0.36982393
877 273 19 35 0.41432637
463 254 21 34 0.43166345
779 268 16 37 0.44612822
676 258 11 27 0.49541545
987 281 27 41 0.51719284
219 0 45 45 0.6846654
929 243 22 33 0.7084492
143 264 18 35 0.76619625
430 260 26 39 0.7925996
606 270 21 33 0.87460876
682 45 34 67 0.91561896
520 259 34 41 0.96424484

