12_Group_Large_Group_12_Group_Large_Group_12_1007
49
599 214 26 17 0.010126759
673 252 42 60 0.010430178
500 231 12 11 0.010921051
521 211 20 32 0.011313498
696 247 33 42 0.011782756
381 166 37 53 0.01194689
364 236 34 41 0.012038525
795 235 45 53 0.012423113
324 181 7 8 0.012822529
541 206 22 36 0.013143715
865 219 20 29 0.0138826445
697 248 51 88 0.014168543
600 264 24 18 0.015825557
162 162 10 12 0.016269721
586 216 19 32 0.016403409
523 208 29 39 0.016928136
603 217 19 31 0.017318344
763 231 39 53 0.01845098
490 217 19 31 0.019993251
648 327 27 39 0.020430261
162 156 10 13 0.020567946
123 144 18 31 0.021022268
977 204 17 29 0.021709446
419 172 9 8 0.0260042
981 197 23 20 0.026124094
647 339 24 20 0.026907085
751 173 18 33 0.031365868
495 228 22 18 0.03618071
767 239 21 21 0.03632288
768 235 30 37 0.041230973
536 185 39 51 0.042572632
383 180 24 18 0.054324653
350 163 22 31 0.06963566
391 180 26 18 0.07571983
159 149 18 32 0.11473269
390 177 20 32 0.12271976
160 153 14 19 0.19608995
680 235 38 61 0.23387806
688 239 43 60 0.32740754
977 197 19 21 0.66291004
223 193 33 59 0.83501375
8 151 24 42 0.8350974
262 148 27 41 0.8813811
345 167 32 39 0.9181158
639 204 33 57 0.9284717
369 221 35 65 0.92895275
533 199 34 41 0.9459179
109 137 25 39 0.9553035
448 198 31 40 0.9773632

