12_Group_Large_Group_12_Group_Large_Group_12_112
44
531 300 34 67 0.01009335
913 361 50 104 0.010330074
920 266 23 18 0.011463365
957 297 35 66 0.012051542
661 368 36 65 0.012587148
477 524 101 153 0.01265493
53 192 55 90 0.0130205145
449 524 104 138 0.01369186
467 542 66 96 0.01370557
921 284 22 18 0.015187037
458 347 49 104 0.016919466
876 298 22 19 0.016959382
953 221 23 18 0.017197015
497 546 58 106 0.018102767
813 240 8 14 0.018674826
164 241 100 111 0.019009156
916 268 14 16 0.019569663
644 362 35 68 0.021013962
190 430 61 95 0.021574458
445 323 37 72 0.021707883
808 249 9 15 0.021717468
9 239 74 219 0.023360036
811 239 12 17 0.023865663
917 271 11 10 0.024221808
662 390 34 75 0.024734488
636 369 44 103 0.024735125
601 439 55 98 0.024893751
638 22 110 132 0.028233306
466 311 53 95 0.029537415
505 297 50 90 0.030451452
502 326 37 70 0.03159306
482 323 38 69 0.032142483
1010 434 12 52 0.033831734
957 233 23 18 0.03383568
134 413 62 94 0.04610987
957 224 19 29 0.047004793
518 298 31 71 0.048420332
625 461 52 109 0.05992534
807 245 11 22 0.063044846
907 301 23 18 0.08401643
629 430 45 118 0.0875567
808 239 11 20 0.10404572
178 258 66 87 0.122171246
207 38 88 95 0.9778364

