12_Group_Large_Group_12_Group_Large_Group_12_849
79
258 232 9 10 0.010030243
760 357 8 9 0.010144072
784 349 9 13 0.010144551
411 335 22 17 0.01036961
436 317 9 11 0.010541105
431 299 17 29 0.010555518
177 243 8 10 0.010713344
418 339 10 10 0.010818286
647 361 22 19 0.010842684
808 313 34 61 0.010873022
289 356 21 28 0.010914685
208 158 11 21 0.010925511
273 241 8 11 0.011495664
211 163 7 13 0.011644935
206 217 18 27 0.0130753685
293 330 13 19 0.01309052
197 243 13 18 0.013335108
646 402 34 65 0.013533282
253 301 21 19 0.013543355
768 416 32 40 0.013715113
286 363 13 22 0.013848103
196 256 8 11 0.015000023
783 340 10 14 0.015532488
818 333 37 62 0.015922775
584 290 6 11 0.01667796
162 224 7 10 0.01714703
142 247 16 32 0.01798318
808 355 8 13 0.01855024
778 341 8 12 0.018712869
418 325 8 10 0.019919584
758 371 8 11 0.022591623
181 261 7 11 0.024007896
386 382 20 34 0.024745815
139 257 21 20 0.025913628
756 369 14 19 0.026477007
639 428 36 63 0.027547939
764 408 41 56 0.028366527
401 332 13 11 0.029302424
395 320 17 29 0.031246003
655 356 10 12 0.032168414
388 330 14 18 0.03353045
292 321 19 20 0.035829645
645 356 10 14 0.036689397
777 337 12 20 0.039612327
389 333 9 11 0.043156214
644 364 10 13 0.044419903
778 342 18 31 0.046125475
199 246 8 11 0.05047768
817 324 18 33 0.055103723
773 352 13 18 0.0565578
140 223 13 18 0.0610612
143 225 8 13 0.06154053
770 371 8 12 0.062463395
402 326 10 12 0.06744649
806 350 13 22 0.07104163
646 353 17 30 0.071793556
811 348 13 23 0.07482469
773 356 9 12 0.07743592
134 221 12 19 0.080353454
766 368 14 19 0.08522265
377 370 36 58 0.10684398
257 239 11 12 0.11429767
218 220 13 17 0.11507921
136 224 8 12 0.12226829
396 328 21 18 0.13523157
802 344 28 44 0.13541974
388 320 13 19 0.14491293
389 323 9 12 0.14559571
779 332 17 31 0.14795168
643 360 13 20 0.1573861
254 236 14 18 0.1870836
436 307 9 13 0.18812455
297 321 21 20 0.20198698
648 353 20 20 0.43595266
780 338 14 21 0.45862585
398 324 15 18 0.5114365
644 354 14 20 0.51528865
433 304 14 19 0.6648811
213 218 14 18 0.82345915

