12_Group_Team_Organized_Group_12_Group_Team_Organized_Group_12_617
177
258 210 10 11 0.010028012
353 190 8 12 0.010285602
216 86 4 7 0.010378192
214 99 5 6 0.010404872
278 236 9 16 0.010412893
864 161 18 30 0.010452566
134 208 13 19 0.01046636
386 195 8 10 0.010516153
768 164 8 12 0.01083641
423 225 6 10 0.010867494
76 206 14 22 0.011312292
4 193 17 30 0.011475379
469 389 6 7 0.011538157
256 191 14 16 0.011631191
361 223 19 24 0.011774995
334 256 12 21 0.011855986
714 151 7 13 0.012320987
981 160 10 16 0.012558324
758 173 11 14 0.01257861
249 98 5 8 0.0127359815
969 186 21 29 0.012805442
98 196 13 17 0.013208464
620 166 20 27 0.013474156
241 177 13 17 0.013504482
704 186 11 20 0.013603363
226 213 19 33 0.013713874
136 211 8 11 0.013990406
657 163 12 10 0.014002947
257 181 8 9 0.0140866805
671 446 47 49 0.014158995
7 275 43 111 0.014222647
904 160 18 32 0.014591618
785 197 9 13 0.014687656
451 224 6 9 0.01472467
337 259 8 13 0.014943962
255 166 7 9 0.015844433
1014 96 6 14 0.015866708
1012 91 9 26 0.0158733
142 194 14 17 0.016207432
784 200 12 21 0.016345555
234 197 8 9 0.01639265
9 278 15 41 0.016476085
437 202 12 17 0.016694384
136 222 12 23 0.017105734
140 220 12 23 0.017185686
339 189 8 12 0.017223751
720 160 7 14 0.017288158
987 155 18 31 0.017701542
133 215 22 29 0.017956646
425 198 7 10 0.018946396
855 129 20 24 0.019149922
513 207 6 10 0.019156381
6 249 24 47 0.019485679
635 171 14 16 0.01966315
300 163 19 28 0.019858098
261 232 13 21 0.020484429
136 202 20 30 0.020776242
424 244 6 11 0.020837694
237 194 14 16 0.020840945
692 170 7 10 0.021189865
909 194 31 41 0.02161721
490 209 5 8 0.021788264
252 208 21 19 0.02306642
106 205 22 19 0.025339555
898 158 12 24 0.026195405
0 196 8 28 0.026751157
391 191 19 32 0.027159743
8 253 16 38 0.027533768
399 159 9 10 0.027660362
28 294 34 77 0.027718702
446 195 7 11 0.02853269
248 84 4 8 0.028560307
676 166 7 8 0.028891161
8 272 23 52 0.028952518
287 220 18 31 0.029479546
721 177 7 11 0.029672699
259 194 9 9 0.030267084
403 197 8 11 0.030447066
769 163 16 30 0.030524425
512 187 6 8 0.03077383
490 197 6 8 0.03227113
712 147 12 22 0.032584284
13 258 44 97 0.032648504
350 165 13 17 0.032871593
719 154 17 28 0.03294457
47 180 12 17 0.033761006
629 173 14 17 0.03385421
399 191 13 20 0.03426511
406 210 6 9 0.034725074
48 185 12 19 0.035179406
285 225 12 24 0.035483975
100 199 8 9 0.03564409
32 203 13 18 0.035944834
782 194 13 20 0.03597343
140 204 13 21 0.036101677
5 265 32 69 0.03628244
35 205 9 13 0.036865868
309 225 8 15 0.037327677
217 195 29 46 0.03745946
247 166 7 8 0.038544364
354 224 13 22 0.038744744
691 208 7 10 0.039051887
807 157 19 25 0.04105927
716 146 12 23 0.04131441
681 177 7 8 0.042480007
47 285 13 21 0.042839974
448 209 6 10 0.04642533
243 181 8 10 0.047591317
708 179 6 9 0.04762762
630 164 14 16 0.04847408
706 189 7 12 0.048545007
145 197 8 9 0.04916648
208 199 41 55 0.050291173
969 170 19 23 0.05872095
967 172 13 23 0.059451092
296 165 9 13 0.06278313
344 178 12 18 0.063795745
283 231 13 23 0.06684411
740 160 8 15 0.06703742
345 180 9 14 0.06895458
765 162 12 21 0.07194276
352 167 9 12 0.072029136
639 174 9 10 0.07688285
50 188 8 13 0.07822685
982 159 22 20 0.07932402
2 194 8 15 0.08301796
357 234 13 24 0.08443933
424 212 6 9 0.090545475
255 223 19 24 0.09060565
503 206 5 9 0.094738066
762 169 14 20 0.09701247
275 225 12 24 0.101961955
277 231 13 23 0.10787779
437 193 12 18 0.11070484
609 175 7 8 0.11267712
630 176 9 9 0.117373616
610 168 6 7 0.13380958
296 175 9 12 0.13600414
293 172 13 17 0.13673459
752 161 17 29 0.14924666
691 173 12 17 0.15050763
439 205 8 11 0.15757282
636 164 15 14 0.15890163
295 163 13 19 0.16257338
261 219 17 32 0.16324311
976 161 18 30 0.17693278
306 163 9 13 0.1773221
240 197 9 10 0.18425731
307 222 12 22 0.18453065
716 155 12 22 0.18567732
65 205 20 21 0.18778193
0 192 11 22 0.19580507
712 158 8 14 0.23997386
300 170 13 18 0.24742855
303 161 13 19 0.2729297
632 167 9 10 0.29463878
638 167 9 10 0.29796878
439 196 8 12 0.31366062
50 183 8 11 0.3140948
71 203 20 29 0.33324
502 196 6 9 0.35602129
980 158 14 22 0.36893636
360 230 18 31 0.37732762
712 154 11 21 0.42678115
738 157 12 23 0.42972103
349 174 13 19 0.451573
512 190 6 9 0.4550484
384 158 13 17 0.48824683
756 168 18 23 0.54987806
805 159 14 25 0.56401646
910 187 40 58 0.5715689
849 129 17 32 0.62867105
197 187 43 64 0.6387371
275 178 15 17 0.657128
651 157 22 20 0.71106786
693 175 8 11 0.8012668
560 155 44 51 0.9462385

