12_Group_Large_Group_12_Group_Large_Group_12_736
118
433 389 8 11 0.010000448
102 377 27 42 0.010341228
348 462 22 53 0.010590786
310 370 9 12 0.010603555
769 356 16 31 0.010669168
931 405 31 36 0.010763213
432 441 23 48 0.010907286
216 390 32 67 0.011037519
412 413 21 19 0.0113027925
731 355 22 18 0.011360809
158 366 33 63 0.011459249
185 368 24 45 0.011680766
747 444 25 51 0.011790193
549 430 36 65 0.011882825
31 351 20 32 0.011908933
894 278 9 13 0.011964276
142 345 20 21 0.01200898
101 378 12 22 0.012255167
226 403 17 37 0.012512658
954 441 23 19 0.012892281
423 397 9 14 0.012925034
957 420 21 30 0.013108237
606 353 12 20 0.013371331
952 435 23 19 0.0135527495
125 337 13 21 0.013585019
6 309 27 40 0.013865962
105 380 19 33 0.014160779
4 313 11 25 0.014329452
47 333 12 21 0.014530956
620 373 18 34 0.0146077685
64 307 19 18 0.014700677
460 399 13 19 0.015041922
219 374 29 65 0.015629763
744 465 25 49 0.01569939
300 393 20 22 0.015714731
989 503 18 34 0.016015744
221 398 24 47 0.017355217
130 359 48 86 0.017391222
190 373 18 34 0.017438121
116 336 12 19 0.017965293
343 456 31 72 0.01799672
937 461 24 21 0.018757038
18 307 9 11 0.019472629
308 367 13 21 0.019656552
771 356 10 15 0.01996157
1 333 10 25 0.020149358
166 373 24 46 0.020417955
463 403 8 11 0.020649798
971 498 27 42 0.021188747
16 306 13 19 0.021913804
765 387 18 33 0.022094706
323 387 9 13 0.022795241
224 396 20 22 0.023038425
190 364 13 23 0.024902629
68 313 13 17 0.025726255
744 405 18 34 0.025748428
334 381 12 21 0.025833715
0 354 6 15 0.026012203
144 345 18 37 0.026032623
8 314 18 33 0.026125671
892 283 13 20 0.026793063
0 302 12 21 0.027666144
171 378 17 34 0.027821843
760 447 24 48 0.027999435
956 445 20 30 0.029519051
633 352 9 16 0.029522227
137 379 19 37 0.031330824
231 369 20 21 0.03269747
10 313 20 21 0.03316342
513 420 8 13 0.037441976
0 349 7 26 0.038336217
440 449 24 45 0.03956238
145 336 20 22 0.040656373
2 305 8 12 0.040704932
569 370 22 19 0.040740278
227 366 19 22 0.041163936
70 315 9 13 0.041264582
154 330 18 32 0.042932406
174 347 17 35 0.04553568
636 359 13 24 0.04571729
422 387 12 23 0.046457224
511 417 12 20 0.05008299
450 395 13 19 0.050756928
322 379 17 33 0.05169727
15 360 13 24 0.05201177
301 384 20 21 0.052979473
581 388 17 39 0.05405796
543 469 38 71 0.054916386
739 455 35 67 0.054916535
745 385 18 24 0.056962285
454 399 7 12 0.056981396
743 434 32 71 0.05731744
533 474 51 97 0.058673784
141 342 25 48 0.060134742
449 389 8 12 0.06337833
430 386 12 23 0.07135266
224 362 17 30 0.07286747
635 349 13 22 0.08042727
741 384 18 23 0.08396037
626 356 17 34 0.087113135
635 355 16 33 0.09035273
305 385 17 36 0.095140144
188 359 17 34 0.11274121
320 383 13 21 0.1141452
446 386 13 20 0.12342874
630 359 13 24 0.1286183
12 354 18 33 0.13180889
227 387 17 37 0.15429093
632 351 12 22 0.15912645
419 392 18 23 0.21397577
131 364 35 63 0.22196904
69 310 10 13 0.23821351
749 385 17 34 0.2639045
425 392 19 23 0.2937959
768 354 14 21 0.39158463
398 390 17 23 0.3963111
575 397 25 47 0.6218398
939 451 26 40 0.64367616

