12_Group_Group_12_Group_Group_12_735
28
838 276 30 40 0.01068124
933 237 21 30 0.010762888
969 332 39 120 0.010885721
996 327 23 92 0.0110706
960 267 38 62 0.011820699
832 356 56 93 0.012857596
778 402 73 81 0.013436209
805 96 13 21 0.0141127445
896 231 31 37 0.01501297
948 225 49 93 0.015936261
711 99 7 9 0.017866937
917 225 58 75 0.019711494
896 256 22 32 0.021504324
139 207 61 99 0.02174706
845 266 20 32 0.022677584
119 185 101 139 0.024391474
871 250 29 39 0.028495783
955 257 29 41 0.029262535
950 250 38 57 0.032971896
929 248 30 40 0.04998596
924 242 40 56 0.06931169
662 246 36 61 0.08436108
887 248 40 53 0.12401756
819 388 66 96 0.16386482
225 290 78 98 0.28215793
208 301 86 116 0.8750913
764 216 38 63 0.9705667
542 251 86 129 0.99852234

