12_Group_Team_Organized_Group_12_Group_Team_Organized_Group_12_759
22
638 366 30 45 0.010221686
544 373 19 38 0.010945873
241 315 39 86 0.011051399
178 379 51 110 0.012708898
493 313 49 109 0.018402064
3 33 82 193 0.019390376
7 192 86 248 0.020858865
0 107 102 399 0.022794498
615 361 27 47 0.02349691
0 58 185 375 0.028990004
538 384 25 50 0.032404486
207 279 56 104 0.036852665
516 353 36 68 0.03772041
605 406 18 35 0.07204867
612 350 36 65 0.07799698
632 355 40 64 0.22490957
455 270 62 113 0.2303032
533 362 32 68 0.24439698
216 306 61 112 0.32116166
237 305 53 115 0.7722881
463 288 71 126 0.9437311
698 295 86 102 0.97127897

