12_Group_Team_Organized_Group_12_Group_Team_Organized_Group_12_138
25
244 746 56 101 0.010052705
439 416 54 68 0.010203514
437 409 33 42 0.010203766
867 999 45 65 0.010601139
222 514 50 87 0.013120308
233 973 67 93 0.013422166
579 421 30 44 0.013594126
437 425 32 43 0.014557315
147 615 53 112 0.029668085
852 1005 69 67 0.03582695
216 536 59 83 0.041845124
137 425 38 75 0.06290979
430 412 43 62 0.3462744
238 524 54 91 0.37674472
424 406 38 56 0.5445402
143 421 58 80 0.64202094
876 997 60 79 0.69004375
106 884 86 121 0.8518255
764 966 69 76 0.89290524
222 943 80 104 0.89471203
388 426 26 44 0.9125975
575 398 38 66 0.91290516
514 432 28 39 0.9171716
764 413 39 60 0.9578493
833 399 38 54 0.9697444

