12_Group_Group_12_Group_Group_12_407
27
962 256 10 9 0.0101626525
224 256 19 33 0.010272325
145 262 9 9 0.010675617
914 285 7 13 0.011086433
900 309 7 9 0.011106354
962 246 10 7 0.012958774
911 280 11 21 0.013381223
437 274 33 39 0.01344617
148 244 9 9 0.014149726
887 211 117 138 0.014175797
887 324 6 7 0.015352743
426 258 35 39 0.015669502
964 323 7 11 0.018037308
912 277 8 13 0.018226385
224 258 12 19 0.020849826
904 274 12 21 0.021818494
199 247 6 9 0.02341831
909 274 12 21 0.030339919
432 265 44 52 0.038778003
227 260 7 11 0.06660807
145 282 42 68 0.69743717
431 247 40 57 0.8027684
660 242 44 58 0.96223205
593 366 41 54 0.96586156
547 261 38 57 0.97201097
253 262 38 64 0.9835957
355 269 34 59 0.9869507

