12_Group_Large_Group_12_Group_Large_Group_12_43
54
411 200 14 24 0.010044893
447 230 30 34 0.01062772
355 234 30 35 0.011689852
406 200 14 24 0.011746925
610 232 20 20 0.011995754
334 200 9 10 0.014126132
319 197 22 18 0.01414206
326 198 23 18 0.01470979
406 193 25 36 0.015639333
381 193 21 19 0.015915621
891 291 48 40 0.01652617
302 188 14 15 0.016985724
645 219 23 18 0.017564446
648 225 10 14 0.019082053
294 196 14 17 0.02162549
304 196 11 10 0.02352445
297 193 22 18 0.0235844
324 200 10 10 0.02395739
321 190 9 9 0.025367714
646 220 9 14 0.030185446
327 211 22 20 0.030916216
305 191 10 9 0.03416285
324 214 10 11 0.035856653
621 224 19 33 0.036342517
334 217 23 30 0.04969728
295 199 11 10 0.051414907
645 226 24 18 0.055970352
320 210 21 19 0.08387522
406 206 22 21 0.119946145
482 208 21 22 0.1536268
399 195 20 31 0.1890546
486 209 24 22 0.2554799
402 202 20 29 0.2638736
644 220 18 23 0.32666823
823 252 23 31 0.47629085
492 206 19 31 0.5162844
564 273 35 39 0.6649008
744 251 29 35 0.69380695
455 224 22 34 0.7187242
816 248 26 37 0.7329623
546 208 21 21 0.7390664
545 244 28 37 0.7503891
616 230 26 40 0.7615578
686 213 20 32 0.79728204
473 266 31 40 0.804425
650 267 27 45 0.8360485
387 280 30 42 0.83649284
704 268 31 37 0.85121334
341 215 30 36 0.8614614
779 292 26 39 0.92726165
897 284 35 39 0.93829703
227 230 35 48 0.97266114
185 211 36 36 0.97827095
100 233 36 53 0.9909243

