12_Group_Large_Group_12_Group_Large_Group_12_315
214
397 287 18 28 0.010097657
774 156 11 19 0.010349298
187 328 25 18 0.010418196
344 344 22 20 0.0105674965
265 327 18 29 0.01077015
815 123 12 18 0.010874406
657 167 13 18 0.010964556
771 135 11 17 0.011243331
955 387 14 18 0.011357586
676 142 12 16 0.011647591
575 199 13 16 0.011838403
480 333 19 31 0.012322275
741 140 7 11 0.012372173
682 277 26 19 0.012545859
231 336 19 29 0.012581709
833 144 7 9 0.012590698
960 429 23 18 0.012630057
593 185 11 17 0.0126706995
526 332 23 19 0.012980207
787 170 7 12 0.013081787
207 334 21 20 0.013151895
535 255 13 15 0.013427604
891 421 14 19 0.013565601
133 322 15 16 0.013692453
611 217 13 18 0.013886235
458 280 14 18 0.014494967
158 334 26 16 0.01464978
138 326 15 18 0.014766478
956 443 24 19 0.014923501
907 406 23 18 0.014988664
499 276 16 17 0.015406315
503 379 22 34 0.0157245
974 435 14 18 0.015955057
446 256 14 17 0.016769262
964 419 18 27 0.016883368
242 339 19 20 0.017276684
432 228 12 19 0.017672537
704 161 8 10 0.017863808
875 380 21 19 0.017869782
738 170 7 11 0.017883847
197 317 23 18 0.01801519
694 193 9 11 0.018668087
379 324 22 19 0.019266983
577 219 19 18 0.019324888
511 222 9 13 0.019823156
611 159 11 17 0.019901492
893 354 21 19 0.020328924
606 202 12 17 0.020379798
657 183 11 19 0.020408563
455 209 12 17 0.020433957
759 270 23 32 0.020561872
677 156 13 17 0.020726515
770 174 8 12 0.021116883
943 389 17 27 0.021281432
459 214 12 18 0.02194852
886 396 24 18 0.022142468
480 254 13 18 0.02225939
481 308 25 17 0.02238331
897 409 18 29 0.022399688
595 209 9 11 0.023578549
219 338 21 21 0.023630122
343 311 13 18 0.023780687
776 159 8 12 0.024305265
562 238 13 12 0.024315638
211 533 64 79 0.024667654
323 326 14 18 0.024701446
375 270 13 17 0.025690597
823 142 7 10 0.02699031
705 169 9 10 0.027361535
428 324 23 19 0.028057527
833 76 9 12 0.028228529
784 155 12 20 0.028875591
416 295 13 19 0.030183306
326 345 17 29 0.030376835
753 138 7 12 0.031254772
460 233 12 19 0.0316685
689 160 8 9 0.031903133
131 330 19 27 0.031904597
907 396 20 20 0.032204147
792 138 8 11 0.03230703
610 250 13 20 0.03327162
207 341 21 19 0.03354426
956 381 18 27 0.03362466
502 269 22 19 0.034126867
113 339 19 29 0.03567158
500 210 9 14 0.03690126
737 158 8 12 0.037217125
692 169 13 16 0.037721977
830 73 13 19 0.037809756
493 247 14 16 0.039718904
270 334 13 21 0.040285233
614 220 8 12 0.042357266
169 331 22 18 0.04272485
544 215 10 14 0.043589357
445 261 14 18 0.043738175
534 214 13 17 0.0448482
560 217 11 12 0.04497408
472 262 13 18 0.045575324
193 322 17 28 0.045902953
450 325 17 29 0.04643214
549 209 10 13 0.046593886
242 333 13 22 0.04681448
229 328 18 28 0.05043681
612 170 7 12 0.051253296
786 158 8 12 0.051593993
418 246 14 18 0.0535713
110 417 27 39 0.054218482
696 140 8 11 0.057292324
594 215 13 17 0.058450095
660 163 7 11 0.058501977
254 341 20 22 0.058559276
330 347 22 19 0.06025724
510 231 12 18 0.06444069
500 215 9 14 0.06453123
455 231 13 19 0.065508634
947 388 21 18 0.06656743
725 132 8 10 0.066575676
532 208 13 17 0.066592924
665 143 7 11 0.06893294
549 236 15 17 0.06978222
801 136 7 11 0.071373105
502 317 26 20 0.07363028
398 260 14 18 0.07500969
660 170 8 11 0.07582051
425 344 18 30 0.07646521
610 186 8 10 0.07648774
818 126 7 11 0.077378005
673 170 8 10 0.08297258
807 130 7 11 0.08414773
577 201 9 11 0.085746706
725 136 7 12 0.09175818
571 237 15 16 0.09314332
659 185 8 13 0.09469186
289 360 23 21 0.09633517
613 162 8 12 0.097331084
383 317 19 20 0.10023634
526 233 14 16 0.10177717
413 265 14 19 0.1032526
475 333 25 19 0.10374074
519 208 9 15 0.10710682
679 159 8 11 0.10977647
499 236 13 17 0.111441866
596 217 10 12 0.11206873
567 195 9 12 0.1121654
947 451 21 22 0.11288146
608 203 9 12 0.1138256
266 339 20 22 0.11525658
564 202 10 12 0.1152709
121 423 22 31 0.11597963
752 129 7 11 0.11782653
870 406 18 29 0.12149461
222 333 21 21 0.12292056
318 351 21 20 0.12650041
970 432 21 18 0.12660211
178 406 22 29 0.12693968
582 220 11 13 0.12812507
369 318 19 22 0.12995252
191 338 19 29 0.13103396
694 171 9 12 0.13123906
156 342 25 19 0.13221437
421 239 13 17 0.13455667
157 337 19 29 0.1353982
454 214 12 19 0.13584858
386 287 14 20 0.13698064
482 218 13 18 0.13885634
368 355 19 32 0.1439397
401 295 19 20 0.147922
838 58 10 12 0.14984067
539 326 20 32 0.14987004
511 312 17 32 0.15183577
497 270 20 19 0.15243058
534 253 22 20 0.15277465
130 325 23 18 0.15808178
482 324 18 31 0.15969908
954 442 19 29 0.16044989
185 343 24 20 0.1609698
495 376 26 42 0.16238666
556 236 22 18 0.16348214
678 144 8 11 0.16901717
595 187 8 12 0.16963229
475 261 14 17 0.17096815
258 406 20 33 0.17100896
811 385 29 46 0.17102098
185 408 21 30 0.17284639
332 381 24 21 0.17629245
348 310 14 19 0.1774062
397 256 13 17 0.17859246
773 137 8 11 0.18061009
428 315 20 20 0.18416084
436 223 13 18 0.18457535
705 142 9 13 0.1846183
381 267 14 17 0.18588412
449 279 19 20 0.19313776
600 297 24 41 0.19522777
878 392 23 21 0.19531514
793 259 27 36 0.20856096
683 273 21 34 0.21176735
750 266 28 39 0.22249678
881 421 23 19 0.2342262
440 331 26 19 0.24360114
122 337 20 28 0.24421689
486 303 23 20 0.26688525
308 276 19 20 0.28080323
647 301 27 40 0.2834352
581 404 28 44 0.28749853
425 348 25 20 0.29673076
355 278 15 18 0.30286813
859 412 24 20 0.36242425
951 383 21 20 0.3762064
693 411 32 41 0.39368495
285 313 20 20 0.45622146
923 411 24 20 0.47866085
190 316 23 19 0.5027415
897 349 18 21 0.59309906

