12_Group_Large_Group_12_Group_Large_Group_12_607
53
483 379 13 21 0.010416731
342 348 24 19 0.010942023
620 333 25 16 0.011690177
588 196 22 17 0.01181311
466 276 7 9 0.011984722
493 376 21 20 0.01205871
455 335 8 15 0.013307123
657 245 7 6 0.013704674
460 330 12 22 0.0142110055
545 342 18 28 0.014312328
465 245 8 9 0.014543239
372 342 15 21 0.014931719
528 325 16 30 0.01501778
491 354 17 32 0.016000692
576 210 14 17 0.016975017
676 329 19 20 0.017141478
506 269 23 17 0.01847382
494 322 17 31 0.019088069
589 352 14 17 0.019178208
492 370 20 20 0.019585598
472 218 19 20 0.02015075
579 213 10 11 0.02080942
575 179 12 12 0.02152669
562 213 9 11 0.022652155
459 325 16 34 0.024900733
560 209 13 18 0.025116717
375 343 21 21 0.027414517
561 221 9 10 0.032346457
309 318 12 24 0.03359423
541 343 15 19 0.03898444
501 335 9 14 0.04201998
681 329 20 21 0.04399672
591 356 9 9 0.04649311
608 361 22 20 0.051529445
306 320 15 34 0.05844807
471 223 10 12 0.058708996
535 337 14 20 0.058828402
477 221 11 12 0.05928258
592 203 14 17 0.06023209
470 220 14 17 0.06220565
453 331 12 22 0.06271766
549 223 7 10 0.07504233
542 332 18 28 0.08933945
608 353 23 19 0.09687574
369 338 21 21 0.11441504
499 331 13 20 0.21254309
378 331 16 33 0.28188735
570 176 20 19 0.34994587
335 347 22 21 0.37349918
613 353 21 28 0.45271227
536 338 22 20 0.51697284
371 330 16 35 0.5911096
335 341 17 34 0.84193116

