12_Group_Large_Group_12_Group_Large_Group_12_107
46
685 179 21 30 0.010319232
779 149 25 16 0.010449725
607 183 26 17 0.01112164
391 186 21 31 0.012477414
761 188 31 39 0.013289473
200 330 32 36 0.014015495
218 10 27 43 0.014694048
759 168 27 16 0.0148842335
582 185 30 14 0.015415299
684 175 24 17 0.017264342
906 200 27 41 0.017904034
475 195 21 32 0.019040983
312 204 22 34 0.024221074
429 246 27 29 0.029668821
726 180 28 15 0.03078487
908 202 22 18 0.032157827
905 188 19 33 0.035829578
636 166 25 17 0.03751164
1018 232 6 45 0.03993213
601 208 22 33 0.045370672
1017 247 7 41 0.06810273
684 169 24 17 0.06968582
1011 229 11 54 0.14148597
346 216 28 36 0.43429628
588 204 29 41 0.5043747
645 214 29 40 0.52785456
550 193 26 37 0.53863317
468 200 27 37 0.5474424
617 180 23 31 0.58407146
433 235 32 38 0.5857246
718 368 40 52 0.65993685
409 204 30 34 0.6805101
700 194 28 40 0.6890148
511 207 28 39 0.728178
387 318 32 39 0.72879183
637 312 30 43 0.76179653
547 295 31 43 0.7868912
759 196 31 44 0.7933727
300 200 31 38 0.8330181
839 188 32 55 0.8544625
233 178 31 43 0.8584171
192 373 35 59 0.8794565
161 200 31 45 0.9030858
297 324 32 40 0.9035082
470 377 33 41 0.9069496
82 208 37 57 0.96289515

