12_Group_Large_Group_12_Group_Large_Group_12_86
267
882 437 8 8 0.010017651
466 389 7 11 0.010191233
532 470 7 8 0.010346558
440 358 5 8 0.010404788
901 435 9 8 0.010498637
962 412 13 17 0.010504832
851 419 7 8 0.010512571
65 405 7 9 0.010730515
455 403 7 12 0.0110229235
81 374 7 7 0.011403977
402 386 12 19 0.011557507
916 417 10 9 0.012126776
336 383 12 20 0.012165127
463 383 18 32 0.012241903
755 451 8 7 0.012350279
405 362 6 8 0.012642549
452 368 12 22 0.012714122
687 436 15 15 0.01307658
199 388 5 5 0.013214114
38 368 7 9 0.013445025
642 390 13 16 0.013463917
595 389 11 17 0.013511401
418 405 8 9 0.013605014
57 400 6 10 0.013615276
625 451 6 8 0.013685718
419 389 7 8 0.013699919
982 417 8 9 0.013774193
153 405 5 6 0.013815698
504 416 7 11 0.013879023
361 415 7 13 0.013893105
67 392 6 7 0.014089967
419 376 6 7 0.014209628
438 388 6 8 0.014229407
875 403 15 14 0.014257587
217 407 5 6 0.014394859
512 417 8 11 0.014562788
996 395 6 7 0.014575125
626 439 6 6 0.014595212
321 419 6 10 0.0146176135
514 394 6 8 0.0146751935
716 401 15 14 0.015242953
321 401 12 21 0.015362701
957 388 13 17 0.015506231
671 398 13 16 0.015558576
983 393 6 6 0.015907481
463 385 12 21 0.016076297
368 416 8 12 0.016108936
326 361 5 7 0.016193343
547 440 8 10 0.0162438
227 365 5 6 0.016284188
387 422 7 10 0.016303984
870 376 6 6 0.016537953
391 406 8 10 0.016693719
790 379 5 8 0.016793944
408 486 5 8 0.017052421
459 352 17 31 0.017218182
4 360 7 11 0.017690923
244 363 4 6 0.01817608
418 420 13 18 0.018807067
999 342 5 7 0.018919695
949 379 5 7 0.019050227
616 389 11 17 0.019229569
151 364 5 6 0.019442193
774 436 7 6 0.01947826
787 438 6 6 0.01956472
420 423 9 11 0.019646548
357 389 6 8 0.019684123
678 457 6 7 0.020254217
946 420 8 9 0.020344386
575 387 12 18 0.02072151
18 362 7 9 0.020967124
454 354 12 21 0.02113177
341 357 6 7 0.021198096
259 405 5 6 0.021508878
671 392 12 15 0.022208389
450 469 6 9 0.022221133
23 403 7 11 0.022225501
748 421 24 15 0.022628358
230 407 4 5 0.023101943
362 408 7 12 0.023711545
548 422 8 10 0.023721205
817 436 6 7 0.02378351
57 394 6 9 0.024290783
184 362 5 6 0.024442257
878 416 14 16 0.024489494
995 419 7 8 0.024527155
434 403 7 10 0.024713166
360 404 11 22 0.025089094
38 357 12 16 0.025242947
463 364 12 22 0.025500547
467 370 6 12 0.025668744
743 401 23 16 0.025761817
44 358 13 15 0.02607231
279 405 5 5 0.02614337
578 403 6 8 0.026677003
545 450 8 9 0.026872467
375 378 6 7 0.02693894
702 392 13 14 0.027153678
163 365 5 6 0.027370809
837 452 6 7 0.027428467
706 479 7 11 0.027524125
724 437 9 7 0.02759258
335 369 12 21 0.0281153
454 376 6 10 0.028370218
13 384 12 19 0.028794246
900 420 9 8 0.028878255
820 422 6 7 0.029207442
1012 393 6 9 0.029227505
339 388 7 10 0.02973188
338 374 7 10 0.029982371
833 393 7 9 0.030258028
310 403 5 7 0.030349903
456 358 7 10 0.032137033
440 375 6 9 0.032220587
454 387 6 9 0.032677136
945 405 8 9 0.03348908
509 402 12 17 0.033495516
930 412 13 16 0.03453271
754 437 10 6 0.035733715
660 449 7 8 0.03621894
365 404 12 19 0.036277425
465 403 9 14 0.036282405
293 360 5 5 0.036644846
51 369 7 9 0.03769702
533 388 7 9 0.03848215
327 374 6 7 0.038846135
979 403 13 17 0.03903164
620 390 12 16 0.039195314
165 389 4 5 0.04062869
744 396 7 7 0.040704124
503 404 11 19 0.041150387
567 402 6 8 0.044342156
100 378 5 7 0.0455766
248 405 5 6 0.045638327
570 459 8 10 0.047795497
834 418 7 8 0.047890473
961 406 14 16 0.04823328
402 403 9 11 0.048499767
295 405 6 6 0.04862687
724 423 11 7 0.049499273
806 393 6 7 0.04997051
121 388 5 6 0.050147872
399 399 13 18 0.050459754
575 463 8 10 0.05048486
9 387 7 11 0.050712466
550 407 6 7 0.05110102
740 437 8 7 0.051747482
788 392 6 7 0.051752545
599 401 7 8 0.05333028
548 390 6 8 0.054085817
869 401 14 15 0.055730183
405 389 7 9 0.056981638
122 378 5 6 0.05811387
195 364 5 5 0.059032455
386 386 6 9 0.05907566
569 465 8 9 0.06071526
324 405 6 9 0.06106772
897 405 15 15 0.061632376
899 395 7 7 0.061978627
803 421 6 8 0.06439548
695 403 8 8 0.06622362
312 375 5 6 0.06782121
69 373 8 8 0.071214445
626 399 7 9 0.07218425
214 365 4 5 0.073406726
754 393 7 6 0.07621964
512 404 8 11 0.07650224
368 407 7 12 0.07855334
1012 405 7 10 0.08168972
936 390 7 7 0.08179482
964 415 9 10 0.08279452
675 424 7 7 0.083227806
771 396 6 6 0.08406216
373 390 6 8 0.08440539
132 387 4 6 0.085132726
881 391 7 8 0.08665588
995 405 6 9 0.088065915
722 394 8 7 0.091365434
4 375 6 9 0.09199049
290 378 5 7 0.09272536
704 422 8 8 0.09487475
808 435 6 7 0.09538157
660 439 6 7 0.09863095
658 395 7 8 0.09867719
647 402 8 8 0.09989327
462 398 13 21 0.10032247
468 357 7 13 0.10096349
662 424 6 7 0.102010846
20 371 6 9 0.10358195
871 394 8 7 0.1085958
710 474 8 11 0.10949965
789 406 6 6 0.12057651
928 407 14 15 0.12457125
404 378 6 7 0.1254219
695 424 9 8 0.12579626
882 419 9 8 0.12708639
822 396 12 17 0.12754388
264 378 4 5 0.1283009
388 378 6 8 0.12937848
773 423 7 7 0.13181633
659 401 7 9 0.13408004
575 459 7 10 0.13461645
788 422 6 7 0.1451698
16 386 7 11 0.1455442
947 389 6 9 0.14701432
71 358 7 8 0.14806539
616 401 6 9 0.14848521
563 392 6 9 0.14979085
505 408 7 12 0.150342
244 378 5 5 0.15401243
150 388 5 7 0.16018948
704 438 9 8 0.16610667
278 377 5 6 0.16660146
879 405 9 8 0.17161718
676 434 8 7 0.17309195
756 425 10 8 0.17622955
215 385 5 7 0.17841709
833 404 7 9 0.1797977
803 407 7 8 0.18340066
324 392 5 8 0.1859307
738 420 8 7 0.18970658
200 372 5 6 0.19629651
774 404 6 6 0.19953197
134 377 5 6 0.201094
932 414 10 12 0.20300649
916 405 13 16 0.22082634
691 393 8 9 0.22131544
465 353 12 22 0.22354804
295 389 5 6 0.23819742
708 402 8 9 0.2402542
742 404 9 8 0.241521
752 404 9 8 0.24476227
854 396 8 9 0.25047925
179 375 5 6 0.2515882
278 361 4 7 0.254567
231 389 5 5 0.25829944
690 440 9 8 0.27037424
40 360 8 11 0.27818796
307 392 6 7 0.27934185
961 392 7 10 0.28950647
823 394 8 13 0.30131188
230 376 5 5 0.302489
47 361 8 10 0.308024
931 409 9 11 0.31039095
617 393 7 11 0.31044176
645 394 7 10 0.31433216
150 375 5 6 0.32204673
673 395 9 10 0.32671338
853 401 7 9 0.345421
917 408 10 11 0.35125732
578 391 7 10 0.35195422
261 388 5 6 0.35279617
981 406 8 10 0.36047414
964 409 9 10 0.37535992
674 401 8 9 0.37562302
824 398 8 13 0.38889822
719 403 11 8 0.39507377
914 392 8 9 0.41602564
166 374 4 6 0.4189856
704 395 9 9 0.42058745
598 393 6 10 0.42818093
900 407 9 10 0.44266322
248 387 5 6 0.45571825
276 389 6 7 0.4850045
623 393 8 12 0.50739807
213 377 5 6 0.5202937
870 402 10 10 0.55442643

