12_Group_Group_12_Group_Group_12_179
34
133 203 44 56 0.014051631
1015 327 6 11 0.017213196
1011 291 6 12 0.019451112
1009 285 8 11 0.020310648
996 324 14 18 0.020348905
976 323 13 17 0.021210559
1000 243 12 18 0.023835633
1001 246 9 12 0.031545527
1005 243 12 20 0.033441927
953 276 9 10 0.037169706
999 327 9 10 0.042436507
981 291 8 9 0.042599373
997 283 13 17 0.06039206
1008 246 8 12 0.06678917
959 276 7 11 0.07342271
977 282 12 16 0.07368406
1000 289 8 12 0.07543169
980 244 13 18 0.08165685
999 285 9 12 0.13727628
979 325 8 10 0.14988846
982 246 9 12 0.21614966
84 208 53 88 0.47869307
979 285 9 11 0.51529115
784 255 52 63 0.61085516
636 249 52 62 0.6133534
496 188 51 89 0.69665843
228 238 46 61 0.8636252
898 251 47 61 0.8874803
723 199 49 60 0.9107263
265 161 41 45 0.95209867
310 196 41 58 0.96023333
449 139 41 64 0.97113436
147 202 42 53 0.9734234
357 230 37 60 0.9842897

