12_Group_Group_12_Group_Group_12_935
517
389 197 20 29 0.010019515
892 95 17 31 0.010083554
240 442 20 27 0.010092516
332 254 13 20 0.010220394
591 138 20 20 0.010233908
4 151 10 33 0.010253459
481 448 14 23 0.010303515
538 351 19 32 0.010304107
475 157 18 29 0.010310855
702 644 20 28 0.010379348
805 63 14 20 0.010418692
465 546 17 32 0.010529832
614 256 18 31 0.010538494
352 148 20 22 0.010687808
24 298 22 20 0.010706321
873 379 21 21 0.010758305
388 202 12 24 0.010780798
213 62 15 20 0.010787121
7 0 9 15 0.010826642
637 642 19 30 0.010853424
167 19 21 20 0.010862708
589 554 17 33 0.010865967
609 484 21 27 0.010881871
843 386 21 21 0.010887888
781 82 13 20 0.010931089
458 388 19 29 0.01098127
543 13 13 21 0.011001305
990 121 20 22 0.011001382
602 31 20 20 0.011069842
112 169 18 31 0.011096371
168 116 22 20 0.011107459
95 85 16 31 0.011144261
496 2 13 18 0.011206793
710 130 16 31 0.011235509
359 322 17 31 0.011265266
4 122 11 27 0.011309829
438 256 13 22 0.011312367
511 138 13 23 0.011321981
404 200 12 23 0.011369172
403 195 13 22 0.01141179
262 414 23 21 0.011422802
290 78 13 21 0.011459864
290 323 21 18 0.011496704
531 169 19 23 0.011513895
593 316 20 21 0.011516251
816 184 20 20 0.011548114
625 379 20 23 0.011564106
58 419 21 19 0.011587419
613 287 17 30 0.011618966
976 150 18 29 0.011733471
774 318 17 31 0.0118542155
385 58 20 22 0.011918065
771 352 19 21 0.011941532
55 21 22 17 0.011998496
266 251 13 19 0.012036138
573 689 22 17 0.012051083
840 293 18 29 0.012099988
996 89 19 22 0.012105676
0 554 7 36 0.012146873
521 573 17 31 0.012222552
187 169 19 29 0.012242417
657 92 22 18 0.012346935
2 663 13 43 0.012390242
508 606 23 18 0.01239372
40 218 19 29 0.012437724
679 492 22 21 0.012475833
975 139 17 32 0.012480934
259 617 18 32 0.01251291
669 353 19 24 0.012523562
642 158 20 22 0.012559484
793 490 21 23 0.012612455
144 387 22 20 0.012712177
905 135 19 30 0.012732955
607 458 21 21 0.012809873
265 95 21 20 0.012859904
850 11 16 32 0.012921136
1001 39 17 32 0.012923758
473 350 21 22 0.0130036855
869 463 24 19 0.013007119
382 610 19 30 0.013018646
0 20 9 16 0.013104579
842 557 21 22 0.013195773
742 254 16 32 0.013206586
781 63 14 20 0.013250139
622 174 13 21 0.013275298
157 351 20 32 0.013299349
61 672 19 33 0.013318404
922 244 22 21 0.013327142
211 569 19 22 0.013353275
166 19 14 18 0.013419893
971 290 18 30 0.013433386
972 669 21 20 0.013460782
292 0 14 15 0.013544324
625 0 16 28 0.013562577
846 669 13 18 0.013570917
336 561 22 21 0.013580367
145 510 13 23 0.013599582
227 347 18 34 0.013683363
221 571 16 34 0.013747402
632 641 21 21 0.013747615
248 130 22 20 0.013764104
832 643 19 31 0.013768267
786 11 16 32 0.013775612
129 0 21 15 0.013798375
933 471 18 30 0.013975192
432 592 21 22 0.013996069
959 323 17 30 0.0139963785
324 607 18 32 0.014119068
964 564 16 33 0.014119984
32 84 14 22 0.014143521
873 426 21 23 0.014162463
544 0 13 17 0.014176938
503 662 22 18 0.014219852
300 671 23 20 0.01439233
992 236 18 31 0.014397824
748 65 13 20 0.014515491
63 115 13 21 0.014584648
136 270 18 32 0.014591559
893 667 17 32 0.014602924
145 579 16 32 0.014657345
680 668 18 32 0.01469679
752 379 22 21 0.014725472
647 562 24 21 0.014852266
2 272 10 26 0.014890596
128 124 21 19 0.014921005
561 460 21 22 0.014953217
593 350 21 21 0.015044389
260 408 20 32 0.015054956
816 167 18 30 0.015061433
574 219 17 31 0.015112357
457 44 16 31 0.015146098
805 225 16 30 0.015201914
154 84 22 20 0.015204606
767 642 19 29 0.015307066
163 524 18 29 0.015361029
666 305 21 22 0.015413376
811 424 21 26 0.015452514
24 292 22 19 0.0155007
96 78 16 31 0.015576882
896 1 13 18 0.015638797
297 84 22 19 0.015761368
761 424 22 21 0.015851622
1004 607 16 35 0.015872078
834 606 16 33 0.01590166
63 644 20 31 0.015999978
935 460 19 30 0.016089939
446 639 19 33 0.016133878
522 32 20 21 0.016265165
529 163 20 22 0.01630888
737 455 20 23 0.016312843
636 607 17 33 0.016377702
92 31 13 21 0.016523642
234 317 17 32 0.016543927
607 201 14 21 0.016575929
155 349 21 22 0.016619576
621 662 19 32 0.016676797
777 350 21 21 0.016797636
998 671 17 35 0.016806437
638 191 17 30 0.016834335
357 189 13 23 0.016867926
416 160 17 32 0.016880978
375 419 24 20 0.016944848
568 202 21 21 0.01697035
806 449 21 28 0.017006565
271 597 22 19 0.017048258
49 670 19 32 0.017073127
292 491 20 27 0.01709295
882 190 12 23 0.017125115
609 194 13 21 0.017162498
993 676 22 19 0.017208543
614 0 12 17 0.01721823
402 127 18 21 0.017325535
1013 324 8 16 0.017342364
616 219 22 21 0.017385665
354 324 21 19 0.017574562
316 536 20 23 0.017621608
550 65 16 30 0.01763653
518 34 13 20 0.017689515
336 385 21 21 0.017774945
381 418 20 30 0.017857727
487 259 23 19 0.017878102
214 0 13 17 0.01791399
695 650 23 19 0.017933177
74 292 21 20 0.01798082
629 2 23 19 0.017992595
961 554 18 32 0.0180106
827 92 17 29 0.018041871
495 495 21 22 0.01809124
998 56 13 24 0.01810657
729 81 20 20 0.018123856
0 662 8 36 0.018190484
221 383 18 31 0.018222474
161 541 15 32 0.018277587
870 419 23 25 0.01839565
481 261 22 18 0.018462334
518 617 17 32 0.018512614
289 348 17 32 0.01851614
736 228 14 22 0.018648263
624 665 20 23 0.018984847
650 158 16 32 0.019012885
897 313 18 29 0.01905056
847 542 16 35 0.01905859
12 0 12 14 0.019161012
947 609 17 32 0.01929821
800 0 16 30 0.019331811
291 190 20 21 0.019355934
887 667 23 20 0.019434309
817 428 19 23 0.019546412
961 350 19 31 0.01954993
401 556 18 30 0.019591542
361 483 21 22 0.019707158
208 29 21 19 0.01972429
654 309 19 30 0.01989972
286 25 17 29 0.019950002
458 563 24 20 0.020219635
384 647 19 34 0.02022604
365 98 16 32 0.020244407
865 460 22 21 0.02027424
616 65 21 20 0.020275708
182 429 23 20 0.020278115
899 613 16 35 0.020339413
361 130 16 34 0.020443473
215 0 22 18 0.020508192
554 289 19 30 0.020603511
901 63 18 29 0.020669488
1 638 15 38 0.020796021
167 85 22 20 0.020809289
942 687 22 19 0.02081931
919 505 23 20 0.020833837
743 495 22 22 0.020861238
782 549 17 32 0.020901695
14 453 20 27 0.020902995
255 3 21 18 0.020932173
1001 92 14 34 0.02102535
635 380 21 22 0.021270668
561 640 21 19 0.021286359
114 487 18 23 0.021513157
6 0 12 18 0.0220685
617 426 21 23 0.02212607
415 347 17 32 0.022137493
975 226 18 29 0.022230884
329 543 19 30 0.022247463
913 509 19 30 0.022391835
527 124 18 31 0.022555241
587 161 20 21 0.02262105
686 444 20 28 0.022688674
436 59 16 32 0.022772925
319 627 23 18 0.022932217
759 381 22 22 0.022976631
824 67 23 19 0.023128018
973 512 19 29 0.023158524
614 63 17 30 0.023379039
0 24 9 25 0.023452794
591 14 12 21 0.023460384
304 126 20 20 0.02373177
396 384 22 20 0.024079783
323 596 20 21 0.024422932
168 537 21 22 0.025025614
110 674 23 20 0.025117036
896 637 18 31 0.025272937
377 611 22 21 0.025367267
72 493 20 21 0.025498517
945 90 22 20 0.025722185
409 523 21 22 0.025876464
717 507 22 28 0.026008803
901 564 27 18 0.026260884
1 633 17 26 0.02656181
354 351 19 29 0.02673096
716 559 23 21 0.027189542
896 363 22 21 0.02741622
921 218 21 21 0.02741622
686 427 22 20 0.027486581
514 182 18 32 0.027670406
937 374 19 28 0.02777643
681 453 23 20 0.027872626
151 564 23 21 0.028022414
815 64 21 20 0.028266033
678 1 14 22 0.028628254
508 426 21 21 0.028757922
906 552 17 33 0.028827809
35 267 20 20 0.028941877
461 49 13 22 0.029007766
591 130 20 21 0.029013187
236 663 19 31 0.029203305
243 131 19 22 0.029430881
827 353 23 20 0.029458515
529 527 21 21 0.029685091
472 321 21 20 0.029770505
109 671 20 32 0.029799152
928 147 21 22 0.029876743
653 554 17 33 0.029967109
278 386 23 21 0.029976813
956 610 17 32 0.02997727
619 220 17 32 0.02999122
418 329 22 19 0.030247258
777 527 22 22 0.030295186
221 523 18 31 0.030296769
841 287 20 22 0.0303031
127 634 19 31 0.030511262
411 163 18 24 0.030547986
132 126 19 30 0.030590756
397 25 21 19 0.030597577
549 64 14 20 0.030760176
925 232 17 32 0.030867336
520 392 21 21 0.03087053
956 62 20 23 0.03089919
942 682 19 24 0.031034622
492 12 13 19 0.031101773
518 43 13 21 0.031125844
912 27 16 30 0.031247549
26 599 18 32 0.03129548
325 253 14 20 0.031559493
138 122 23 20 0.03191009
743 259 21 20 0.032232217
441 56 19 25 0.032802053
911 22 21 19 0.03284348
49 191 18 31 0.032862954
362 121 21 20 0.032988593
1013 383 10 30 0.03309353
680 671 23 20 0.033173177
42 425 23 20 0.033213362
356 152 19 22 0.033270475
696 147 20 22 0.03369191
58 637 23 21 0.033914503
64 319 23 21 0.034195352
1000 676 20 21 0.03472222
973 1 13 19 0.035019033
34 353 20 21 0.035043817
733 232 20 21 0.035045475
219 157 20 22 0.03511338
125 156 19 31 0.035207737
969 527 24 20 0.035275016
111 535 20 23 0.035527874
259 109 20 21 0.035666592
496 62 17 29 0.035777677
39 394 22 21 0.035919923
817 177 19 22 0.036157884
584 564 23 20 0.036162123
939 420 22 28 0.03639096
738 257 21 21 0.03681582
113 315 20 23 0.036978576
426 114 21 22 0.03720491
300 91 22 20 0.03728714
193 0 19 21 0.037702776
487 291 23 20 0.037850503
593 529 23 20 0.038013462
121 632 22 21 0.038055927
843 528 23 21 0.03836542
0 310 8 35 0.038460813
826 643 23 18 0.03848579
203 287 21 22 0.038665503
1 484 10 31 0.038909648
527 168 18 31 0.038946252
703 288 21 21 0.03894941
522 570 22 21 0.038952645
750 663 19 33 0.039247748
96 353 19 24 0.040513854
423 99 17 31 0.04102198
958 569 23 20 0.041084923
614 254 23 21 0.041099597
972 494 24 20 0.041128285
807 665 22 21 0.04156636
575 392 20 22 0.04173134
507 628 23 20 0.041734047
450 1 21 20 0.04183993
316 424 22 22 0.04231114
950 320 22 21 0.04272647
238 665 22 21 0.043129392
818 92 21 21 0.043215077
216 569 20 23 0.04326447
658 538 22 20 0.04356005
283 348 22 21 0.0436041
860 0 23 14 0.04411828
941 111 23 21 0.044199076
192 637 20 23 0.044336904
540 489 22 21 0.044495635
466 153 18 32 0.044501815
907 532 24 20 0.04453928
417 96 19 22 0.044776674
1014 0 10 20 0.045179304
953 92 22 20 0.04519386
243 451 19 22 0.04549336
441 407 21 22 0.04557576
804 0 13 20 0.04581872
985 245 24 20 0.045931946
67 315 17 34 0.046000138
171 661 19 32 0.046071067
296 321 21 20 0.046253286
530 123 20 22 0.046267383
0 183 8 29 0.0462706
949 612 24 20 0.046826757
857 488 23 20 0.046916932
223 346 22 22 0.04726472
551 669 23 20 0.047360085
540 320 23 21 0.04794339
142 77 18 29 0.048052438
336 27 20 21 0.04843157
892 635 22 21 0.04863163
661 60 18 23 0.04883826
81 570 16 33 0.04886314
968 31 20 23 0.04937762
576 607 22 21 0.04946467
140 600 22 21 0.049492788
700 389 21 20 0.04979138
1004 383 18 33 0.05028254
75 600 17 32 0.050589077
2 40 17 32 0.05081367
992 185 18 31 0.05084089
892 607 21 21 0.050998602
558 420 21 22 0.051075157
966 28 16 30 0.05111358
683 218 22 21 0.051533945
829 384 22 23 0.051875502
409 352 23 20 0.05215646
275 562 21 21 0.05232382
767 603 20 23 0.052388597
888 320 23 21 0.052964214
295 192 21 21 0.053484548
878 116 21 21 0.053561945
972 224 21 20 0.053615388
432 490 20 23 0.05383162
648 158 21 21 0.053946055
552 257 23 20 0.054194085
520 608 24 19 0.05439613
205 599 16 33 0.055050537
940 377 22 20 0.05524086
119 154 22 21 0.056056045
51 33 20 20 0.057536006
956 353 23 21 0.05859613
176 171 21 30 0.059760097
383 640 24 20 0.059905935
566 643 23 20 0.05992984
545 91 20 22 0.0605016
567 222 22 21 0.06070034
979 151 19 22 0.06121846
48 526 20 21 0.061283085
922 0 23 16 0.061881673
202 280 16 32 0.061991613
365 91 21 21 0.06213404
753 178 20 22 0.062264264
297 154 20 22 0.06252856
550 290 26 19 0.06277402
717 350 22 21 0.06396455
175 310 17 31 0.064268604
35 217 19 21 0.06433597
187 0 22 17 0.064611256
355 279 19 22 0.06536841
888 89 22 20 0.065377526
64 0 14 12 0.06543877
249 632 23 20 0.0659242
142 601 16 34 0.06637417
89 87 20 22 0.066620365
632 191 22 21 0.066780105
900 60 19 22 0.06727678
0 17 10 22 0.06758277
262 251 14 20 0.06798482
61 156 21 22 0.068819
550 65 22 20 0.06885586
282 30 22 20 0.06897829
610 286 22 20 0.07006726
392 59 22 22 0.07172004
831 316 21 22 0.07204705
761 640 23 21 0.07298162
1013 46 10 28 0.07339855
505 0 22 18 0.07355272
71 601 24 21 0.0754341
852 24 19 22 0.07557929
480 112 21 22 0.07564722
1011 321 11 23 0.07567041
32 87 18 24 0.07594216
786 26 20 21 0.07627182
55 31 21 20 0.076895416
1016 0 7 15 0.0769494
665 92 22 19 0.07700804
783 285 20 22 0.079532795
610 62 20 21 0.0799727
771 320 19 20 0.08042205
846 221 20 22 0.08220274
426 289 21 21 0.08265662
144 83 21 22 0.082909234
778 562 23 21 0.083126195
715 129 21 21 0.08357503
399 19 20 21 0.08511634
460 530 23 21 0.08658469
82 570 20 23 0.08998591
303 284 21 22 0.09005563
10 155 16 34 0.09265835
134 277 17 33 0.09427853
681 3 20 21 0.09525676
48 190 21 21 0.09885764
828 606 22 19 0.09985915
205 92 21 22 0.10201626
985 193 23 21 0.104500905
109 184 22 21 0.10689314
16 554 17 35 0.107702926
121 16 21 21 0.108449444
650 115 22 21 0.1105011
1005 122 18 23 0.11079386
605 91 21 20 0.11093401
18 604 17 34 0.11477105
326 58 22 21 0.11518278
688 185 20 22 0.118915424
1002 88 19 22 0.123653315
1003 457 18 35 0.12382095
231 320 23 20 0.12537304
214 63 23 21 0.12617421
625 2 20 20 0.12685697
718 29 19 22 0.13119182
768 126 19 23 0.13202348
498 64 21 21 0.13763127
17 104 17 33 0.13902435
455 2 22 21 0.13912821
364 0 20 21 0.13957283
799 228 20 21 0.14342496
738 0 20 17 0.1464535
908 26 21 21 0.14949036
1 44 13 25 0.18244669

