12_Group_Group_12_Group_Group_12_732
29
153 99 6 13 0.010220099
349 175 21 33 0.010243292
583 225 21 35 0.011288032
222 362 40 59 0.011292769
786 208 12 23 0.011916089
815 194 21 32 0.011955042
570 228 23 19 0.014181329
830 209 23 21 0.014218996
558 242 19 32 0.014275652
192 316 39 66 0.019194392
327 146 38 57 0.019582517
768 194 19 33 0.019854886
337 149 41 51 0.020237641
699 228 28 39 0.023403767
188 138 43 49 0.024899533
683 209 27 42 0.025662063
193 144 33 35 0.039902847
330 171 31 41 0.041161247
812 194 33 51 0.04801447
773 206 12 24 0.050452903
465 254 22 34 0.08093008
336 162 41 53 0.10179935
773 203 18 32 0.18927594
817 203 21 34 0.19381766
224 144 31 36 0.52063423
821 198 28 36 0.81675017
699 213 27 43 0.9242452
468 254 29 38 0.97929883
585 229 28 39 0.9794645

