12_Group_Large_Group_12_Group_Large_Group_12_461
19
355 96 8 8 0.010713248
0 106 30 80 0.010982161
0 50 53 204 0.011377568
3 132 33 76 0.012415632
673 349 36 13 0.013310648
374 89 47 67 0.018272253
447 113 52 76 0.024335492
456 136 40 36 0.038963374
258 77 5 9 0.06287351
1 83 37 146 0.10110591
257 73 6 8 0.23794295
131 161 58 75 0.566846
381 95 58 73 0.5943882
824 138 50 64 0.7210199
226 154 43 65 0.8995714
525 185 49 56 0.90500987
458 125 47 55 0.93301994
671 143 41 59 0.9722163
593 118 43 60 0.98158157

