12_Group_Large_Group_12_Group_Large_Group_12_213
176
593 277 13 16 0.010148153
955 324 22 27 0.010166649
998 348 19 32 0.01018202
672 372 9 11 0.010347012
862 273 11 11 0.010431423
0 370 12 21 0.010440878
67 443 18 35 0.010453359
465 293 17 27 0.010517894
760 383 25 17 0.010642133
528 337 8 13 0.010642771
714 372 23 18 0.0106912
730 315 22 18 0.010695927
298 318 22 17 0.010897454
897 304 10 11 0.011035568
820 350 11 10 0.011180677
2 374 8 13 0.011351703
739 296 20 25 0.011444156
406 303 10 11 0.0115938205
245 307 13 12 0.011705029
749 385 24 17 0.0117646465
947 308 10 11 0.011844054
496 305 8 9 0.01229287
386 337 12 21 0.012405743
230 332 24 18 0.012516663
845 261 22 19 0.012731467
750 274 9 8 0.012884423
405 299 14 16 0.013056067
388 341 8 11 0.013123501
449 324 10 9 0.013223755
791 324 9 9 0.013418978
269 354 26 16 0.013936721
581 310 10 10 0.013956275
887 424 30 39 0.014025812
894 286 9 12 0.014078437
253 305 11 14 0.014219191
751 356 10 10 0.014271693
0 402 24 47 0.014674469
680 394 24 19 0.014680165
586 316 14 16 0.015023714
951 301 22 18 0.015029523
932 319 20 19 0.015368926
835 322 11 9 0.015667958
3 393 11 28 0.015717437
485 296 9 9 0.015862636
926 366 24 17 0.01586324
294 361 24 18 0.016524008
295 287 19 25 0.016791968
851 271 13 13 0.017077608
757 323 9 10 0.01714695
423 321 20 29 0.017364848
479 298 18 27 0.017425422
1013 360 9 28 0.017756471
2 408 16 37 0.017906466
555 303 14 16 0.017914593
414 294 19 27 0.018001325
425 307 21 17 0.018384278
874 289 21 26 0.018568963
524 334 13 19 0.018980598
815 348 23 17 0.019143017
744 352 22 17 0.019480614
187 409 23 26 0.02010203
384 346 13 23 0.020389121
738 292 15 16 0.02070353
3 382 8 13 0.020954853
278 315 30 33 0.021291286
531 313 8 9 0.021714943
945 321 10 13 0.021867346
256 300 18 27 0.022320375
547 335 11 11 0.022837687
0 372 28 60 0.023189103
827 351 25 18 0.024108734
1 379 12 22 0.024331538
774 375 25 25 0.02447822
715 373 29 33 0.024750615
660 286 8 12 0.024805756
481 294 14 17 0.02490006
513 331 20 27 0.025199719
414 293 11 11 0.025796797
696 315 11 14 0.026328648
683 387 22 18 0.026811788
993 335 21 19 0.027066514
556 320 13 17 0.027532721
502 334 13 19 0.028124483
776 366 23 28 0.028575689
479 302 11 12 0.028648099
424 321 11 12 0.029401658
721 290 9 10 0.029540477
740 295 11 10 0.03007993
550 325 8 11 0.03111198
288 350 30 36 0.031348124
791 378 24 19 0.031541534
495 352 20 22 0.03189644
645 286 12 18 0.032923408
766 369 25 16 0.034624193
702 314 12 14 0.03467098
784 305 9 9 0.035096105
456 344 20 30 0.035303876
470 302 13 12 0.035393413
515 338 10 12 0.03555876
855 308 25 17 0.03581476
880 279 21 16 0.036884412
661 274 13 16 0.03710158
942 306 21 19 0.03753458
759 303 14 17 0.03862018
831 318 24 16 0.03902318
754 291 14 15 0.039278846
580 321 14 12 0.03984083
459 337 21 20 0.042029038
717 304 13 17 0.043142453
460 345 20 21 0.044622127
720 306 9 12 0.045475174
432 308 10 9 0.045661654
761 308 9 10 0.048516843
548 323 13 18 0.049093258
767 292 9 9 0.051430676
672 282 10 14 0.052764237
542 330 20 19 0.05330969
596 279 9 9 0.054195255
854 315 26 17 0.055064905
842 314 20 30 0.055796783
725 383 25 19 0.056384683
422 317 14 18 0.056719065
430 321 13 10 0.058871333
732 379 24 26 0.0609061
386 341 19 31 0.061911587
286 353 24 18 0.06629065
559 322 9 11 0.06668494
517 319 14 16 0.06786232
649 280 8 10 0.07187956
785 295 7 8 0.07303657
845 307 25 16 0.07573559
524 318 13 16 0.07863235
732 301 21 20 0.079272956
417 305 11 11 0.08293081
886 281 11 11 0.08492086
546 304 13 15 0.08503234
696 309 13 18 0.08885243
735 273 20 16 0.090640746
410 302 22 17 0.09147915
294 355 24 18 0.09735389
558 304 9 11 0.102842346
647 289 8 11 0.108099505
407 290 21 18 0.12296906
720 380 23 20 0.12549987
854 269 22 19 0.12963004
586 283 14 17 0.1305761
662 276 8 11 0.13499275
768 308 11 10 0.13765536
761 305 21 18 0.14216942
756 293 10 9 0.14793958
842 317 27 17 0.15625958
512 334 14 20 0.19474205
2 383 17 38 0.20040622
424 317 21 18 0.20176719
885 281 14 16 0.20619759
519 321 10 10 0.21758716
527 319 9 11 0.25538188
475 298 15 17 0.26131672
578 317 21 18 0.26865038
939 317 20 20 0.27286002
271 319 24 18 0.30107686
582 284 14 16 0.3306654
487 347 21 32 0.36783242
840 348 23 30 0.37837067
279 318 23 19 0.3948674
169 406 30 35 0.41231585
700 309 15 17 0.432778
668 277 13 16 0.49190515
348 358 33 40 0.49883452
548 305 9 11 0.5008155
403 289 15 16 0.50422037
469 297 19 20 0.56856376
243 303 21 19 0.61781025
739 275 11 12 0.64052063
848 266 21 20 0.6540918
292 284 14 19 0.73017997

