12_Group_Team_Organized_Group_12_Group_Team_Organized_Group_12_850
31
1012 300 10 23 0.010548418
977 310 10 11 0.010897829
1014 247 8 13 0.01122421
975 306 13 18 0.011278886
944 297 9 11 0.011437701
973 290 13 17 0.014633082
976 280 10 11 0.014807192
1010 291 11 22 0.016564762
1013 295 7 13 0.017030591
1 169 24 118 0.017630972
463 164 93 150 0.017931916
1009 271 12 20 0.018427245
1012 241 11 22 0.018686235
976 293 10 11 0.020035094
899 281 10 10 0.022929724
911 275 14 17 0.026344452
2 202 26 102 0.03335162
960 273 14 17 0.036184523
965 289 14 17 0.03826235
967 293 10 11 0.038462374
1012 274 7 13 0.04611801
10 66 29 213 0.04880926
962 275 10 12 0.0519023
913 278 9 10 0.055947203
10 28 32 178 0.06000251
1 18 48 328 0.13492581
0 135 28 195 0.20650357
926 273 14 17 0.26040894
673 265 28 48 0.9695151
306 218 91 160 0.99878293
488 146 87 189 0.9999268

