12_Group_Team_Organized_Group_12_Group_Team_Organized_Group_12_340
32
41 6 34 40 0.010399836
8 14 25 44 0.010547763
51 6 34 42 0.011839702
96 1 21 32 0.015850686
252 0 26 34 0.016017118
356 9 32 36 0.01986622
9 18 16 35 0.02361324
929 59 43 57 0.024013244
840 53 37 55 0.025660966
724 72 48 52 0.02743075
517 36 43 57 0.030825732
791 60 29 15 0.048623495
684 0 20 24 0.049428742
360 0 29 36 0.06116831
147 10 33 42 0.07577699
951 47 38 56 0.10345677
412 22 27 42 0.107389614
90 7 29 38 0.10931536
225 0 30 32 0.15899248
20 71 34 62 0.1895905
36 0 46 53 0.62497663
1 62 36 65 0.65202516
329 107 57 75 0.66912633
852 74 30 45 0.67695916
286 0 45 68 0.6971494
611 31 44 67 0.79043704
533 28 43 65 0.80417687
842 67 37 58 0.85416365
929 42 39 57 0.87793744
135 0 43 54 0.9060926
475 1 39 46 0.92606133
385 1 39 50 0.93223184

