12_Group_Team_Organized_Group_12_Group_Team_Organized_Group_12_171
116
959 229 8 7 0.010072784
489 242 24 19 0.01010479
603 250 22 19 0.010828143
653 249 18 33 0.010873883
846 228 13 21 0.010988108
829 242 41 53 0.011070495
947 247 7 7 0.011151998
824 255 8 11 0.011168764
450 279 20 31 0.011204303
733 229 20 27 0.011488822
265 279 19 31 0.011506126
512 117 29 39 0.01156453
389 269 8 11 0.0116428165
482 253 22 19 0.011691919
232 239 23 19 0.011871409
470 131 27 16 0.0119830165
512 237 22 19 0.011989986
586 210 28 17 0.012000485
0 262 10 28 0.0120012425
354 280 32 55 0.012045447
934 257 9 7 0.012060618
950 198 6 6 0.012068245
322 252 19 30 0.012341075
673 227 17 31 0.012729286
804 229 8 9 0.013051552
349 288 20 21 0.013106737
214 254 22 20 0.013239593
349 270 13 20 0.013269778
583 242 20 30 0.013358195
569 209 28 15 0.014082814
265 255 27 38 0.014097764
613 226 11 11 0.014195882
0 296 27 70 0.014457062
807 245 9 10 0.014587375
856 238 19 21 0.014660238
838 250 21 30 0.014720451
44 257 22 21 0.0149288
558 265 12 23 0.015038192
710 247 7 10 0.015987078
798 206 11 12 0.016016789
834 247 31 37 0.016287817
409 265 23 19 0.01687373
792 208 11 11 0.017609017
274 257 21 20 0.01773821
0 254 10 27 0.017780839
163 218 42 51 0.017920861
465 272 10 13 0.01801184
652 232 19 21 0.018316386
261 207 28 16 0.01882995
356 262 19 30 0.018860243
263 188 32 34 0.019056622
820 241 13 18 0.019329993
1 255 16 38 0.019409826
167 247 34 37 0.019596443
915 256 8 7 0.019626958
608 226 20 28 0.019721746
225 250 20 31 0.01974094
823 245 8 11 0.02029505
1010 229 9 8 0.020351768
485 232 18 34 0.020766592
792 197 22 18 0.02125993
386 264 13 20 0.021624375
945 212 8 7 0.021946646
804 240 14 19 0.0225004
999 231 7 5 0.022946453
833 245 8 11 0.023058718
416 82 36 61 0.023979634
785 199 20 28 0.023991618
615 223 22 19 0.024731826
10 216 16 36 0.024793467
506 210 26 17 0.02506808
384 258 14 18 0.026083298
169 222 31 37 0.026759356
726 238 11 13 0.02687266
641 231 19 21 0.026990987
579 202 24 25 0.027517661
830 241 13 19 0.028408382
605 111 43 51 0.030687036
825 220 59 79 0.031582177
267 267 20 21 0.03517901
0 191 13 40 0.035476606
415 352 28 43 0.03580371
791 203 14 18 0.03602588
42 250 19 33 0.038226195
161 242 45 50 0.04142328
841 229 20 30 0.043843806
520 228 19 32 0.045106284
521 234 21 21 0.046169054
455 265 19 30 0.04903987
328 287 27 43 0.057460293
210 255 20 21 0.0585633
285 237 21 30 0.063499786
459 269 21 20 0.07208477
851 238 8 15 0.07355765
720 229 19 20 0.07435445
731 235 13 20 0.07699602
950 229 7 7 0.07699858
792 201 20 20 0.07802004
934 209 7 8 0.091709025
388 260 8 9 0.100245334
282 251 21 22 0.106603056
409 259 24 20 0.11277647
4 309 16 42 0.11760664
606 222 22 19 0.14753638
197 251 28 40 0.17460212
642 223 18 24 0.1801409
652 222 18 24 0.18066734
848 235 13 21 0.29418522
648 225 18 31 0.30495518
287 245 20 32 0.38118994
724 233 18 21 0.42227876
361 288 20 34 0.5459603
93 182 45 70 0.71319354
416 255 19 34 0.7375499
492 246 20 32 0.8276971
583 234 23 31 0.8906045

