12_Group_Large_Group_12_Group_Large_Group_12_120
653
497 348 10 12 0.010009625
805 275 13 16 0.010044519
71 390 10 14 0.010046506
826 441 18 21 0.010063441
336 408 9 14 0.01008267
77 298 13 16 0.010184284
168 267 9 12 0.010207026
323 267 13 15 0.010249908
868 263 8 9 0.010282355
716 264 13 17 0.010294625
501 212 12 17 0.010359633
721 450 13 12 0.010502908
304 312 9 11 0.01051926
615 242 10 13 0.010542234
243 262 13 16 0.010546458
836 294 12 16 0.010601664
306 268 14 14 0.010651531
901 356 9 11 0.010655422
581 444 11 14 0.0106716845
338 316 9 13 0.010726204
444 443 11 15 0.010789946
24 443 5 9 0.010818393
597 403 9 13 0.010845824
872 330 9 11 0.010865414
41 402 8 15 0.010891016
64 275 8 11 0.010996963
712 276 9 12 0.01099967
386 317 10 12 0.011066774
755 346 13 16 0.011094864
161 460 11 10 0.011150096
735 404 10 13 0.011174795
879 407 13 16 0.011264003
693 278 9 11 0.011274501
576 409 10 13 0.011304009
270 267 13 16 0.011350477
711 345 9 13 0.011386604
103 388 12 18 0.011515034
647 326 9 13 0.0115153445
957 447 13 17 0.01161964
660 216 8 10 0.011668326
756 354 9 13 0.011673887
261 349 10 12 0.011729556
291 246 12 17 0.01178977
645 453 14 16 0.012035997
408 378 12 17 0.012044006
160 308 9 12 0.012139837
65 370 10 13 0.0121701695
655 323 12 18 0.012182909
528 384 10 14 0.012219483
936 354 8 12 0.012312715
211 268 13 15 0.012396867
124 393 12 16 0.01239731
244 227 8 11 0.012463913
144 267 8 12 0.012530652
759 315 9 11 0.012551332
719 276 9 12 0.012651803
472 453 11 14 0.01278575
871 418 11 14 0.012787924
257 261 8 13 0.0128332665
641 355 8 13 0.012848552
798 314 10 12 0.012857289
422 294 10 13 0.012861344
789 266 12 16 0.012866485
898 418 12 16 0.01301178
850 263 9 10 0.013029992
50 294 10 18 0.013107213
265 277 8 13 0.013116518
510 232 12 17 0.013141477
759 454 10 12 0.013160829
151 310 9 11 0.013243606
898 295 8 13 0.013259107
766 312 10 11 0.013353175
273 245 12 17 0.0133549655
471 283 11 12 0.013443001
720 244 13 16 0.013542464
766 453 10 13 0.013693534
894 278 8 13 0.01369649
773 376 10 14 0.01370459
831 443 11 15 0.013917651
213 309 10 11 0.013965609
583 346 9 13 0.014445564
532 233 12 18 0.014457918
115 224 7 9 0.014653716
865 379 9 12 0.014680323
771 351 14 15 0.014689486
689 452 14 12 0.014725252
862 294 12 16 0.0147628095
386 234 8 10 0.014801274
673 356 8 12 0.0150310965
305 245 14 15 0.015106901
338 228 7 10 0.015158686
754 232 7 9 0.015291893
514 316 10 11 0.015313219
373 230 7 11 0.015416863
823 270 10 10 0.01560106
450 384 10 14 0.015601624
612 445 11 13 0.015669951
447 274 10 12 0.015677514
355 317 9 12 0.015683284
311 402 10 13 0.015695993
908 343 12 17 0.015742311
38 443 6 9 0.01575631
559 345 10 13 0.015976503
863 276 13 18 0.016001133
316 393 12 17 0.016031262
716 446 21 18 0.016050054
178 227 7 9 0.0160684
575 326 11 13 0.01612162
501 384 13 18 0.016230593
205 348 11 13 0.01626866
875 356 20 18 0.016422732
252 415 12 17 0.016476773
552 345 10 13 0.01649355
467 347 10 13 0.016498014
531 243 10 12 0.016623301
491 377 13 17 0.016748842
692 307 9 11 0.016922979
73 299 9 13 0.017120892
550 243 9 12 0.017412363
136 356 10 14 0.01772029
295 317 9 12 0.017939039
913 266 13 17 0.017974878
287 418 10 14 0.018045906
177 269 9 11 0.01808935
569 421 9 14 0.018298069
449 345 9 13 0.018308405
819 243 13 17 0.018578468
670 343 12 18 0.018646482
580 237 8 11 0.018859863
244 276 9 12 0.01893101
880 341 9 11 0.019160448
896 412 10 12 0.019161815
47 400 9 15 0.019171758
802 265 8 11 0.019266397
625 236 8 13 0.019415807
823 412 10 14 0.019531494
944 352 8 13 0.019568777
486 235 9 13 0.019594735
898 263 8 12 0.019607067
793 449 10 14 0.019744543
185 388 9 14 0.019891752
717 379 12 16 0.019952435
616 235 8 12 0.020048589
760 276 10 12 0.02005667
118 402 11 13 0.020216336
447 356 11 13 0.020241072
674 278 9 11 0.02024282
464 235 9 13 0.020460935
834 265 9 10 0.020576902
287 356 9 13 0.020618297
693 265 12 16 0.020642562
837 248 12 16 0.020662563
196 231 8 10 0.021008408
660 297 9 13 0.021015836
676 294 8 12 0.02103103
567 242 10 13 0.021085879
719 410 12 17 0.021183634
73 454 8 11 0.021337835
392 417 11 15 0.021421313
371 347 13 17 0.021436736
804 387 10 14 0.021615893
468 315 13 16 0.021711685
366 379 13 17 0.02181734
423 411 12 17 0.021862926
62 421 9 14 0.021878168
607 344 9 14 0.021927506
339 378 10 14 0.021932261
73 448 20 18 0.022040721
359 418 10 15 0.022115754
581 357 10 13 0.022136552
305 348 9 13 0.022260584
678 236 8 11 0.022309715
131 274 10 12 0.022411168
608 275 10 13 0.022492435
265 324 9 14 0.022550875
561 234 8 11 0.022552183
823 222 6 9 0.02261784
496 242 9 13 0.022790011
501 324 10 12 0.022829724
104 459 9 10 0.022970643
833 231 7 8 0.023089882
654 342 12 18 0.02309882
74 247 7 12 0.02316537
821 350 11 12 0.023209127
225 380 14 16 0.023281582
718 442 14 17 0.023297543
846 348 10 11 0.023305396
786 412 10 13 0.023865674
136 421 11 13 0.023939865
360 449 12 15 0.02398603
757 348 9 11 0.02399724
390 352 10 14 0.024178663
550 232 12 18 0.024545478
477 285 11 11 0.024677923
677 378 9 14 0.024992093
705 306 9 13 0.02502869
370 244 8 13 0.025161443
712 267 8 12 0.02516551
129 308 11 12 0.025323719
416 273 10 13 0.025354845
663 236 9 12 0.025458988
195 307 10 11 0.025469312
792 442 13 18 0.025543531
931 417 12 17 0.025742041
509 406 12 18 0.025820745
675 266 13 16 0.025934666
960 449 10 12 0.026031516
792 325 9 13 0.02604276
767 277 9 11 0.026250474
305 377 9 14 0.026341774
643 242 10 11 0.026377602
26 361 8 14 0.026418256
248 417 10 15 0.02650481
871 348 9 11 0.026724393
79 305 9 13 0.02681837
407 292 9 13 0.02686482
824 296 9 12 0.026937677
496 308 10 11 0.026997456
718 385 11 14 0.027024636
255 248 9 13 0.027086783
370 353 11 13 0.027126912
654 417 10 15 0.027136339
710 326 9 12 0.02745474
959 445 10 12 0.027642593
902 251 8 11 0.027852826
684 449 22 17 0.028186118
784 347 9 12 0.028202541
350 266 9 12 0.028342564
917 423 9 11 0.028389184
788 245 8 11 0.028577982
58 268 8 13 0.028605308
744 221 7 11 0.028902108
281 227 7 11 0.029031334
182 307 9 12 0.029203365
439 448 11 14 0.029283052
229 228 8 10 0.029695183
935 343 8 12 0.02987479
851 248 14 16 0.02996279
181 356 9 14 0.030027833
879 250 8 12 0.03013451
243 296 9 13 0.03022926
406 270 10 12 0.030453518
485 322 10 12 0.030516405
588 389 12 18 0.030604132
737 275 10 11 0.030850038
174 422 10 14 0.03107518
623 241 10 13 0.031096509
840 349 10 13 0.03137229
790 294 8 13 0.03180037
770 220 7 10 0.031826206
675 309 8 12 0.03186938
165 276 9 12 0.03212683
79 300 9 12 0.03214133
153 299 9 12 0.032280065
93 358 13 16 0.032445192
692 244 9 12 0.03322632
761 266 9 13 0.033686414
567 294 13 17 0.034369234
881 408 10 11 0.03451626
451 318 10 11 0.034566782
673 386 10 15 0.034610435
176 274 9 13 0.034635957
353 352 11 14 0.034812696
397 417 11 15 0.034845974
719 417 10 14 0.035433058
572 420 12 16 0.03564518
917 273 9 13 0.03576441
852 452 11 13 0.03585109
540 263 12 16 0.035875354
468 322 10 12 0.03589973
245 266 10 11 0.035943944
425 357 10 14 0.03616587
357 228 8 10 0.036441147
200 357 9 13 0.03669463
137 223 7 9 0.036745206
789 386 11 13 0.0368898
126 328 10 13 0.037369758
140 355 13 17 0.037471015
367 384 13 17 0.03769262
479 243 9 13 0.037950635
118 280 10 12 0.037977744
192 269 10 12 0.03841928
407 385 10 14 0.038491543
286 220 7 12 0.038519613
488 315 10 13 0.038635958
440 443 13 17 0.03871452
774 236 8 11 0.038773254
593 236 9 12 0.03894365
723 227 8 10 0.03898846
737 393 10 13 0.039097995
633 347 9 14 0.039161336
946 423 9 14 0.039341476
86 359 9 13 0.03943303
343 277 9 11 0.03947058
657 324 9 13 0.039656233
257 384 11 14 0.040046047
736 326 10 12 0.040281508
498 235 8 12 0.040495545
485 383 13 17 0.040527914
272 273 10 13 0.040547512
590 326 13 17 0.041068792
470 317 9 11 0.041070923
911 345 9 12 0.04110657
159 222 7 10 0.041157875
389 269 9 13 0.04128633
149 277 9 12 0.041575257
932 419 9 13 0.04163807
292 274 9 11 0.04179598
789 378 13 17 0.04183034
900 420 9 12 0.041904032
168 422 10 13 0.04203132
478 289 10 14 0.04213159
430 356 10 14 0.04233936
183 457 11 12 0.042369187
620 416 12 17 0.042430993
456 236 9 14 0.04249292
72 307 9 12 0.04267252
175 298 9 13 0.042803068
308 274 9 10 0.042825587
229 274 10 12 0.04289345
339 387 10 15 0.0429842
212 270 10 11 0.0432449
901 343 14 17 0.043374673
885 392 10 12 0.043389533
472 290 11 14 0.04347475
705 299 9 13 0.044133004
289 227 7 11 0.044266533
549 293 12 14 0.04431141
307 354 10 13 0.044338457
391 321 10 15 0.04446171
466 353 12 14 0.04446561
120 327 10 14 0.044635747
242 393 10 13 0.04467058
335 450 11 14 0.044777498
327 249 9 11 0.045090698
647 264 10 14 0.04514113
720 301 10 13 0.045260653
166 360 9 13 0.04529081
142 418 11 14 0.045417625
627 264 10 13 0.04563517
190 458 11 12 0.0457273
850 380 13 16 0.045831997
349 347 13 17 0.046017643
344 292 9 13 0.04603786
272 269 10 12 0.046477012
847 353 10 13 0.046568435
370 270 9 12 0.046610646
799 352 11 14 0.046704296
789 227 7 10 0.04673732
193 273 10 13 0.046742477
501 261 10 14 0.04711921
775 391 10 13 0.047249477
327 352 10 14 0.047333352
787 417 10 13 0.047407974
535 264 11 14 0.04762326
278 418 13 17 0.047674187
432 266 10 13 0.047713835
786 222 7 10 0.04827131
364 416 13 16 0.048341136
349 389 12 18 0.04861999
528 343 11 13 0.048689447
326 347 13 16 0.048840012
609 267 10 13 0.048975047
915 268 9 13 0.04920103
409 246 9 13 0.049289517
738 268 9 11 0.049315196
447 267 10 14 0.049696114
642 236 10 13 0.049839374
386 292 9 14 0.049909364
626 323 10 14 0.0500627
821 228 8 9 0.05038761
324 275 9 10 0.05070096
26 388 8 16 0.050785426
453 321 10 12 0.0508652
157 392 12 17 0.050916735
596 422 11 14 0.05099501
739 420 10 14 0.05132341
374 322 10 14 0.05175918
821 416 11 15 0.0519315
742 348 10 13 0.052195616
640 346 9 13 0.052383587
638 295 12 17 0.05254256
215 298 11 14 0.05304884
429 385 10 15 0.05314999
621 217 8 11 0.053209186
453 293 11 14 0.05354058
886 451 11 13 0.0535883
799 348 10 13 0.053724345
657 344 8 14 0.053924847
508 388 13 17 0.054125275
871 251 8 11 0.05437987
421 269 10 12 0.054443695
694 221 8 11 0.054536007
611 324 10 14 0.05493884
795 442 14 18 0.054980546
131 299 9 13 0.05516919
101 300 10 11 0.05524718
703 387 13 17 0.055488855
400 322 11 13 0.055714846
390 274 10 12 0.055731125
432 294 11 14 0.055732217
146 388 10 14 0.055773966
852 229 8 8 0.055976413
85 226 7 11 0.05612793
40 327 8 15 0.056412783
789 277 9 10 0.05649363
422 417 11 14 0.05653446
851 384 11 14 0.05671975
125 451 10 12 0.05681486
671 326 9 12 0.057043318
519 264 10 14 0.05719337
390 347 13 16 0.057426054
485 264 10 14 0.05757214
293 270 9 11 0.058211315
406 347 10 14 0.05871183
741 352 13 16 0.0588099
648 418 11 15 0.05892086
80 243 8 12 0.058955863
740 230 8 10 0.05901118
227 384 11 14 0.059085436
466 265 9 13 0.059200056
622 294 12 17 0.059543964
54 328 9 13 0.059633546
224 296 10 13 0.05976401
115 392 13 16 0.059839122
798 323 10 14 0.05988572
592 263 10 14 0.0599896
543 416 12 17 0.06124642
488 378 12 18 0.061761092
407 275 10 12 0.061796304
530 294 10 13 0.06222387
495 354 10 14 0.062231686
673 346 8 13 0.062361237
804 230 7 10 0.06256681
476 452 13 16 0.0630632
470 244 9 13 0.06312396
565 326 12 13 0.063364476
447 378 13 17 0.063456856
160 227 8 11 0.063495144
344 268 9 12 0.06449543
669 417 13 16 0.06456829
247 221 7 11 0.06457192
594 241 9 14 0.0645786
725 324 10 13 0.064592496
848 297 8 12 0.064787
562 375 12 18 0.06492693
212 246 9 12 0.06495192
288 443 13 17 0.0659119
62 267 9 13 0.066006064
309 420 10 14 0.06635022
689 298 10 13 0.06657873
210 273 10 12 0.06666856
513 323 10 13 0.06674743
355 322 11 14 0.06680234
765 422 13 16 0.06692877
212 222 8 12 0.06700723
84 421 13 16 0.06713584
310 221 8 11 0.06718987
839 353 10 14 0.06728638
44 394 13 17 0.067393064
308 270 10 11 0.06771337
278 395 10 13 0.06790917
49 358 8 14 0.067963965
663 391 12 17 0.068315044
69 327 9 13 0.068328805
549 323 11 13 0.06843635
957 420 13 18 0.068483025
229 269 10 12 0.068786554
517 295 10 13 0.06883214
644 218 7 10 0.068931915
198 300 10 13 0.06925647
807 276 10 12 0.06938591
113 420 11 13 0.069502756
768 292 10 13 0.06984432
85 284 10 12 0.06997803
68 363 10 13 0.06999678
324 270 10 11 0.07009446
770 327 10 12 0.07027845
273 294 9 14 0.07073479
223 420 10 14 0.0712514
113 357 10 13 0.071340844
370 274 9 12 0.071374625
719 345 10 13 0.07158261
305 227 8 10 0.07174937
337 322 10 15 0.07176576
241 354 10 13 0.071775444
469 390 13 18 0.072015144
572 296 13 16 0.07238106
166 246 8 12 0.0725004
548 390 11 14 0.072643615
509 450 13 17 0.0726788
477 419 13 17 0.07279913
433 322 10 13 0.07280582
721 305 9 12 0.07288759
307 391 10 14 0.07303999
78 451 12 12 0.073279984
403 218 7 11 0.07370108
368 291 9 15 0.07377393
719 267 8 12 0.07396011
386 390 13 17 0.07425228
456 241 10 14 0.074706584
318 218 7 12 0.074917346
290 446 13 17 0.075037144
526 377 12 18 0.07516162
829 446 13 17 0.07532883
618 217 8 12 0.0757459
889 280 9 13 0.07579068
135 232 7 10 0.07593328
692 347 10 12 0.07597861
607 370 12 18 0.07616733
766 268 10 12 0.07632836
422 385 10 15 0.077075936
256 379 14 17 0.07710798
528 324 11 12 0.07745024
150 222 7 10 0.07775644
691 420 14 16 0.077833034
575 241 10 14 0.07810439
753 326 10 12 0.0784396
208 354 11 14 0.078607336
498 299 11 13 0.07870695
448 216 7 12 0.078812934
695 325 9 13 0.07886245
414 320 11 14 0.07906085
597 295 10 14 0.0796719
804 295 9 13 0.07985765
257 295 9 14 0.07993552
100 282 11 11 0.07996603
830 276 10 12 0.080232814
866 278 9 12 0.08054376
516 216 8 12 0.080779895
447 419 13 16 0.080814324
57 421 9 14 0.08107291
102 245 7 11 0.0814955
653 450 14 17 0.081502065
151 244 7 11 0.08182738
790 268 9 12 0.08223132
758 245 9 12 0.08275837
295 321 10 14 0.08290309
194 390 13 17 0.083199896
695 267 9 12 0.083715916
611 448 13 16 0.08404162
225 451 13 17 0.0845838
563 263 12 17 0.08459897
664 242 9 13 0.08502647
134 268 10 13 0.08548284
821 326 10 13 0.08603188
79 388 12 17 0.08622018
224 355 11 13 0.086272076
772 349 11 12 0.08676338
403 447 14 16 0.08709342
801 245 8 11 0.088190585
336 423 10 15 0.08842034
308 247 10 12 0.08853351
165 298 9 13 0.088536695
281 219 7 12 0.08900596
193 418 11 13 0.08963236
95 326 10 13 0.08989661
813 388 13 15 0.09023988
774 242 10 12 0.09026607
336 247 9 12 0.0904234
676 268 10 12 0.09059524
117 245 8 11 0.09133306
31 360 8 15 0.091491856
822 353 11 13 0.09290557
853 251 11 10 0.093526214
355 292 10 14 0.09478033
512 234 8 13 0.09493827
583 389 13 19 0.09526144
489 215 7 12 0.09660839
134 242 8 12 0.09678538
696 226 8 12 0.09767246
435 248 9 12 0.09783213
736 293 10 14 0.09788999
503 214 8 13 0.09798375
275 247 9 13 0.09806829
432 214 7 13 0.09823527
838 297 9 11 0.09871397
414 245 10 14 0.09893381
723 245 9 12 0.09909432
363 448 14 16 0.09919744
257 449 13 17 0.099634096
805 419 11 13 0.09980329
866 356 10 13 0.10017772
705 244 9 13 0.10071702
552 235 8 12 0.101131424
270 324 10 15 0.10259985
180 326 10 14 0.10317088
256 354 10 13 0.10320792
822 275 11 12 0.10453931
305 294 9 13 0.10521772
534 236 8 12 0.10551192
276 355 10 12 0.106683455
293 249 9 12 0.10685674
640 373 10 16 0.10745864
196 244 10 13 0.10759513
865 386 10 13 0.107879445
466 215 8 12 0.10789
83 221 8 13 0.1094
625 385 12 18 0.109953
879 417 10 14 0.11077685
192 220 8 11 0.11079113
737 244 9 12 0.11105567
384 243 10 14 0.1118498
722 221 8 12 0.11204235
209 323 11 15 0.11214351
30 388 11 18 0.11236811
151 231 8 10 0.11276927
821 245 9 12 0.113094546
101 229 7 10 0.113508515
913 294 9 13 0.11463889
528 216 8 12 0.11720432
392 218 7 11 0.118045606
175 221 7 11 0.11877055
678 243 10 13 0.11885818
579 447 14 16 0.11943356
212 226 8 10 0.119613394
849 277 9 13 0.11990356
232 221 7 12 0.1210033
291 294 9 13 0.12185444
886 298 9 12 0.12192855
224 244 10 13 0.12275027
839 250 9 11 0.122808
850 417 11 14 0.12457415
356 244 9 13 0.12545161
242 324 11 14 0.12550108
324 292 10 14 0.12742078
150 325 10 14 0.12742795
582 217 7 11 0.12784316
749 376 13 17 0.1280581
243 246 10 13 0.12821406
118 227 7 9 0.13337909
903 324 9 13 0.13410762
51 296 8 14 0.1385417
546 451 11 14 0.13869631
902 345 10 12 0.138995
865 296 8 12 0.1417947
902 390 11 13 0.14244539
546 217 7 11 0.14478545
926 385 14 17 0.14610492
419 216 7 12 0.15078722
264 218 8 12 0.15353331
147 457 11 12 0.1535592
881 358 11 13 0.15462436
376 219 8 12 0.15495315
851 328 10 13 0.15705672
181 246 9 13 0.15707728
944 347 9 13 0.17387569
360 220 7 12 0.1753198
119 453 10 11 0.17586619
337 221 7 11 0.17658114
567 218 8 11 0.18887964
598 218 8 12 0.19242288
880 330 10 13 0.19768372

