12_Group_Group_12_Group_Group_12_59
57
123 92 14 22 0.01008982
545 183 43 51 0.01055142
795 196 21 31 0.01063437
398 115 14 20 0.011058176
456 93 19 30 0.011059668
477 115 31 37 0.011138645
319 104 9 11 0.011232396
192 75 17 33 0.011379724
384 116 13 20 0.012359215
771 172 19 33 0.013544299
406 126 22 20 0.013692666
212 263 47 59 0.0146702835
387 119 7 12 0.01498216
321 110 9 12 0.016196184
284 89 17 30 0.017916683
287 173 43 54 0.01793153
391 103 17 30 0.019325005
219 247 54 85 0.019553842
318 107 13 19 0.022800574
480 103 13 24 0.02359379
525 136 23 29 0.02374838
472 91 37 55 0.023786567
0 224 38 118 0.026649872
198 118 18 32 0.02755031
269 78 17 31 0.028323758
478 64 10 12 0.029876698
538 139 23 29 0.031673286
477 98 19 22 0.032293763
299 158 29 40 0.032434385
314 158 19 31 0.03438849
204 122 21 22 0.04283023
476 62 13 18 0.046776954
389 126 9 14 0.047839966
749 171 19 35 0.075910814
190 96 17 34 0.08790949
238 236 40 59 0.08809165
999 271 20 58 0.0905647
397 124 14 22 0.09334296
419 85 18 30 0.10958475
600 121 21 29 0.12555061
113 93 23 21 0.1379238
478 97 27 40 0.14598507
388 123 13 21 0.15241015
471 64 13 18 0.16381508
767 179 28 40 0.17123634
394 120 18 34 0.22105077
228 244 40 60 0.29082426
749 174 25 43 0.40361786
122 88 18 33 0.4566125
274 88 22 21 0.48731402
416 85 19 21 0.5013357
114 87 18 35 0.5174049
272 85 19 31 0.6370915
170 109 26 40 0.81748766
524 88 20 33 0.9181869
592 120 23 32 0.95408106
810 144 24 41 0.97266847

