12_Group_Team_Organized_Group_12_Group_Team_Organized_Group_12_83
150
225 255 14 17 0.010018885
962 194 11 15 0.010438179
648 247 53 81 0.010587059
257 242 7 9 0.0106012495
735 229 21 29 0.010822577
766 207 20 31 0.010827996
994 393 22 104 0.010864696
102 297 20 29 0.0110431155
5 258 9 13 0.011186494
971 348 31 76 0.011306481
761 126 50 80 0.0113643445
203 280 23 19 0.011425995
30 265 24 18 0.011530182
870 181 11 10 0.011562551
761 208 22 18 0.012064381
140 240 24 16 0.012174924
994 364 25 94 0.012245519
68 354 20 30 0.012245757
152 239 24 16 0.012266416
768 211 10 10 0.01233516
946 229 10 13 0.01256276
926 223 14 19 0.012862985
151 254 24 18 0.01304656
756 227 41 59 0.013115239
976 330 44 107 0.013392603
758 208 13 18 0.013428387
959 247 15 18 0.0134359505
760 211 9 11 0.013533511
208 254 11 9 0.013569768
946 236 10 13 0.013656001
993 336 25 95 0.013675944
95 373 22 29 0.013776461
968 285 20 22 0.014120768
205 240 23 17 0.014560251
552 286 30 43 0.014767844
117 222 10 7 0.015128868
923 238 21 20 0.015189947
868 281 39 57 0.015432136
957 198 19 20 0.015466159
190 290 23 20 0.015562259
10 292 23 18 0.0155864125
228 258 10 10 0.015590422
970 369 33 82 0.016118921
867 260 36 63 0.016217351
797 223 46 62 0.016248152
510 302 27 44 0.016366215
862 184 22 19 0.016400786
927 208 9 13 0.016456679
901 213 10 12 0.016527874
560 279 41 60 0.016674036
55 260 23 18 0.017078305
1008 446 11 49 0.017113985
611 266 22 29 0.01720131
71 267 19 28 0.017243205
10 251 17 30 0.017563976
899 217 13 19 0.018518073
939 237 19 29 0.018570812
863 179 23 16 0.018851977
215 272 23 18 0.019075643
769 130 31 42 0.019484477
195 244 14 16 0.020066496
1002 459 20 22 0.020152992
259 269 10 11 0.020199554
8 260 22 18 0.020621879
195 255 12 10 0.020646904
89 297 24 18 0.020700388
702 259 29 41 0.021645
696 253 40 55 0.02187423
200 305 23 20 0.022239644
994 248 14 17 0.022285948
913 218 14 19 0.022919148
221 272 18 32 0.02308251
191 296 22 21 0.023495719
973 494 42 134 0.024373604
411 253 29 40 0.024446392
48 263 15 19 0.024648078
907 233 24 40 0.025203606
257 266 13 18 0.025939599
160 248 18 29 0.026177334
258 264 19 31 0.026388325
290 248 42 53 0.026933005
224 238 10 10 0.027500382
944 227 13 18 0.027804542
727 215 28 36 0.028448775
93 282 20 29 0.028994076
918 249 22 20 0.030078726
80 287 23 18 0.031508066
197 247 10 10 0.03292876
773 105 36 61 0.03396275
65 269 11 10 0.035125483
199 251 24 17 0.036480706
1007 241 11 12 0.036519874
585 271 25 18 0.036630847
923 205 13 19 0.038109854
212 244 10 9 0.039651886
195 252 19 30 0.039669055
11 265 14 20 0.04319358
33 257 21 19 0.045382526
4 256 12 22 0.0456809
88 290 24 19 0.04584249
624 272 23 17 0.050092835
945 234 14 18 0.050322145
176 256 23 19 0.051124312
900 210 13 19 0.051816024
139 257 24 19 0.056856588
140 265 24 18 0.06064289
996 240 19 21 0.067468524
13 296 20 21 0.075719476
26 323 24 20 0.078292064
721 222 21 19 0.0798171
763 121 42 58 0.08178567
392 271 26 42 0.08379226
125 254 23 20 0.085579745
1004 191 13 20 0.08720236
907 242 21 21 0.09624695
188 267 23 20 0.09964099
63 343 20 32 0.1009036
398 239 28 41 0.11006477
917 208 10 12 0.11184887
909 207 19 31 0.11441176
57 265 23 17 0.11808066
190 252 22 19 0.12153781
572 266 30 39 0.12495457
129 242 19 31 0.13035056
154 289 20 31 0.14230736
5 264 17 22 0.15192367
973 368 44 118 0.1559958
909 247 21 21 0.17377749
8 265 17 31 0.23244567
152 277 26 41 0.2358574
29 314 19 33 0.24120528
33 321 19 32 0.24188979
1001 237 20 20 0.26196036
204 272 23 20 0.29700586
1 342 18 34 0.33016896
200 296 20 34 0.34333935
996 191 19 21 0.3518763
728 224 22 21 0.3661821
41 259 23 20 0.36942217
915 205 14 19 0.37227982
954 241 20 21 0.41081154
811 203 50 86 0.42884773
143 278 26 42 0.4376276
546 264 39 58 0.43836376
200 264 18 33 0.49214733
959 191 18 22 0.5576086
110 235 21 30 0.6796336
305 235 34 55 0.8757203
408 242 29 43 0.9076505
742 392 122 207 0.99244654

