12_Group_Team_Organized_Group_12_Group_Team_Organized_Group_12_186
72
236 157 19 33 0.010911207
518 108 21 26 0.011019156
558 145 20 20 0.011415767
743 122 23 18 0.012097912
18 180 29 38 0.012566747
899 150 23 26 0.012584369
958 335 13 23 0.012885479
677 160 24 20 0.013185071
305 378 25 43 0.015145785
804 207 20 33 0.01661791
339 306 20 32 0.019810708
983 293 7 12 0.021481106
980 291 12 21 0.024401886
729 302 21 31 0.03883002
337 272 19 31 0.04860389
778 443 27 39 0.0547681
632 202 19 33 0.054899648
412 151 20 29 0.059227917
132 181 28 38 0.060234644
530 343 20 35 0.07452948
731 143 18 33 0.082322754
368 188 21 33 0.08436119
665 367 23 29 0.10986506
974 302 18 31 0.11046506
282 170 24 20 0.117621325
979 305 12 23 0.1201262
724 147 17 33 0.14729212
459 185 21 34 0.15574361
559 194 23 33 0.17782141
696 218 24 41 0.18164185
519 192 20 32 0.18324788
627 202 18 34 0.1990705
722 145 22 22 0.19952211
511 100 21 27 0.21456909
757 220 26 40 0.22170717
533 342 25 38 0.22234342
450 159 19 28 0.2238828
603 191 21 31 0.22533841
720 170 21 30 0.22803007
287 163 19 31 0.2282955
492 160 21 32 0.23317444
344 310 21 34 0.23346621
675 193 21 32 0.24702889
584 153 23 27 0.26929286
654 361 25 39 0.29141834
673 156 20 27 0.31124064
826 196 26 40 0.3133467
367 154 19 31 0.31557143
269 190 24 40 0.35729834
600 358 25 40 0.36619878
468 309 28 37 0.3802265
764 157 22 31 0.3804432
901 192 27 37 0.3832351
575 113 21 27 0.410658
449 393 29 36 0.41150013
331 155 20 34 0.4305095
149 190 28 35 0.44859904
400 144 22 31 0.4507083
297 266 25 40 0.45790663
715 352 29 35 0.46074662
312 378 25 39 0.46380585
109 170 26 39 0.46892312
225 198 27 40 0.48287585
394 363 26 41 0.5021301
255 142 21 33 0.50979
189 172 30 34 0.5667446
970 340 26 42 0.5834821
163 146 26 28 0.6213087
861 324 27 41 0.7205321
13 176 27 40 0.7708403
68 157 31 38 0.8077139
201 357 26 44 0.8544517

