12_Group_Large_Group_12_Group_Large_Group_12_276
63
1013 12 11 23 0.010090487
33 62 27 45 0.01009222
722 85 34 41 0.011378861
64 25 39 62 0.011536542
907 37 17 31 0.01183311
956 46 40 59 0.012429976
1008 86 13 51 0.012983231
959 15 21 20 0.014733112
27 55 36 61 0.015179265
968 13 18 31 0.016109789
71 46 45 89 0.016640857
81 46 42 56 0.01668817
998 53 23 48 0.016936265
90 260 50 95 0.017695315
1014 64 8 14 0.01842064
1004 81 18 65 0.018767694
94 287 55 85 0.019513126
6 57 43 96 0.020796916
1012 4 8 11 0.02153956
498 4 35 42 0.023481641
564 40 45 51 0.024132134
1009 35 9 11 0.024231112
456 215 56 75 0.0256123
1016 70 8 33 0.02640122
527 67 50 81 0.030209731
1000 108 18 69 0.030275661
1006 30 13 19 0.032232605
140 0 45 84 0.034217943
146 20 35 42 0.036520835
997 72 26 87 0.03666465
0 58 39 66 0.03800683
1011 59 11 25 0.03961816
964 116 45 97 0.05264532
704 157 52 80 0.054230444
61 44 44 58 0.057025958
306 15 34 41 0.058538694
988 26 16 34 0.059128202
1002 58 16 37 0.06372134
995 97 25 90 0.08669862
450 68 47 82 0.10230651
653 71 45 53 0.12858444
983 27 21 21 0.1853831
979 24 18 33 0.22607255
667 258 64 84 0.34620318
698 150 44 70 0.39373916
110 280 56 91 0.42010888
594 89 48 64 0.4206875
436 227 60 79 0.4417238
569 205 54 77 0.4533583
323 223 46 73 0.45342577
441 66 45 65 0.48390672
211 234 65 70 0.5775035
353 37 47 67 0.64307034
0 70 32 67 0.6572314
518 75 43 66 0.71794665
133 7 47 56 0.7254148
489 0 40 55 0.7810303
849 77 60 76 0.8044776
226 56 43 66 0.8097686
646 63 40 56 0.81980085
707 75 45 54 0.864739
293 8 41 51 0.8775413
577 27 41 51 0.9530251

