12_Group_Team_Organized_Group_12_Group_Team_Organized_Group_12_685
140
155 709 39 56 0.010007602
798 876 33 36 0.010161477
4 663 17 37 0.010264678
918 867 44 52 0.01061038
1007 562 17 24 0.010672652
761 723 21 27 0.010929825
216 652 38 58 0.010987394
413 592 35 60 0.0110084405
1010 523 12 55 0.011042049
617 767 21 29 0.011061383
622 890 21 20 0.011063711
25 687 27 45 0.0110647855
709 667 26 17 0.011244794
713 819 21 30 0.01128958
43 751 20 30 0.011435506
516 693 23 27 0.011647339
255 879 26 44 0.011701576
200 667 27 42 0.012172957
523 658 24 18 0.012681489
856 1089 46 65 0.01269796
750 720 23 20 0.012725116
551 888 28 39 0.012863113
994 627 17 32 0.012915743
635 628 22 18 0.012930737
558 897 24 17 0.01294169
979 1085 34 79 0.013054402
1006 879 14 44 0.013110716
96 798 21 27 0.013332133
605 888 21 20 0.0135879
488 683 24 18 0.013728632
777 886 22 29 0.0139973145
965 570 25 18 0.014102305
567 709 28 16 0.014176404
63 710 22 19 0.014292235
1001 507 23 90 0.014540307
942 613 25 41 0.014955835
950 813 39 60 0.014970833
75 622 18 32 0.01512114
475 626 23 19 0.015265363
807 858 21 29 0.015510455
161 718 28 40 0.015557518
224 626 27 42 0.015577439
338 814 39 55 0.01565995
91 811 22 19 0.01568405
45 744 22 20 0.015982496
114 856 13 18 0.01612852
147 490 21 18 0.016458716
683 630 20 28 0.016460013
147 868 12 20 0.016585244
486 627 18 33 0.016889328
586 856 21 29 0.017872302
29 719 38 54 0.018067898
294 813 28 39 0.018440468
128 706 19 21 0.01859439
130 529 20 20 0.018894952
933 559 20 32 0.01958874
954 839 39 66 0.019684073
152 488 23 19 0.020221248
45 1098 68 84 0.021077665
761 703 21 28 0.021525795
773 763 18 29 0.021712597
18 1088 63 88 0.022012632
393 768 20 21 0.022115113
22 1092 48 60 0.022164682
948 861 42 62 0.023509907
750 712 25 38 0.023564205
191 598 20 22 0.024496946
433 805 43 59 0.025369843
511 810 28 39 0.025668846
558 891 23 18 0.02669601
752 715 23 20 0.02773519
103 731 22 29 0.029252471
840 1092 67 85 0.030381953
799 774 23 21 0.030415718
666 609 18 30 0.031565752
41 734 21 31 0.032028724
481 661 23 19 0.03401501
133 754 20 30 0.035138622
638 870 28 38 0.035600346
61 610 19 31 0.035604846
674 660 19 29 0.036632795
849 860 22 30 0.03679998
520 614 22 20 0.03713518
144 1031 71 77 0.038840625
878 604 18 35 0.040392525
560 756 25 41 0.04103812
17 677 38 64 0.04289261
1008 677 16 25 0.043904398
1004 554 19 57 0.044963308
560 654 21 29 0.047248855
102 592 19 32 0.050695058
496 866 21 22 0.05224724
5 673 40 63 0.05363384
492 861 22 30 0.053726867
537 723 23 20 0.054125205
114 831 19 21 0.055436507
312 858 20 30 0.05802128
63 615 21 19 0.059937917
109 826 18 31 0.06076409
669 663 24 19 0.060962744
488 663 19 32 0.06260871
777 1099 50 103 0.07626494
960 570 22 20 0.07644538
569 654 20 30 0.07657034
274 634 19 32 0.0773528
752 706 20 33 0.08206607
953 611 19 33 0.0843496
305 858 21 30 0.08881759
390 763 20 32 0.09563547
904 570 19 30 0.09624961
195 590 26 43 0.10608066
748 858 28 39 0.11178873
704 664 21 29 0.1192858
760 864 23 30 0.12266431
961 562 18 32 0.13606092
1004 670 17 34 0.13665399
943 610 20 34 0.13794251
431 982 40 75 0.13926497
542 721 22 29 0.14750916
604 720 23 30 0.15727986
281 641 22 30 0.15764113
658 606 18 31 0.15826745
646 773 23 32 0.17513563
361 645 20 30 0.18475266
621 657 22 29 0.19376151
852 858 29 35 0.20183791
592 606 18 30 0.20294441
168 764 20 30 0.23002331
565 762 26 39 0.23100674
646 868 22 32 0.2445108
803 771 22 30 0.25552
76 753 22 31 0.25580752
328 760 21 32 0.26927525
732 755 21 32 0.27682406
683 718 20 33 0.27889988
648 977 60 74 0.3136842
543 982 38 71 0.38701564
29 636 19 32 0.38784027
91 630 20 32 0.44964492
399 152 66 88 0.96690613

