12_Group_Group_12_Group_Group_12_10
19
676 126 50 60 0.011005104
216 74 47 50 0.019694326
843 212 60 69 0.027019868
946 400 37 59 0.030295353
579 48 22 20 0.08823227
773 93 47 64 0.40719643
687 117 52 75 0.51023674
582 43 21 31 0.61220074
248 111 51 80 0.6156015
664 321 67 88 0.71644866
857 195 42 53 0.7418023
905 138 66 71 0.76483846
78 301 73 83 0.8173297
281 330 72 92 0.8189373
543 99 41 72 0.87090445
558 375 56 91 0.87462956
87 96 54 96 0.89605063
380 141 44 66 0.9070213
843 340 93 87 0.9599139

