12_Group_Large_Group_12_Group_Large_Group_12_322
38
989 20 35 60 0.010037111
758 333 13 24 0.010080581
424 35 27 16 0.010134625
932 65 34 34 0.01073298
939 75 29 14 0.011290406
996 371 28 55 0.011544675
198 337 8 10 0.0116384225
259 369 21 35 0.013004163
959 49 28 14 0.013361847
261 357 20 39 0.013980193
295 16 9 11 0.014052894
317 370 26 19 0.0146656465
319 360 32 55 0.014862405
915 53 69 78 0.017275015
866 348 11 21 0.017411262
807 5 27 15 0.017583124
916 299 12 19 0.018862233
1000 44 21 21 0.01992344
868 351 8 12 0.02354545
939 71 30 13 0.0240298
995 27 26 44 0.024543319
918 301 8 14 0.02557094
990 35 27 16 0.028787654
828 396 21 34 0.02913174
992 44 25 17 0.029525911
765 369 18 35 0.03078808
918 332 12 23 0.0336544
966 49 26 17 0.03505178
812 393 29 41 0.037771795
751 365 24 42 0.109450564
755 358 18 40 0.23020451
758 357 24 43 0.46513286
322 364 20 35 0.79111856
1003 380 19 38 0.8383072
60 349 26 41 0.88500357
818 399 31 38 0.92020935
254 352 32 53 0.9661606
519 371 31 54 0.98063916

