12_Group_Group_12_Group_Group_12_123
25
38 177 10 25 0.010831326
40 168 7 16 0.011130685
101 219 8 10 0.011196698
45 165 11 21 0.0130766295
99 184 11 19 0.013297911
103 265 29 41 0.013479736
116 180 12 19 0.015418276
117 174 12 19 0.017456416
98 204 7 11 0.019080708
33 163 17 31 0.024332432
80 186 12 18 0.024656918
118 177 9 13 0.02742551
83 200 7 11 0.028609795
64 183 12 20 0.032004368
118 183 8 12 0.038135584
67 187 8 12 0.05018043
103 244 34 61 0.05324
38 164 11 25 0.05561794
101 188 7 10 0.1680844
83 189 7 12 0.18607235
443 104 26 41 0.9339858
649 102 25 41 0.95249856
233 68 40 64 0.96513265
820 34 60 98 0.98340213
548 87 34 61 0.9875102

