12_Group_Large_Group_12_Group_Large_Group_12_103
77
289 163 20 22 0.01046201
584 178 21 19 0.010572714
529 291 47 63 0.010661913
293 154 31 57 0.011090077
395 197 35 50 0.011162946
749 191 21 20 0.011272635
834 272 30 38 0.011943298
569 166 23 18 0.012131371
406 134 13 18 0.012277363
527 176 23 20 0.012445011
644 242 31 74 0.012589957
302 118 22 19 0.012749244
524 147 18 30 0.012890745
873 185 17 34 0.013037469
931 201 20 31 0.013486053
526 176 20 34 0.013580873
557 157 24 18 0.0135844825
576 174 21 20 0.01402541
814 158 17 33 0.01470335
709 208 24 46 0.014765354
465 194 21 20 0.014921924
4 244 31 82 0.016014729
986 229 30 39 0.016105171
736 196 21 20 0.016512457
491 177 19 31 0.017765025
755 178 19 21 0.018753318
534 178 24 22 0.018768871
489 175 27 40 0.019008512
364 133 15 22 0.02044271
446 151 16 25 0.021870298
889 266 43 52 0.021882916
8 232 15 46 0.02296747
641 204 30 66 0.023650171
409 154 19 23 0.02499702
474 193 21 20 0.027864438
745 130 20 22 0.031585336
328 137 17 33 0.032370698
503 323 53 107 0.0354404
305 121 18 31 0.04055951
319 124 16 34 0.042932525
402 148 19 21 0.044500984
663 221 30 70 0.04758479
680 138 18 29 0.04911887
830 159 16 35 0.053305835
657 130 23 20 0.05957426
700 219 33 63 0.061794948
748 178 18 32 0.06539768
414 145 19 24 0.081585206
916 176 18 32 0.082475305
360 128 16 31 0.0831002
579 180 21 30 0.08381353
401 207 22 32 0.093466446
517 307 52 98 0.11198416
775 187 20 36 0.114027984
741 134 16 30 0.1141641
5 220 29 73 0.12359564
516 178 36 55 0.17659424
114 154 34 40 0.20840386
663 130 23 21 0.2109086
819 167 19 34 0.26215252
400 150 18 31 0.27493685
740 131 13 25 0.3178843
359 138 22 22 0.33846414
448 146 13 26 0.3629997
540 173 22 32 0.43130118
298 156 18 37 0.44619724
650 218 28 72 0.48758316
923 178 20 33 0.505375
774 193 27 39 0.58288956
639 138 22 32 0.6312211
914 291 51 64 0.638892
498 188 40 51 0.66012764
825 164 18 35 0.6741498
507 128 22 21 0.6762317
405 202 30 36 0.7222119
313 187 38 55 0.74055403
106 146 36 57 0.9534917

