12_Group_Large_Group_12_Group_Large_Group_12_253
97
633 226 22 22 0.0101607675
1016 246 7 35 0.010355297
567 206 20 22 0.010391741
889 213 25 16 0.010748078
84 507 36 59 0.011087709
388 200 13 23 0.011331647
1008 250 16 35 0.01165228
617 209 21 23 0.011667794
27 204 19 24 0.011880071
933 227 19 28 0.011928901
410 239 23 22 0.011967676
996 380 16 40 0.012143703
916 211 7 7 0.012784017
555 210 18 31 0.013313969
616 216 21 23 0.013347384
410 236 24 42 0.013364771
398 215 19 32 0.013390404
573 201 16 31 0.013659475
897 217 10 9 0.014025007
392 195 22 21 0.014621825
271 257 21 30 0.014646848
768 364 20 34 0.015194029
936 217 6 7 0.015389833
219 269 23 47 0.0155705735
706 249 20 24 0.01609687
117 201 13 28 0.016458994
722 232 16 34 0.01764119
494 215 20 23 0.01931094
448 207 21 19 0.020779027
987 375 23 51 0.02217004
748 374 20 34 0.02938791
29 205 24 41 0.030230394
945 215 6 8 0.030391373
222 264 19 33 0.032569353
686 218 23 20 0.03372524
834 367 26 45 0.034119826
847 224 23 18 0.034516055
557 405 19 35 0.03539368
848 220 19 29 0.04037209
783 215 16 33 0.04037985
639 188 18 30 0.040418208
891 221 23 17 0.043349165
5 233 17 35 0.044112474
257 223 23 19 0.044382565
889 242 24 20 0.046612177
898 224 11 9 0.05212441
571 320 20 32 0.05811938
509 203 17 33 0.0632349
862 220 20 28 0.074849516
280 248 21 49 0.07622624
552 326 24 42 0.07757981
116 195 18 32 0.08576174
456 201 19 29 0.114224
498 204 17 34 0.13526447
393 433 29 44 0.14160334
605 322 25 40 0.14891648
765 255 18 33 0.16013288
895 237 21 31 0.17039806
414 234 21 33 0.17547992
714 245 18 33 0.20466922
356 224 25 43 0.21456495
798 230 19 34 0.22951731
660 383 27 46 0.23018934
460 227 20 33 0.23870382
734 232 18 32 0.23956768
0 241 15 37 0.24354891
392 198 20 32 0.25840002
641 227 18 32 0.26324826
613 204 18 33 0.26787868
768 202 17 30 0.26841965
760 368 25 39 0.27156425
679 319 25 43 0.27933034
589 419 24 45 0.2883895
684 232 17 33 0.2892587
614 281 26 40 0.29282358
207 195 20 31 0.30119783
858 224 25 19 0.30409482
859 244 26 41 0.3086379
24 436 29 44 0.31967452
561 201 17 35 0.33537436
39 262 28 45 0.33963206
244 392 33 56 0.3445384
938 259 20 34 0.3490059
158 207 26 37 0.3545334
873 383 27 43 0.36327055
301 226 19 33 0.37853804
331 200 19 33 0.3867986
92 238 24 44 0.39579627
34 200 20 35 0.4056095
973 385 26 49 0.41124398
165 261 24 44 0.41829747
546 334 27 40 0.43685824
264 220 20 31 0.44238308
353 420 28 43 0.45988762
121 199 20 32 0.48372042
487 364 28 46 0.5387847
130 413 35 55 0.60454226

