12_Group_Team_Organized_Group_12_Group_Team_Organized_Group_12_503
48
486 59 30 36 0.011937751
877 115 33 37 0.02095973
230 37 19 33 0.026000153
827 73 24 21 0.029872388
730 97 23 34 0.030598933
705 77 31 32 0.037619542
568 35 19 35 0.040673994
371 44 29 34 0.049237918
624 55 23 32 0.05477489
892 75 24 28 0.07411681
433 35 19 36 0.11068956
883 67 21 32 0.13403267
440 41 20 33 0.14697185
430 42 26 37 0.21489353
688 64 23 32 0.22133695
691 67 30 31 0.40334663
653 79 29 36 0.40708676
658 75 33 35 0.45750657
556 40 30 34 0.5236646
831 69 23 31 0.58760554
576 79 32 37 0.6204568
492 25 19 37 0.6515852
888 70 24 30 0.6542641
801 92 29 41 0.72974825
190 97 32 39 0.76578087
428 186 33 49 0.77113134
245 197 29 40 0.7723207
363 44 28 35 0.78872573
628 53 29 36 0.7910609
726 101 30 40 0.791582
750 63 25 29 0.7955661
329 91 33 38 0.80052686
300 53 23 34 0.82209605
158 47 27 38 0.82695025
340 203 30 41 0.8575157
883 111 35 36 0.85862726
410 72 28 41 0.85927194
233 42 21 34 0.8685699
489 71 28 39 0.86882746
136 175 35 38 0.86946076
542 177 39 50 0.87225455
25 178 40 49 0.88287115
648 206 27 42 0.9181003
952 203 34 41 0.9340775
756 204 36 38 0.9358883
265 104 27 40 0.94845635
95 104 34 37 0.9491484
868 199 32 43 0.95791817

