12_Group_Large_Group_12_Group_Large_Group_12_662
89
326 182 8 10 0.010016733
477 297 13 19 0.010129747
8 197 35 57 0.0104438
115 261 6 8 0.010703115
539 279 22 18 0.010944944
564 300 11 11 0.011020538
510 343 20 29 0.011190244
573 368 12 23 0.011391774
935 162 14 20 0.0115051875
508 355 22 20 0.012170371
488 213 17 31 0.012206678
896 137 36 65 0.012353286
25 210 20 23 0.012645972
798 469 22 54 0.013800218
482 308 9 13 0.013979537
417 233 11 11 0.014013018
258 249 9 11 0.014713613
502 276 11 22 0.01488389
229 243 8 11 0.014980373
67 230 8 10 0.015204127
493 225 13 22 0.015560233
215 234 7 10 0.015602743
1003 204 16 35 0.015729157
119 238 6 6 0.016125917
128 247 7 6 0.017146492
398 222 13 20 0.01726854
46 238 20 21 0.018068315
48 231 20 21 0.018330986
183 264 6 7 0.018420994
336 232 8 13 0.018557748
228 224 19 28 0.022070702
59 226 21 19 0.02262612
360 244 19 21 0.022757502
413 216 18 29 0.023329617
83 251 10 9 0.023697611
335 259 12 22 0.024854617
102 248 8 6 0.024916396
26 206 34 59 0.0252952
265 223 20 20 0.025718922
60 222 18 33 0.02722814
936 162 22 18 0.027323278
348 260 20 22 0.02759814
272 219 9 11 0.028393596
432 270 18 33 0.02845622
479 304 12 20 0.02859736
327 248 8 14 0.029032398
558 302 21 18 0.029114308
166 262 7 6 0.030836854
333 229 12 19 0.031647097
260 216 13 18 0.031784512
76 247 23 18 0.032146547
1014 202 9 30 0.032308504
259 230 9 11 0.032835018
257 226 13 18 0.03316094
387 222 20 20 0.03340729
327 230 8 13 0.036467403
129 237 7 6 0.036713675
936 145 18 31 0.037459098
355 242 18 30 0.03775277
166 255 6 6 0.038970437
251 245 21 19 0.040028535
262 219 8 11 0.040156092
553 286 20 30 0.041349094
327 255 11 22 0.04231577
269 216 13 18 0.04441455
323 216 18 32 0.044921923
435 275 20 20 0.059839
327 242 17 31 0.061617937
325 245 13 21 0.07023134
397 215 14 21 0.072548024
42 229 26 43 0.07607457
358 245 10 13 0.079387926
445 271 18 31 0.08181146
242 233 8 12 0.082132235
15 207 18 35 0.08233713
238 230 13 18 0.094431594
388 216 20 21 0.09456139
232 232 8 14 0.097186685
325 226 12 20 0.098162174
558 297 22 18 0.11606737
411 228 21 19 0.121277325
36 212 19 34 0.124867104
441 276 21 21 0.17741051
937 149 21 20 0.18148296
357 242 13 20 0.19600171
117 250 7 7 0.28504002
395 211 18 30 0.307619
230 228 13 21 0.4962454
795 287 39 54 0.8995342

