12_Group_Large_Group_12_Group_Large_Group_12_550
23
404 634 48 55 0.01057638
398 67 21 38 0.013039629
581 163 48 115 0.029371932
20 605 45 114 0.036752522
592 66 27 47 0.04339887
36 604 36 76 0.05045642
291 129 36 65 0.056140073
184 598 37 71 0.081952125
405 67 32 43 0.18920416
84 525 26 48 0.2593803
943 59 28 48 0.31905085
77 520 29 59 0.51854473
741 511 35 58 0.86267084
417 513 35 54 0.8634157
234 517 31 53 0.8756337
395 55 34 56 0.8756695
906 521 29 47 0.88841105
584 518 30 64 0.91773736
228 56 33 55 0.93099463
947 52 32 63 0.9410903
67 59 33 58 0.9749864
597 55 31 61 0.9764009
758 58 32 55 0.97856426

