12_Group_Team_Organized_Group_12_Group_Team_Organized_Group_12_418
185
62 226 13 19 0.010191569
407 54 8 12 0.010321093
303 205 17 28 0.010381469
494 193 11 19 0.010640477
91 220 21 19 0.010752749
196 95 6 9 0.010781531
391 407 24 20 0.010802982
624 121 9 14 0.010994485
290 256 21 29 0.011014344
522 310 19 30 0.011098182
601 100 8 14 0.011123371
223 189 15 16 0.011191278
225 74 8 14 0.011271089
214 151 9 12 0.011394487
270 63 9 14 0.011487473
213 76 8 12 0.011526324
142 184 14 17 0.011547183
559 163 12 18 0.011669218
251 162 20 18 0.0117083555
363 168 13 17 0.011820754
447 163 12 18 0.01196872
670 154 11 19 0.01210976
384 54 9 12 0.012116831
387 90 9 11 0.012843394
216 60 9 13 0.012977385
557 156 12 18 0.013324553
264 61 9 13 0.013731292
447 155 13 18 0.013760713
549 217 12 19 0.013880726
304 194 16 33 0.0139358165
696 185 10 18 0.014200521
385 45 9 12 0.014715411
317 249 23 18 0.015243502
341 150 10 14 0.015419528
366 119 12 18 0.016016915
403 194 12 16 0.016107302
354 192 13 19 0.016687341
520 326 22 20 0.016946636
664 211 13 19 0.017229216
308 85 9 13 0.017602418
371 74 13 17 0.017870534
373 77 10 12 0.017906532
432 148 8 15 0.018121552
270 158 15 15 0.018370068
519 179 12 18 0.018506208
642 163 12 18 0.018715745
104 176 20 20 0.018784678
400 192 19 19 0.018795412
550 155 12 19 0.019232739
120 136 13 20 0.019566195
247 187 12 13 0.01988304
452 133 12 18 0.020005638
692 272 12 21 0.020152949
363 184 13 17 0.020647774
462 182 12 19 0.021094622
584 124 8 14 0.021170445
500 147 12 18 0.021369757
296 263 23 19 0.02179174
531 140 11 18 0.022432808
672 155 8 14 0.022477683
614 166 12 19 0.022915846
550 133 11 19 0.023001233
423 140 13 18 0.02375649
593 248 12 20 0.023806438
453 135 9 13 0.024239253
606 93 12 18 0.024511905
649 104 9 17 0.024772907
265 134 12 18 0.0251149
678 292 13 22 0.025150253
408 70 12 19 0.025548872
552 135 8 15 0.025985723
607 98 9 15 0.028149836
234 355 26 19 0.02842194
527 173 9 13 0.028618535
206 102 7 11 0.030309575
408 259 20 33 0.030654954
274 166 12 11 0.030729014
467 374 19 32 0.030808039
207 208 14 18 0.031832673
316 184 13 18 0.03209986
560 158 8 13 0.032729086
365 136 12 19 0.03340936
531 149 12 19 0.033660423
693 266 11 22 0.03389591
525 178 12 17 0.03403951
611 147 9 15 0.03409895
411 163 12 17 0.03460735
514 151 12 19 0.035750166
552 158 8 13 0.038945567
420 147 12 18 0.038971364
561 165 9 12 0.039459333
411 219 14 20 0.039742872
502 149 9 13 0.040202152
265 68 9 15 0.040987924
548 164 9 12 0.041544154
339 171 13 16 0.041892987
533 152 9 13 0.04289221
305 157 13 16 0.042970058
87 184 14 19 0.0436763
669 163 12 19 0.04450782
532 142 9 13 0.046372123
372 85 13 18 0.04694904
357 167 13 18 0.04871862
374 88 9 13 0.04924853
597 159 9 14 0.04983672
503 142 9 14 0.05173138
201 102 7 11 0.052745424
495 167 12 18 0.055448797
517 154 8 13 0.05548386
271 67 8 14 0.05588041
580 138 8 14 0.06018548
357 187 13 18 0.061873827
242 76 9 15 0.062171135
499 187 12 18 0.06339799
124 138 13 19 0.06424398
362 226 14 19 0.06462273
307 140 13 17 0.0653566
379 145 12 18 0.066653654
306 163 11 14 0.06683415
429 139 12 18 0.06949669
555 183 14 18 0.070039794
310 181 14 17 0.07074736
380 141 13 18 0.071658626
611 142 10 15 0.07204531
402 258 20 33 0.07262898
256 164 12 12 0.07429159
281 86 10 16 0.075519234
579 171 9 14 0.076730914
150 216 22 19 0.07740964
307 77 9 13 0.079185896
636 357 19 31 0.07982045
357 136 12 17 0.08019141
598 163 9 14 0.08458055
133 192 19 20 0.08580184
106 173 15 17 0.08815183
294 33 12 18 0.08920971
750 200 13 20 0.089678496
221 154 13 17 0.09204753
485 155 10 14 0.09430532
412 71 12 18 0.095193535
602 195 14 19 0.095232554
551 185 13 18 0.09613043
319 83 14 16 0.09718466
511 210 14 21 0.098635316
283 86 13 17 0.100538604
102 172 15 17 0.10245181
95 226 14 20 0.10337377
644 183 13 20 0.109047405
404 190 13 17 0.112330586
406 219 14 20 0.11261696
644 155 12 18 0.11556714
450 187 13 18 0.121602185
461 137 12 18 0.12485851
406 163 13 18 0.12621476
651 103 12 20 0.12647852
454 217 15 19 0.13034134
324 140 13 17 0.13463159
304 204 20 20 0.13483341
146 218 21 19 0.13778284
514 290 21 21 0.14012828
563 220 14 19 0.14515105
315 280 20 30 0.14519624
207 167 14 17 0.14655942
652 185 12 20 0.14998212
247 183 21 20 0.15033518
622 167 13 19 0.16222395
90 183 21 19 0.16670126
257 223 19 20 0.1699255
152 171 20 20 0.17644802
668 211 14 19 0.17761113
235 347 19 32 0.18621892
473 374 20 32 0.19163245
27 210 21 22 0.19251814
203 204 22 19 0.19259588
559 365 18 32 0.19884232
621 216 15 19 0.20267382
268 134 13 17 0.2226112
395 400 19 32 0.23177576
699 186 13 20 0.2653164
718 214 14 19 0.27447075
188 187 15 18 0.28998783
806 183 22 21 0.29500055
300 367 22 34 0.30048692
656 302 19 29 0.30168945
170 354 20 33 0.34757882

