12_Group_Team_Organized_Group_12_Group_Team_Organized_Group_12_855
46
1005 372 19 20 0.010040461
292 380 37 32 0.010750111
605 256 19 30 0.010752831
707 250 10 11 0.010779441
822 328 37 50 0.011155175
643 337 20 19 0.011346561
797 365 41 50 0.0113700945
745 288 26 19 0.0115569895
600 311 22 20 0.012039603
892 317 21 20 0.012090357
669 340 22 30 0.012361369
900 298 34 55 0.012535739
794 344 23 19 0.012924677
960 315 19 32 0.013131444
720 257 26 17 0.0141667845
953 331 26 43 0.014169042
701 248 22 18 0.014195936
745 282 29 17 0.014273398
285 373 50 46 0.01487502
998 397 16 37 0.015631707
648 338 23 20 0.016354037
893 311 22 21 0.016584232
589 306 20 31 0.017141672
808 345 25 19 0.018296944
313 387 26 17 0.023510985
645 329 31 36 0.024680443
990 407 24 18 0.027115531
783 341 21 30 0.029084548
604 310 20 31 0.029785246
685 288 23 21 0.031565066
824 345 25 20 0.03673167
729 255 26 17 0.042831793
734 251 26 16 0.05257205
737 248 33 14 0.05330974
802 372 31 36 0.053590354
912 312 22 21 0.07720389
923 304 19 32 0.080515124
716 247 31 34 0.12266724
806 346 22 29 0.13999435
908 306 20 33 0.3449244
830 336 23 31 0.5475294
741 272 28 37 0.6550205
728 247 31 35 0.7071008
676 278 27 39 0.75259966
890 241 28 39 0.8731383
806 274 28 41 0.96410275

