12_Group_Team_Organized_Group_12_Group_Team_Organized_Group_12_778
122
576 100 21 20 0.01011431
813 145 27 19 0.010193806
532 215 15 33 0.010287937
349 53 15 21 0.010338295
622 77 17 31 0.010593454
711 60 24 19 0.0108690895
797 121 24 18 0.011275411
656 87 19 30 0.011934861
379 233 23 19 0.011953488
155 264 18 34 0.013255252
272 232 22 20 0.013544126
742 78 28 17 0.0138454195
431 87 18 30 0.014024526
188 206 17 29 0.014189078
364 85 19 30 0.015117219
352 46 18 27 0.017065182
843 130 27 20 0.017160077
338 287 17 34 0.017697686
936 139 20 33 0.018506845
694 78 22 21 0.018718584
277 229 24 20 0.019229088
172 216 23 21 0.020439597
582 65 22 20 0.021663912
271 64 27 17 0.023388196
288 101 23 19 0.025751991
337 57 22 21 0.02661222
727 208 27 17 0.031714305
717 61 16 30 0.032941803
689 124 19 29 0.033420533
608 232 21 21 0.03597039
473 293 18 35 0.03609048
383 72 21 22 0.03652854
802 101 20 26 0.037640043
764 116 24 21 0.038308043
857 184 19 32 0.038542595
230 92 17 31 0.03916869
649 76 17 30 0.04039227
744 71 16 30 0.0407957
858 111 26 18 0.04117813
660 68 13 18 0.041398928
719 86 22 20 0.043494266
527 218 22 18 0.046231754
732 203 18 33 0.047959387
369 82 21 22 0.051071756
692 121 19 23 0.058219302
402 301 18 34 0.0665006
323 70 18 28 0.06698206
433 83 23 20 0.07128923
597 75 19 20 0.074047096
718 96 18 31 0.08842355
326 229 24 20 0.091695964
436 218 17 32 0.093552455
428 70 17 29 0.10010222
409 305 19 35 0.101046644
288 60 16 30 0.10233059
752 96 19 28 0.105034165
365 70 17 31 0.10852676
295 98 19 29 0.108695984
282 222 16 31 0.122824475
254 71 18 28 0.12336921
769 117 20 30 0.12560785
780 102 19 31 0.12599297
343 55 22 22 0.12652655
226 98 23 19 0.13021798
388 67 19 22 0.13390529
893 168 23 30 0.13415231
803 115 28 19 0.14357883
497 91 22 21 0.1485727
814 132 19 31 0.15668093
520 292 19 36 0.15753795
662 91 23 22 0.1578483
583 94 19 32 0.15801778
464 64 16 29 0.1605361
746 95 25 20 0.16273259
467 291 19 36 0.16487288
831 100 19 28 0.165477
537 67 23 21 0.17227507
207 50 22 22 0.18117061
707 53 19 21 0.18888499
645 79 15 22 0.19114575
245 77 27 19 0.19500874
801 77 23 20 0.20761324
161 92 22 22 0.20816024
278 223 16 33 0.21309897
712 120 21 28 0.21800116
463 66 24 21 0.22001243
589 296 20 36 0.24917808
580 58 19 23 0.2537522
741 68 25 19 0.26978445
649 298 20 33 0.26993346
176 206 17 33 0.2699834
289 286 18 35 0.27399948
317 72 22 21 0.27468804
348 287 18 33 0.28677335
410 57 23 21 0.29050085
849 189 21 32 0.29172853
614 225 17 29 0.29197067
278 64 26 20 0.29340807
877 127 20 30 0.29532197
656 225 18 31 0.32605866
689 74 21 22 0.3325912
209 44 16 33 0.33265588
446 222 18 31 0.33541694
905 134 20 28 0.33765867
826 99 27 19 0.34546942
711 303 21 32 0.34798563
555 223 18 31 0.34919912
786 94 23 20 0.35671946
622 89 22 21 0.3642235
385 223 17 32 0.37186715
713 88 25 20 0.37322786
332 224 16 31 0.37945044
511 60 23 21 0.37971166
846 128 19 32 0.38266802
495 219 18 31 0.38856858
935 145 26 39 0.39732644
229 276 19 35 0.44044903
236 218 17 31 0.46763033
63 277 20 35 0.46960774
782 299 20 33 0.4939296
171 280 21 34 0.66727096
108 278 20 35 0.7052199

