12_Group_Group_12_Group_Group_12_434
29
790 293 26 47 0.011277005
161 225 24 59 0.011788859
772 295 28 44 0.013377624
31 225 43 57 0.0136057045
790 264 33 65 0.01371014
732 203 34 66 0.015606009
422 181 20 39 0.018234557
769 278 20 35 0.018324971
576 217 28 41 0.019729214
739 250 37 65 0.021342734
786 282 35 68 0.026478598
412 189 42 53 0.028922966
133 222 42 69 0.037313636
809 215 35 69 0.04563172
769 284 36 65 0.051028203
705 227 35 70 0.058638114
702 252 38 68 0.060498472
761 269 36 60 0.084005766
892 214 17 34 0.11713818
180 181 30 46 0.12549204
701 199 36 59 0.12753803
162 188 36 81 0.15523477
555 192 26 47 0.29128352
156 213 33 78 0.32867795
739 225 35 70 0.37537932
817 200 36 81 0.747504
170 170 37 69 0.7900878
414 176 33 53 0.9525579
550 181 25 51 0.968681

