12_Group_Large_Group_12_Group_Large_Group_12_613
40
434 108 9 6 0.010373414
967 139 26 16 0.010517984
212 55 32 13 0.010905598
758 118 9 10 0.011265016
982 69 9 10 0.01129114
540 119 19 26 0.011399596
419 116 10 10 0.012285681
440 161 24 18 0.012570079
88 86 26 15 0.012991678
116 116 13 11 0.013373702
259 87 13 8 0.014476445
363 52 20 30 0.015199538
416 110 9 8 0.015566687
761 115 21 19 0.015594265
266 97 14 16 0.015847689
870 110 20 25 0.016779471
258 102 17 12 0.017130356
835 133 24 15 0.01777069
465 123 15 18 0.021174997
942 101 24 17 0.02128328
627 119 26 16 0.02149751
867 105 27 16 0.024378398
254 87 23 15 0.025955776
898 132 24 16 0.02596937
799 122 15 20 0.02642268
845 121 26 15 0.026640784
786 119 19 29 0.05114995
856 111 27 15 0.05242973
526 126 25 17 0.059121337
965 149 17 16 0.061308067
907 122 25 17 0.23302834
905 129 25 19 0.6154236
965 148 26 19 0.64621574
529 120 23 19 0.7018758
791 126 25 19 0.7084955
458 127 25 19 0.7410287
841 135 27 17 0.7772762
256 97 22 19 0.7903027
861 104 24 18 0.82423234
621 119 25 18 0.8771197

