12_Group_Large_Group_12_Group_Large_Group_12_354
32
448 355 40 52 0.010978474
856 347 123 267 0.011072666
638 382 17 35 0.011639562
6 28 29 44 0.011679159
637 405 98 145 0.0125273075
654 439 59 95 0.012644282
646 354 5 7 0.013027239
636 378 25 47 0.013211092
636 369 33 67 0.01344042
366 339 39 65 0.013511165
632 393 20 22 0.014149427
287 299 38 65 0.015566949
626 491 41 61 0.016135573
309 277 31 67 0.016802292
823 376 112 220 0.016895736
25 31 39 53 0.017434943
16 25 45 125 0.018288648
623 384 18 34 0.020512808
695 378 54 94 0.028683016
317 294 34 64 0.032241523
615 489 36 62 0.036397304
663 368 36 74 0.041133158
1 21 41 60 0.04332727
769 360 212 337 0.04648212
631 392 13 21 0.05708087
655 375 61 84 0.07719769
47 318 53 101 0.099636234
818 273 196 411 0.27479786
354 332 43 73 0.67817706
12 307 77 130 0.76696885
447 370 34 41 0.9223801
213 357 69 86 0.92252

