12_Group_Team_Organized_Group_12_Group_Team_Organized_Group_12_461
122
981 289 41 55 0.010128921
916 346 8 11 0.0101688085
641 278 10 8 0.010265085
318 302 8 12 0.010367653
966 361 7 9 0.010531506
633 293 22 21 0.010625152
662 274 13 20 0.010660705
515 301 18 36 0.0106787495
637 272 28 62 0.010795988
258 290 14 20 0.010901973
928 448 21 19 0.010934521
153 301 8 10 0.010970571
628 304 20 21 0.011152408
607 282 13 17 0.011349214
43 288 18 33 0.011537635
625 301 17 32 0.011950362
839 428 19 30 0.012359612
158 302 8 11 0.012714876
626 294 14 19 0.012893543
919 356 8 11 0.012908487
242 285 19 29 0.013027656
992 347 19 31 0.013178515
676 300 18 37 0.013362885
616 285 16 33 0.013777082
707 263 35 64 0.013896294
325 340 9 11 0.014421675
899 422 21 18 0.014478969
868 438 7 10 0.014861282
243 296 7 9 0.015207276
883 440 9 10 0.015343627
957 438 22 21 0.015611191
945 361 8 10 0.015908392
541 281 18 32 0.015967129
736 271 18 36 0.016217168
981 295 6 7 0.01695792
928 349 9 10 0.016998563
628 297 8 10 0.017606024
282 308 7 10 0.017716588
526 278 20 22 0.019162813
984 360 7 9 0.019266704
385 329 7 9 0.019377548
877 435 21 18 0.019858794
929 355 9 11 0.020909647
123 306 13 17 0.02281668
1011 292 6 11 0.023018142
675 294 26 47 0.023314076
726 260 35 62 0.024228474
366 313 10 11 0.024854537
993 357 14 18 0.026557248
998 293 8 8 0.026712438
731 267 26 46 0.027017247
241 315 8 8 0.02774762
943 447 14 21 0.027904518
832 415 12 26 0.02882809
674 275 16 41 0.02917212
291 324 7 11 0.029362164
982 314 5 7 0.029420769
691 289 41 64 0.02957308
126 308 9 12 0.029731674
239 288 20 20 0.030205185
336 328 10 12 0.030860476
940 439 19 21 0.030911531
278 297 6 10 0.03206029
631 278 7 9 0.035621796
963 345 6 8 0.036415696
902 464 22 20 0.03660896
499 289 35 62 0.03784542
329 329 8 13 0.038192652
535 274 24 20 0.038992222
608 289 12 19 0.046192132
182 317 11 12 0.047239635
673 284 35 66 0.048153903
996 360 8 10 0.050126314
189 316 10 13 0.050885465
980 347 7 9 0.051339388
334 406 27 43 0.051380802
898 467 21 19 0.053002063
693 265 51 87 0.054611176
312 302 7 11 0.054825854
524 281 19 33 0.05546498
610 285 8 10 0.057716243
189 321 11 13 0.058089443
957 445 19 30 0.05933452
327 326 12 20 0.062427737
1016 324 6 11 0.06335839
181 321 14 12 0.06713368
910 426 18 30 0.07043493
288 303 12 17 0.07119154
835 414 19 30 0.074901655
611 292 8 12 0.07848702
940 442 20 30 0.07962768
906 326 9 13 0.087218754
930 324 13 17 0.09322229
668 262 29 68 0.09586693
632 305 22 22 0.10250843
641 285 15 40 0.12345874
187 315 13 17 0.1258003
908 325 13 16 0.12669757
413 282 18 33 0.13524468
932 326 9 12 0.1846466
117 309 12 18 0.1850322
332 325 14 20 0.20822592
911 326 9 13 0.22541116
342 408 26 43 0.23147061
359 309 20 20 0.25658488
153 308 9 14 0.2578442
118 311 8 13 0.27242288
155 307 12 17 0.2833502
905 425 24 20 0.30309665
402 282 18 32 0.31183836
317 306 9 13 0.39143687
255 286 21 30 0.43373892
291 305 8 12 0.47610152
359 310 10 13 0.49034417
908 417 18 32 0.5024532
637 295 18 36 0.5232594
289 300 8 14 0.5272698
179 317 19 19 0.529944
358 308 13 18 0.6320843
312 306 10 13 0.6351737
483 290 38 66 0.6569683
42 295 25 42 0.74634016

