29_Students_Schoolkids_Students_Schoolkids_29_684
79
406 536 5 7 0.010149791
634 490 6 8 0.010555284
953 445 6 7 0.011058829
209 569 6 10 0.011522735
633 504 6 9 0.011553073
59 520 6 9 0.011558558
982 461 6 6 0.011576206
837 485 5 7 0.011811429
551 522 6 11 0.012150306
674 502 7 9 0.012914843
950 453 13 17 0.01331351
1016 502 5 11 0.013609954
696 7 114 125 0.013930313
356 155 29 15 0.014126804
456 505 6 8 0.014501215
560 505 6 8 0.014582537
325 511 5 6 0.015024625
465 516 7 8 0.016154274
353 520 6 7 0.016247977
1016 488 6 9 0.01633445
309 508 5 6 0.017209398
866 473 6 5 0.017823778
186 548 6 10 0.020238673
996 463 6 6 0.020744365
451 518 6 7 0.022201182
406 521 5 7 0.022212619
421 522 5 6 0.022618983
440 509 5 8 0.022706427
344 532 5 6 0.024058081
250 584 23 18 0.024184259
222 534 7 9 0.025452731
820 486 4 5 0.02580575
662 500 8 9 0.026396345
960 446 6 6 0.029342044
805 487 5 6 0.029675048
709 500 6 8 0.030412795
195 549 6 9 0.030902872
676 490 8 7 0.03462275
849 447 6 6 0.036303766
295 535 6 7 0.03779354
552 505 6 8 0.03824298
866 490 6 6 0.03855492
185 538 6 9 0.039345164
839 446 5 6 0.0403922
950 484 6 8 0.042770587
642 491 6 8 0.04303907
296 520 6 7 0.04704644
855 487 6 6 0.047373176
691 491 7 7 0.05237431
194 541 7 8 0.05394192
802 473 5 6 0.054779064
1014 462 7 8 0.057223126
952 472 6 9 0.060727246
695 500 7 8 0.06746327
826 461 6 7 0.07286066
710 493 6 7 0.075961754
295 508 6 8 0.08494735
825 471 5 7 0.08610413
65 521 5 8 0.08888453
660 491 7 7 0.089573756
963 468 7 8 0.11480904
342 522 5 6 0.12042476
311 520 5 7 0.12799661
791 482 6 9 0.13665192
1014 470 7 8 0.13747677
441 517 5 8 0.14338087
851 460 6 6 0.15595752
960 458 8 8 0.17665121
986 471 7 8 0.23115374
834 461 6 7 0.25350904
323 517 6 7 0.25435254
216 535 6 9 0.2782887
836 469 6 7 0.29863492
853 469 6 7 0.31865954
953 456 7 9 0.32516986
212 63 46 63 0.53737175
993 470 7 8 0.5422767
789 476 6 8 0.8150047
457 41 51 58 0.9075334

