29_Students_Schoolkids_Students_Schoolkids_29_10
79
422 338 27 59 0.010584497
445 327 24 18 0.010607082
369 280 9 11 0.0112017095
488 312 22 19 0.011611051
514 310 20 19 0.011641978
481 272 10 9 0.012391724
901 633 6 6 0.012801548
426 341 23 19 0.012868593
884 626 6 7 0.012947618
611 318 10 12 0.013595777
483 355 18 32 0.013825648
654 369 22 22 0.014172879
463 281 22 17 0.014216498
512 297 10 12 0.016161377
592 327 21 20 0.017208148
616 316 20 20 0.017379442
633 277 24 18 0.017931875
628 346 14 20 0.017946886
597 312 9 13 0.018046215
670 358 18 32 0.018361969
470 282 9 8 0.018707179
433 334 9 10 0.01954372
427 331 22 17 0.019986805
520 270 19 19 0.021582251
917 632 6 7 0.022030976
930 627 5 6 0.023213819
486 303 10 12 0.0242006
593 286 18 19 0.02423769
900 627 6 7 0.024380283
508 294 14 16 0.025539676
931 633 8 6 0.025843808
521 272 10 12 0.026788767
482 307 16 32 0.027663196
591 321 17 31 0.028447945
522 378 25 22 0.02956876
491 323 22 19 0.030932875
597 288 10 14 0.032013927
500 299 11 11 0.032402977
965 632 7 6 0.033065345
461 332 17 32 0.03408995
595 310 13 19 0.035123233
627 355 21 20 0.035522416
501 284 14 16 0.036719434
981 630 7 8 0.038652353
950 632 7 6 0.040022932
915 627 6 7 0.041245732
614 325 22 20 0.043531097
480 371 22 22 0.04460227
482 306 14 18 0.04534577
502 286 10 10 0.050971854
422 362 19 34 0.051821493
949 628 6 6 0.0554095
964 627 6 7 0.061264772
522 359 24 18 0.06327807
633 347 22 20 0.074684486
448 295 23 18 0.07580625
606 316 20 20 0.09885365
981 627 6 8 0.10904827
494 295 21 19 0.10998016
526 310 15 32 0.13199532
515 282 10 12 0.13489598
625 344 18 29 0.1577036
479 301 20 19 0.17724356
595 290 13 18 0.20306538
608 323 21 20 0.20498106
635 353 18 31 0.2190042
513 280 14 17 0.22732083
523 274 13 16 0.22962944
457 295 22 22 0.27272555
460 330 24 20 0.28830516
664 366 20 30 0.33244622
464 320 17 35 0.38595557
523 316 21 21 0.63268715
557 279 14 18 0.68259716
658 365 20 31 0.71483845
579 335 18 33 0.73879385
427 348 18 40 0.79124445
485 364 18 35 0.7912572
527 369 18 35 0.83793575

