29_Students_Schoolkids_Students_Schoolkids_29_130
49
379 241 23 20 0.010017221
2 312 22 53 0.010130473
474 202 37 64 0.010292022
27 298 19 36 0.010370912
331 497 60 98 0.010944444
12 227 13 21 0.011878084
473 191 29 42 0.012049368
54 208 37 63 0.012056284
13 233 12 21 0.012083343
224 268 44 59 0.013257627
13 222 16 39 0.013488533
283 242 36 60 0.015101616
146 201 42 60 0.015485471
346 375 46 107 0.016192455
2 252 14 46 0.016367482
39 215 27 44 0.017199416
17 204 12 22 0.017449522
0 279 15 43 0.017549887
0 303 32 67 0.018028036
609 437 28 51 0.018653521
253 290 35 73 0.022160051
470 182 38 59 0.022754177
551 429 35 61 0.026400646
507 182 30 43 0.027389582
588 391 49 96 0.02762543
33 206 37 62 0.031252883
650 678 88 76 0.032557108
603 406 40 65 0.032618947
659 487 50 103 0.03695978
27 302 24 45 0.040663015
0 273 21 52 0.04522634
0 239 27 74 0.04712797
591 414 53 92 0.048900165
503 174 38 59 0.05634226
257 285 28 43 0.05776044
300 218 29 42 0.059158426
522 242 34 61 0.06265248
0 264 28 69 0.066681854
98 243 47 96 0.07519658
675 495 33 67 0.09743556
253 277 36 62 0.09893883
312 214 28 44 0.11351714
536 243 26 43 0.11528717
236 243 32 40 0.13072845
605 426 36 70 0.24664687
241 233 36 58 0.33300436
364 368 32 85 0.36761397
112 258 40 68 0.41259706
374 164 44 61 0.8545334

