29_Students_Schoolkids_Students_Schoolkids_29_66
76
917 160 32 59 0.010374808
837 155 17 34 0.010539584
510 138 16 38 0.010598808
319 180 32 60 0.010777789
986 163 23 19 0.0107994685
165 163 24 46 0.011226703
910 210 13 20 0.0115445815
909 176 13 27 0.011576839
168 169 18 36 0.011755166
988 147 24 17 0.012130239
710 190 18 37 0.012236271
643 220 19 33 0.012740005
460 124 16 38 0.013307036
527 93 18 33 0.013553987
747 176 17 36 0.013933641
233 119 18 34 0.014575873
667 125 18 37 0.014597469
900 165 32 58 0.014825177
839 200 26 45 0.015098574
766 178 12 23 0.016439492
834 195 34 63 0.016812347
905 161 17 33 0.016977804
751 153 16 36 0.017124776
506 132 24 48 0.01722224
387 231 27 41 0.017358365
556 114 18 37 0.017550085
973 179 18 33 0.018586002
996 176 16 38 0.01883179
866 150 21 22 0.019607631
286 136 27 42 0.021321315
993 147 17 36 0.02192677
520 116 17 37 0.022870416
902 176 13 25 0.024882896
544 85 27 43 0.0254841
808 162 31 62 0.029037196
328 115 20 39 0.029430853
878 196 21 20 0.029813161
545 122 35 67 0.030665686
771 174 17 36 0.030946573
835 181 18 34 0.034216225
588 136 16 41 0.035179578
136 169 18 35 0.036715157
872 152 20 22 0.037096377
810 152 17 37 0.04262112
189 148 16 39 0.04278863
933 158 18 37 0.044031516
875 183 18 33 0.054844033
680 203 35 60 0.056658797
102 124 30 63 0.06323491
483 133 18 42 0.06397377
133 152 16 37 0.06679814
409 110 21 37 0.097517766
579 118 23 49 0.13344723
548 105 34 62 0.13969915
815 172 18 37 0.15806681
192 100 24 48 0.1640363
29 142 16 39 0.17672084
780 143 17 37 0.1849832
579 124 30 66 0.19549015
700 201 26 45 0.19698843
108 134 17 39 0.20277946
907 173 18 35 0.21251294
869 152 18 32 0.2609927
924 170 18 36 0.30812353
104 121 22 49 0.3774902
174 142 21 51 0.41110212
0 168 11 41 0.46701097
285 114 24 44 0.53587335
195 89 27 44 0.58600175
323 196 24 48 0.671866
16 135 18 55 0.7268668
478 120 26 48 0.7473492
323 106 32 56 0.9036892
453 168 28 44 0.9106433
652 123 25 49 0.9241643
397 106 31 41 0.9532918

