29_Students_Schoolkids_Students_Schoolkids_29_590
19
504 66 115 130 0.010438252
158 35 42 60 0.012826967
1 96 17 147 0.013286933
0 103 15 30 0.013603273
1 100 9 36 0.017360097
0 81 24 76 0.017489577
5 111 30 166 0.019892141
2 62 15 39 0.020952273
48 91 18 24 0.021777391
42 84 17 35 0.045846287
386 23 62 73 0.049978353
428 111 61 116 0.052956693
414 77 86 146 0.058409378
0 96 15 78 0.1089126
4 95 13 45 0.12436715
387 80 75 113 0.42650905
556 52 90 152 0.56134063
158 18 38 58 0.75287116
391 97 87 131 0.96282864

