29_Students_Schoolkids_Students_Schoolkids_29_494
84
502 273 39 58 0.010237194
549 220 19 38 0.010360145
250 319 36 71 0.010475731
576 309 42 60 0.010828679
507 170 22 18 0.010868274
201 356 44 106 0.011092855
394 172 24 19 0.011705642
5 361 31 79 0.011920132
443 209 35 61 0.01211077
507 142 35 55 0.012326976
523 145 22 19 0.012376899
582 186 19 36 0.013185643
672 156 21 34 0.013193071
53 122 48 95 0.0133113805
562 232 37 66 0.0135132875
244 137 44 57 0.013627986
196 301 44 96 0.014382275
818 136 21 22 0.014696258
838 151 19 30 0.015008064
195 330 30 78 0.015190134
731 142 29 39 0.015244513
616 148 33 59 0.015492947
883 137 19 21 0.015501173
672 260 39 69 0.016072322
196 273 32 71 0.016648583
211 353 33 76 0.017224131
379 177 32 39 0.02064027
282 307 37 69 0.021187963
547 191 19 32 0.022097858
621 138 19 32 0.023582041
706 142 29 40 0.024336947
559 170 20 23 0.02589825
181 296 31 72 0.027802318
285 308 51 88 0.028314317
254 280 31 68 0.030263143
347 242 48 83 0.030496934
148 299 47 92 0.034620337
539 153 22 22 0.037741613
439 163 24 21 0.03971118
472 236 36 61 0.045773715
732 133 19 38 0.047155336
226 217 35 63 0.04968325
543 214 32 66 0.051973667
374 169 41 54 0.051974986
643 134 27 42 0.053523958
615 193 18 39 0.058439568
864 150 20 31 0.058588896
543 142 21 29 0.059218455
218 270 36 65 0.060641706
539 148 23 19 0.06350746
673 234 35 73 0.07486877
507 161 22 19 0.075608246
624 153 18 33 0.07945789
862 137 19 31 0.08473023
569 158 27 43 0.10242805
642 145 27 44 0.106619544
905 151 20 32 0.117297515
824 136 23 21 0.11898237
667 163 37 67 0.119243115
892 137 18 24 0.12458136
525 195 19 33 0.13012788
229 233 36 65 0.13126583
529 205 21 20 0.13629219
573 172 35 64 0.13824552
549 229 33 66 0.14758635
350 156 27 40 0.16735256
514 151 19 33 0.17101629
432 161 20 31 0.18327676
258 297 33 69 0.21168138
474 156 22 30 0.22621886
167 302 33 73 0.26087236
660 149 36 59 0.29551148
607 184 31 63 0.32285532
453 160 21 31 0.3390314
385 163 28 42 0.3433175
899 134 20 31 0.382492
829 133 20 31 0.403192
544 150 26 42 0.42109618
305 303 47 96 0.47509447
783 124 27 43 0.50957406
357 232 41 71 0.74212474
719 131 26 45 0.9087599
285 24 38 52 0.90956116
792 127 30 39 0.9123433

