29_Students_Schoolkids_Students_Schoolkids_29_221
80
712 214 6 9 0.010080956
802 186 6 5 0.010157143
98 297 30 37 0.011841694
497 231 6 8 0.012793933
317 256 12 23 0.013522477
78 280 20 30 0.013930581
561 196 13 15 0.014143162
122 299 20 32 0.014249166
757 230 7 7 0.0146891195
1 288 12 23 0.014959377
528 189 8 9 0.016008861
340 242 11 27 0.01629254
733 191 14 13 0.016514216
174 241 10 13 0.017042672
579 214 6 6 0.017541874
656 171 6 6 0.019634001
551 234 7 8 0.0201279
536 215 7 6 0.022210207
75 275 22 18 0.023643922
712 192 11 17 0.024097987
545 242 13 19 0.024609659
718 193 13 14 0.025930215
300 238 11 23 0.026360976
424 283 33 64 0.026856238
296 240 8 17 0.027347194
771 214 6 7 0.027834918
325 241 12 24 0.028484507
521 189 6 8 0.02899951
365 234 24 47 0.029379126
259 223 18 36 0.030343916
806 229 5 6 0.031669404
308 258 13 22 0.032117236
802 167 5 6 0.03306142
319 246 16 34 0.03465757
144 231 22 18 0.036305696
366 238 17 38 0.036523473
714 190 6 9 0.037172787
791 227 6 6 0.043670304
171 238 13 18 0.04663116
69 308 29 40 0.048325412
755 212 14 16 0.052132312
564 210 7 8 0.057782836
164 243 12 13 0.06411862
728 189 7 10 0.0672401
759 191 6 7 0.0692862
491 212 5 9 0.0699054
548 246 8 10 0.07235115
647 170 6 7 0.09632243
739 214 8 9 0.101050735
300 244 17 33 0.1019709
548 212 7 7 0.103594966
786 197 7 8 0.18258731
520 197 8 11 0.19307236
491 202 6 9 0.21239361
160 240 21 19 0.22513466
294 236 12 24 0.23362207
769 191 7 8 0.27092788
519 194 13 18 0.28245583
575 196 6 7 0.3134112
500 209 6 9 0.32737496
792 220 6 7 0.36214262
734 190 10 11 0.39534786
524 193 14 16 0.45026544
442 275 22 51 0.45711136
757 215 9 10 0.49001843
547 198 7 8 0.5337689
528 195 10 13 0.5414294
496 204 6 10 0.54671466
757 194 8 8 0.59031814
784 184 7 8 0.6485685
721 194 8 10 0.6704977
382 217 22 49 0.7144198
769 193 7 8 0.7313443
714 195 7 11 0.7355659
737 192 9 10 0.7529878
809 215 7 7 0.75324607
814 212 7 8 0.75372326
270 230 19 36 0.8243709
564 197 8 9 0.8759088
228 222 33 58 0.92228496

