29_Students_Schoolkids_Students_Schoolkids_29_312
24
601 172 44 53 0.010028571
807 212 31 13 0.010217476
1013 6 11 25 0.010416922
769 19 7 10 0.010652918
1015 149 7 10 0.011714074
936 0 19 25 0.01283065
789 1 7 10 0.013179527
982 3 9 11 0.013787205
983 49 7 10 0.014282812
771 3 8 10 0.014644287
980 0 12 19 0.015160814
991 0 12 18 0.015924495
993 2 9 12 0.016663868
962 0 20 28 0.02253473
922 202 98 129 0.024511233
788 32 10 9 0.024778536
28 147 23 19 0.027836446
1013 4 9 13 0.041252933
941 1 13 21 0.07057289
861 17 23 19 0.07589288
913 218 78 82 0.07963892
1011 1 12 21 0.09789843
940 216 60 94 0.1126917
505 72 76 115 0.9908427

