29_Students_Schoolkids_Students_Schoolkids_29_250
37
1017 187 6 17 0.010277256
157 217 19 32 0.011244922
222 182 17 31 0.011278052
94 161 19 28 0.011736213
771 158 39 72 0.012098704
87 150 22 19 0.012294566
22 175 37 59 0.0124714635
32 193 13 19 0.012720301
780 153 63 90 0.012976688
159 207 13 19 0.01365329
1016 181 8 31 0.013818842
63 184 22 18 0.014584106
181 159 9 11 0.015138697
179 157 12 20 0.017261177
5 181 26 48 0.018290665
167 178 19 30 0.018931378
158 214 13 20 0.019874224
29 183 27 42 0.02026834
80 154 22 18 0.020620253
682 47 78 101 0.022188636
35 187 20 33 0.022811022
73 181 23 18 0.02389478
6 160 45 98 0.027505822
206 195 12 23 0.028285587
70 175 19 32 0.028905796
67 172 22 19 0.028910628
172 169 14 23 0.03684981
1 173 37 63 0.06998565
209 186 12 26 0.12610102
200 185 19 31 0.12872252
31 198 13 19 0.13459215
163 169 19 22 0.1465504
72 173 23 21 0.1830481
168 165 20 32 0.3625047
77 165 19 33 0.41484737
132 187 19 21 0.56769186
674 51 78 164 0.99881953

