29_Students_Schoolkids_Students_Schoolkids_29_477
26
35 156 7 8 0.010061626
996 249 27 90 0.010285685
506 114 32 41 0.011055288
790 129 13 19 0.011618068
872 287 38 86 0.014234137
508 123 43 62 0.014326697
318 134 39 56 0.015736645
893 43 31 37 0.020288471
838 106 20 39 0.020541532
871 251 68 152 0.020578962
884 198 44 96 0.020666217
514 91 49 86 0.021426301
896 40 23 17 0.022687532
91 491 123 148 0.033450577
865 301 52 96 0.039933193
879 214 40 71 0.042614534
501 106 43 58 0.09573806
968 384 44 118 0.13269806
845 142 29 46 0.24372305
831 86 27 44 0.34199625
833 99 32 63 0.45285782
878 279 49 109 0.58192027
876 200 34 73 0.7364974
847 133 37 66 0.74768555
436 97 43 67 0.8276076
734 83 30 46 0.96332246

