29_Students_Schoolkids_Students_Schoolkids_29_84
18
1012 82 9 25 0.010250208
360 259 69 89 0.010489368
578 145 72 98 0.01079498
332 236 127 127 0.011291922
649 271 74 111 0.011752545
647 306 88 97 0.013642763
432 80 81 99 0.017273055
1013 86 7 14 0.019654935
5 464 91 202 0.025352381
447 323 54 105 0.03849458
528 432 90 126 0.0488986
564 129 107 138 0.11818526
642 254 107 151 0.18644336
304 233 114 110 0.41176486
360 391 103 141 0.7809336
662 280 115 142 0.8407139
422 91 97 144 0.9876951
548 429 93 150 0.99887437

