29_Students_Schoolkids_Students_Schoolkids_29_251
37
503 205 45 74 0.010180267
375 189 46 92 0.0102614565
238 577 26 15 0.010516377
516 147 31 46 0.011118096
543 346 47 63 0.014323714
79 558 44 63 0.014413273
648 267 42 65 0.015463314
969 304 45 96 0.01627175
1001 238 21 58 0.016812308
993 295 26 95 0.017366653
823 261 25 18 0.0186795
985 317 30 83 0.046740733
993 230 31 74 0.062232077
463 473 58 81 0.07919565
528 144 39 62 0.10160701
538 360 58 72 0.12275995
557 351 55 81 0.22636077
490 463 50 87 0.22817616
653 265 53 86 0.2716261
314 319 49 83 0.39508927
513 136 39 66 0.41462308
50 303 54 80 0.4746781
109 188 52 84 0.4890811
387 475 60 81 0.52918094
212 253 53 85 0.5350408
384 201 43 60 0.5570325
643 158 52 90 0.6215592
741 293 58 84 0.65089566
375 270 44 64 0.6758799
504 211 57 98 0.69866306
401 117 51 57 0.7191703
267 462 59 88 0.7384295
51 554 65 86 0.811246
906 199 58 86 0.8169668
747 485 70 97 0.8434518
902 90 39 69 0.85666555
222 191 40 59 0.9060668

