29_Students_Schoolkids_Students_Schoolkids_29_624
161
948 233 8 8 0.010707519
249 247 11 16 0.010775191
60 256 12 16 0.01105573
541 304 12 22 0.0118054915
433 247 6 7 0.012025262
949 243 8 7 0.01205291
849 277 6 9 0.012429461
821 237 9 7 0.0129187275
437 213 12 18 0.012978417
392 258 4 6 0.013041832
723 255 13 17 0.013165803
915 231 8 7 0.013272064
164 282 6 6 0.013389006
794 213 6 6 0.013641024
854 233 8 7 0.013735025
36 264 12 16 0.013998624
391 249 5 7 0.014080941
763 256 14 16 0.0144592365
819 240 14 15 0.01451955
670 240 13 16 0.014743008
965 229 9 8 0.015238523
550 277 6 12 0.015415712
773 280 7 7 0.016025417
88 261 7 7 0.01611087
564 289 7 14 0.016166132
802 278 6 7 0.016391119
838 259 6 7 0.016534263
545 309 6 12 0.016732484
518 293 5 8 0.0169477
997 258 10 9 0.017216746
339 242 11 16 0.017317533
551 292 7 12 0.01737458
531 274 12 22 0.017417496
886 231 9 7 0.017562931
551 263 6 8 0.017634334
434 259 5 7 0.018038992
564 279 7 11 0.018068139
535 290 6 10 0.018145999
952 261 7 8 0.018443774
361 258 5 7 0.01904882
565 264 6 8 0.019291079
215 293 6 7 0.019297754
63 248 8 8 0.019344386
447 219 6 7 0.019562697
864 234 8 7 0.019810459
184 282 6 6 0.019991355
566 246 5 6 0.020257415
583 262 5 8 0.02064078
183 290 7 6 0.02130211
963 259 8 8 0.021405205
405 290 5 8 0.021548953
55 255 13 17 0.022174792
504 275 6 7 0.022433847
673 282 13 19 0.022544375
535 262 5 6 0.022818824
902 214 7 6 0.022933133
993 250 10 9 0.023257703
977 227 10 9 0.023363551
452 262 5 6 0.023766723
667 243 7 9 0.024115259
55 249 9 9 0.024897086
676 286 8 12 0.025220206
210 276 6 7 0.025331175
422 258 5 7 0.025836047
548 271 17 31 0.026339574
821 257 7 7 0.026804965
515 277 6 8 0.026988432
678 257 13 18 0.028394276
584 234 5 8 0.028476438
230 277 5 7 0.028515948
579 309 8 10 0.02880171
740 258 13 16 0.03160424
584 275 6 12 0.032052375
561 276 12 23 0.032059472
488 249 6 5 0.032264404
900 196 6 7 0.032350324
533 280 6 9 0.032617778
898 187 7 7 0.033905614
965 244 14 16 0.034252968
485 263 6 6 0.035252977
673 277 13 18 0.035769302
581 271 12 22 0.036694605
229 259 6 7 0.036702648
789 276 7 7 0.037039522
915 248 7 8 0.037288036
912 200 7 7 0.03805675
242 276 6 7 0.038479473
440 225 6 8 0.03927659
355 246 5 7 0.039317984
370 257 6 7 0.04033597
683 260 19 28 0.041129474
975 249 11 9 0.045630135
548 273 11 24 0.04573405
374 225 5 9 0.046391927
705 257 8 8 0.04894236
450 228 6 7 0.053879593
389 217 4 6 0.054484725
550 285 12 23 0.058311153
1010 262 9 11 0.060345184
801 210 7 7 0.061115984
676 281 7 10 0.061473608
262 275 6 8 0.06631127
470 264 5 6 0.06685809
1008 258 13 18 0.06756132
701 247 9 9 0.068341315
376 219 5 7 0.07703885
38 271 8 10 0.08160486
227 296 6 7 0.0834599
405 255 6 9 0.095354564
966 247 10 10 0.0996964
199 279 6 8 0.1001061
38 267 9 10 0.10031589
772 250 7 6 0.104314215
681 260 8 11 0.10559159
725 248 7 8 0.106061324
691 246 15 14 0.10686407
584 242 5 8 0.10878772
967 245 23 17 0.108855054
440 217 7 11 0.11442909
792 252 7 7 0.11843576
505 261 6 7 0.12584212
63 258 8 10 0.14523384
535 246 6 6 0.14671426
57 258 8 11 0.15054013
757 245 6 7 0.15080881
767 258 8 9 0.15390572
547 245 5 6 0.15392876
514 260 6 8 0.16300635
370 249 6 7 0.16414101
686 255 14 16 0.17908616
726 258 8 9 0.18304527
552 279 17 30 0.18955785
515 249 6 6 0.19155347
256 255 7 8 0.19616005
831 243 7 7 0.1982557
202 263 7 9 0.19908163
742 260 8 10 0.20042303
286 253 8 8 0.21585004
281 252 7 9 0.21709217
504 250 5 6 0.23558456
739 247 7 8 0.24659942
249 254 6 10 0.24882284
559 283 14 23 0.29449037
792 257 7 7 0.3009502
287 255 7 8 0.3412869
689 257 10 10 0.37863812
800 255 8 9 0.39969414
100 262 8 8 0.4061417
800 252 8 8 0.41197655
208 263 6 8 0.45217073
280 256 8 8 0.476553
757 258 14 17 0.53582144
673 242 8 9 0.53771913
251 250 7 12 0.5500536
821 243 8 8 0.5507982
253 251 8 10 0.56730074
692 248 11 9 0.5731116
759 260 10 12 0.5776723
342 245 6 10 0.8650437
406 249 6 10 0.8737884
141 144 52 57 0.8878482

