29_Students_Schoolkids_Students_Schoolkids_29_626
33
95 185 23 35 0.010004404
401 275 52 87 0.0102212615
893 155 20 33 0.010683492
4 433 85 230 0.010906622
306 175 19 32 0.010909868
145 168 10 7 0.011010705
589 164 45 65 0.011177257
6 392 74 102 0.0119731985
313 155 37 47 0.012157319
988 139 36 76 0.012271831
812 332 67 91 0.016786167
55 396 71 94 0.018179838
307 177 12 26 0.018769745
706 127 30 39 0.01934893
149 167 61 79 0.019765943
888 151 27 16 0.019865079
475 265 28 43 0.020852903
0 361 119 256 0.039538354
960 431 48 113 0.040944543
836 248 35 75 0.049116723
20 387 115 142 0.067880616
322 163 22 32 0.0802278
963 143 53 83 0.49640563
979 250 45 100 0.59956753
316 166 28 39 0.66814876
150 181 75 86 0.82031703
702 134 29 42 0.83646417
576 144 63 82 0.89013845
860 147 28 41 0.91036695
12 388 88 207 0.91949713
86 178 36 48 0.95583165
512 163 29 39 0.9768677
782 347 82 125 0.9912348

