29_Students_Schoolkids_Students_Schoolkids_29_524
50
509 306 35 36 0.010033288
922 219 32 14 0.010388378
883 127 51 61 0.010732191
580 312 24 31 0.010868417
541 302 49 49 0.011587145
715 212 23 17 0.011903676
701 527 56 86 0.012138774
183 428 40 70 0.01237452
695 164 23 18 0.01244922
674 544 45 56 0.012827275
311 143 25 45 0.012857083
405 283 47 90 0.013832978
142 233 42 62 0.014555326
635 225 20 29 0.015076941
791 167 14 19 0.015235323
622 332 50 79 0.015504994
382 222 31 73 0.016664673
574 326 34 40 0.018843027
139 234 44 108 0.018864855
134 234 28 48 0.018965745
661 241 13 21 0.020505682
204 28 32 42 0.020889424
914 59 8 10 0.021937944
354 385 43 59 0.022565298
591 208 21 19 0.022615558
692 549 48 54 0.02314243
789 166 25 17 0.024550306
503 299 47 49 0.02714714
123 211 29 44 0.029229866
598 322 53 80 0.029564602
432 304 39 57 0.031159418
337 347 51 92 0.033459827
617 345 33 41 0.034384154
252 265 45 52 0.037975322
293 141 36 57 0.041317143
682 118 22 19 0.044997312
167 438 41 76 0.055339023
394 319 53 90 0.064429045
882 70 87 131 0.077235304
120 205 37 62 0.077710815
627 359 35 39 0.0840092
171 429 56 92 0.24030794
130 223 37 69 0.30145907
414 304 40 58 0.3258904
569 307 42 51 0.35080868
887 113 74 84 0.40571833
615 349 41 54 0.5228725
208 29 37 53 0.9150845
188 147 38 62 0.918786
431 62 39 51 0.9472197

