29_Students_Schoolkids_Students_Schoolkids_29_42
27
605 265 13 16 0.011061832
608 275 10 12 0.013937782
603 289 21 19 0.017430369
488 234 23 44 0.018199045
221 185 39 60 0.020677319
602 273 21 19 0.023711372
574 256 17 31 0.02604389
552 304 23 18 0.02754032
493 257 20 21 0.030988112
453 197 12 26 0.031828843
509 264 20 21 0.031994887
560 258 16 32 0.036714397
605 273 20 29 0.04610603
493 232 20 19 0.049358997
572 267 18 29 0.057186566
495 240 13 21 0.06082466
247 254 131 150 0.06650728
566 270 25 19 0.0683989
568 264 23 20 0.08715789
492 240 16 34 0.17847316
228 184 26 42 0.20876294
560 269 23 19 0.22556597
448 192 19 35 0.29753423
516 270 20 21 0.40409636
562 264 18 30 0.6058927
187 161 26 40 0.8946534
241 254 183 210 0.98917216

