29_Students_Schoolkids_Students_Schoolkids_29_311
119
573 407 31 38 0.010073122
162 375 13 16 0.010243307
724 457 7 10 0.010303588
337 384 14 16 0.010567905
469 431 12 20 0.010601093
146 396 8 8 0.010611552
613 357 6 8 0.010615989
193 409 9 9 0.0107037155
597 359 6 8 0.010751512
702 407 14 20 0.010829987
178 409 13 18 0.010909184
636 436 23 18 0.0110920705
85 365 8 9 0.011368256
677 413 9 7 0.011378009
804 438 7 9 0.011479885
448 381 18 27 0.011488946
117 366 18 18 0.011510888
579 411 21 30 0.011522365
937 471 6 9 0.011558225
854 473 5 8 0.012601492
0 431 9 27 0.012604696
439 438 20 22 0.012828827
29 361 13 16 0.012960049
580 416 12 23 0.013396921
598 392 6 7 0.0139478855
836 441 6 11 0.014334989
81 386 15 15 0.014379274
953 445 6 11 0.014553192
537 380 6 7 0.01458168
229 379 10 10 0.014603972
688 468 17 34 0.014629494
630 426 8 8 0.014846909
354 395 7 7 0.014904257
426 432 18 29 0.015092313
19 421 12 21 0.015348268
584 412 7 9 0.015779428
167 390 8 9 0.016374629
830 421 11 20 0.017158091
613 389 7 8 0.017344633
743 437 18 31 0.018173212
223 386 22 17 0.018214531
905 442 6 9 0.01827701
17 400 12 19 0.01897743
179 418 7 11 0.018979793
950 447 11 20 0.01902524
414 438 19 22 0.019218288
34 372 13 16 0.019354342
690 410 10 8 0.02045065
854 458 6 9 0.020602033
472 430 8 10 0.021234054
143 407 7 9 0.022079062
1018 452 5 13 0.022221947
98 408 7 8 0.022642635
300 379 14 13 0.022710094
884 468 6 9 0.023080768
448 395 12 13 0.02353013
296 376 12 13 0.02504697
505 382 6 6 0.02537633
834 474 5 10 0.027583228
999 438 5 7 0.027910545
831 450 11 20 0.02822472
832 425 8 12 0.030188255
471 434 8 12 0.030291038
546 390 7 7 0.03091299
537 391 6 6 0.0316693
19 403 9 12 0.03276257
181 413 8 9 0.03415241
93 384 13 16 0.034237243
2 370 12 19 0.036104977
373 392 6 7 0.038287107
644 442 8 8 0.038808435
952 450 7 13 0.040451366
689 418 15 19 0.041516505
515 389 6 6 0.04390279
16 372 9 10 0.04680201
732 433 19 22 0.048831414
72 393 9 7 0.05003723
226 376 21 19 0.050967842
33 388 8 10 0.053316537
23 359 8 10 0.05509538
207 389 11 12 0.057931557
208 380 10 12 0.059684936
434 435 18 23 0.0609329
138 406 7 10 0.06112241
238 381 14 19 0.067864366
685 409 24 17 0.07179882
339 387 9 9 0.07189633
834 453 7 12 0.07472793
442 398 22 17 0.075321205
99 383 8 9 0.08250617
514 378 7 7 0.091211684
200 392 10 11 0.096369736
697 410 22 27 0.09819855
546 382 6 6 0.099405795
31 364 9 10 0.10435428
49 376 13 10 0.106483765
177 396 7 8 0.111353874
35 376 8 9 0.11431935
199 389 15 16 0.12670504
695 408 26 19 0.12678312
5 374 7 11 0.12695423
502 393 6 7 0.13357364
83 377 9 7 0.13924995
0 359 10 18 0.14149474
205 379 14 17 0.15515237
84 388 8 9 0.19058734
95 387 9 10 0.24666613
165 378 7 8 0.25926587
444 363 14 17 0.26292053
688 412 21 29 0.27877066
124 368 10 13 0.28450963
201 384 20 20 0.37789157
1 362 8 13 0.38276413
233 378 21 20 0.41897517
446 368 14 17 0.59739965
444 392 19 20 0.6049048
120 368 11 14 0.6809685
44 372 21 18 0.7698516
296 376 19 20 0.84669244

