29_Students_Schoolkids_Students_Schoolkids_29_161
21
467 186 18 33 0.0103022745
482 207 19 37 0.010505357
470 186 22 20 0.01185968
567 146 71 83 0.012578883
550 141 106 129 0.013070496
472 185 26 45 0.014349091
760 23 60 90 0.018648384
453 224 34 62 0.019567536
621 183 63 107 0.02146097
457 232 26 44 0.027006095
459 201 32 65 0.031743392
878 69 65 104 0.039871767
184 191 34 66 0.043948524
352 198 30 38 0.05989533
966 71 48 100 0.063146636
471 198 34 66 0.09444257
484 223 34 67 0.12508036
354 186 28 42 0.20882897
582 169 83 139 0.90575653
520 145 64 102 0.9734753
850 70 70 121 0.9855621

