29_Students_Schoolkids_Students_Schoolkids_29_21
69
937 37 21 37 0.01012113
209 24 45 49 0.010190948
2 113 8 37 0.0103743775
397 45 19 32 0.010672093
926 40 54 75 0.011057243
88 80 29 40 0.01117887
414 51 24 20 0.011208203
85 72 37 57 0.01190408
66 83 20 35 0.011964069
444 67 41 60 0.012760438
129 62 22 35 0.01365227
441 383 95 153 0.014002579
743 32 19 41 0.014056607
585 19 26 20 0.014608859
621 64 29 44 0.0153020425
652 28 27 41 0.015763262
181 86 39 58 0.015895527
1001 42 22 52 0.017506678
813 25 24 20 0.018922463
792 64 31 42 0.021417825
426 49 24 20 0.02358697
508 71 37 73 0.02366446
969 219 51 88 0.024150003
466 47 37 60 0.02665077
991 34 33 69 0.027498284
668 30 24 22 0.02896912
107 141 56 82 0.030342033
4 84 17 36 0.03311714
60 71 38 57 0.036147118
155 62 30 41 0.037373245
622 66 43 64 0.046587773
339 83 40 63 0.05277133
366 68 20 32 0.05328267
98 147 43 74 0.056674715
508 48 25 19 0.08591434
469 27 27 19 0.09468659
401 55 19 32 0.09648284
90 65 29 43 0.13613836
946 55 42 67 0.17625926
191 91 54 77 0.2323931
513 43 20 33 0.24652289
426 44 20 34 0.28750995
507 45 27 44 0.30648822
952 64 46 68 0.32620472
617 54 35 67 0.32927907
785 56 40 61 0.32980332
475 26 20 32 0.3354641
316 90 55 74 0.3556913
771 58 44 62 0.3745461
582 14 23 45 0.41506377
409 50 20 32 0.4247291
877 19 31 40 0.46645287
665 27 28 37 0.4737331
208 104 50 63 0.5202348
587 50 25 49 0.6236745
86 152 65 82 0.6242884
452 51 37 60 0.63018036
441 34 32 35 0.6430205
996 34 28 40 0.6578085
929 31 35 57 0.6743292
807 23 29 38 0.7222921
15 71 19 36 0.76580817
76 64 27 46 0.7681797
736 27 30 59 0.7775548
160 81 39 65 0.8490653
120 54 36 52 0.85780764
469 157 81 116 0.89717627
883 11 35 52 0.9070061
755 224 102 138 0.9920087

