29_Students_Schoolkids_Students_Schoolkids_29_310
37
674 413 8 9 0.01066295
859 398 13 16 0.010683632
445 437 14 17 0.010910079
354 405 11 10 0.0109219
514 436 22 17 0.011939754
510 419 12 9 0.012677256
503 422 12 10 0.013024603
483 445 10 9 0.013606934
886 399 9 12 0.01371759
517 429 27 15 0.01376147
643 201 52 56 0.013793529
752 190 93 111 0.014474894
687 379 8 10 0.014595541
448 440 10 11 0.016256172
494 416 11 9 0.016413538
856 398 11 14 0.020642662
677 378 13 16 0.023607142
704 381 8 10 0.027751286
511 423 15 15 0.03056358
101 398 10 11 0.0337233
519 438 25 18 0.07806035
513 424 11 10 0.08944742
838 407 11 13 0.09225696
486 414 11 11 0.097417794
79 397 10 12 0.09754663
757 211 69 81 0.111506335
560 150 63 104 0.11412402
679 380 9 12 0.13828675
469 417 11 12 0.14995718
384 215 62 85 0.19319263
546 134 92 136 0.19528237
659 385 10 12 0.201194
647 183 61 79 0.4903703
461 191 65 71 0.5379002
92 192 63 93 0.8805928
278 185 61 84 0.8807547
829 201 62 92 0.89672875

