29_Students_Schoolkids_Students_Schoolkids_29_358
145
361 410 21 18 0.010041807
881 400 18 29 0.010142976
369 411 9 9 0.0102469
751 404 12 20 0.010372204
307 455 8 9 0.010407975
558 386 14 18 0.010417094
369 358 13 8 0.010435312
418 436 12 18 0.01057943
252 418 40 52 0.01073573
712 360 23 19 0.010789987
784 392 8 13 0.010836558
964 408 9 11 0.010906194
438 395 8 9 0.011067901
670 379 14 18 0.01136142
612 404 14 17 0.011430241
478 437 13 12 0.011712632
939 410 21 18 0.011734295
758 391 13 19 0.011756389
438 383 7 7 0.011798351
775 396 16 30 0.011950362
781 375 13 17 0.01200053
367 427 12 11 0.012011317
803 415 13 19 0.0121047525
473 409 22 18 0.012133193
431 394 20 19 0.012147564
945 411 9 10 0.012165814
712 361 8 10 0.0123855695
804 408 9 13 0.012424165
338 453 12 10 0.012472433
488 388 11 12 0.012625478
721 349 7 8 0.012657736
402 437 9 10 0.012831339
494 386 13 13 0.012832965
324 450 14 16 0.0128751965
673 381 9 9 0.013269872
455 423 9 13 0.013341483
805 394 9 11 0.0133615155
466 433 21 18 0.01340733
399 423 14 17 0.013444139
886 408 11 11 0.013678422
740 406 12 21 0.013717448
442 409 21 20 0.013816316
530 409 12 11 0.014333743
388 438 10 10 0.014413394
935 457 23 19 0.014802269
941 431 22 18 0.015102204
331 437 19 26 0.015384002
526 418 22 17 0.015415291
463 422 11 13 0.015436476
495 364 8 8 0.015607169
893 386 18 31 0.015751097
387 411 9 10 0.01590066
864 394 10 11 0.016017577
613 407 10 11 0.016305514
435 430 10 10 0.016434928
840 407 12 21 0.017104067
674 393 11 13 0.017787335
838 418 14 19 0.018040162
333 448 22 17 0.018227218
402 408 9 11 0.018326776
876 370 23 18 0.018480731
441 389 21 18 0.01877207
509 408 22 17 0.018898532
855 395 9 10 0.018902423
896 406 11 11 0.019029213
399 404 14 18 0.020325935
896 398 17 29 0.020821525
420 413 8 11 0.021126164
390 425 8 10 0.021417545
808 402 19 22 0.022483543
402 427 9 10 0.022802796
415 421 14 18 0.022833986
420 439 8 11 0.023444636
246 437 13 18 0.02429022
780 389 12 20 0.02433002
688 373 20 19 0.025217632
354 350 7 6 0.025255546
326 453 10 10 0.0252608
246 442 9 11 0.025555741
284 437 20 20 0.02581316
358 425 11 12 0.02614353
775 378 8 9 0.026430747
350 442 10 11 0.026510667
808 392 19 21 0.026759781
773 394 8 13 0.027250914
771 398 12 21 0.027403012
804 391 13 21 0.028930573
475 424 22 19 0.029645642
484 378 20 20 0.031001275
501 422 24 17 0.032640338
553 379 18 26 0.033298735
343 437 21 18 0.03593357
958 404 20 19 0.036232844
784 377 8 11 0.03669198
419 408 14 20 0.04132622
675 381 17 29 0.041383926
362 354 25 16 0.041642796
620 382 21 18 0.042761102
454 419 13 20 0.04353939
257 424 30 38 0.044912145
881 384 17 31 0.04538647
749 420 12 23 0.045900676
578 383 17 28 0.048568334
859 391 21 19 0.049339022
320 444 10 11 0.052294936
805 395 17 31 0.055048432
340 443 12 11 0.05608955
418 425 8 11 0.06000454
310 442 9 12 0.060575012
802 387 17 31 0.06290041
462 410 17 30 0.06333559
250 425 20 22 0.06418336
487 384 15 18 0.06709472
524 406 22 18 0.06928209
741 415 16 30 0.06958878
430 423 21 19 0.081005625
458 410 21 19 0.08677994
707 373 19 21 0.08706138
773 386 17 31 0.094858065
249 431 20 21 0.102605425
457 418 20 21 0.11334485
252 414 29 38 0.11356822
883 403 20 20 0.11413601
314 440 20 19 0.11583261
308 438 14 18 0.14039414
472 434 22 18 0.14377515
495 416 17 30 0.16643125
889 401 21 20 0.193851
358 422 15 18 0.19762798
802 403 13 23 0.22537696
770 391 14 22 0.2804656
713 368 17 29 0.28067932
845 409 18 22 0.41617954
336 440 21 19 0.453487
431 401 19 22 0.48510185
943 423 20 21 0.5098742
740 422 14 24 0.5318919
494 423 23 19 0.5330245
488 382 21 20 0.55342877
670 388 18 21 0.5649483
360 423 21 20 0.5727706
571 390 21 20 0.68306077
624 376 20 21 0.70082325
546 379 15 20 0.75059366
268 361 19 22 0.7648004

