4_Dancing_Dancing_4_41
65
308 374 8 10 0.010146376
569 112 27 50 0.01049683
178 420 21 17 0.010768937
192 423 11 12 0.01088022
222 386 15 16 0.01104071
107 372 18 26 0.011733205
54 360 14 18 0.011925991
235 417 21 18 0.01251241
96 382 21 18 0.012753164
312 353 12 20 0.014007393
198 392 13 14 0.014344411
254 449 24 17 0.014855824
314 359 7 13 0.015182253
480 103 24 53 0.016326774
136 379 17 27 0.016937701
41 413 24 18 0.01708013
175 374 16 28 0.017118871
252 423 24 17 0.018007446
202 396 18 30 0.020040412
558 108 25 55 0.020273207
197 397 13 14 0.020544976
143 341 9 13 0.02068915
309 331 11 24 0.021374134
203 422 22 17 0.02224653
141 338 12 19 0.023287814
265 420 23 17 0.023813503
187 427 22 18 0.02476838
474 114 32 76 0.025876705
310 324 8 12 0.027854273
0 397 8 24 0.028348342
30 375 22 18 0.02884163
198 394 21 19 0.03241223
178 373 11 13 0.034879852
516 144 38 79 0.03571995
112 373 9 13 0.041950237
518 122 35 79 0.049146876
59 365 14 14 0.05103753
157 395 18 30 0.055582307
477 93 32 74 0.05693388
305 328 17 34 0.06066242
110 371 13 19 0.0666421
545 111 34 79 0.06889575
185 421 23 18 0.07272924
146 395 18 29 0.07650967
107 352 12 19 0.08073015
22 404 25 21 0.087762
526 90 50 89 0.09730525
202 389 14 18 0.12425241
565 102 34 73 0.14280464
29 402 20 28 0.15176935
17 401 19 29 0.15181524
521 111 45 104 0.17419901
54 366 15 17 0.28654194
103 351 13 19 0.28738514
150 399 23 21 0.3049175
195 390 20 20 0.34320292
553 98 33 77 0.3581634
55 363 20 19 0.3602205
35 382 21 20 0.386463
96 398 20 29 0.38941607
173 369 20 20 0.48465958
597 92 52 89 0.5140826
256 388 15 18 0.53695667
228 370 14 17 0.56508946
130 375 14 19 0.7034925

