4_Dancing_Dancing_4_769
34
143 64 20 19 0.010383369
4 91 10 30 0.010470994
86 50 13 19 0.010482432
148 59 9 11 0.010711879
502 228 40 56 0.011532693
1 51 15 36 0.011669696
56 42 22 19 0.011715436
895 209 17 38 0.01359265
798 190 21 22 0.014804842
146 57 14 18 0.01612802
5 84 15 39 0.01659412
114 61 17 30 0.017152624
92 52 12 20 0.018040938
49 50 18 31 0.019590544
120 69 9 13 0.020000601
800 182 20 23 0.021019245
1 53 9 15 0.024699913
461 243 33 40 0.025921779
572 231 25 18 0.030159486
51 50 20 20 0.038335875
888 196 33 66 0.04056899
62 51 17 31 0.040850535
715 208 18 32 0.042368934
719 210 12 23 0.04706608
154 52 22 20 0.058116272
0 50 11 22 0.0790323
56 50 21 21 0.098708265
119 65 13 21 0.124914795
120 67 20 22 0.21810734
124 64 19 30 0.22278622
911 152 18 37 0.6331075
802 175 16 38 0.6781324
464 227 38 64 0.9014893
403 122 39 62 0.97749263

