4_Dancing_Dancing_4_156
29
310 73 52 98 0.010644041
111 3 21 21 0.011317729
265 100 86 159 0.011475973
102 20 21 33 0.011772865
250 7 35 62 0.012723564
515 35 62 82 0.013011583
256 14 26 45 0.013235769
436 104 111 126 0.013470074
307 0 13 18 0.014929061
455 119 68 86 0.015430722
298 0 19 32 0.015909504
296 61 35 75 0.015967129
108 3 20 31 0.016344804
142 269 53 115 0.018126834
648 0 60 84 0.019488018
148 3 56 72 0.01961199
1009 28 15 42 0.022725297
295 33 31 78 0.0228299
198 12 57 75 0.02446069
511 77 69 86 0.024626879
190 39 41 59 0.026925575
487 61 113 133 0.02708126
93 13 39 55 0.043551542
229 9 37 57 0.04796014
431 78 108 114 0.05861203
291 19 24 49 0.059136026
448 94 67 86 0.1260238
909 20 49 63 0.5421428
155 7 39 54 0.8978849

