4_Dancing_Dancing_4_84
102
415 141 12 22 0.010239749
763 75 23 17 0.0103526395
714 136 25 18 0.010617781
191 126 10 13 0.0109055415
200 144 20 20 0.011051436
736 67 14 21 0.011102248
435 139 12 23 0.011286057
485 142 22 35 0.011369665
171 156 21 19 0.011411429
144 169 42 52 0.011879215
621 139 13 18 0.012149122
179 142 14 20 0.012264441
734 46 34 53 0.013063915
755 128 20 20 0.013197274
614 142 12 12 0.013308382
690 140 14 21 0.013422646
759 0 10 6 0.013476894
698 137 23 19 0.013913634
712 119 29 38 0.013942928
590 138 14 17 0.013956
609 140 22 17 0.013990656
660 30 10 8 0.014021275
353 150 34 39 0.014310256
254 91 13 18 0.014470833
859 82 27 16 0.014503927
695 64 7 9 0.014834088
732 139 24 18 0.014851518
875 92 26 16 0.014903808
205 219 22 19 0.015362413
639 21 11 8 0.015590487
130 99 8 8 0.015683468
723 75 23 17 0.016226262
275 141 14 13 0.01630836
92 142 11 23 0.016777204
65 143 12 25 0.016853398
593 141 10 10 0.017714605
56 68 21 19 0.01794603
84 143 17 25 0.018032666
88 101 8 11 0.018370505
562 65 11 7 0.018658053
205 122 12 20 0.018837562
897 102 9 8 0.019105893
685 141 24 26 0.01948342
268 134 18 27 0.019523624
189 124 13 18 0.019830972
631 0 25 16 0.019878581
242 129 12 18 0.020449758
384 27 25 16 0.02085782
257 95 8 10 0.020962324
182 122 13 19 0.021641824
184 125 9 12 0.021687077
631 131 10 12 0.023244588
743 123 22 29 0.024979431
750 139 23 18 0.025143625
671 20 9 9 0.025686579
607 86 14 20 0.026167601
305 165 9 9 0.026403483
254 114 13 18 0.027720546
609 176 9 10 0.028137552
702 138 43 51 0.029440172
708 134 34 34 0.02966012
274 132 15 20 0.02997096
742 75 24 18 0.030133098
843 115 37 33 0.030873472
722 3 10 10 0.032095138
630 129 13 18 0.03323609
257 117 9 12 0.036138706
735 3 9 10 0.036378495
739 133 22 28 0.036769416
112 109 13 19 0.038691353
713 129 24 19 0.04347717
86 151 13 23 0.04389451
761 135 21 20 0.049337972
114 102 7 9 0.0497562
676 0 14 13 0.050892565
52 176 7 10 0.05314087
656 17 23 16 0.057366647
455 140 21 22 0.06289935
244 133 8 12 0.069955304
693 20 9 10 0.07059993
789 63 16 20 0.07928513
661 21 12 10 0.094158284
73 138 18 33 0.10304778
115 112 8 11 0.111251
743 59 20 33 0.14493042
785 52 18 30 0.15023836
762 127 21 21 0.32546258
453 137 13 23 0.35334063
789 65 25 20 0.4340649
603 83 22 20 0.457135
736 67 20 30 0.46101153
731 72 23 21 0.5576561
52 71 19 22 0.5849498
147 77 22 20 0.7151485
273 136 19 20 0.7315659
537 198 29 45 0.73670197
220 72 20 21 0.7821475
341 153 44 52 0.8234179
700 154 43 59 0.8511873
479 131 36 52 0.8680333
133 172 37 57 0.8849902
847 106 45 46 0.9115675

