4_Dancing_Dancing_4_97
31
523 302 21 19 0.010374617
351 332 8 16 0.011498178
158 262 41 67 0.011775912
289 323 19 31 0.012284992
294 267 29 58 0.012390004
470 348 15 19 0.013100689
345 334 8 17 0.015055055
464 343 17 30 0.015308417
344 322 12 23 0.016047433
247 306 23 22 0.016518444
476 337 21 19 0.016820276
462 329 16 31 0.018886132
378 324 21 21 0.02288099
467 319 13 19 0.02390837
141 245 48 101 0.025335148
158 239 36 68 0.033808623
242 311 21 22 0.035228103
470 323 8 11 0.05467771
338 321 17 34 0.07991557
349 322 12 23 0.0852301
355 319 14 34 0.08535656
240 302 24 39 0.08608946
348 328 12 22 0.13607787
344 329 12 25 0.1988008
251 298 17 35 0.22430244
539 315 16 30 0.25163552
242 298 17 37 0.41681856
532 315 17 31 0.43029213
472 348 22 21 0.58073944
382 322 16 33 0.58185464
301 276 18 37 0.8731044

