4_Dancing_Dancing_4_489
127
23 56 12 23 0.010083288
104 49 22 17 0.0101334825
92 19 14 16 0.010348385
178 3 10 11 0.010407259
919 54 26 27 0.010846417
943 36 23 16 0.010905321
810 0 26 13 0.011140262
170 60 21 20 0.011482574
173 21 12 11 0.0115878275
833 12 21 19 0.011665963
0 79 7 17 0.011695225
34 14 19 24 0.011833589
134 0 15 15 0.011846923
131 16 15 16 0.01207333
198 14 9 10 0.012396965
943 16 14 12 0.012717612
877 31 16 11 0.0127848005
831 0 22 18 0.012902145
291 80 38 34 0.01326509
158 62 20 20 0.013760383
163 58 21 28 0.013890649
22 20 12 12 0.014123535
748 117 34 38 0.015026275
908 2 19 27 0.015363373
113 24 13 10 0.015882956
841 5 19 28 0.01590566
12 1 14 16 0.016087394
167 27 20 19 0.016122362
198 7 9 11 0.016648522
851 12 11 11 0.016735017
976 24 20 18 0.017783914
889 50 24 17 0.01909783
939 5 23 16 0.019283634
86 0 14 12 0.020680886
95 21 10 10 0.021190997
906 2 15 18 0.021603337
846 8 20 18 0.022083675
27 59 19 23 0.022714084
65 38 14 10 0.023852786
72 30 20 27 0.024291733
920 38 32 34 0.024398675
35 0 15 15 0.025226474
222 0 13 18 0.026003337
0 12 12 19 0.026082594
981 21 14 12 0.026488291
47 0 15 14 0.026886173
859 1 13 17 0.027826145
1 16 8 12 0.028750869
135 1 11 11 0.02889555
63 2 15 14 0.030160673
15 1 10 11 0.0316614
103 29 21 26 0.031806115
193 46 12 11 0.03226284
222 17 13 18 0.03395163
986 17 14 18 0.035044353
96 38 11 10 0.03527634
167 19 20 19 0.03539132
65 19 12 10 0.038146727
225 3 9 11 0.038236044
164 21 11 13 0.03966644
188 44 21 18 0.040072188
0 74 8 27 0.040721536
92 0 14 12 0.041843425
397 231 54 75 0.042413764
90 34 21 18 0.046272874
930 14 23 18 0.048670102
110 29 16 11 0.04901594
224 20 9 12 0.051226392
94 43 14 16 0.0518371
142 0 15 14 0.054748494
112 1 10 9 0.06218035
877 21 21 18 0.064501114
37 0 11 10 0.06826304
84 31 13 11 0.06996058
49 2 11 10 0.078524865
87 0 11 10 0.08773645
766 209 33 62 0.087851524
47 24 23 18 0.09090302
166 25 14 17 0.09293489
4 0 12 18 0.10222243
82 22 16 15 0.10922258
56 18 23 17 0.11315329
79 28 22 17 0.117205895
85 24 11 10 0.12676823
65 3 11 10 0.13426013
107 22 23 17 0.13464144
95 0 10 10 0.14532754
5 1 9 13 0.15204178
145 0 11 10 0.15709211
852 6 10 12 0.18027791
158 19 21 19 0.25705263
59 34 23 18 0.29894647
148 12 14 18 0.30128178
50 21 16 17 0.3055688
105 26 23 17 0.3426195
979 19 20 18 0.38967535
850 4 14 17 0.40612307
937 12 21 19 0.44675705
22 18 22 20 0.46082613
871 26 23 19 0.48500845
898 1 20 20 0.49918854
887 106 38 36 0.52561533
616 73 32 58 0.54951483
918 137 37 51 0.5532301
904 49 36 32 0.5577489
762 40 28 40 0.5816245
187 73 41 59 0.5950869
673 91 34 67 0.61823106
690 33 36 40 0.6276501
175 235 45 67 0.63134575
483 104 35 52 0.64549416
781 232 42 64 0.6695893
257 126 36 61 0.6781607
752 104 37 54 0.67846984
393 235 39 60 0.7351748
403 120 36 61 0.73899776
130 115 36 55 0.74127084
529 57 39 56 0.75002754
275 238 42 63 0.75392133
419 59 38 53 0.76083547
602 210 43 62 0.7614485
346 83 33 42 0.7715376
297 63 34 56 0.7841908
832 104 36 55 0.81792796
544 229 37 60 0.8331567
707 280 38 57 0.8657438
808 20 30 40 0.86682564

