4_Dancing_Dancing_4_319
85
890 92 23 48 0.01011612
765 38 19 31 0.010298415
262 220 26 44 0.010392834
280 43 21 23 0.01059115
816 0 35 12 0.010685886
744 37 19 32 0.010690797
68 56 38 59 0.010874267
324 14 26 19 0.010998348
1004 46 18 24 0.01112033
13 71 21 29 0.011163078
738 434 99 126 0.011572404
884 102 33 65 0.011717928
737 39 29 37 0.011774168
138 54 33 55 0.013178478
223 66 26 39 0.01345378
431 54 18 26 0.014278545
820 1 31 36 0.015072565
66 72 45 58 0.015444168
813 3 28 15 0.015474772
145 61 21 35 0.016316775
222 61 23 18 0.01668443
249 96 21 21 0.017007863
25 74 27 17 0.017064782
710 45 24 21 0.0178437
449 146 23 30 0.0183759
412 248 25 45 0.019102877
999 52 17 34 0.019242022
35 2 21 19 0.01953217
628 145 31 44 0.02011617
41 1 19 29 0.022252994
764 43 12 21 0.024668211
267 176 23 19 0.024870738
701 42 24 20 0.025060263
198 63 27 19 0.025321694
766 59 17 32 0.025457421
233 61 21 20 0.028333196
265 54 19 29 0.030152196
751 451 66 97 0.03386686
231 71 21 30 0.03875557
299 51 21 30 0.042167872
410 77 28 39 0.047804892
814 25 20 33 0.048961032
266 167 21 31 0.049307115
189 62 24 19 0.057438992
229 119 24 27 0.059128996
259 91 22 29 0.06291796
27 61 20 30 0.07249129
814 7 21 30 0.07919629
44 2 14 18 0.08844723
1001 28 17 37 0.10299799
23 67 26 19 0.12001927
235 92 21 31 0.1203609
196 56 19 35 0.15071987
217 23 18 33 0.15928693
320 34 20 33 0.16218531
609 125 33 59 0.16400431
289 42 21 32 0.1700506
209 28 23 21 0.18534812
314 50 20 32 0.21727933
695 52 25 40 0.21929947
424 43 21 29 0.23899928
589 0 30 33 0.26105332
200 89 23 31 0.33330375
82 71 45 55 0.38229802
273 41 18 33 0.40011954
446 51 28 39 0.40113288
344 46 25 38 0.40365544
211 27 18 34 0.42409095
617 134 36 60 0.44376895
148 62 30 39 0.45349303
442 138 28 36 0.46275535
327 243 29 44 0.51189196
321 10 20 33 0.5119887
3 18 21 32 0.53335387
416 65 25 41 0.59056175
215 156 31 41 0.59189796
486 58 27 39 0.61548275
707 35 28 38 0.6873942
683 59 20 36 0.7309479
654 46 24 45 0.80463696
596 0 31 36 0.82175195
735 50 28 41 0.8590538
965 78 30 45 0.86501074
955 26 28 40 0.88870716
551 34 32 39 0.9108156

