4_Dancing_Dancing_4_422
19
530 109 42 71 0.010316841
695 389 32 68 0.011453826
674 634 36 59 0.012620831
320 187 68 91 0.012679112
681 401 25 46 0.013220184
501 48 95 140 0.014583119
517 62 61 101 0.015021802
200 416 48 117 0.015314622
699 387 23 48 0.020234648
300 163 114 145 0.03098212
367 396 100 119 0.056900367
642 497 68 101 0.06929441
632 489 93 139 0.10515464
557 93 107 121 0.1261753
574 103 77 88 0.12696345
395 383 70 103 0.1487747
320 378 70 108 0.21842405
518 95 73 94 0.361813
317 397 90 114 0.50318223

