23_Shoppers_Shoppers_23_271
26
11 365 40 114 0.010037366
976 313 9 10 0.010717651
868 326 8 12 0.011902936
0 333 11 51 0.01241306
311 346 7 10 0.01260774
8 378 28 85 0.013802352
107 382 24 18 0.014102226
107 389 25 45 0.014132104
948 341 7 8 0.015183721
927 344 6 9 0.015464504
256 277 25 18 0.019370884
0 241 16 36 0.021159228
922 345 6 9 0.02409687
107 377 18 34 0.027736088
18 277 18 38 0.033344463
167 381 24 18 0.04207216
168 316 22 22 0.042074658
163 369 20 31 0.04294726
105 375 24 17 0.0497173
154 321 39 55 0.0623862
159 329 29 40 0.07197828
164 310 29 37 0.47317153
603 228 60 79 0.52731615
497 227 52 63 0.7535731
265 274 20 29 0.7862281
20 278 30 41 0.9537232

