23_Shoppers_Shoppers_23_91
57
340 203 7 6 0.010123849
363 241 21 36 0.010555763
427 206 24 18 0.010610115
208 202 12 29 0.010740755
8 257 7 15 0.010972288
961 234 39 54 0.0109786345
98 265 9 9 0.011035635
33 276 7 11 0.011046226
101 288 8 10 0.012412745
12 314 15 39 0.012450011
272 229 7 10 0.012527283
220 315 22 19 0.012539528
327 214 6 6 0.0125707425
9 247 14 36 0.013054051
64 274 9 11 0.0133703
16 257 7 15 0.013861034
987 230 18 34 0.014525277
273 238 13 21 0.01460636
258 284 13 19 0.014882323
18 283 11 23 0.015438027
20 287 6 14 0.015536879
115 260 14 16 0.015595948
310 243 7 9 0.015724994
317 270 22 21 0.015919294
966 240 30 38 0.017246753
321 223 19 31 0.017549032
385 245 20 32 0.018644603
269 256 19 32 0.019197611
55 274 8 12 0.019278359
53 288 7 10 0.019869976
56 268 20 20 0.020717457
262 218 12 19 0.021608742
324 239 7 9 0.022354567
364 229 21 38 0.023309082
276 243 7 11 0.023901086
260 287 8 11 0.02391224
325 230 7 9 0.024375549
210 282 13 18 0.025088564
270 218 18 31 0.025759004
114 267 14 17 0.026826255
54 268 12 21 0.027327333
264 221 8 12 0.03263118
101 272 9 10 0.039729383
342 207 7 7 0.040269066
117 264 10 9 0.04295359
289 225 19 32 0.04329932
15 238 11 24 0.043320987
12 251 12 23 0.05280393
115 270 10 10 0.058870897
372 230 28 42 0.061301988
7 250 11 25 0.080552466
971 226 27 42 0.15018547
298 249 27 42 0.15445721
316 262 19 34 0.16043963
201 201 18 35 0.7694426
362 225 31 54 0.84976
639 112 38 61 0.9926818

