23_Shoppers_Shoppers_23_461
77
813 179 21 19 0.010069014
798 272 21 20 0.010116736
645 186 9 12 0.0105834035
773 109 9 11 0.010691413
705 150 18 30 0.010717423
674 173 10 9 0.010963077
789 70 13 18 0.011024031
833 218 19 33 0.011189464
907 245 24 48 0.011209461
545 222 19 33 0.011512794
378 38 31 80 0.011665494
649 172 23 17 0.011848145
638 194 21 19 0.0123128835
760 92 9 10 0.012584031
684 186 22 17 0.01326876
785 88 9 10 0.01349865
770 105 13 19 0.013514203
780 155 18 31 0.014057578
796 164 20 22 0.014360392
781 219 21 29 0.014869466
729 164 23 18 0.016092995
806 176 19 31 0.016662931
757 73 9 11 0.016770316
529 187 13 18 0.017805774
785 108 9 12 0.018438729
521 239 19 33 0.018797196
601 172 9 14 0.019317009
665 185 23 18 0.019663919
782 105 13 19 0.02012284
903 270 27 44 0.020327272
608 179 9 14 0.02036616
335 75 49 98 0.020788483
766 81 19 19 0.02100366
559 185 8 12 0.022747742
799 75 9 11 0.023123782
791 74 9 10 0.02352888
292 60 39 67 0.025546791
666 170 24 17 0.026265249
556 182 12 18 0.026736375
703 69 22 18 0.029479817
604 177 13 18 0.0301112
591 185 18 30 0.031044176
523 219 26 43 0.03158341
626 204 10 12 0.03160217
767 78 14 16 0.034767013
532 191 8 11 0.036176626
614 189 19 31 0.03626641
919 139 12 20 0.03682786
717 165 23 18 0.037272796
800 158 18 32 0.03759057
184 35 36 73 0.0412818
599 178 13 19 0.04152107
548 185 13 18 0.042888716
689 199 22 18 0.04436732
367 46 44 102 0.045238316
707 184 20 28 0.045321234
738 151 22 20 0.046154376
681 181 19 28 0.04738363
687 132 17 32 0.049764182
192 29 50 100 0.052569024
697 188 22 19 0.05351973
643 182 20 21 0.060138177
550 189 9 11 0.06379751
600 170 12 20 0.06537693
607 172 10 14 0.067700036
650 191 22 20 0.08196441
358 64 35 86 0.10720963
624 201 13 20 0.10777439
771 84 10 13 0.11777918
691 140 14 20 0.13714339
688 142 17 31 0.15218978
697 194 22 20 0.1944497
604 171 14 18 0.33525127
651 179 18 30 0.37258175
685 144 22 19 0.397428
746 145 18 31 0.6345909
343 46 52 110 0.68460804

