23_Shoppers_Shoppers_23_43
108
355 152 19 34 0.0100276675
672 184 14 21 0.010105368
729 233 36 56 0.010179459
478 100 29 38 0.01023614
233 154 22 21 0.010838834
65 161 36 70 0.010845246
219 166 40 57 0.01112622
983 123 22 19 0.011223809
278 266 43 57 0.011444879
184 147 51 78 0.011721655
262 401 49 103 0.011777354
918 182 38 62 0.011847716
56 197 46 86 0.012342144
202 155 17 37 0.012915305
738 179 19 30 0.013010451
743 178 8 14 0.013099283
435 378 48 107 0.013112518
5 185 26 44 0.013228304
326 342 50 93 0.013377422
954 124 23 19 0.013802171
9 124 17 36 0.013880053
15 154 23 18 0.013940627
84 216 29 49 0.013990524
318 166 23 17 0.014468406
596 131 38 58 0.014487239
743 183 9 16 0.015409474
164 173 28 46 0.015661253
753 172 12 21 0.01571656
445 95 27 42 0.016186006
447 328 38 66 0.016556088
736 233 24 19 0.017625885
265 151 23 18 0.01789975
576 122 43 53 0.018106418
959 264 47 108 0.018340116
550 138 24 20 0.018508272
760 331 38 58 0.019055672
187 173 27 45 0.019691965
221 150 35 58 0.019784952
122 195 34 63 0.020248733
442 351 48 93 0.020306544
989 117 18 31 0.02049605
823 202 50 51 0.020785348
887 151 29 38 0.020799546
324 151 20 30 0.020859074
350 143 38 58 0.021253204
353 149 28 43 0.02200686
679 228 12 23 0.022362873
745 224 21 20 0.02302823
386 130 24 45 0.023629628
459 110 27 41 0.02496204
15 150 17 33 0.026231429
187 148 33 65 0.026368178
940 92 25 18 0.027442843
852 204 49 53 0.027633794
742 168 19 30 0.027643412
978 120 14 21 0.028047465
340 339 45 61 0.028306924
437 381 34 82 0.029488038
189 499 43 63 0.030572448
73 154 22 36 0.031390578
784 138 26 41 0.032803733
1002 156 18 35 0.032987166
297 153 22 28 0.033530287
744 229 22 20 0.03447497
1012 123 12 21 0.03561617
253 449 37 67 0.03600163
1014 126 8 12 0.037007663
481 332 35 64 0.037459537
99 170 34 62 0.039065734
733 238 28 40 0.040727552
24 152 23 21 0.04136433
257 153 30 38 0.041907083
506 122 29 37 0.04841081
268 457 52 105 0.050435785
315 160 25 17 0.051167887
682 224 19 34 0.05154644
335 152 22 19 0.052372385
231 156 18 34 0.054966908
180 164 38 63 0.055295616
824 136 35 60 0.07588875
964 98 20 33 0.076081246
742 180 12 21 0.07680729
101 156 25 46 0.07811397
159 163 38 64 0.086058445
742 225 20 32 0.08928032
301 156 24 18 0.10420656
910 203 61 83 0.11448875
163 146 34 65 0.13770238
796 133 19 38 0.14588016
547 126 29 39 0.17124835
974 117 20 30 0.18412115
786 133 18 37 0.18684857
167 226 42 72 0.2308815
473 112 31 40 0.27593192
27 146 19 33 0.311509
925 201 42 65 0.4076317
382 140 25 48 0.44008347
604 124 30 41 0.51481485
73 205 36 76 0.52237874
866 147 29 42 0.5520149
725 332 39 62 0.59104866
795 137 26 43 0.6226956
347 224 62 84 0.661959
174 207 47 97 0.6641017
147 394 74 75 0.6878444
68 146 35 55 0.7031943
941 121 23 32 0.7469051
573 146 43 61 0.8336861

