23_Shoppers_Shoppers_23_60
144
775 587 11 20 0.010239243
776 623 6 9 0.010247785
124 514 26 16 0.010477284
598 641 6 11 0.010493041
606 601 11 19 0.010635158
657 658 6 9 0.010647386
887 640 5 7 0.010801266
505 675 6 11 0.010876904
671 603 12 18 0.010936823
867 640 5 7 0.011011707
512 674 5 11 0.011017431
158 576 33 71 0.0110421525
547 590 8 8 0.011247228
515 621 7 12 0.011340422
626 688 5 9 0.011352853
640 580 7 12 0.011413921
375 597 8 12 0.011580419
158 517 17 34 0.011686934
0 660 9 69 0.012034674
802 658 5 8 0.012249269
151 506 21 21 0.012317743
626 585 12 19 0.012630038
471 600 11 21 0.012772216
608 604 8 12 0.012951993
835 640 5 8 0.013001348
2 643 10 68 0.013843089
588 573 13 18 0.014439062
617 579 8 12 0.014669988
725 646 6 7 0.01472175
591 576 8 12 0.014887883
578 639 10 22 0.015184399
581 568 7 9 0.015257488
472 583 7 10 0.015402299
512 606 12 20 0.015782058
524 587 13 17 0.015969211
610 512 7 9 0.01609974
609 592 12 19 0.016303388
397 582 10 14 0.016471459
595 518 8 6 0.016545314
86 599 51 101 0.016600305
777 579 6 10 0.016800597
609 628 6 10 0.016920425
881 632 5 6 0.017298555
547 573 13 17 0.017327614
164 601 32 66 0.018411847
648 608 6 9 0.018837139
649 640 6 9 0.01915291
565 689 5 8 0.019409062
146 499 21 18 0.019977449
841 628 5 8 0.020935712
536 657 5 11 0.021528507
195 606 24 52 0.021781191
393 586 10 16 0.022140067
103 512 14 19 0.022481956
615 575 12 20 0.022985775
484 580 12 18 0.023002025
513 659 5 10 0.023016036
515 610 8 11 0.02312794
783 607 6 10 0.02316079
155 505 17 33 0.023397086
789 641 6 9 0.0247785
369 635 10 29 0.027469622
205 557 18 34 0.028351488
470 651 11 25 0.028379243
791 627 6 8 0.029168995
583 686 5 8 0.030034507
170 618 17 35 0.030047523
777 592 7 11 0.030128665
629 588 8 12 0.030202286
584 679 5 9 0.030958053
704 599 7 7 0.031417686
801 629 6 8 0.032101493
857 640 5 7 0.033569165
692 604 13 17 0.033806767
98 521 22 20 0.034115948
647 670 5 10 0.034198478
672 628 6 8 0.035148572
660 641 6 9 0.035207283
581 653 5 12 0.035865143
478 601 12 20 0.03651761
775 604 11 18 0.03785706
626 675 5 10 0.038053993
516 581 13 16 0.038382858
108 506 17 31 0.041510604
0 645 12 95 0.041734654
611 596 8 10 0.041736953
721 622 6 8 0.04207697
392 580 13 19 0.043296568
190 596 33 71 0.04437373
664 627 6 8 0.04440841
496 579 12 17 0.046584755
216 547 21 19 0.048045613
714 623 6 8 0.049134474
268 554 19 30 0.05221693
631 658 5 10 0.053101715
658 595 6 11 0.053972255
481 604 8 14 0.0546417
646 595 6 11 0.055774804
2 623 18 109 0.056141883
676 641 7 9 0.05969399
486 583 8 12 0.059861682
670 593 12 20 0.060381956
800 641 6 9 0.062041268
497 585 13 18 0.0630245
212 548 14 18 0.06396339
852 628 5 8 0.06705302
673 597 8 12 0.06902817
872 629 5 7 0.07156965
697 599 7 9 0.074105605
562 575 13 17 0.07507055
141 510 24 47 0.07589152
647 660 6 10 0.078853905
145 507 21 21 0.08942757
527 583 7 8 0.096506044
738 609 6 7 0.09899398
106 518 19 33 0.104336314
470 590 8 14 0.10562922
625 574 12 20 0.10934842
103 510 23 20 0.11033131
580 572 13 18 0.113411434
515 586 13 17 0.114199236
628 577 7 13 0.11536609
675 607 6 10 0.115730286
528 589 8 10 0.11809203
580 643 6 12 0.12520696
210 553 14 18 0.12752065
469 587 11 21 0.14471604
144 504 18 34 0.15247378
662 611 5 8 0.15313755
549 577 8 9 0.15519066
480 588 11 20 0.17587942
482 591 8 13 0.18909943
582 575 8 12 0.19099726
499 582 8 11 0.21149437
500 588 8 11 0.22572535
695 606 7 10 0.23023471
709 608 7 8 0.24059725
564 577 8 11 0.24300623
519 584 8 10 0.25715044
273 544 13 24 0.2806875
725 612 6 7 0.30289015
517 588 9 11 0.42475665
777 607 7 11 0.50372607
394 583 14 19 0.6188297

