23_Shoppers_Shoppers_23_459
310
818 477 10 20 0.010036527
299 420 6 10 0.010037282
6 113 12 20 0.0101426365
728 339 6 9 0.01044544
647 489 20 28 0.01047046
646 492 11 23 0.010842192
834 447 10 20 0.010848919
602 628 5 9 0.010884392
441 502 5 9 0.0109866215
806 146 6 8 0.011062349
439 293 6 7 0.011084343
640 256 6 9 0.011113379
213 131 6 7 0.011149653
617 615 6 10 0.011341085
612 117 5 7 0.011374716
295 431 5 8 0.011499192
421 116 5 6 0.011503485
1011 525 10 27 0.011672286
401 246 6 8 0.011761765
152 439 5 7 0.011850116
818 146 6 9 0.011886314
45 124 17 21 0.011999445
465 294 6 8 0.01230555
131 122 18 18 0.012383033
807 387 5 7 0.0125374505
425 242 6 8 0.012629075
389 263 5 6 0.012735628
453 325 5 6 0.012736311
256 427 6 8 0.012755441
440 674 7 7 0.012826369
423 263 5 6 0.012832529
352 364 11 21 0.01303453
676 631 5 7 0.013078156
601 578 5 8 0.013300476
597 553 12 20 0.013461921
425 530 6 8 0.013619868
373 369 6 10 0.014122254
565 257 7 8 0.014247148
274 464 6 10 0.014303968
545 129 7 7 0.0143322
818 354 6 7 0.014339361
231 485 7 8 0.014488109
696 277 6 8 0.014637118
245 424 7 8 0.014745147
485 322 6 6 0.014809106
526 453 8 10 0.014924586
654 524 13 22 0.014929691
437 265 5 6 0.014959125
628 98 5 8 0.015255032
421 309 5 6 0.015325462
96 129 9 10 0.015327348
693 69 5 7 0.015388474
894 478 11 18 0.015411971
164 116 12 17 0.015490603
168 484 6 7 0.015691051
497 480 6 8 0.015713869
1012 436 5 8 0.015881041
34 139 9 13 0.015944017
483 563 6 6 0.016050633
737 340 5 8 0.016054317
487 532 6 6 0.016058316
372 277 4 6 0.016074123
406 275 5 6 0.016149782
377 306 5 6 0.016207607
200 465 6 8 0.016461704
805 368 5 7 0.016583657
310 452 6 9 0.016631262
167 424 6 7 0.016661251
662 612 6 8 0.016685681
247 515 6 9 0.016766213
303 415 11 16 0.016958483
595 129 5 7 0.017050056
32 108 12 19 0.017066663
167 467 6 8 0.01731573
729 66 6 8 0.017319813
519 470 6 9 0.017444978
772 82 6 7 0.017526742
522 453 8 12 0.017615898
197 107 13 18 0.017807692
512 534 7 9 0.017818037
452 128 7 7 0.017870065
467 130 6 7 0.017899994
277 488 6 10 0.017921213
342 277 5 8 0.017955998
324 447 6 9 0.018144665
391 276 4 6 0.018186435
500 645 7 7 0.018365046
706 663 5 6 0.018644469
599 558 7 11 0.01870949
514 121 6 6 0.018723678
356 274 5 7 0.018726248
997 438 6 7 0.018788354
68 652 37 61 0.018905079
128 542 12 18 0.01896949
355 367 6 12 0.018986335
503 122 6 7 0.019607013
21 104 6 11 0.019633166
292 147 6 8 0.019814616
242 465 7 9 0.019956222
598 531 7 9 0.020161496
87 148 7 11 0.020174053
177 483 5 8 0.020328403
616 625 7 9 0.020647353
781 125 12 15 0.020709781
375 293 5 6 0.020928016
735 67 6 8 0.021050824
465 498 5 9 0.021240903
259 120 7 9 0.021595562
419 278 5 6 0.021609742
515 129 6 7 0.02172102
707 342 5 9 0.021762805
262 468 7 10 0.022125522
490 479 6 8 0.022376498
691 591 7 9 0.022405187
148 489 5 7 0.022417633
817 369 7 7 0.022626901
279 144 5 8 0.022716338
5 745 11 23 0.022755533
634 133 4 5 0.022814512
755 144 6 8 0.022962714
664 659 4 6 0.02297506
178 465 6 8 0.023043752
917 378 12 24 0.023069058
499 310 6 5 0.023294827
180 420 6 7 0.023482818
472 633 7 7 0.023685131
450 546 6 8 0.023893166
388 129 6 6 0.024339378
324 288 6 7 0.024417274
441 515 6 8 0.024573276
704 366 6 10 0.024638897
793 368 5 8 0.025067199
668 509 13 21 0.02519955
486 133 6 6 0.025474936
474 551 6 8 0.02566599
47 116 12 17 0.025831513
599 549 8 11 0.026227957
754 294 7 8 0.026562106
513 543 7 8 0.026965164
438 273 5 6 0.02767095
564 480 6 8 0.027851246
467 323 6 7 0.02800379
661 130 4 5 0.028005721
403 263 4 6 0.028194167
902 436 7 8 0.028206777
727 654 5 7 0.029200189
484 643 6 7 0.029259648
752 128 14 17 0.02958209
458 488 5 9 0.029786319
439 532 6 7 0.029875554
451 294 6 7 0.03035248
558 559 7 9 0.030455753
597 546 13 20 0.030466454
64 129 8 11 0.030676162
742 116 6 6 0.030771019
473 641 6 6 0.03103836
17 123 11 19 0.031583562
436 548 5 7 0.03187163
612 128 5 7 0.031888757
32 98 12 20 0.031910114
420 291 5 7 0.03240479
324 437 7 9 0.03266574
177 119 6 8 0.032753155
438 308 6 7 0.032803755
757 319 5 8 0.03288156
4 141 7 14 0.033421025
193 422 7 8 0.03359884
654 491 12 23 0.033731636
758 312 5 8 0.03376054
227 160 7 9 0.033873446
209 113 7 9 0.034022924
468 310 6 7 0.03412056
199 101 6 8 0.034147166
150 497 5 7 0.035205282
889 481 8 12 0.03561969
480 632 7 6 0.035700377
484 312 6 6 0.035882436
696 662 5 6 0.035957593
744 322 6 7 0.036207564
647 144 4 7 0.036561053
8 117 7 12 0.036656674
504 533 6 7 0.03692201
2 138 11 21 0.037294775
233 435 6 9 0.037542548
497 566 6 7 0.03787184
208 102 6 8 0.03807904
649 517 18 34 0.038773376
201 481 6 9 0.039345514
725 115 5 6 0.039380077
449 531 6 9 0.03975746
647 120 4 6 0.04001203
195 437 6 7 0.04052457
375 122 6 6 0.040677786
456 496 6 9 0.04110076
177 128 7 9 0.041555338
216 419 6 7 0.04183585
699 366 6 10 0.042681165
295 133 6 7 0.043559417
481 550 6 7 0.043949123
386 119 6 6 0.044543564
838 391 8 7 0.0453409
152 453 6 8 0.04639062
256 492 8 10 0.0467344
322 412 12 17 0.047213826
338 293 5 7 0.0472185
679 129 4 5 0.04751151
678 643 5 7 0.048399918
502 127 6 7 0.04854721
209 480 7 9 0.0488361
699 358 6 10 0.049371094
223 409 8 10 0.049988158
250 485 8 12 0.050373696
230 135 6 6 0.051271453
196 452 6 7 0.051653955
675 593 6 9 0.0526135
5 126 11 22 0.05365729
18 111 11 20 0.054001875
501 546 5 8 0.054303173
165 439 5 6 0.054558225
704 354 6 9 0.05486932
132 118 14 15 0.057281498
367 340 6 8 0.05919073
211 439 7 8 0.059277806
391 296 4 6 0.059317064
451 341 6 7 0.05951302
820 480 7 14 0.060613096
678 118 5 5 0.06065397
6 130 8 13 0.06188176
896 481 8 12 0.06221018
448 514 6 8 0.063960664
536 127 7 8 0.064502664
407 295 5 6 0.06478223
626 622 7 10 0.06540546
243 130 7 7 0.06572367
35 103 7 11 0.066801906
624 616 7 11 0.06834632
682 609 18 32 0.06838462
144 126 8 11 0.069056116
200 111 7 10 0.06920359
376 653 6 8 0.069743246
788 120 6 6 0.07120935
19 125 7 13 0.0723586
770 71 5 7 0.07406547
184 439 5 7 0.07790576
405 307 6 7 0.07809499
213 448 6 8 0.078635596
226 413 7 10 0.07908407
183 450 5 7 0.07983155
449 304 7 9 0.081491
34 130 11 20 0.08741465
35 111 7 11 0.0881222
337 436 7 11 0.08977403
691 645 5 6 0.089955285
20 114 8 13 0.09368776
391 308 5 7 0.094562426
836 452 7 12 0.094994515
144 115 7 10 0.0955003
326 131 5 7 0.09742228
697 128 5 6 0.09883364
279 494 8 10 0.099576384
760 430 6 10 0.10250384
697 673 4 6 0.104077816
377 649 6 10 0.104209326
258 127 7 10 0.10619375
36 132 7 14 0.10882628
707 127 5 6 0.1131792
816 116 6 7 0.113455996
49 118 8 12 0.11989653
711 324 6 8 0.122891165
470 748 6 10 0.13076837
359 131 5 6 0.1318443
724 322 6 8 0.13207199
227 148 6 8 0.13306008
705 672 4 6 0.13417698
375 129 6 7 0.13696206
276 134 6 8 0.14946659
167 450 5 7 0.15035379
363 341 5 10 0.15443756
728 647 6 9 0.15892577
706 120 5 6 0.16626152
795 359 6 9 0.1664268
131 544 7 11 0.18026091
817 132 7 9 0.18746725
309 133 6 7 0.19260067
804 126 7 8 0.21607396
134 120 10 11 0.22618774
696 118 5 6 0.23026237
247 431 7 10 0.23632517
165 125 7 10 0.23706794
778 127 8 10 0.25888297
340 132 5 7 0.2780919
773 111 7 8 0.29713807
646 131 4 6 0.31715482
802 120 7 9 0.32848477
553 561 6 9 0.34372807
757 120 7 7 0.35000739
775 105 7 10 0.35391313
103 112 14 17 0.37168735
799 358 7 9 0.39109325
166 121 7 10 0.39847553
134 124 10 13 0.41275927
756 130 7 9 0.42034835
255 486 9 13 0.4259378
50 127 9 14 0.42921987
256 430 7 10 0.54225713
107 113 15 17 0.593099
784 126 8 10 0.63165694
324 414 8 11 0.6528769
277 431 7 9 0.6644131
306 416 7 11 0.6857217

