23_Shoppers_Shoppers_23_571
27
631 569 5 13 0.010361783
41 647 5 10 0.010363612
357 482 23 18 0.010378873
162 647 12 20 0.010854954
567 557 5 9 0.011149033
580 556 6 9 0.011530024
25 613 5 12 0.011836406
22 592 9 25 0.011981323
116 620 5 7 0.014173051
100 631 7 8 0.014386777
24 598 6 14 0.014763127
38 595 10 22 0.0149688935
70 604 5 7 0.015646923
265 563 34 62 0.017839495
566 565 6 13 0.01857808
165 650 7 12 0.02139749
41 627 5 11 0.026319629
421 515 11 23 0.03962704
40 618 5 11 0.044611935
56 643 6 12 0.045443963
55 630 6 10 0.04695738
40 601 6 13 0.061322916
81 614 6 9 0.08648838
56 619 5 10 0.1427762
353 484 20 21 0.21038803
72 613 7 11 0.23904519
887 350 79 162 0.9811998

