23_Shoppers_Shoppers_23_450
165
896 590 18 30 0.010097119
642 291 8 10 0.010117056
558 658 49 49 0.010356935
89 467 28 46 0.010419504
606 270 12 20 0.0104199955
466 618 11 11 0.010518227
354 376 16 37 0.010533424
572 614 22 17 0.010549463
677 184 6 6 0.010566549
566 609 40 54 0.010617326
538 687 23 19 0.01066488
487 326 6 12 0.010698941
572 269 11 22 0.010849671
356 432 34 68 0.011037644
726 323 7 8 0.011087589
740 292 7 9 0.011109491
572 639 24 18 0.011140945
676 574 11 31 0.011156548
208 118 6 9 0.01133568
432 684 13 23 0.011452985
864 243 8 11 0.011515697
87 497 37 68 0.011561463
959 286 19 21 0.011584667
894 595 13 22 0.011637123
519 197 6 6 0.011645901
536 626 59 79 0.011690332
696 310 5 8 0.011703093
209 103 5 7 0.011756162
792 579 22 20 0.011818388
447 333 12 19 0.0118729025
539 614 23 17 0.011885508
745 328 8 9 0.012086793
463 625 12 10 0.012272356
571 616 30 40 0.012282279
676 214 5 7 0.012341871
771 340 6 11 0.012595939
578 327 6 13 0.012700769
357 356 16 37 0.012909099
610 274 7 12 0.012954761
693 200 5 7 0.012965004
536 616 30 39 0.013009055
800 580 18 33 0.013033806
859 635 16 33 0.013183378
602 244 7 11 0.013248767
589 182 12 19 0.0132596865
448 256 11 20 0.013297116
754 293 8 11 0.013323179
569 188 6 8 0.013559546
690 216 5 8 0.01406173
708 212 5 7 0.014149387
831 307 12 21 0.014337535
514 215 5 6 0.014360013
845 618 16 34 0.014365183
567 631 34 36 0.014432956
495 617 15 16 0.014566814
610 293 7 12 0.014881325
732 625 21 20 0.015166768
663 197 5 7 0.015371742
504 217 5 7 0.015567707
626 284 12 18 0.015651744
750 289 13 19 0.016049406
447 165 8 11 0.01609363
359 306 11 24 0.01615579
262 105 6 6 0.01656251
500 194 5 7 0.016832797
834 291 12 20 0.017198997
661 262 6 8 0.017368957
536 623 24 18 0.017429749
512 580 22 18 0.017459163
415 641 22 20 0.017677033
834 312 7 13 0.017937535
357 107 9 8 0.019172693
810 577 22 20 0.01918945
784 262 6 10 0.019465046
679 201 6 7 0.019783555
578 777 15 15 0.019837333
750 244 12 18 0.01990857
424 642 23 18 0.02020984
639 282 7 9 0.02021084
729 611 22 20 0.020281676
679 262 6 7 0.020673795
851 634 16 34 0.021018578
449 335 9 13 0.0215312
438 166 10 9 0.02166664
682 578 18 30 0.022041062
453 372 21 55 0.02212384
677 246 5 7 0.022542303
690 277 6 8 0.023534026
344 262 8 11 0.023752874
711 282 6 8 0.02384077
725 313 7 8 0.024099518
757 259 7 10 0.024171568
710 263 6 7 0.024876002
557 620 52 89 0.02490242
757 277 7 10 0.025840169
626 279 13 17 0.02631377
853 240 12 19 0.02644559
562 624 43 53 0.026462248
330 101 6 8 0.027010955
592 186 8 11 0.027199611
318 413 15 36 0.02741187
609 262 8 13 0.027500944
450 241 6 12 0.027801352
492 621 22 17 0.028387845
737 278 7 9 0.02838931
454 686 24 18 0.028409513
729 246 6 8 0.02907431
575 624 22 18 0.029233817
707 246 6 7 0.030535165
710 313 7 8 0.031169407
690 263 6 6 0.031985242
772 259 7 11 0.032692987
692 246 6 7 0.034399603
84 459 37 64 0.03481739
832 318 11 20 0.034952536
86 439 34 67 0.035002347
737 264 6 9 0.03518105
440 259 6 12 0.035213437
859 635 13 22 0.035549596
288 433 13 24 0.03565618
608 242 8 12 0.035800837
689 296 6 10 0.036121678
662 186 5 6 0.036281843
496 623 14 12 0.036520593
855 244 9 12 0.037867393
572 685 24 16 0.038982984
606 259 12 19 0.039075974
514 249 6 8 0.039099194
288 101 6 8 0.03974402
837 295 7 12 0.041164428
248 103 5 7 0.043981485
755 327 8 11 0.044880997
661 218 5 7 0.04500817
340 102 8 9 0.045282595
580 188 7 10 0.045442443
427 682 20 31 0.045629695
628 287 9 11 0.048575655
592 192 8 10 0.049514215
754 338 7 10 0.051835563
785 586 13 22 0.051839735
662 361 13 23 0.053163476
787 581 13 22 0.054572076
661 227 5 7 0.054863513
736 243 7 10 0.057848435
451 260 6 13 0.05878972
712 293 6 8 0.06135646
566 215 6 7 0.064214885
726 290 7 8 0.06453736
498 187 6 9 0.06477898
278 102 5 7 0.06589873
728 281 7 9 0.0665955
667 353 13 23 0.066706255
417 629 26 45 0.06885363
628 282 9 11 0.07314225
293 423 15 35 0.074779704
784 584 18 31 0.08095484
834 320 7 14 0.08697109
580 192 6 10 0.114464864
245 426 15 34 0.11451887
569 195 5 7 0.11680994
753 247 7 11 0.14385444
725 263 7 9 0.14836548
247 434 21 23 0.16422187
662 354 13 24 0.24099791
252 428 15 34 0.48610348

