23_Shoppers_Shoppers_23_880
30
186 54 29 78 0.010044134
255 137 44 112 0.010219921
176 67 76 170 0.01093743
435 176 43 65 0.011503013
390 729 63 96 0.012102188
618 696 144 128 0.015622925
643 682 87 76 0.017422907
418 93 30 44 0.017454674
188 109 75 154 0.01765278
402 107 50 92 0.017686896
440 155 42 66 0.018594664
542 610 119 112 0.021009535
422 133 81 145 0.022209242
147 330 52 101 0.025258081
694 727 71 93 0.026770482
196 136 32 85 0.02888296
691 686 81 79 0.0290937
391 177 42 58 0.03209096
619 672 136 110 0.034815695
557 629 79 80 0.03741493
663 674 128 117 0.03989891
672 699 107 148 0.043395896
152 325 29 90 0.048568718
187 97 45 116 0.057345618
413 85 40 59 0.07080439
408 148 55 93 0.10714782
198 124 48 114 0.118665844
403 174 43 62 0.12215977
433 150 54 101 0.15249579
743 185 85 150 0.24550916

