23_Shoppers_Shoppers_23_65
34
206 123 46 99 0.010417267
583 156 29 39 0.010869755
260 172 23 50 0.010888884
233 103 17 36 0.01135068
577 148 38 57 0.012003527
609 120 20 35 0.012192467
231 114 24 48 0.012583124
285 36 16 38 0.012748177
288 62 15 38 0.01294384
542 148 29 43 0.013610467
414 200 28 38 0.013943131
590 96 27 40 0.01417184
597 151 39 57 0.014977213
379 107 20 32 0.018148199
531 114 53 77 0.018903289
553 126 20 35 0.019385401
259 147 29 72 0.021287814
597 170 40 58 0.021980667
286 91 17 25 0.022077702
508 108 35 61 0.024304345
486 114 18 41 0.028976254
215 136 38 67 0.036106322
368 106 19 33 0.039802257
292 91 16 36 0.051055748
942 523 43 58 0.05738917
537 137 40 62 0.058143493
353 177 27 42 0.0674436
373 114 27 40 0.069144905
601 93 28 41 0.08784113
599 106 38 58 0.10257047
365 113 26 40 0.121010154
545 117 37 58 0.24167863
357 164 27 40 0.39045265
480 102 33 59 0.64448345

