23_Shoppers_Shoppers_23_561
57
454 496 33 13 0.010219978
234 512 31 14 0.010430193
229 463 5 7 0.010665861
464 620 41 34 0.010740309
465 496 13 6 0.010759527
421 433 5 7 0.010774286
452 448 6 6 0.010898307
229 449 5 6 0.011030796
627 444 7 6 0.011564215
260 466 6 6 0.011994375
451 491 12 6 0.012016404
646 417 6 6 0.012180751
645 429 6 6 0.01237039
245 449 4 6 0.012534959
238 133 16 17 0.01292237
102 1103 77 88 0.013090107
90 1089 107 130 0.013457161
391 433 5 7 0.01413922
242 465 5 6 0.014385959
263 521 25 16 0.014974097
704 115 36 12 0.015635157
251 1107 90 78 0.016346782
599 445 6 6 0.01671811
232 1092 126 115 0.017116303
404 448 5 6 0.017173538
668 494 29 16 0.017224904
437 450 6 6 0.017319724
271 524 11 8 0.01759593
422 449 5 6 0.017750245
596 431 5 6 0.018626586
250 517 21 27 0.018777462
615 434 5 5 0.019053796
629 431 5 6 0.019985177
680 500 28 18 0.020776339
614 444 6 6 0.021238342
246 519 27 16 0.024134021
405 434 5 6 0.02415751
472 117 22 27 0.027538098
445 508 29 16 0.029902056
704 109 24 26 0.031610474
231 131 30 14 0.03835666
223 137 30 14 0.039271235
229 129 32 32 0.04168072
679 496 31 16 0.054510858
700 114 29 15 0.06770276
456 505 29 17 0.08773509
459 123 32 15 0.12000698
462 117 22 29 0.261763
452 503 26 27 0.26538792
229 133 30 17 0.3807125
678 493 24 28 0.5434224
237 514 22 30 0.5446337
449 612 50 57 0.64658475
692 205 60 77 0.73016405
465 208 63 78 0.78941447
650 602 51 57 0.82302815
237 218 63 77 0.83342004

