47_Matador_Bullfighter_matadorbullfighting_47_779
31
1013 337 8 14 0.010025651
6 304 31 69 0.010688205
51 304 12 26 0.0109456405
995 155 7 15 0.012925856
3 285 14 39 0.013025473
1007 374 15 42 0.013597581
1002 135 15 36 0.014747302
961 141 12 24 0.01569936
10 312 22 54 0.016498137
935 141 12 24 0.016722962
782 256 30 42 0.016801568
945 146 7 14 0.018295169
12 319 14 42 0.018481856
982 149 6 12 0.018624455
960 138 18 32 0.019124573
979 144 12 23 0.021223266
997 148 7 14 0.022919422
992 151 11 23 0.026169783
1018 175 5 16 0.026208783
938 137 18 32 0.028213037
1014 144 6 15 0.03260897
1016 170 8 29 0.037979152
1012 138 9 28 0.038832527
784 387 26 49 0.039016835
942 142 11 23 0.053582348
994 146 11 22 0.06353514
46 297 15 37 0.11781139
47 305 16 36 0.2128725
789 385 30 54 0.85985386
788 247 32 60 0.88843256
804 109 33 59 0.9534326

