47_Matador_Bullfighter_matadorbullfighting_47_405
100
466 65 11 6 0.010018616
532 87 12 7 0.010290583
2 73 8 9 0.010354124
224 90 12 8 0.010618893
836 283 43 55 0.010841328
402 65 11 6 0.010860008
525 72 25 14 0.0110150045
554 83 25 15 0.011028107
17 72 14 7 0.01141716
942 70 20 5 0.011457865
823 243 95 114 0.011759365
449 65 11 6 0.011909415
549 88 10 7 0.012429392
555 39 24 17 0.012515126
498 64 11 6 0.0126795545
217 68 29 12 0.012729142
120 69 29 12 0.012761705
553 73 26 14 0.013053456
305 64 12 7 0.013160518
481 64 11 6 0.013507194
168 69 28 13 0.013882612
563 69 47 27 0.013901293
200 69 30 12 0.014616399
250 69 28 12 0.01461951
562 51 66 72 0.015697725
417 65 11 6 0.015752325
387 90 12 6 0.016226085
354 64 11 7 0.016446803
433 69 17 13 0.016481906
895 70 19 5 0.016688162
880 70 14 6 0.016892012
282 69 26 13 0.016985461
503 70 26 13 0.01766355
548 42 7 6 0.01969631
32 73 12 6 0.019788576
960 71 16 5 0.019893192
385 64 11 6 0.021875966
329 68 29 12 0.023493892
548 57 8 7 0.025109028
572 83 25 16 0.025276262
978 70 15 6 0.025772702
234 68 28 13 0.026044
395 69 26 13 0.026429484
313 68 28 12 0.026809063
473 70 30 12 0.027126411
1011 70 10 9 0.027424015
561 87 11 7 0.029008498
579 88 11 8 0.029148953
186 68 29 13 0.029853765
49 73 13 5 0.030886073
993 71 12 7 0.03284037
442 68 26 14 0.033061367
156 68 27 14 0.033673674
267 68 26 13 0.03494718
363 69 28 13 0.035915352
459 69 27 13 0.037940104
199 596 9 11 0.03826962
554 63 63 41 0.039249472
345 68 29 12 0.042380814
299 68 27 13 0.048873246
81 71 14 7 0.054411203
66 72 11 6 0.05631228
113 71 13 6 0.05924453
595 71 16 15 0.063518584
97 71 14 7 0.06444799
409 68 27 13 0.0645427
376 69 29 12 0.06620033
146 72 13 6 0.071502365
129 71 13 6 0.09075887
837 260 64 88 0.09335083
492 70 27 13 0.09771885
571 72 25 15 0.105982736
192 70 17 7 0.10966614
208 71 16 6 0.11864084
176 71 14 7 0.11869434
224 70 15 7 0.12103768
547 76 9 5 0.12438754
561 77 9 7 0.13147298
162 70 15 8 0.13724425
257 71 14 7 0.16110897
241 70 15 7 0.19049312
336 70 16 7 0.19183965
533 75 9 6 0.19649568
481 71 14 7 0.20786878
289 71 13 7 0.24135053
369 71 16 7 0.24564213
273 70 15 7 0.24696498
305 70 15 7 0.2526425
579 76 11 7 0.2552598
512 71 11 8 0.25559473
384 71 15 7 0.26880124
320 70 16 7 0.27387005
402 71 13 7 0.2792854
497 71 16 8 0.28259316
352 70 16 7 0.28821024
435 71 12 8 0.29568353
449 70 13 8 0.3047019
598 74 10 9 0.3052672
416 70 15 7 0.31667772
465 71 15 7 0.34429005

