47_Matador_Bullfighter_matadorbullfighting_47_536
246
737 309 20 28 0.010021652
690 255 8 11 0.010057599
661 251 12 21 0.010158433
843 325 13 17 0.010173024
718 321 19 30 0.010190135
936 358 21 18 0.010231151
519 289 9 9 0.010249938
846 328 10 12 0.010344489
814 297 22 17 0.010385903
118 255 10 10 0.010560201
731 325 22 19 0.010599433
888 334 8 10 0.010642525
748 328 23 18 0.010647246
869 347 8 9 0.010705069
133 412 36 56 0.0107393265
10 331 27 16 0.010795276
820 301 11 9 0.010850818
718 285 13 18 0.010880337
97 205 7 8 0.010925578
16 202 12 19 0.011275096
113 364 10 9 0.011307819
645 310 13 19 0.011309744
148 420 36 55 0.011524939
665 239 7 10 0.011533797
670 236 13 20 0.011559762
21 221 7 10 0.01160266
156 427 21 21 0.011673755
704 333 7 10 0.011705785
576 289 9 10 0.0117168445
663 256 7 11 0.011856069
916 362 9 10 0.011863832
996 353 9 9 0.011896297
645 255 6 10 0.011983441
857 267 7 8 0.012038073
336 260 9 9 0.012040964
477 288 23 16 0.01221763
864 267 7 8 0.012241062
725 226 7 8 0.0124413315
112 276 10 9 0.012452737
611 282 12 19 0.012493099
114 411 14 21 0.012516486
534 300 8 9 0.012527814
708 299 8 9 0.012554475
406 299 8 12 0.012835091
737 323 19 29 0.012942542
533 335 9 11 0.012976529
525 287 14 17 0.013367808
157 351 24 16 0.013433808
655 301 8 14 0.01349566
463 299 14 17 0.013537089
638 266 11 22 0.0137404855
695 288 7 10 0.01383381
415 220 11 11 0.014078359
404 223 10 11 0.014113746
121 376 22 18 0.014188671
694 332 12 20 0.014307748
560 313 14 17 0.014376463
922 349 22 17 0.014485346
658 265 7 12 0.014712569
3 388 17 35 0.014746277
544 311 14 17 0.014827099
417 301 8 10 0.014883408
760 315 22 18 0.014996812
405 203 9 9 0.015018845
531 319 9 9 0.015175503
384 296 12 19 0.015192616
656 260 11 21 0.015205563
3 224 6 11 0.015286689
605 298 12 18 0.01537678
936 318 8 7 0.015644964
388 284 12 20 0.015840849
840 319 21 18 0.015974691
574 309 21 19 0.016072268
427 311 13 18 0.016317962
727 321 10 11 0.01654967
1012 320 7 9 0.016694054
943 362 10 10 0.016783908
722 297 8 10 0.017057106
641 270 7 13 0.017187031
465 301 10 11 0.017284634
390 288 7 10 0.017397448
961 273 7 6 0.017548786
2 414 34 59 0.017725395
122 405 21 30 0.018017128
670 247 12 20 0.018023456
474 323 24 17 0.01805345
387 302 7 10 0.018141992
405 311 12 19 0.018311324
530 333 14 19 0.018336996
405 195 8 9 0.018363869
781 291 15 19 0.018779198
373 301 8 10 0.018821165
653 308 12 21 0.018998453
484 297 12 9 0.019219508
549 285 13 17 0.019459808
447 254 21 19 0.019918114
961 317 8 8 0.020487335
927 358 21 18 0.020620685
723 329 13 19 0.020655243
817 323 11 10 0.020854358
1014 302 6 9 0.021125399
725 335 8 10 0.021160072
503 298 22 18 0.02119212
704 200 7 10 0.021839652
909 326 13 18 0.022304421
499 304 12 10 0.022435525
647 238 6 8 0.022513391
608 300 8 13 0.022657042
946 350 14 16 0.022787133
797 300 14 17 0.023041397
818 289 10 7 0.023107922
912 349 15 17 0.023227612
512 303 9 9 0.02323087
718 261 13 19 0.02342903
529 290 9 10 0.023444347
169 310 25 18 0.023630101
947 255 7 6 0.023758337
599 288 8 11 0.02393886
899 323 8 8 0.024456084
806 336 9 9 0.02446831
996 367 9 9 0.024975995
974 339 11 10 0.025163965
489 309 23 18 0.025738943
836 323 9 10 0.025821062
910 319 14 16 0.025849769
726 257 8 10 0.025963731
719 311 19 30 0.026655424
446 259 20 19 0.02691374
356 304 8 10 0.027227355
637 281 12 19 0.02766496
580 313 10 10 0.027716203
563 329 20 20 0.027902994
628 272 8 14 0.02851813
673 212 6 8 0.028555565
546 301 14 17 0.028873382
696 336 7 11 0.029336853
546 314 10 11 0.029414728
900 345 11 12 0.030153686
665 213 7 7 0.030700171
574 326 19 28 0.03151399
72 185 11 18 0.03159046
446 197 12 17 0.032166265
612 286 7 12 0.033041127
563 316 9 10 0.033292558
933 362 10 10 0.0333208
722 317 21 19 0.033447668
674 240 7 10 0.03361058
735 319 10 11 0.033647344
360 294 20 30 0.033713806
721 266 8 11 0.034782093
366 296 20 20 0.034915578
813 326 22 18 0.034960303
707 262 13 18 0.03508091
977 365 9 9 0.03517274
830 320 21 18 0.035837207
695 201 7 9 0.03606329
2 199 8 15 0.037388086
771 292 21 19 0.038118802
674 250 7 12 0.039498527
422 316 9 12 0.03958995
70 221 7 9 0.03999274
912 330 8 10 0.040277533
855 200 6 10 0.040571604
707 289 8 8 0.0409661
407 315 8 11 0.041028757
810 320 24 16 0.04203434
77 185 12 16 0.04217652
856 196 6 9 0.042219352
87 221 7 8 0.042225223
698 194 8 10 0.04233332
644 292 18 30 0.042472813
400 292 19 22 0.043105822
562 298 14 17 0.043333806
648 300 8 15 0.04411005
447 196 9 11 0.044286925
1007 329 13 19 0.04446146
348 299 21 20 0.045314092
665 218 6 8 0.047061555
709 266 9 10 0.04773778
140 422 20 31 0.04832278
152 426 28 38 0.049530715
947 314 8 9 0.04953434
479 295 23 16 0.04989845
1010 332 9 12 0.049905013
902 336 9 11 0.05074086
551 289 9 10 0.05132938
819 330 10 10 0.05136507
398 287 17 31 0.052216318
929 353 9 9 0.05315156
966 338 10 12 0.05328065
900 334 14 18 0.05369121
948 354 10 9 0.054019157
974 344 11 12 0.05538749
721 290 8 9 0.056094438
651 298 13 21 0.056758467
408 217 21 19 0.05739894
774 285 14 21 0.057463612
800 303 9 10 0.05990859
420 313 13 19 0.060103714
672 220 6 9 0.060299378
400 220 20 18 0.060318343
548 305 9 10 0.065822385
916 353 9 9 0.06593498
836 328 12 12 0.07202959
966 344 11 12 0.074358925
483 311 19 25 0.074850835
641 285 7 12 0.076295674
19 205 7 11 0.07753232
971 337 14 16 0.078565165
397 277 17 33 0.078719094
1011 348 9 12 0.079260595
9 427 17 36 0.081994936
623 268 17 25 0.08533524
592 302 8 13 0.08656222
565 302 9 10 0.088996485
628 279 8 15 0.089067586
0 194 11 23 0.090388395
1008 344 13 19 0.092335775
399 285 19 22 0.09536362
558 285 14 17 0.10007061
647 297 12 22 0.114407465
703 194 7 10 0.114780426
336 291 20 21 0.11770646
728 316 21 19 0.11807505
968 340 20 18 0.12043861
965 336 14 18 0.12911093
109 403 21 31 0.13424572
561 287 10 12 0.13544734
832 324 20 19 0.14477871
448 199 9 12 0.15019712
913 322 9 10 0.15050471
569 330 21 20 0.1547741
1 187 12 21 0.15629037
588 299 13 19 0.17272215
580 304 11 11 0.17683499
579 301 14 17 0.19029824
896 340 19 21 0.19729841
4 189 7 14 0.20220241
493 302 23 17 0.23826317
775 287 23 20 0.31300977
333 280 18 30 0.32380438
335 284 20 22 0.3453117
79 187 9 11 0.34674302
626 275 12 21 0.38512337
74 188 7 12 0.45344377
475 317 22 20 0.61714953

