47_Matador_Bullfighter_Matador_Bullfighter_47_468
22
1013 72 10 28 0.010316135
508 20 43 55 0.010346129
544 5 9 10 0.010481378
979 53 7 8 0.01115992
1007 74 17 24 0.011495333
535 21 42 57 0.011604185
562 0 13 18 0.011779597
994 0 30 38 0.012638568
527 43 47 54 0.012953487
322 16 64 84 0.013206202
640 4 12 10 0.013998683
513 2 10 10 0.014967797
633 2 24 16 0.015109901
511 47 49 52 0.015876273
984 74 23 20 0.01634938
609 5 10 10 0.023796361
565 3 8 10 0.023911346
517 36 64 73 0.031925857
977 64 20 31 0.034194943
990 64 19 33 0.17279933
1002 0 19 29 0.72081006
885 25 36 53 0.9825716

