47_Matador_Bullfighter_matadorbullfighting_47_491
218
207 162 22 16 0.010073749
664 115 6 6 0.010178479
883 120 7 9 0.010459433
874 137 17 27 0.010575846
965 149 6 7 0.010607977
959 189 13 17 0.010642465
974 191 19 27 0.010701828
949 210 9 11 0.010726659
50 210 8 10 0.010825488
273 177 9 7 0.011041622
743 194 10 12 0.011174
822 193 6 9 0.011181811
128 181 8 11 0.011325036
853 143 7 11 0.011331567
359 178 8 10 0.011409057
678 162 6 9 0.011469424
100 192 8 15 0.011480576
179 145 12 19 0.01151198
977 90 7 6 0.011524661
819 162 6 9 0.011612611
962 176 13 18 0.011870257
18 179 10 12 0.012133131
36 181 9 11 0.01216299
311 225 8 10 0.0123226065
320 179 8 9 0.012397684
661 133 7 8 0.012676182
497 167 7 7 0.01282678
917 121 8 10 0.012962795
485 176 9 7 0.013037003
754 132 7 5 0.013146395
979 180 8 9 0.0131546
86 141 8 11 0.013155627
1015 165 7 9 0.013481827
741 149 6 7 0.013557245
168 145 6 11 0.013577576
856 166 6 9 0.013613022
740 160 7 9 0.013626961
610 147 7 8 0.013754857
945 62 19 17 0.013899268
369 174 8 10 0.013909264
116 162 7 10 0.014017934
1011 131 7 8 0.014068356
738 106 6 7 0.014244651
978 199 19 19 0.014352719
931 161 7 10 0.014417485
402 160 7 8 0.01462974
210 194 14 15 0.0146522075
213 209 10 10 0.014681979
947 207 13 19 0.014799835
611 168 6 6 0.01495682
84 137 13 18 0.015002793
996 145 7 7 0.015005245
821 206 11 22 0.015219778
822 183 6 9 0.015243252
177 134 7 9 0.015396495
498 112 7 8 0.015461607
751 196 12 11 0.015493819
320 189 18 26 0.015630826
595 134 6 8 0.015713662
204 175 23 16 0.015722927
957 63 9 9 0.016183311
218 191 24 16 0.016259458
415 196 10 10 0.01656293
950 181 7 10 0.016811408
449 216 44 53 0.016913962
928 80 8 9 0.016979856
125 178 13 20 0.017086431
924 139 13 19 0.017176822
165 173 8 11 0.01764563
840 130 6 10 0.017693467
390 192 8 10 0.017759783
1 101 6 11 0.01791066
642 112 6 7 0.018632205
953 167 6 9 0.018719614
191 151 8 10 0.019102108
947 189 13 18 0.019105723
868 160 7 10 0.019426364
3 151 17 21 0.019429993
759 106 7 8 0.019435313
457 164 25 15 0.019462615
718 111 13 16 0.019532904
224 209 11 10 0.019648954
802 193 7 9 0.019734122
238 191 23 16 0.019875478
822 133 5 9 0.019938746
217 205 22 17 0.020301992
850 130 11 21 0.0212745
852 133 7 12 0.021324087
55 113 7 6 0.021435115
642 105 6 7 0.021485664
867 131 12 20 0.021800935
981 150 7 7 0.021954708
841 66 6 9 0.022320675
643 176 5 8 0.022684729
647 151 6 8 0.023257924
928 129 13 18 0.023693724
995 178 8 10 0.0238063
273 165 8 6 0.024320938
692 130 6 8 0.024525262
200 182 8 8 0.024549544
258 178 8 7 0.024730107
476 220 32 38 0.025055474
989 197 10 12 0.025125172
824 210 6 12 0.025142169
387 145 7 7 0.02516135
677 131 6 9 0.025263125
645 163 6 8 0.025566129
390 165 7 7 0.025878927
458 172 24 16 0.027323442
743 191 13 19 0.027448317
961 192 9 10 0.027533751
784 132 6 7 0.02780027
691 117 6 7 0.027912525
219 177 24 16 0.029018305
165 161 11 21 0.029811941
484 168 8 7 0.032101728
196 202 13 17 0.03216104
729 131 6 7 0.03246077
469 215 43 53 0.032685213
59 189 12 19 0.03393141
62 192 8 13 0.035099454
896 135 8 12 0.035742473
167 165 7 12 0.035865422
1011 186 12 19 0.03606925
369 168 7 8 0.03624738
225 166 9 6 0.036634304
965 180 8 10 0.036688756
112 187 19 22 0.03691688
771 115 6 6 0.037133083
870 134 7 11 0.03873055
168 131 6 9 0.038925726
260 167 8 5 0.039529208
465 175 12 8 0.03954569
982 160 7 8 0.04041909
534 129 5 10 0.040577516
928 142 7 12 0.04086854
256 198 11 8 0.041068368
776 131 6 6 0.041119788
182 147 7 11 0.042188942
631 164 6 6 0.04250976
249 194 22 17 0.044885565
319 197 10 13 0.0456618
122 185 19 22 0.045875415
311 195 9 12 0.046315946
452 178 8 8 0.046480134
963 165 7 8 0.047476273
197 205 11 11 0.04829346
404 146 6 7 0.048923265
465 168 10 7 0.05095548
244 194 10 8 0.05380352
916 128 13 18 0.053831983
931 133 8 11 0.058216963
1014 190 8 12 0.05917067
244 180 9 7 0.060372118
405 193 11 12 0.061294198
87 132 8 11 0.061678533
407 191 22 19 0.061902728
869 144 8 12 0.06240699
97 113 7 7 0.06376639
6 154 9 15 0.06526898
450 168 8 7 0.0671212
980 98 6 6 0.06800437
932 189 12 19 0.0704412
244 169 8 6 0.073552474
888 142 7 13 0.07406128
188 156 13 17 0.07591195
886 138 12 20 0.07672238
950 192 8 10 0.07901783
53 190 13 17 0.08024323
85 129 13 20 0.08405882
226 195 10 7 0.08648988
193 194 14 17 0.09039377
887 132 7 12 0.09228705
213 197 9 8 0.09367757
885 129 12 20 0.10199661
70 111 7 8 0.10275176
935 193 8 12 0.10367471
982 197 11 13 0.10780871
213 166 9 7 0.11097013
892 133 13 18 0.11134912
211 180 9 8 0.11489549
37 192 10 12 0.11805233
55 193 9 11 0.119301386
196 197 9 10 0.11960061
983 195 20 20 0.12087833
227 182 10 8 0.12182709
867 140 12 21 0.12319842
759 111 7 7 0.12358904
917 139 13 18 0.12403066
183 155 12 19 0.12975933
740 131 6 6 0.13825345
713 115 7 9 0.13999788
86 114 7 7 0.14125226
311 193 13 18 0.14490256
896 140 9 13 0.15525721
35 190 13 17 0.15582767
350 193 10 13 0.15852891
1011 180 9 13 0.15895851
919 131 8 10 0.16244331
678 114 5 7 0.16816878
348 191 13 17 0.1710774
893 137 13 19 0.17445013
185 158 8 13 0.17712632
1009 177 12 19 0.18111016
919 142 8 12 0.1863678
192 159 8 11 0.2032697
345 195 9 13 0.21243931
343 193 13 17 0.22060074
738 116 7 6 0.24210298
4 147 13 19 0.2580936
99 181 18 30 0.26430374
722 114 7 9 0.26889497
402 189 19 20 0.27067944
97 187 13 23 0.32028618
745 192 22 19 0.49513683
981 196 15 17 0.5363413
949 64 10 12 0.5862986
315 195 15 18 0.6876579

