47_Matador_Bullfighter_matadorbullfighting_47_152
157
375 0 10 6 0.010006624
709 103 10 10 0.010088
704 68 9 10 0.010173811
1010 39 11 10 0.010431379
645 43 8 11 0.010555897
412 0 22 13 0.010575618
423 21 21 27 0.010683981
609 1 13 18 0.010814602
678 42 13 18 0.010874601
573 0 24 10 0.010882708
578 73 9 10 0.0110261
321 49 20 30 0.011281237
682 48 19 27 0.011967485
701 39 14 16 0.01216161
160 22 22 17 0.012178583
542 2 23 16 0.012310975
449 30 11 8 0.0123754935
783 275 18 45 0.012564067
629 18 9 12 0.012882065
970 58 27 15 0.012983311
966 56 33 35 0.013301233
608 0 9 9 0.013414068
479 0 12 6 0.013602845
965 26 12 9 0.013655904
430 49 22 19 0.014418191
317 10 13 11 0.014543163
691 64 13 16 0.014546655
865 0 9 4 0.01454896
532 6 10 6 0.014668374
433 0 12 6 0.015279814
960 7 11 9 0.0155117065
442 27 25 15 0.015528968
430 6 15 10 0.015756376
464 0 24 12 0.015923524
461 36 24 17 0.016024755
383 23 21 28 0.01643213
317 23 20 28 0.016447537
275 0 12 7 0.016782507
385 5 10 10 0.017061647
166 53 8 8 0.017877743
163 26 11 10 0.017958472
414 25 23 16 0.018039094
55 0 6 5 0.018634176
309 10 13 11 0.018686008
478 5 14 10 0.018752646
960 21 24 16 0.019030254
765 4 23 17 0.019138541
973 65 24 18 0.01974549
381 0 14 11 0.019838968
680 44 9 12 0.019969516
386 26 10 9 0.019973963
468 6 15 10 0.020119518
688 40 13 17 0.020507041
253 22 21 18 0.020559376
670 97 14 17 0.020942139
124 9 11 13 0.022018628
261 0 10 7 0.02251558
657 69 13 18 0.022884248
306 15 22 18 0.022913154
790 274 27 48 0.023295667
168 0 23 11 0.023338508
318 2 20 26 0.02375059
608 68 13 18 0.023984209
421 0 31 28 0.023993516
1009 27 10 10 0.024641275
441 33 23 18 0.024906302
288 0 12 9 0.025369195
383 0 11 9 0.026024116
992 29 13 8 0.026251217
570 69 22 18 0.026324669
629 43 8 10 0.02653181
976 25 13 8 0.02654811
570 1 23 16 0.02699433
1002 34 22 18 0.026995732
1001 24 23 18 0.028782267
191 7 11 9 0.028875807
558 2 24 15 0.028963555
644 3 12 20 0.029408162
553 0 25 9 0.029410973
627 14 13 19 0.030064115
592 0 14 15 0.030297594
379 32 21 19 0.03089218
629 0 8 7 0.03302426
379 24 21 19 0.033265784
425 0 24 12 0.03648567
257 3 22 17 0.037372593
611 4 9 10 0.037678838
996 21 20 29 0.037794
175 0 12 7 0.038369477
647 7 7 11 0.038629077
973 12 24 14 0.041054163
272 5 13 10 0.04105594
534 0 10 6 0.043127947
660 72 8 11 0.04365944
548 5 12 7 0.04529183
114 15 15 15 0.045310307
148 25 14 15 0.046252698
471 0 24 12 0.046333645
271 0 24 11 0.04687343
261 7 11 9 0.047106925
474 0 23 23 0.04796259
419 6 11 10 0.047990795
613 55 9 12 0.04828194
624 2 19 28 0.048346207
610 72 9 10 0.04887726
1008 4 14 16 0.050556656
463 0 22 19 0.05120042
578 0 11 7 0.051375665
693 67 9 10 0.053581033
294 0 20 23 0.054142732
119 7 19 19 0.055039033
699 54 13 17 0.05610581
288 0 14 15 0.056524303
623 63 13 17 0.05660302
984 27 27 15 0.056835704
988 33 26 16 0.05690921
625 65 10 13 0.061501883
673 100 9 11 0.0622136
702 57 9 12 0.0628412
611 52 13 18 0.064054616
704 41 8 10 0.06409173
475 1 16 16 0.064662255
166 8 12 11 0.065693036
691 42 8 10 0.06687971
624 59 10 12 0.07002343
594 3 12 9 0.08220207
629 9 8 13 0.08513207
576 5 12 7 0.08609427
176 23 13 11 0.08824986
564 5 12 8 0.091583945
592 0 13 9 0.09264542
979 14 13 8 0.094743796
971 14 23 28 0.09794194
548 0 11 7 0.10063368
149 27 11 10 0.10400807
1010 7 11 10 0.11239188
175 7 14 10 0.11282268
309 7 15 18 0.12912141
969 20 26 16 0.13599584
267 1 23 18 0.14607286
586 0 23 12 0.14679037
693 56 9 12 0.15704949
690 53 14 19 0.15831263
416 2 21 18 0.18407916
621 57 14 18 0.18660313
560 0 12 7 0.19923781
281 0 23 13 0.3242432
170 20 22 17 0.35572895
169 4 22 17 0.36267197
424 1 24 19 0.38144118
466 1 23 18 0.4065195
311 7 21 20 0.40749604
678 50 12 19 0.42536855
626 7 14 20 0.4263491
115 9 16 17 0.7732991
781 265 26 64 0.91066056
193 216 31 44 0.9554168

