47_Matador_Bullfighter_Matador_Bullfighter_47_631
28
376 59 56 93 0.010150759
921 47 23 51 0.010169192
964 103 39 115 0.010835434
903 37 32 67 0.011797023
630 460 65 94 0.012192123
897 99 39 57 0.012237713
356 67 41 64 0.012936343
830 75 41 54 0.013173611
322 46 98 149 0.01347744
927 101 38 60 0.013680299
967 108 28 48 0.013782441
858 74 27 44 0.016215745
338 65 62 92 0.017655468
677 60 35 64 0.020893047
972 79 25 47 0.021211455
700 64 37 63 0.021929719
614 65 37 63 0.023867808
853 64 37 61 0.026991112
963 121 38 67 0.02704078
675 39 34 72 0.031638287
857 35 35 70 0.034937758
554 58 23 18 0.038931176
967 72 34 66 0.04270594
625 65 41 67 0.0512102
956 81 41 108 0.0735664
963 98 36 70 0.11553985
957 0 16 33 0.1897777
733 76 35 72 0.9286895

