47_Matador_Bullfighter_Matador_Bullfighter_47_703
18
128 100 90 135 0.010466029
863 200 111 177 0.011956039
877 65 114 177 0.013388779
387 40 55 103 0.015046269
4 34 33 85 0.017151652
739 111 37 78 0.018008985
764 163 67 84 0.018167403
210 101 36 72 0.018567298
904 45 66 94 0.018626252
198 102 36 73 0.021336649
738 98 91 140 0.024936574
11 30 43 114 0.026625033
882 26 107 154 0.030259317
189 105 52 102 0.049333308
146 117 53 99 0.055363633
726 112 67 89 0.09773188
747 121 60 94 0.14950064
482 123 102 161 0.99967647

