47_Matador_Bullfighter_matadorbullfighting_47_300
71
7 8 22 19 0.010396538
12 110 13 21 0.010647481
29 322 23 18 0.010716189
507 97 61 87 0.010921529
134 129 50 97 0.011117912
122 301 26 17 0.011349814
969 67 20 20 0.011441906
997 408 17 37 0.011490463
986 296 38 56 0.011742127
831 17 25 17 0.011860803
899 11 39 55 0.012309983
931 373 21 32 0.012701087
1 98 8 16 0.013049746
298 183 29 42 0.013260341
914 16 21 20 0.013441483
71 476 35 33 0.014054011
31 333 41 60 0.015280432
508 146 40 66 0.015332386
1001 0 23 90 0.015933877
254 0 20 30 0.01613244
886 80 12 22 0.016168233
921 22 30 40 0.016489118
3 9 12 24 0.016617363
993 290 27 44 0.016794384
5 144 33 56 0.017358113
465 134 67 98 0.017663317
17 160 20 23 0.01773184
952 378 29 39 0.017863356
898 75 13 23 0.018424481
4 0 18 22 0.018857986
1 124 17 34 0.019020464
905 10 21 31 0.019051265
903 18 30 38 0.019421663
122 145 36 66 0.019727107
873 83 25 45 0.020323979
862 361 19 33 0.020743942
32 309 36 59 0.02115586
836 85 31 59 0.022259323
455 86 61 92 0.02286674
667 67 41 70 0.02301126
132 547 27 29 0.023270596
843 97 23 20 0.024164721
858 368 28 41 0.024276728
439 33 63 82 0.024599686
437 61 106 149 0.02821337
28 158 19 32 0.032469317
896 69 19 31 0.036012545
262 128 56 98 0.038306776
817 341 21 33 0.038781304
37 314 27 43 0.040172532
293 173 38 61 0.040852442
833 11 22 29 0.042601433
498 124 58 106 0.043389168
812 333 34 49 0.043417204
914 8 57 85 0.04593315
8 2 22 20 0.04750333
129 558 36 18 0.05016463
451 110 100 143 0.054078437
914 12 42 59 0.05924427
0 102 11 25 0.08183543
923 361 40 53 0.1043942
652 42 53 87 0.13520135
0 96 10 24 0.13729027
6 0 18 27 0.15576181
0 93 15 38 0.2458194
89 476 34 34 0.3804513
12 155 20 33 0.41312593
228 541 27 35 0.5780198
925 358 32 38 0.5869761
843 95 19 36 0.6592022
821 336 28 36 0.719819

