47_Matador_Bullfighter_matadorbullfighting_47_207
106
913 535 12 19 0.010158806
470 355 6 7 0.0101621775
997 444 6 7 0.010174132
396 428 23 18 0.01033872
583 380 24 16 0.010414883
471 431 9 12 0.01046007
997 478 8 9 0.010552092
580 386 11 8 0.010770343
786 486 13 20 0.010843522
803 479 9 11 0.011017025
782 485 18 32 0.011081583
480 430 8 14 0.011399198
944 365 6 10 0.011426173
930 471 17 27 0.011602797
416 450 18 31 0.011760834
771 472 12 20 0.011788087
590 459 18 35 0.011811139
559 416 8 11 0.011930773
905 471 16 29 0.011940401
573 365 15 14 0.01197866
397 510 26 49 0.012153947
420 447 10 10 0.012164422
82 363 10 11 0.012232497
689 386 7 12 0.012257943
557 413 13 18 0.012401497
1002 461 22 17 0.0124288825
994 421 6 7 0.012660807
104 366 23 17 0.013235327
918 483 13 19 0.013395955
517 347 6 8 0.013628288
417 433 10 10 0.013950725
76 360 21 18 0.01398141
900 477 10 11 0.014256743
509 458 21 19 0.014565766
450 413 7 9 0.01468636
863 491 13 18 0.014932209
57 341 12 20 0.015412014
254 425 18 31 0.01556814
749 428 12 13 0.015726449
680 397 7 11 0.015870485
369 416 19 29 0.016514951
1004 460 16 33 0.016609112
608 431 8 10 0.016699128
865 496 8 10 0.01722932
814 484 20 20 0.017730884
1004 508 20 20 0.017892927
399 490 19 36 0.017991634
383 516 46 104 0.018056912
716 477 22 19 0.018479608
448 429 8 12 0.018562846
63 336 18 29 0.018710073
692 393 6 13 0.019406898
254 422 20 20 0.022640182
995 465 8 8 0.023766391
921 478 9 14 0.023900932
367 408 17 30 0.024579067
1010 463 10 8 0.02473557
255 461 25 44 0.026295695
595 473 20 20 0.026875604
926 480 10 13 0.027051821
818 480 10 12 0.028100945
797 476 20 20 0.029611262
879 472 16 31 0.030813647
512 460 16 34 0.032733455
440 430 9 11 0.032790132
561 369 9 8 0.033036474
438 426 13 18 0.03334112
67 337 10 13 0.033347465
593 366 10 6 0.0335488
891 484 13 20 0.034516547
925 482 13 19 0.035420716
392 480 33 63 0.038305767
412 442 23 19 0.038611446
415 434 18 31 0.039592613
605 468 17 32 0.040608402
784 472 13 19 0.041187976
221 462 28 44 0.04261579
476 423 18 31 0.043588173
795 486 21 21 0.044105858
787 475 8 11 0.045994624
65 344 10 13 0.047373556
393 502 34 68 0.050339215
442 425 19 21 0.055408303
372 421 20 20 0.06059058
893 476 19 21 0.072031185
717 488 21 21 0.07386219
815 478 14 19 0.07465103
884 478 14 22 0.07872942
463 425 17 30 0.08247678
600 473 21 20 0.09393276
409 428 22 19 0.09615222
476 427 13 22 0.10919343
994 427 6 7 0.11887255
64 336 14 18 0.12907243
575 398 21 19 0.13377395
468 427 18 22 0.13650255
576 368 10 8 0.14884683
919 476 14 21 0.1836551
1001 473 22 20 0.18496992
575 403 21 21 0.1869629
406 505 34 64 0.2227077
62 340 14 20 0.35329595
883 483 19 22 0.366215
381 416 18 30 0.39869848
743 423 14 19 0.4894598
923 477 14 20 0.55290186

