47_Matador_Bullfighter_Matador_Bullfighter_47_583
27
788 847 35 77 0.010518203
107 617 18 32 0.010535054
259 819 36 68 0.011142154
669 504 33 66 0.011332625
593 655 47 118 0.012209731
577 695 77 166 0.014000762
578 759 54 110 0.014707958
578 742 82 170 0.015085049
664 517 36 70 0.01646775
126 638 26 45 0.017653458
891 603 23 18 0.017707927
789 870 36 73 0.018746786
724 841 35 73 0.018804379
121 648 37 67 0.020399744
122 631 35 63 0.02224774
363 845 62 91 0.02444375
95 694 47 106 0.029438129
612 827 84 142 0.029803501
316 500 35 63 0.03936144
587 718 49 115 0.044293534
375 667 58 98 0.04465551
118 605 13 19 0.05181438
716 837 55 88 0.068794906
714 835 33 76 0.07501998
624 849 56 105 0.11576397
102 706 33 80 0.21726568
390 177 224 288 0.9996481

