47_Matador_Bullfighter_matadorbullfighting_47_72
60
383 81 11 9 0.010099303
715 15 23 17 0.010546906
814 437 98 131 0.0106264455
323 63 40 52 0.011131089
325 66 8 9 0.011376732
322 6 9 10 0.011488167
310 21 8 9 0.011890161
749 5 24 18 0.011919177
370 81 11 9 0.012990762
967 26 14 20 0.01300267
703 33 22 17 0.013353803
924 10 14 22 0.014498224
372 2 8 8 0.015025866
967 17 13 20 0.015642408
851 457 32 81 0.015662303
505 25 26 18 0.015838329
553 30 19 30 0.016081523
387 2 7 9 0.017182408
551 7 20 29 0.017597439
326 71 31 36 0.017946491
563 20 38 53 0.01864835
362 76 24 15 0.018853396
577 14 15 21 0.020112079
314 11 22 19 0.020570766
562 32 23 17 0.024596734
223 11 26 17 0.02470934
535 13 26 17 0.02662518
750 21 19 29 0.027436277
354 69 13 10 0.028426502
343 93 28 16 0.02874236
345 79 26 16 0.02918579
334 82 25 17 0.037677042
828 449 64 89 0.041129705
334 76 44 51 0.04232069
683 10 23 19 0.043491606
333 98 25 18 0.043516073
341 83 32 37 0.04886079
366 70 12 11 0.057997078
842 452 33 78 0.06731939
228 5 30 16 0.071411796
349 68 30 36 0.07324832
516 19 21 30 0.074148215
567 28 24 20 0.0795042
684 2 23 20 0.09674572
971 24 19 22 0.09809276
350 66 23 16 0.10124355
974 16 13 23 0.14504331
638 11 23 21 0.19757673
569 25 28 38 0.20328692
360 67 22 18 0.22065404
577 11 21 28 0.25264984
921 9 21 28 0.32335967
329 85 31 36 0.3333593
971 12 19 30 0.35082468
914 8 21 31 0.4575304
751 7 19 33 0.6753619
228 0 23 28 0.71081054
511 12 23 31 0.8038014
640 7 19 34 0.80558074
688 0 19 28 0.8365559

