47_Matador_Bullfighter_matadorbullfighting_47_236
221
84 190 11 11 0.010046146
687 108 7 13 0.010290943
485 160 9 10 0.010361729
976 118 14 18 0.010372395
960 85 19 28 0.0103928195
458 195 19 32 0.010416908
799 89 14 17 0.010470618
901 152 21 29 0.010546348
721 75 9 12 0.010547503
443 142 21 27 0.010672027
689 138 7 11 0.010675678
383 184 39 50 0.01071248
790 112 10 12 0.0107459845
602 121 21 18 0.010848223
175 186 13 19 0.01085351
608 191 19 32 0.010948708
883 125 9 9 0.011021582
270 62 12 18 0.011157136
727 180 21 21 0.011291768
592 108 13 17 0.011304062
247 186 12 20 0.011343352
388 142 11 13 0.011467483
681 109 7 14 0.011679996
639 168 19 30 0.011699155
978 122 10 10 0.011866693
347 190 29 34 0.011890257
441 153 21 20 0.01205884
67 202 15 11 0.012092943
0 177 7 16 0.012115917
162 185 11 12 0.012372522
937 44 19 26 0.012501043
518 121 9 13 0.012566558
718 71 13 19 0.01269191
433 150 21 19 0.012778898
38 157 7 9 0.012818178
386 124 9 10 0.0128729
290 200 21 28 0.012908918
480 179 20 31 0.012942336
984 3 10 9 0.012961598
558 138 22 18 0.013124123
750 100 18 29 0.0133560095
592 137 12 12 0.0135231195
162 127 9 9 0.013588489
895 140 23 17 0.013607798
583 127 11 12 0.013676144
158 199 21 19 0.013855522
77 189 21 18 0.014232243
225 205 8 13 0.014255724
9 211 18 30 0.0144591145
543 110 9 11 0.014486108
29 194 21 19 0.014563816
359 184 20 28 0.014654391
445 127 10 12 0.01476113
541 107 12 18 0.01498012
179 190 8 11 0.015120421
102 147 10 10 0.015202856
50 158 7 9 0.015251358
937 107 18 31 0.015294939
148 125 13 19 0.015613859
215 201 11 20 0.01567507
528 112 10 12 0.01567978
584 136 19 28 0.015973475
160 141 10 11 0.016015548
272 64 8 12 0.016177049
260 63 12 19 0.016193805
97 172 13 17 0.016275896
902 145 10 9 0.016298234
128 183 13 12 0.016304681
0 173 7 23 0.016626716
802 91 9 10 0.016636675
866 124 7 8 0.016926128
98 153 14 17 0.017043632
443 124 13 17 0.017351858
972 108 21 28 0.017438449
150 128 9 10 0.01751947
194 111 7 7 0.017909946
91 106 13 18 0.017996155
49 201 21 18 0.018304892
788 122 11 12 0.018603593
127 177 12 11 0.018699395
63 138 14 17 0.0188632
517 112 10 12 0.018976163
594 110 9 10 0.019102193
635 169 21 19 0.019169483
109 141 14 17 0.019335343
994 95 11 10 0.019405684
154 125 22 18 0.019459397
148 186 13 18 0.019465072
161 177 11 12 0.019491542
937 88 22 19 0.019561103
419 139 9 12 0.019650534
68 157 8 9 0.019690312
317 198 22 19 0.01990158
262 66 8 12 0.020097889
287 124 9 14 0.020528292
109 183 18 29 0.02065872
1011 102 12 23 0.020927088
99 174 10 11 0.020958502
976 108 22 19 0.02114053
711 106 13 21 0.021289205
74 198 14 18 0.021294838
438 139 9 12 0.021312427
128 154 14 16 0.021314451
62 193 22 17 0.02147312
379 191 23 18 0.02159871
381 147 21 19 0.022189792
151 140 10 12 0.022682605
39 188 21 20 0.022684285
680 102 11 23 0.022757968
149 190 9 11 0.022811191
961 42 13 16 0.02313036
767 137 20 19 0.023941167
259 201 20 20 0.02398427
222 202 12 19 0.024326008
256 185 10 14 0.024695817
410 185 20 21 0.024812717
991 88 19 30 0.02486409
831 131 15 21 0.024871022
114 156 9 10 0.025732469
86 108 11 13 0.026751567
397 190 22 19 0.02690606
684 103 12 21 0.027400851
932 89 9 13 0.027839376
891 159 25 17 0.028849028
64 172 11 11 0.029362554
458 183 21 21 0.029610328
151 114 8 10 0.029667841
82 160 9 8 0.030168338
66 143 9 10 0.031102858
1015 95 8 12 0.03125811
455 179 21 30 0.03212239
549 202 13 24 0.03228346
551 202 22 22 0.032296967
431 137 20 28 0.03240444
391 182 21 30 0.033551745
114 172 14 17 0.03450016
112 145 10 10 0.03450391
55 172 10 12 0.034572653
126 180 17 29 0.03538541
582 125 14 19 0.035532534
391 137 21 20 0.03658527
525 110 14 18 0.03691875
1 197 10 26 0.037584677
116 174 9 11 0.03880342
416 136 14 19 0.03882281
351 192 23 18 0.038852092
1012 91 12 22 0.03934009
775 123 10 12 0.03956182
578 135 22 18 0.040889323
384 200 22 19 0.04117269
799 112 18 26 0.041988604
516 110 13 19 0.043273896
960 78 14 17 0.045176826
962 80 11 11 0.04729696
130 157 10 10 0.047836352
436 136 14 19 0.051788922
731 90 21 20 0.05221344
795 111 15 19 0.052300595
280 122 9 15 0.053628094
517 117 13 20 0.055548515
970 41 21 18 0.055942416
930 85 13 20 0.057099693
964 44 9 10 0.06063015
782 109 19 28 0.060816176
992 97 19 31 0.06328541
100 157 9 9 0.06415613
522 118 20 21 0.064179696
268 68 12 18 0.06527862
976 44 11 11 0.0660386
53 169 14 18 0.070564836
602 190 24 19 0.07087581
148 135 19 19 0.07228974
95 186 11 12 0.0725839
947 54 13 14 0.07665133
773 120 14 18 0.077613324
787 110 19 20 0.07782913
685 42 9 17 0.0784215
607 182 20 31 0.07849156
0 183 7 15 0.08006207
988 94 21 19 0.08067558
253 183 14 19 0.08176931
391 193 22 29 0.087861955
747 88 21 20 0.09105571
364 183 23 19 0.096773125
125 175 14 18 0.09726255
0 180 8 21 0.10023017
94 184 14 17 0.100383796
438 127 10 12 0.10992958
264 71 9 14 0.11061071
419 127 9 13 0.113019995
57 167 21 20 0.11579937
284 121 13 20 0.12045672
893 165 24 18 0.12341026
437 125 13 18 0.12805335
988 99 20 22 0.1302916
156 175 20 19 0.13332085
416 126 14 17 0.13730636
752 47 10 14 0.14259611
85 105 14 19 0.16395117
152 136 21 20 0.1685348
110 191 21 20 0.18685524
157 180 20 21 0.19952606
550 196 18 33 0.2209199
585 126 21 20 0.22953233
122 180 21 19 0.23222609
585 132 22 19 0.24516079
279 120 12 20 0.2522525
791 116 22 20 0.2532188
785 118 20 19 0.27084976
348 196 23 20 0.27128184
830 121 19 31 0.31813824
264 204 22 21 0.34127557
945 48 15 18 0.40114877
714 106 21 22 0.4363791
384 139 20 21 0.4448905
107 195 22 20 0.4582903
33 188 18 21 0.46061328
64 197 22 20 0.49145994
680 40 12 20 0.55095375
389 280 78 99 0.6880041
750 45 13 19 0.82094836

