47_Matador_Bullfighter_matadorbullfighting_47_572
26
552 41 28 46 0.011052671
355 74 32 38 0.011075528
561 33 40 58 0.011282237
197 199 22 34 0.011474269
334 81 22 18 0.011856549
517 39 85 150 0.012001017
574 110 12 23 0.013082963
350 69 42 52 0.013197927
312 94 23 19 0.015090506
514 64 41 62 0.017106231
57 41 27 42 0.01895701
566 96 35 68 0.020170711
890 91 25 36 0.020836804
546 36 38 62 0.03590083
539 55 40 64 0.037917502
89 6 20 31 0.04941165
535 59 52 101 0.058091193
234 31 26 19 0.0682307
77 0 20 29 0.104306795
81 3 19 32 0.108740665
891 100 24 19 0.12742145
648 109 24 20 0.17347804
893 99 18 32 0.53790474
650 104 18 33 0.54039544
189 188 38 50 0.7143358
235 25 22 31 0.8697229

