1_Handshaking_Handshaking_1_664
31
647 109 11 12 0.011081927
479 21 43 62 0.013222261
609 106 9 10 0.013413058
735 112 14 17 0.013637233
750 124 9 13 0.013787225
655 110 10 13 0.015837941
686 111 12 17 0.01584905
654 105 16 27 0.01603518
807 106 7 9 0.016173072
747 121 13 18 0.016674295
671 84 11 19 0.017918084
707 111 8 12 0.019202149
593 95 9 10 0.020392593
676 112 13 17 0.025456067
673 87 8 12 0.02612188
712 121 9 12 0.027647693
689 113 8 13 0.028460428
614 91 8 9 0.032305308
625 90 8 10 0.032616816
680 114 8 12 0.050160967
684 116 12 17 0.055833373
686 118 9 13 0.11307825
740 122 9 13 0.12919363
647 105 15 20 0.13329886
719 111 12 18 0.14526223
677 117 13 17 0.16224425
720 115 13 18 0.35597464
678 119 9 12 0.3843752
737 119 14 18 0.5051622
649 106 18 22 0.6404027
858 22 35 59 0.92952883

