1_Handshaking_Handshaking_1_602
148
679 313 13 18 0.010560818
370 232 9 12 0.0105791995
446 241 13 17 0.010591055
471 301 40 63 0.010847487
557 243 12 18 0.010881979
918 263 9 11 0.010967058
921 247 8 10 0.011242997
904 275 9 10 0.011289537
673 235 20 26 0.011814039
622 292 9 13 0.011830717
726 272 7 9 0.011887204
116 292 13 19 0.01227297
573 215 13 15 0.012359942
579 257 8 12 0.012840124
561 354 11 20 0.013091876
395 312 18 33 0.013746561
208 158 13 22 0.014020174
551 241 8 11 0.014125893
751 242 12 15 0.014310256
686 314 13 18 0.014423714
472 213 13 16 0.014529556
474 288 26 44 0.014643178
253 347 22 20 0.014869767
825 262 5 9 0.01512876
597 226 8 11 0.015130827
368 230 13 18 0.015808454
563 358 8 14 0.015853647
186 183 7 11 0.016047584
400 322 10 14 0.016288277
845 232 9 13 0.016332902
467 243 14 16 0.016395856
788 258 5 7 0.016410273
561 253 7 13 0.016878352
629 254 8 10 0.017059432
291 277 9 10 0.01706144
834 258 6 9 0.017067574
742 245 9 9 0.017190205
883 258 13 15 0.017329255
186 269 53 46 0.017520076
538 225 7 9 0.017915566
681 317 9 12 0.018061977
865 272 7 10 0.018130314
713 258 8 9 0.01850416
193 252 44 53 0.019381806
577 236 13 17 0.019820433
686 309 9 13 0.020105023
478 242 13 17 0.020666312
120 300 20 21 0.020937422
685 244 15 15 0.02114583
381 240 9 14 0.021962967
841 232 9 13 0.022245795
936 238 19 29 0.022251884
477 218 12 16 0.022929778
840 233 17 20 0.02303223
622 299 12 18 0.023426581
467 254 13 18 0.023771303
641 219 18 19 0.02392299
642 255 9 10 0.024173252
573 220 18 20 0.024185812
190 185 11 18 0.025731971
615 297 12 20 0.026750505
925 243 21 19 0.026907872
469 257 9 12 0.027996464
689 317 9 12 0.03034728
942 248 14 20 0.030464206
615 290 12 19 0.030693373
654 225 9 10 0.03098834
683 307 13 18 0.031152356
773 245 6 7 0.032398812
865 261 8 9 0.03240584
617 300 8 14 0.032474708
436 228 13 15 0.033836942
647 216 8 10 0.034908097
617 292 8 14 0.035286
449 244 8 11 0.035769377
481 244 9 11 0.03604154
630 245 9 11 0.036972333
346 301 36 63 0.03770637
929 257 9 11 0.041965324
503 222 14 16 0.042856794
756 254 7 9 0.043148767
473 221 8 11 0.044010412
624 301 9 13 0.045816094
674 228 14 15 0.04584197
689 254 8 8 0.046239953
134 192 12 17 0.04679784
437 235 12 19 0.047990944
737 256 8 9 0.04914458
361 236 11 19 0.05149349
117 302 9 14 0.05243762
717 237 14 15 0.053589515
662 255 8 9 0.053937368
469 246 9 10 0.05547079
250 342 31 38 0.058582336
927 252 14 18 0.05919843
677 254 9 9 0.06302108
362 239 8 13 0.06458462
663 248 8 10 0.06761391
580 239 8 11 0.07374791
544 223 13 16 0.073763356
286 284 21 19 0.07524481
576 217 9 11 0.07598105
438 239 8 13 0.08316222
560 246 8 11 0.08509188
786 244 6 7 0.087303795
379 237 12 19 0.08765065
720 256 14 16 0.0891364
711 243 9 9 0.09271824
398 319 13 21 0.09363631
474 215 9 12 0.0981085
720 234 9 10 0.09979972
638 242 13 16 0.10251348
187 190 6 10 0.1030599
934 247 21 29 0.10312035
912 268 18 19 0.1047767
885 261 10 10 0.10767385
674 242 14 16 0.11288377
116 299 13 20 0.12029255
192 184 8 12 0.12885061
685 226 14 15 0.13503924
939 243 22 21 0.13914886
374 239 9 14 0.1491135
479 220 9 11 0.16312759
773 257 7 9 0.16862847
141 194 8 11 0.17580517
689 247 9 9 0.18711466
678 305 13 18 0.19575436
676 230 10 10 0.25080588
676 246 10 10 0.25833398
723 259 9 10 0.26652467
505 223 9 12 0.27271774
477 216 10 12 0.29464033
844 235 11 15 0.30607298
192 188 7 12 0.35476667
640 245 10 11 0.35959366
438 231 8 10 0.40167838
688 227 10 11 0.4218833
720 239 9 10 0.4708495
645 222 10 13 0.51019
578 223 9 13 0.5398091
841 236 9 15 0.5528836
510 222 10 12 0.56102204
136 196 8 11 0.5980473
754 245 8 9 0.61780936
372 236 13 20 0.65053856
916 271 10 13 0.6512216
610 227 10 13 0.6733115
546 225 9 11 0.77523607

