1_Handshaking_Handshaking_1_236
27
956 260 23 18 0.010962436
628 288 18 25 0.0118285995
2 216 20 68 0.012541064
618 270 28 64 0.014528007
990 263 22 19 0.022794753
960 255 18 30 0.025419356
1012 277 9 12 0.026220946
1008 262 12 23 0.030350327
634 285 17 35 0.03168588
921 233 24 21 0.036037333
1014 244 9 13 0.05057023
0 179 33 128 0.055529006
1005 272 19 21 0.08720574
1012 240 12 20 0.096635796
1004 251 16 34 0.10126464
994 267 18 32 0.109000936
626 280 16 39 0.14053638
982 273 23 22 0.15923777
916 224 17 35 0.3316572
977 269 20 30 0.5938058
921 226 19 34 0.7104906
385 182 37 81 0.78847545
0 193 25 88 0.84317964
192 129 63 87 0.8679992
505 186 47 64 0.9000674
863 244 18 37 0.91885746
729 236 29 40 0.9836389

