1_Handshaking_Handshaking_1_579
442
257 194 22 27 0.010048474
799 330 26 44 0.010080137
229 102 9 12 0.010127304
1012 139 10 14 0.010128064
144 210 23 20 0.010210602
377 47 7 11 0.010292604
820 168 13 21 0.0102932835
453 277 19 33 0.010399055
831 243 22 22 0.010428003
187 110 13 16 0.010459374
318 294 23 20 0.01050617
795 77 14 16 0.010560619
417 197 13 23 0.010595573
732 202 28 38 0.010598567
388 94 10 14 0.010600128
70 161 19 27 0.01063287
422 100 11 15 0.010729574
513 62 7 9 0.010739413
207 136 12 18 0.010744475
709 187 15 20 0.0107713705
311 48 7 9 0.010864599
85 361 29 40 0.0108971875
394 159 17 30 0.010908016
582 208 20 28 0.010988352
304 99 11 11 0.0109978495
779 207 19 30 0.011012102
851 64 9 13 0.011072834
760 300 30 35 0.011187997
834 70 11 11 0.011240993
491 283 23 21 0.011273714
428 97 12 20 0.0112985205
324 289 21 33 0.01145022
952 212 21 20 0.011461144
80 214 22 19 0.011466257
496 106 9 13 0.011481269
756 47 10 11 0.011500466
70 258 23 27 0.011503328
545 75 8 12 0.011601976
691 149 14 18 0.011613256
1006 83 10 21 0.011684472
84 349 29 41 0.011783544
891 145 19 21 0.011937278
527 223 19 32 0.011991414
9 188 21 19 0.01203675
302 124 13 17 0.012050073
337 109 14 16 0.0120619135
419 28 7 8 0.012097861
642 158 21 24 0.012133805
552 227 21 29 0.012228384
472 89 7 13 0.012290797
67 187 23 18 0.012291868
954 186 22 19 0.012304616
455 163 17 31 0.012365335
277 48 7 9 0.0124813095
472 75 11 19 0.012504712
3 150 11 21 0.012512781
460 221 22 20 0.012561163
2 141 8 12 0.012641473
193 231 21 21 0.012806189
527 92 12 18 0.012862591
518 90 8 11 0.012952061
992 178 18 30 0.0129583115
6 361 32 73 0.013171981
162 107 13 19 0.01318864
77 262 21 20 0.013368576
957 139 13 17 0.013379914
321 133 13 19 0.013394008
501 122 11 14 0.013398597
584 93 9 14 0.013465881
623 95 13 16 0.013468363
219 175 20 19 0.013508705
571 195 21 20 0.013610794
66 215 22 27 0.013680235
693 109 13 18 0.013785896
166 196 23 19 0.013808683
599 168 13 18 0.014026063
189 122 13 18 0.014197385
7 112 8 14 0.014214179
99 300 27 39 0.01421458
381 181 17 30 0.014681593
616 183 21 21 0.014748646
109 117 12 19 0.014783129
102 110 8 15 0.014807986
987 474 31 76 0.014993417
10 285 19 32 0.015044876
847 166 13 20 0.015075425
56 277 21 21 0.015082223
571 136 13 18 0.015150822
566 75 9 14 0.015251164
924 182 20 21 0.015504441
532 152 14 17 0.015562924
333 117 13 19 0.01570707
871 180 13 21 0.01579223
703 89 13 17 0.015854763
117 75 7 12 0.015963465
272 90 9 13 0.016011633
317 283 25 45 0.016130866
744 71 19 21 0.016180487
371 125 12 19 0.016205646
434 74 9 13 0.016317993
0 299 17 57 0.01636475
353 167 14 21 0.01641316
620 102 13 17 0.016474038
975 81 9 13 0.016484704
292 135 13 18 0.01653055
394 211 19 30 0.016828425
196 191 20 28 0.016850268
432 94 9 14 0.016894586
591 118 12 18 0.0169472
250 381 28 43 0.016977454
975 189 21 19 0.017039701
487 164 23 18 0.017188964
543 187 18 28 0.017191865
262 63 7 10 0.017288458
560 110 9 13 0.017551303
530 75 7 11 0.017649919
323 74 9 12 0.017783146
896 478 35 66 0.017874612
302 134 13 19 0.017911555
313 154 20 20 0.018024908
1008 86 8 14 0.01808883
738 188 21 20 0.018115789
163 109 9 12 0.018189518
325 124 13 18 0.018219031
87 205 26 37 0.018333662
228 143 10 13 0.018335486
227 250 22 30 0.018346189
967 164 20 20 0.018358335
648 149 20 19 0.018366035
272 111 13 17 0.018385142
30 108 12 20 0.01841059
553 155 22 17 0.018531304
541 59 9 14 0.01864025
770 149 16 29 0.018712139
766 135 13 19 0.018856848
975 196 22 20 0.018885946
461 120 12 18 0.01891563
360 255 21 30 0.01906881
139 207 20 28 0.0193686
398 211 19 23 0.019436136
909 139 20 21 0.019452328
282 210 20 29 0.019485798
878 145 20 21 0.019519014
12 152 14 19 0.019733429
763 249 21 31 0.020092977
267 307 27 41 0.020101625
543 117 13 17 0.020211203
443 217 19 22 0.020242091
5 109 12 20 0.020381713
322 208 21 27 0.020387353
581 123 13 17 0.020497743
817 140 14 18 0.020576352
755 54 13 19 0.02068604
1000 85 9 14 0.0206929
311 294 35 59 0.020778976
886 68 11 20 0.020878302
842 120 21 19 0.02097125
1004 128 18 30 0.02109123
557 185 22 20 0.021253046
159 186 21 19 0.0215565
59 216 21 20 0.021731615
358 63 9 12 0.021751475
669 185 19 29 0.02176495
69 152 14 19 0.021802193
481 87 8 12 0.022238653
924 284 20 32 0.022275519
792 311 26 41 0.022320665
339 112 10 11 0.02237292
212 183 20 19 0.022446765
833 181 18 31 0.022872547
908 90 12 19 0.02297082
867 84 10 15 0.023146063
386 57 8 12 0.02315553
711 187 22 19 0.023197843
744 187 20 22 0.02349782
526 103 9 14 0.023583213
451 77 11 17 0.023737354
476 76 11 19 0.023834536
1006 76 11 20 0.02387498
703 149 13 19 0.02406349
653 136 20 20 0.02419179
433 57 7 11 0.02420882
101 109 11 20 0.024235101
23 203 24 20 0.024252605
498 85 12 18 0.024324311
610 140 13 17 0.024360493
237 201 23 20 0.024462704
266 143 21 17 0.024528438
479 61 7 11 0.02455669
962 80 9 13 0.025077544
1015 180 9 26 0.02557347
659 68 11 14 0.025730707
484 158 15 19 0.025950527
156 210 19 31 0.026064945
9 189 18 31 0.026212033
772 122 13 20 0.0262292
618 232 23 30 0.02625095
180 110 13 18 0.026260417
313 324 37 57 0.026334975
741 191 20 32 0.026377253
545 108 14 17 0.026585624
151 209 23 21 0.026706591
279 304 27 42 0.026913652
887 462 35 63 0.027071664
582 197 19 29 0.027503258
1008 79 8 14 0.027567841
385 43 7 11 0.027602773
615 96 10 15 0.027911402
264 183 22 20 0.027967008
418 46 8 11 0.028127141
182 312 28 42 0.02816348
986 455 32 71 0.028243717
737 212 21 20 0.028444834
524 126 14 18 0.028515613
109 108 12 19 0.028521173
249 105 10 15 0.029215006
468 106 9 14 0.02945651
518 111 10 13 0.029578533
247 94 8 12 0.02977423
203 76 12 17 0.029805874
446 89 12 18 0.029858086
553 165 21 19 0.02987326
891 140 14 21 0.030043425
26 253 22 20 0.030090177
406 44 7 11 0.03012317
707 126 14 18 0.030429507
112 254 22 29 0.030604435
291 77 8 13 0.030616498
257 183 22 20 0.030624786
904 146 18 30 0.030689672
454 218 19 31 0.030820072
841 502 22 53 0.031096758
954 157 21 20 0.031318773
517 73 11 18 0.031498864
691 117 13 19 0.03153704
503 154 22 19 0.03179026
326 94 10 11 0.031970616
102 120 8 14 0.03206047
144 197 19 30 0.032284882
360 134 12 20 0.03232575
273 63 8 10 0.032437053
273 71 8 12 0.03272348
877 264 27 44 0.033049736
319 57 8 11 0.033262882
653 124 14 17 0.033395704
946 425 32 42 0.033571046
1001 80 9 15 0.033671897
529 94 9 12 0.03401175
247 55 7 11 0.034179095
727 108 14 20 0.034319773
949 156 14 22 0.034402926
720 157 20 21 0.03505199
427 151 13 19 0.035263464
73 165 21 20 0.035459835
259 141 14 19 0.035590507
305 256 20 32 0.035931554
640 88 11 14 0.03623877
946 138 14 18 0.03635822
167 118 12 18 0.036732007
958 163 21 19 0.036990136
742 70 13 21 0.03705177
536 57 12 18 0.037347488
29 198 19 30 0.038142584
872 178 19 23 0.038835574
825 234 27 41 0.038973358
600 168 21 19 0.03914363
773 161 13 21 0.03944869
396 377 29 41 0.039822854
7 119 9 14 0.039828554
83 121 9 15 0.040275183
780 122 14 19 0.04028664
310 151 13 20 0.04032284
228 96 9 13 0.04044705
645 124 15 17 0.040568467
699 74 13 17 0.040906023
525 132 14 18 0.040919393
530 195 19 29 0.041501425
972 188 20 30 0.04160116
226 122 10 13 0.04203187
894 177 21 30 0.04233327
422 150 13 20 0.042623468
102 181 22 20 0.042675946
260 72 8 11 0.042686917
190 200 23 19 0.04292079
595 104 10 13 0.04333009
547 110 10 12 0.043392632
449 91 8 14 0.044217117
251 105 12 17 0.044964936
377 177 20 23 0.045306068
708 132 13 19 0.045351487
227 141 13 19 0.04542906
324 45 7 11 0.045441676
13 122 12 20 0.04574746
156 197 20 30 0.045812093
97 183 22 20 0.04584871
159 200 22 21 0.045965184
887 141 13 21 0.04622909
464 227 21 21 0.046439357
967 87 10 13 0.047271132
72 154 21 20 0.047299884
547 88 13 18 0.047880374
839 138 20 21 0.0489103
245 48 7 12 0.04994651
351 70 9 15 0.050214443
785 73 14 18 0.05064329
333 92 13 16 0.050952498
474 61 7 13 0.05123415
533 309 24 45 0.05162564
473 77 8 14 0.051853307
622 233 28 35 0.052302092
365 134 13 21 0.05273878
197 224 21 30 0.053172518
399 93 12 18 0.05375074
369 75 9 13 0.053846426
88 213 23 20 0.054519117
7 116 12 20 0.05458969
140 308 30 41 0.05494883
640 80 10 13 0.0551739
245 125 10 13 0.055205394
778 201 19 23 0.055798866
356 101 13 18 0.055965208
312 56 8 10 0.056402735
201 78 9 15 0.05647702
716 162 21 21 0.056500655
501 58 6 11 0.056583084
502 79 8 11 0.056776557
569 188 21 20 0.05756707
252 147 23 18 0.057957776
384 276 22 32 0.05800716
418 69 10 14 0.058582664
695 75 13 17 0.058604483
480 162 23 19 0.058790877
438 134 14 20 0.058970198
493 156 22 19 0.060394984
946 161 20 20 0.060842738
402 149 14 21 0.060977925
974 85 10 15 0.06180379
453 120 13 19 0.062201887
660 64 10 14 0.06288662
598 413 28 47 0.06328339
675 126 14 18 0.06384446
490 278 26 41 0.064008385
829 178 19 22 0.06426145
667 130 22 19 0.06435951
100 117 12 19 0.06450609
866 78 12 19 0.06512618
868 151 13 20 0.06540132
589 94 12 18 0.06573433
72 338 31 60 0.06593339
174 88 12 17 0.06726506
259 92 9 13 0.06746744
476 134 14 17 0.06819655
615 99 12 17 0.06937632
767 153 13 23 0.06977518
614 71 10 14 0.07019673
479 106 12 18 0.07024933
479 78 7 14 0.0705712
120 251 22 30 0.071194276
429 93 13 19 0.07127853
527 237 20 31 0.07218728
387 32 8 11 0.07221587
583 247 26 40 0.072365694
19 131 13 18 0.0734164
422 93 13 19 0.07391685
411 330 28 43 0.07436472
731 108 14 20 0.07502509
785 104 13 18 0.075038575
835 137 19 20 0.0756187
443 132 14 18 0.07571458
526 308 26 42 0.07602539
271 116 14 17 0.07644486
0 181 13 22 0.07655783
639 104 14 16 0.07670381
797 216 28 41 0.07691424
170 242 19 32 0.078174256
71 189 23 20 0.07942776
454 166 23 20 0.07997108
643 171 20 19 0.08029886
498 399 31 57 0.08167606
169 280 23 30 0.082116365
340 72 11 13 0.08216596
6 254 20 29 0.08310859
235 193 20 31 0.0836376
135 153 22 19 0.08364767
662 187 23 21 0.08395737
150 310 30 42 0.08410564
537 59 8 13 0.08727061
825 109 21 18 0.08822452
419 64 9 12 0.08862832
573 74 13 17 0.08900481
264 146 22 19 0.090717465
640 192 19 31 0.09081617
789 408 30 44 0.090846136
271 212 23 31 0.09154072
622 119 13 18 0.09179841
862 247 25 43 0.094451025
798 136 13 19 0.096067846
469 344 28 42 0.09642013
510 118 13 17 0.09696456
146 85 10 15 0.09745762
365 194 20 30 0.09906435
124 131 21 20 0.099330164
565 138 14 19 0.100000724
132 106 12 19 0.10044104
172 245 23 21 0.1058407
901 92 12 20 0.10597765
885 265 27 43 0.10632494
585 314 26 49 0.107191175
677 363 29 44 0.107784025
585 205 23 21 0.10805532
496 202 23 21 0.109656036
453 78 8 13 0.11003585
295 60 7 12 0.110232785
373 92 13 18 0.11033522
907 147 21 21 0.11073824
174 116 13 18 0.11256889
387 73 12 16 0.11358709
301 101 14 16 0.11585959
927 104 13 18 0.116788454
500 86 9 13 0.1187476
129 152 21 20 0.1295774
519 76 7 12 0.1298213
388 121 13 18 0.13098821
240 147 21 20 0.13107166
81 118 12 21 0.13187334
441 302 26 40 0.13638203
678 93 13 17 0.14227827
305 75 9 14 0.15533707
960 108 14 17 0.15948977
856 332 32 58 0.16104257
36 116 13 19 0.16306014
936 420 37 52 0.16931526
734 144 21 21 0.1875327
188 149 20 20 0.1894656
1007 134 17 22 0.19251396
216 180 22 21 0.19320379
1004 226 19 35 0.19455348
990 104 13 18 0.19969748
777 350 29 42 0.20477486
747 300 29 39 0.20983875
32 163 22 21 0.21245652
650 277 30 40 0.24808288

