38_Tennis_Tennis_38_580
22
27 353 28 69 0.010246392
632 252 23 22 0.012023251
316 245 24 21 0.012077823
401 242 19 33 0.012086321
2 369 14 43 0.012726285
622 242 24 21 0.013564701
635 244 24 22 0.01364164
565 224 29 35 0.031177014
571 233 18 33 0.07189774
649 237 21 23 0.08543574
33 367 17 39 0.12420446
320 239 18 37 0.75595737
643 238 19 32 0.7582168
345 242 25 41 0.8302552
674 244 26 40 0.83598685
498 247 17 39 0.8363665
526 248 20 37 0.84542346
410 242 27 43 0.8871481
559 227 25 38 0.9023478
455 233 25 41 0.9358253
606 247 26 38 0.9436989
289 231 26 43 0.94589657

