38_Tennis_Tennis_38_232
174
917 0 6 8 0.010012186
39 279 9 12 0.010038092
933 2 6 7 0.01004059
964 72 13 17 0.010206847
1006 57 12 18 0.010310524
851 60 11 20 0.010661898
814 462 17 32 0.010769693
903 1 6 8 0.01089156
1002 287 6 14 0.011112258
978 89 13 18 0.01116957
38 274 12 20 0.011239876
673 92 6 9 0.0114459405
980 35 6 6 0.011511839
821 10 6 9 0.011647236
807 331 10 15 0.012164113
630 92 6 9 0.012595269
565 44 9 9 0.012649819
1001 315 6 12 0.012829986
803 28 6 8 0.013344917
120 221 5 10 0.013666081
691 0 6 5 0.013829634
951 58 6 9 0.013832027
966 93 8 9 0.013885621
102 221 5 10 0.014448423
819 451 11 30 0.014497447
1015 30 5 9 0.014854058
593 9 8 10 0.015430875
169 231 6 11 0.015764061
3 284 7 14 0.01780538
722 312 6 9 0.01805288
727 302 5 9 0.018304879
19 264 12 20 0.018665122
995 11 7 9 0.018906865
917 43 6 9 0.01945758
21 267 8 13 0.020101875
1012 0 7 10 0.020132296
690 74 6 8 0.020820864
766 43 12 19 0.02124701
997 93 7 9 0.02143091
948 0 6 7 0.021949375
942 40 12 19 0.022879722
665 92 5 8 0.023025623
47 414 7 10 0.024427362
980 61 7 7 0.024785962
1015 82 6 9 0.025286844
679 45 6 7 0.025929268
36 270 9 13 0.026984606
1 279 10 24 0.027282164
870 61 6 8 0.027728522
174 221 6 8 0.028721726
965 29 6 7 0.028782494
727 17 6 6 0.029252566
707 89 8 11 0.02933941
934 13 5 8 0.030061834
0 274 15 37 0.030259034
981 0 8 8 0.030500835
805 13 6 8 0.030874083
657 0 7 6 0.032351267
982 13 7 8 0.033285294
663 13 6 8 0.03337889
964 1 7 7 0.034008812
610 72 6 9 0.034472033
1007 7 12 20 0.034791883
867 77 6 10 0.03506286
981 94 7 10 0.036124106
741 89 6 11 0.03637414
993 1 8 9 0.037180934
810 328 13 20 0.03745393
644 45 6 7 0.03751097
782 54 11 20 0.03800941
999 34 7 9 0.038358897
640 26 6 8 0.03962022
963 15 6 7 0.039792266
744 1 6 6 0.03986357
883 73 6 9 0.039977346
948 31 5 8 0.041160278
707 0 6 8 0.041161228
802 0 6 8 0.041894257
774 58 7 10 0.042845555
996 78 6 7 0.042898662
722 0 6 7 0.04576529
744 81 6 8 0.0469085
827 448 18 31 0.04713503
592 0 9 10 0.04735421
664 31 6 8 0.0476687
165 219 11 16 0.04798634
817 0 7 9 0.048539933
1014 251 10 20 0.049823437
915 28 6 9 0.050308745
785 0 6 7 0.05088803
888 34 5 8 0.05133737
658 75 6 7 0.05225215
632 78 5 7 0.052258953
949 16 6 8 0.053073026
756 0 5 5 0.053286456
775 77 6 9 0.05348322
880 12 6 9 0.053644564
698 16 6 8 0.054181926
1010 11 8 12 0.054490156
854 71 8 14 0.05581858
1014 44 6 9 0.055888936
932 30 6 8 0.055964455
657 63 6 8 0.05753665
706 18 6 8 0.05788756
790 43 6 8 0.05902861
785 18 5 7 0.059197955
709 62 7 8 0.059371207
731 250 8 16 0.05944613
758 34 5 7 0.059807926
899 16 6 9 0.061112437
626 60 6 9 0.061741643
936 43 6 10 0.06596748
978 79 7 7 0.06642822
852 68 11 21 0.067977235
776 1 5 7 0.06842229
914 15 6 8 0.07050403
964 62 7 7 0.072121605
754 14 5 7 0.07381367
966 46 6 8 0.074061364
759 44 5 7 0.07455492
34 268 13 19 0.07812421
676 73 6 7 0.07909208
902 33 5 8 0.08126719
966 76 8 9 0.08154395
999 43 7 8 0.081958316
634 33 7 10 0.08240142
635 16 7 10 0.08603363
709 81 7 8 0.0869735
785 57 7 12 0.09165909
706 43 6 8 0.095553026
854 63 7 11 0.09869687
995 60 6 8 0.10310807
777 17 5 7 0.10402647
871 34 6 9 0.10609357
741 31 5 7 0.108305134
696 34 6 7 0.114715226
896 62 6 10 0.12382506
776 27 6 8 0.12426891
727 72 6 9 0.12585604
788 28 5 8 0.1264261
679 65 7 9 0.12770091
887 64 6 9 0.12821633
646 0 7 8 0.13668217
741 15 6 7 0.13895047
871 40 6 9 0.14194638
728 42 6 7 0.14371297
757 64 6 9 0.14401868
737 43 6 8 0.14567263
674 27 6 8 0.14588827
674 18 6 8 0.14835994
694 41 6 9 0.14910845
758 73 7 10 0.14983065
727 33 6 8 0.1560166
945 43 8 11 0.15704757
872 12 6 10 0.16226833
723 65 7 9 0.16342716
770 46 7 10 0.16830738
1016 255 7 14 0.1798209
902 39 5 9 0.18353531
888 40 6 9 0.19038978
1009 61 7 9 0.19178103
818 444 16 35 0.20197664
733 250 9 16 0.2021186
632 41 6 9 0.20506811
661 45 5 7 0.20545965
981 44 7 8 0.20591825
639 17 7 9 0.24074927
709 26 7 9 0.27111283
688 63 7 10 0.27779454
648 72 6 8 0.29022428
648 66 6 10 0.31899613
612 64 7 11 0.5597271
806 328 14 21 0.6346941
167 222 7 11 0.75479275

