59_peopledrivingcar_peopledrivingcar_59_532
151
869 80 13 18 0.010047013
479 91 21 20 0.010062377
674 109 10 11 0.0100823175
875 114 14 18 0.010098229
489 68 19 33 0.0101627
105 58 23 19 0.010173896
854 129 8 10 0.010236348
743 112 21 20 0.010411734
714 111 21 20 0.010421096
4 73 12 26 0.010479252
490 83 28 40 0.010690989
363 119 20 30 0.010830391
979 130 6 7 0.010874309
865 121 21 19 0.011000879
674 79 8 11 0.011029069
162 93 20 22 0.011115669
369 80 11 11 0.011261884
868 102 8 8 0.0115856705
532 93 14 17 0.011702949
187 81 22 18 0.011862446
960 70 7 8 0.012025885
745 102 19 34 0.012065795
436 172 43 57 0.012380367
173 84 22 18 0.012552608
980 86 7 8 0.012704226
451 53 28 41 0.012823985
538 91 22 17 0.012869192
786 102 9 9 0.0131095825
363 77 21 18 0.013287084
854 25 12 18 0.013403665
805 101 9 10 0.013559291
492 87 19 32 0.014399988
965 132 7 9 0.014412853
951 70 7 8 0.014742798
747 62 19 34 0.014807457
736 111 28 42 0.014881087
80 58 22 20 0.015100282
969 101 6 8 0.0152100185
535 201 29 72 0.015462986
870 84 9 11 0.015476436
557 85 14 16 0.015557197
455 57 19 32 0.01601847
515 72 21 30 0.016131124
668 104 20 20 0.016486442
729 104 40 57 0.016502354
855 23 9 12 0.016774539
645 97 13 20 0.016976386
196 70 18 31 0.017516514
506 58 59 73 0.017518058
501 63 43 51 0.017565835
213 111 26 17 0.01784588
949 81 8 10 0.018361144
512 95 9 11 0.018805545
557 91 14 16 0.018915802
508 69 32 38 0.019195806
373 123 27 16 0.01928265
965 82 7 9 0.019557334
818 100 8 9 0.019611936
253 124 23 18 0.019880468
258 97 21 18 0.021107344
484 85 8 9 0.021138854
299 85 19 30 0.02155292
741 98 27 44 0.021576181
508 110 21 19 0.021936866
513 92 20 31 0.022105485
166 68 17 33 0.02246812
366 102 19 30 0.022517564
375 111 25 16 0.02419555
854 82 8 10 0.024592955
1016 128 5 11 0.024656156
205 99 22 18 0.024870021
365 117 24 16 0.025793921
382 84 22 17 0.026396608
504 88 9 10 0.026433226
995 101 6 8 0.02646508
391 90 24 17 0.026512511
853 117 8 9 0.026666073
593 85 11 11 0.027440345
713 126 21 20 0.027825378
392 77 19 27 0.027865922
873 103 20 30 0.02793286
777 111 23 18 0.028516965
880 85 11 11 0.028881103
942 126 13 18 0.029336512
502 84 14 18 0.029720604
384 99 14 11 0.029859036
724 99 8 9 0.029876608
982 100 7 8 0.030069623
735 89 36 62 0.030542
545 94 10 10 0.030779317
653 98 20 20 0.032127578
134 51 24 22 0.03261981
531 81 14 18 0.033071354
692 101 7 9 0.033132553
209 107 14 21 0.033184
79 68 19 33 0.0352009
533 85 10 11 0.035320252
422 69 10 11 0.035933483
535 97 9 9 0.038117256
560 88 9 10 0.03869107
1016 117 5 10 0.039393745
868 115 9 11 0.03982279
945 130 9 11 0.039970994
301 69 21 19 0.041132215
537 82 21 18 0.041692246
780 117 19 32 0.04177863
460 80 21 18 0.042133044
293 69 26 36 0.042262822
265 96 22 19 0.042522814
503 95 9 11 0.044995233
507 86 29 41 0.045784835
849 101 8 10 0.048313353
544 85 10 11 0.048327196
467 84 8 10 0.04880809
513 85 9 11 0.051706456
855 27 9 13 0.05178561
818 82 8 12 0.05195014
674 102 9 12 0.053946726
92 56 22 21 0.05415221
504 91 21 19 0.054427877
420 66 13 17 0.05470017
286 92 22 18 0.054754104
839 102 7 9 0.055161733
501 78 40 56 0.055586714
365 122 23 18 0.055808466
982 116 5 7 0.061084326
708 99 7 9 0.06108931
588 82 21 18 0.06287218
501 91 14 19 0.06288381
997 112 6 8 0.066251375
671 99 13 19 0.066475414
864 112 20 20 0.06706822
815 78 13 19 0.06753427
874 82 21 18 0.06780929
130 56 21 21 0.0718062
560 93 10 10 0.080330655
402 84 12 11 0.082123406
232 44 18 34 0.09255298
506 82 20 19 0.10569269
782 127 22 20 0.1320269
293 76 19 21 0.15697175
205 97 19 32 0.23315875
397 81 20 19 0.3484835
378 96 23 18 0.46398965
297 73 22 21 0.51778674
172 87 18 33 0.60115534
96 50 19 34 0.62727046
2 66 19 36 0.6617228
134 49 17 34 0.74114
62 81 26 40 0.8343437
235 52 20 33 0.867563

