59_peopledrivingcar_peopledrivingcar_59_172
50
723 211 6 7 0.0101905875
804 207 8 8 0.010216936
978 227 7 8 0.01080815
729 229 6 8 0.0109311445
547 208 7 11 0.0112327235
858 250 20 20 0.011600899
805 200 8 8 0.011683519
645 212 13 18 0.011744041
836 223 13 17 0.013085475
995 231 7 8 0.013503522
961 272 7 9 0.0135814855
544 191 12 22 0.013607401
1015 240 6 10 0.014622993
833 215 7 7 0.014721488
893 223 13 17 0.01525766
610 225 9 8 0.015524229
950 224 12 18 0.015783997
737 225 7 8 0.01589896
962 238 7 10 0.016321216
822 213 8 8 0.01810816
647 214 7 10 0.02022292
918 228 7 8 0.020896588
547 196 7 10 0.023287369
448 158 19 32 0.023338616
882 237 8 10 0.024368633
776 190 25 20 0.024397789
660 246 9 9 0.025580328
870 242 8 9 0.0262893
847 223 14 16 0.02697575
962 214 6 7 0.028336445
597 225 8 9 0.030175991
1014 226 7 10 0.03164788
654 216 10 12 0.03525631
952 237 6 10 0.03583247
839 226 8 9 0.039506905
706 211 7 8 0.04344831
863 225 14 16 0.045073986
768 196 9 10 0.046537805
781 191 19 32 0.047928873
880 227 14 16 0.06588626
896 226 8 9 0.073591545
959 225 12 17 0.07630641
764 191 20 20 0.0996706
851 226 8 9 0.15277658
648 218 14 18 0.19986275
883 230 9 9 0.23552456
952 228 7 10 0.28753203
961 228 9 11 0.29788244
867 228 8 9 0.3447586
651 217 15 17 0.712694

