59_peopledrivingcar_peopledrivingcar_59_404
42
685 202 47 50 0.010258906
768 114 23 17 0.011010622
759 37 7 9 0.011095345
195 5 90 62 0.011480215
740 39 6 8 0.011533204
233 11 77 66 0.012082888
600 195 48 50 0.01276704
834 114 24 26 0.013122883
672 101 10 8 0.013764324
790 82 10 12 0.014203432
715 251 52 96 0.016611021
789 79 13 17 0.017024063
687 85 21 26 0.017163448
780 90 19 30 0.017231178
842 119 24 17 0.017289244
800 80 10 13 0.018058015
814 93 22 19 0.018616103
830 83 20 28 0.019424716
670 200 50 49 0.020019049
701 86 12 12 0.021197973
877 91 23 27 0.023595404
658 102 14 16 0.025827019
795 76 19 21 0.03104657
736 73 27 37 0.032292362
741 85 11 13 0.032685485
747 82 13 19 0.03308113
808 130 25 18 0.033808175
702 79 19 27 0.044474673
828 78 13 22 0.047124177
695 86 12 12 0.05561775
797 73 13 18 0.056463543
818 84 20 22 0.066443816
781 108 22 28 0.06944782
785 114 23 20 0.06983806
806 94 20 31 0.077773675
709 269 40 56 0.12575276
661 104 9 10 0.15041402
791 114 23 22 0.16125973
799 108 22 29 0.25865722
738 81 20 21 0.49453622
695 83 21 20 0.49739817
865 184 44 60 0.9451618

