59_peopledrivingcar_peopledrivingcar_59_1019
21
645 575 26 16 0.010999852
797 445 25 45 0.012583137
300 498 20 32 0.013001263
962 498 26 45 0.013826773
1009 618 10 23 0.013959845
126 557 17 27 0.014004845
126 560 12 13 0.014280161
286 526 157 168 0.0153051475
113 581 10 10 0.017859373
105 582 20 19 0.018617915
961 530 36 70 0.021160996
291 462 133 202 0.022646697
108 577 21 18 0.024143972
896 454 27 42 0.034835167
97 546 15 21 0.047961283
112 557 22 19 0.05455905
99 547 17 29 0.07916658
263 416 194 285 0.101802506
964 511 24 48 0.223217
122 556 19 20 0.62335956
91 549 22 20 0.73917687

