59_peopledrivingcar_peopledrivingcar_59_856
31
8 265 8 11 0.010000948
154 262 25 17 0.010035618
333 312 21 18 0.0102410065
679 298 5 8 0.010862247
188 308 24 17 0.010996838
230 181 11 21 0.011987771
339 282 7 7 0.012283384
278 294 7 9 0.013782473
144 277 20 30 0.014147944
338 270 6 6 0.014405633
242 315 10 8 0.014511528
340 317 9 9 0.014840813
153 279 23 18 0.015826626
108 305 20 29 0.01649218
290 297 8 9 0.018753018
449 275 13 19 0.020873863
559 247 10 15 0.022257071
552 246 9 14 0.02392936
175 251 24 17 0.028526293
288 284 7 8 0.030724542
110 310 23 18 0.03488185
280 286 7 8 0.048170704
452 278 8 10 0.05087706
1 298 9 14 0.06480133
233 184 6 12 0.07818575
0 295 11 20 0.113285854
179 253 19 31 0.15984271
185 252 25 18 0.19211356
551 243 14 21 0.2496657
186 249 19 29 0.44588625
555 244 15 20 0.5742747

