45_Balloonist_Balloonist_45_273
89
729 159 20 21 0.010145858
594 210 12 20 0.01035345
664 155 9 9 0.010428012
845 179 26 16 0.010441066
719 165 21 21 0.011017492
365 129 25 16 0.011560563
772 158 20 30 0.011642976
258 211 31 37 0.011774353
804 169 9 9 0.012268034
695 145 12 22 0.012674272
995 134 8 11 0.013031378
604 169 37 64 0.013212149
982 134 8 10 0.013521065
359 124 21 30 0.01365042
785 134 10 9 0.013869269
1016 130 7 16 0.014128981
802 135 14 16 0.014430393
807 160 24 18 0.015295714
935 197 40 59 0.01557311
801 151 9 10 0.015759712
812 121 21 25 0.016043555
580 141 21 28 0.016860375
797 164 24 17 0.016986592
379 122 23 27 0.017161317
703 163 12 21 0.017566873
749 103 9 13 0.017602824
826 165 24 17 0.018070685
790 154 10 9 0.018352091
326 217 31 13 0.018834248
662 162 13 20 0.018843865
819 104 13 16 0.01891063
744 103 10 14 0.019209525
992 131 12 20 0.019388536
606 179 53 75 0.019602003
630 185 44 81 0.019621845
213 244 60 78 0.020291645
957 166 36 124 0.020422313
459 147 36 53 0.021072587
547 214 10 12 0.021087982
536 210 29 37 0.02110949
589 150 24 17 0.023157187
869 103 10 16 0.023234451
597 212 7 11 0.025371728
667 155 18 31 0.025568517
671 153 8 11 0.025828296
870 109 21 20 0.026064584
607 228 13 23 0.026189739
820 130 10 12 0.026632195
668 160 13 22 0.027346909
774 139 9 10 0.028677562
768 163 21 19 0.029949635
563 135 14 19 0.031071648
629 207 33 43 0.03117056
870 103 21 21 0.037259404
656 157 19 31 0.037432406
942 151 24 17 0.03824655
1015 124 9 28 0.038469456
198 120 24 19 0.04622971
869 203 33 36 0.048483707
541 211 21 19 0.049537897
818 126 14 17 0.0554267
804 138 9 10 0.056734182
189 132 42 50 0.05771329
435 41 30 36 0.060613096
707 202 44 70 0.06290281
594 226 12 23 0.06334583
616 209 31 41 0.068603456
384 166 22 32 0.07053014
734 346 92 81 0.07686396
741 108 13 21 0.07906526
198 123 22 30 0.08733488
821 107 9 11 0.10639057
747 101 12 20 0.112125315
588 217 20 30 0.119811594
743 101 13 21 0.13705312
868 106 17 21 0.1633273
820 121 10 13 0.23092458
707 354 107 94 0.26731083
949 199 36 65 0.27170628
818 119 14 18 0.36452746
164 204 36 56 0.39903098
122 168 59 72 0.5323409
867 102 15 21 0.69678956
623 196 42 63 0.7274199
716 197 53 84 0.7577568
464 159 40 47 0.78432316
377 154 26 40 0.92318
112 312 62 88 0.9476927
429 37 28 42 0.9809684

