45_Balloonist_Balloonist_45_838
68
409 135 7 7 0.011424029
198 224 29 15 0.01178236
120 188 31 14 0.011890666
273 216 23 29 0.012178411
418 134 7 6 0.013021562
909 447 55 106 0.0131263845
182 136 12 9 0.01321922
517 228 19 29 0.013447389
499 348 29 35 0.013545548
891 293 22 29 0.01363436
133 144 11 10 0.013678016
587 242 25 21 0.014765194
172 253 31 38 0.015807668
232 346 32 35 0.018824233
894 311 25 26 0.02076508
242 384 34 41 0.020877713
265 286 33 34 0.023882939
205 236 24 19 0.025077183
807 295 22 29 0.027749544
32 227 18 32 0.029759957
915 355 28 42 0.03296481
266 332 36 31 0.035987753
860 267 20 31 0.039565172
259 338 32 35 0.040862832
859 275 24 18 0.04464179
816 243 20 33 0.053665593
782 319 24 31 0.053687196
821 240 28 38 0.071763515
861 280 22 29 0.09112107
842 300 23 30 0.09788052
571 368 26 40 0.10141767
696 228 21 32 0.10620439
472 224 21 32 0.13773325
33 222 21 20 0.14372556
817 234 20 33 0.15060456
825 236 20 33 0.17445546
198 229 28 38 0.18005703
831 346 38 48 0.27524316
276 336 31 36 0.28619015
689 227 23 31 0.33312234
492 347 28 39 0.33746997
458 381 31 40 0.33822608
490 285 22 33 0.3557637
276 325 32 35 0.36569244
276 211 29 34 0.36721745
409 348 28 38 0.37673146
279 296 33 31 0.3954902
189 383 30 43 0.39884505
733 234 21 32 0.40314564
653 251 24 30 0.40976414
524 385 30 41 0.41986957
542 237 22 32 0.43418908
787 311 30 37 0.45056567
835 305 31 34 0.458218
234 377 38 56 0.470023
591 235 20 35 0.48211476
762 278 29 36 0.48622936
610 375 34 52 0.49850577
643 343 27 38 0.5069769
457 277 28 36 0.51676023
184 243 31 42 0.5431217
355 391 29 40 0.56526864
463 218 26 43 0.61259407
185 307 32 39 0.66283685
726 369 37 50 0.6884378
907 360 31 40 0.7437201
709 338 31 35 0.7970921
127 364 33 55 0.8398567

