45_Balloonist_Balloonist_45_107
62
628 375 8 10 0.0104120225
510 359 12 18 0.0106157875
482 374 13 19 0.011585496
623 341 12 19 0.012528339
626 360 12 19 0.01298617
484 378 9 11 0.013789962
606 370 12 19 0.014219545
608 343 18 29 0.014651672
500 353 8 10 0.014779756
601 334 6 9 0.015390712
531 343 13 18 0.01600124
585 353 19 31 0.016805578
553 333 10 11 0.01726638
499 355 12 18 0.020331865
641 376 12 20 0.02170458
600 376 8 10 0.021962252
574 347 14 17 0.025576716
578 360 14 18 0.025705285
595 359 13 17 0.025805473
549 347 14 18 0.02596751
551 351 8 10 0.029894002
611 319 6 9 0.030446129
556 344 18 29 0.03052749
644 362 7 10 0.030992845
597 342 12 19 0.032569155
562 354 14 17 0.0326345
627 346 7 10 0.03318808
575 366 18 31 0.03540586
606 360 12 18 0.035764404
644 379 7 11 0.036347274
542 356 14 18 0.03729006
513 362 8 10 0.038990103
611 346 6 12 0.04067651
613 330 6 10 0.04085976
609 373 8 12 0.041042715
515 347 7 9 0.043488123
564 358 9 10 0.046450533
607 341 12 21 0.046969164
534 357 14 18 0.047013275
554 329 19 18 0.050795436
219 406 23 20 0.05656826
536 360 9 11 0.059313476
578 376 9 11 0.064400956
501 358 8 11 0.0644894
545 360 9 10 0.067191064
534 346 8 10 0.06969894
599 347 7 10 0.07748523
463 348 13 18 0.08155043
464 354 13 19 0.08802048
467 357 8 13 0.093553
629 364 7 10 0.09655251
577 351 9 9 0.10080927
465 350 9 13 0.1112096
563 351 10 11 0.11278351
582 363 8 9 0.11839099
598 362 7 9 0.1589451
656 357 12 17 0.16928272
609 364 7 10 0.17021197
574 373 14 18 0.19709688
560 348 15 17 0.19882919
658 358 9 13 0.417134
559 331 10 12 0.59431624

