45_Balloonist_Balloonist_45_402
22
517 160 88 124 0.0100260675
471 198 40 62 0.011592471
499 104 43 62 0.013381381
555 161 74 150 0.014133904
625 238 55 91 0.014614296
542 177 41 71 0.017859634
366 233 40 67 0.018210828
472 180 38 62 0.018735696
502 71 50 92 0.019955726
506 100 46 95 0.020887498
457 180 34 61 0.021011785
587 209 77 131 0.029169222
595 245 41 74 0.04338793
472 69 56 91 0.12656857
284 245 37 64 0.17353404
560 193 39 78 0.18273617
472 84 39 71 0.18472151
603 254 40 77 0.19048555
537 187 53 94 0.20740643
600 231 57 96 0.46295583
564 186 48 105 0.4966328
356 224 41 71 0.6997814

