45_Balloonist_Balloonist_45_518
38
812 119 18 33 0.010092225
54 71 46 95 0.01099978
33 48 33 75 0.0112996865
259 69 36 71 0.01163283
68 87 25 49 0.01172666
236 26 22 59 0.012381072
346 332 49 57 0.0124472445
4 33 26 90 0.013385057
775 153 22 19 0.013387256
769 154 22 19 0.013401024
203 83 26 45 0.0146061145
198 74 34 63 0.015972255
157 120 38 59 0.016382258
233 44 23 56 0.017057594
801 184 18 25 0.018413102
818 110 13 24 0.01923938
383 80 28 42 0.019320723
834 63 11 13 0.019351043
774 149 24 17 0.021651102
379 73 37 61 0.025532503
770 155 19 32 0.025826184
242 33 45 88 0.02611274
29 72 37 70 0.02772523
802 170 18 36 0.028496128
62 79 34 66 0.03251794
22 79 49 96 0.0401348
89 77 24 46 0.04175501
386 13 38 56 0.042398356
215 30 55 83 0.056426935
784 184 26 43 0.07124714
229 32 32 77 0.13537462
829 60 20 20 0.28983772
625 184 54 60 0.32427424
794 177 26 41 0.6187478
438 337 53 92 0.66065264
988 157 28 47 0.9034282
406 99 76 89 0.9536751
501 77 80 92 0.98081285

