45_Balloonist_Balloonist_45_531
55
723 435 10 9 0.010372023
637 32 27 15 0.010578342
831 480 8 10 0.011032924
792 468 8 8 0.011085932
784 453 8 8 0.011628861
758 436 8 7 0.012102124
739 449 10 8 0.012415819
769 435 6 7 0.0124329515
921 513 9 13 0.012443207
906 486 18 21 0.012894234
901 492 13 17 0.01321718
629 401 7 10 0.013742979
757 448 8 8 0.014463138
758 410 7 7 0.014587149
906 484 8 13 0.014773257
721 449 9 8 0.015064907
827 14 65 77 0.015674945
725 416 15 15 0.016468322
772 453 8 8 0.017793803
324 126 60 103 0.01850493
940 491 13 17 0.018782131
817 464 9 10 0.02130731
925 508 13 18 0.021641709
818 442 7 7 0.022331823
658 389 7 10 0.02261044
737 434 9 8 0.022685505
637 59 25 18 0.02275207
800 464 14 17 0.02293722
944 489 7 8 0.023574203
274 20 69 73 0.025300913
886 497 8 11 0.026214
638 44 26 43 0.026545873
695 433 10 12 0.027515033
934 495 13 17 0.02772858
694 430 13 18 0.027960347
901 495 9 12 0.028465997
307 106 97 154 0.030976215
927 510 9 11 0.04309288
319 24 42 66 0.045156024
871 444 6 9 0.064758554
302 21 56 80 0.065004915
735 417 10 7 0.06726725
703 435 12 11 0.08106811
727 418 10 9 0.086863525
814 446 13 16 0.089695305
697 432 22 17 0.08979807
936 497 8 11 0.099446334
912 490 9 14 0.11250678
943 494 8 10 0.12301709
803 467 8 10 0.14797717
908 484 12 18 0.21327311
269 115 60 114 0.32150725
758 415 8 8 0.42164862
870 437 7 10 0.4901078
816 447 9 11 0.55162454

