45_Balloonist_Balloonist_45_1028
168
136 607 7 6 0.010013121
85 656 8 9 0.010093064
369 633 12 20 0.010176716
53 607 6 8 0.010199967
600 637 9 10 0.010205345
179 622 8 9 0.010296287
876 517 14 19 0.010297633
720 505 13 20 0.010321677
544 671 10 8 0.010455856
96 626 7 8 0.010473316
647 609 9 8 0.010491714
563 605 9 8 0.010545532
225 676 11 22 0.010704887
391 611 19 33 0.0107706785
695 625 7 9 0.010825692
163 626 8 9 0.010846203
151 578 5 7 0.010934228
456 175 88 121 0.011035062
619 637 24 16 0.011091066
990 567 17 37 0.011131599
850 494 9 9 0.011139358
13 622 13 18 0.01135053
562 597 9 9 0.011384817
285 667 11 22 0.011544788
700 539 12 19 0.011546361
758 523 12 20 0.011603327
934 568 27 43 0.01175881
505 594 6 11 0.011786411
610 640 9 9 0.011804368
510 591 13 19 0.011897945
37 607 7 8 0.012068325
739 515 20 28 0.0122505035
163 640 9 10 0.012428168
71 565 5 6 0.012658499
34 578 6 8 0.012691493
160 597 7 9 0.012909635
803 542 19 31 0.012916673
220 558 20 17 0.013355274
421 595 8 8 0.013529087
15 636 14 17 0.0139681315
741 524 8 13 0.014480575
132 566 5 6 0.014725431
505 603 7 12 0.014887183
129 667 8 10 0.014990205
547 641 10 8 0.015073287
225 596 8 11 0.01511318
531 595 6 8 0.01547215
225 600 11 21 0.015664538
119 661 9 8 0.016084043
371 637 8 11 0.016575905
4 603 12 19 0.016654368
1 562 13 19 0.01672007
549 627 9 8 0.016769923
724 519 12 22 0.017119704
389 623 9 11 0.017352793
88 563 4 5 0.01807308
3 622 12 19 0.018196754
243 670 6 11 0.018199673
228 604 7 11 0.018260203
624 607 10 8 0.018286685
504 197 42 63 0.01872175
98 668 9 10 0.019002786
212 561 10 11 0.019012624
550 605 7 9 0.01902499
101 608 6 6 0.019087603
595 624 9 10 0.019119887
865 518 22 19 0.01922079
833 522 13 22 0.019338338
840 516 20 30 0.019424941
513 603 8 11 0.019463321
210 557 14 18 0.019495005
391 633 19 32 0.019700233
32 639 10 9 0.019806838
53 578 6 6 0.020253658
278 670 8 12 0.020549756
689 542 13 19 0.020811452
90 664 21 19 0.02086906
768 530 9 14 0.020998998
530 615 13 18 0.021258913
514 594 7 11 0.021572784
768 533 13 20 0.021677246
246 658 6 11 0.021888431
100 563 5 6 0.022294417
615 625 24 15 0.022523189
3 595 8 10 0.02252858
276 666 12 21 0.022904834
86 594 5 6 0.023202993
845 509 23 18 0.02337955
37 594 7 8 0.023741718
262 676 7 10 0.024000362
19 595 8 9 0.024157977
229 673 6 12 0.024499806
131 595 6 6 0.02493975
422 556 12 19 0.025194865
688 655 6 9 0.025431957
69 594 5 7 0.025582634
226 669 11 22 0.02571729
423 558 9 13 0.025758835
118 564 4 6 0.02636029
245 559 9 11 0.02680152
626 641 11 10 0.027079891
17 605 8 10 0.027379962
54 593 6 8 0.02752851
387 620 13 20 0.027943058
94 657 14 16 0.028490048
24 634 23 18 0.028799614
502 174 42 63 0.028810987
6 631 12 18 0.029105792
151 596 6 7 0.02935292
66 640 8 11 0.030220645
351 531 31 41 0.030435344
225 562 11 11 0.03087687
693 609 7 9 0.03114447
127 662 8 9 0.031848736
738 520 12 20 0.031974483
622 628 12 10 0.032678545
100 593 5 6 0.03270665
408 610 7 10 0.032962706
148 626 7 8 0.032975774
677 536 12 18 0.033869296
703 543 8 11 0.033981536
863 512 23 18 0.034507632
85 577 4 6 0.03573038
588 607 14 15 0.03693582
118 594 5 6 0.039031602
692 545 7 11 0.039594762
69 575 5 6 0.040259384
531 612 8 10 0.0403416
478 172 46 61 0.041047905
338 503 41 60 0.042653576
687 551 12 19 0.043511834
492 182 50 101 0.043517273
16 625 8 10 0.04444031
5 626 7 11 0.045570806
158 650 20 21 0.04593851
100 579 5 5 0.046933252
693 589 7 10 0.049487416
156 636 22 20 0.050647464
133 575 5 5 0.05206065
545 597 7 8 0.055249654
690 554 8 13 0.055476684
118 576 4 5 0.057706784
480 200 44 63 0.059783477
532 618 9 11 0.062075038
3 566 13 19 0.062179446
151 605 7 8 0.06501465
562 626 9 9 0.06528565
6 607 8 10 0.06947058
193 555 10 14 0.07431679
160 604 8 9 0.08059923
993 541 12 18 0.08323809
870 514 23 18 0.08638134
18 640 8 9 0.08749513
469 163 60 88 0.088458784
679 538 9 12 0.0971774
579 604 13 17 0.10130162
591 609 10 11 0.10713095
470 187 62 90 0.109243885
345 521 42 56 0.10939528
765 528 13 20 0.11163063
658 604 8 10 0.113027476
97 658 10 10 0.115971416
995 543 9 13 0.12861663
321 631 19 32 0.14619686
324 634 13 24 0.15792678
7 634 9 12 0.16290021
580 606 10 12 0.1922362
191 552 13 19 0.23223408

