32_Worker_Laborer_Worker_Laborer_32_723
39
539 231 42 66 0.010066743
739 86 29 45 0.010160374
130 186 43 56 0.010766422
79 102 25 18 0.011146483
146 161 49 50 0.0112308
777 60 27 48 0.011444253
1 91 10 27 0.0116086155
516 194 28 45 0.012785938
709 41 39 70 0.014003462
154 193 33 39 0.0152798
6 117 6 10 0.015957182
648 161 8 11 0.017194226
710 17 34 71 0.018978007
919 157 54 93 0.02292389
106 97 25 19 0.023892043
817 77 37 62 0.025380693
544 222 28 45 0.027251374
136 168 52 89 0.029537272
528 205 59 94 0.030022498
851 179 43 67 0.030963603
572 222 61 90 0.03205166
724 45 45 89 0.032100424
945 170 43 68 0.04145133
511 163 55 87 0.044062253
577 237 40 67 0.044246484
510 186 39 64 0.06299148
148 183 43 58 0.07225385
734 74 40 64 0.08169968
775 49 35 69 0.0862291
540 214 36 66 0.09406535
102 92 22 28 0.106569946
76 96 22 29 0.12014017
951 151 45 105 0.15401204
448 152 57 82 0.15610196
441 154 45 66 0.27476752
170 0 52 44 0.38049766
2 203 37 81 0.42253855
304 88 51 62 0.57041836
791 55 36 76 0.744638

