32_Worker_Laborer_Worker_Laborer_32_110
77
118 58 27 14 0.010236179
133 116 10 6 0.010290108
322 111 8 9 0.010774135
148 101 10 8 0.010814346
42 141 24 16 0.011091684
33 145 10 10 0.011139002
197 96 9 10 0.01116372
258 135 12 18 0.011190857
168 138 24 17 0.011310475
357 138 14 17 0.011635702
49 145 11 8 0.012147399
310 111 7 8 0.012161522
104 110 27 14 0.012907587
44 123 25 15 0.013000847
522 35 6 11 0.013159386
288 176 44 55 0.013480712
113 117 11 7 0.013620483
164 133 23 26 0.013640979
140 160 28 15 0.013774503
177 131 11 8 0.01416028
125 144 13 8 0.014793439
89 124 25 15 0.014958681
196 109 9 10 0.015094468
129 128 11 6 0.015352426
301 128 14 18 0.015561161
305 131 8 10 0.015715787
290 129 21 26 0.015983755
352 195 6 9 0.01601307
255 129 13 18 0.01624403
289 128 14 18 0.01656498
25 141 23 17 0.016724296
113 193 57 85 0.016735967
219 128 13 17 0.016850473
291 131 9 10 0.017040724
359 141 10 11 0.017245702
278 131 7 8 0.017611863
95 188 26 16 0.018314363
197 129 14 17 0.018560292
117 141 26 15 0.0188146
155 139 27 15 0.01886222
222 130 8 12 0.019925423
338 211 7 9 0.02121043
323 98 7 7 0.02345803
116 98 12 9 0.023551967
191 91 21 19 0.023831246
145 130 11 5 0.02509432
115 128 10 6 0.025380522
199 128 20 26 0.025477827
199 132 10 10 0.025664113
145 110 11 7 0.026383186
199 136 13 18 0.026758978
303 139 10 12 0.03260352
112 139 24 16 0.033500433
51 126 11 8 0.033765424
200 139 11 12 0.034800418
169 128 23 17 0.035454586
162 129 12 7 0.03592692
156 125 25 16 0.03785321
118 143 12 9 0.042673104
204 134 19 20 0.052977756
258 133 8 11 0.053324837
497 331 34 39 0.056802273
301 136 13 18 0.06319603
291 141 9 11 0.06492807
97 128 11 7 0.07285633
288 137 14 18 0.07452124
107 92 24 27 0.08599905
260 138 8 10 0.09842903
211 131 9 12 0.10273489
109 93 25 17 0.11150241
274 142 13 18 0.12116845
276 145 9 11 0.13730165
209 128 13 18 0.17868331
209 137 10 14 0.24376214
453 14 24 20 0.5242883
490 316 37 58 0.6903912
698 43 86 93 0.9646065

