32_Worker_Laborer_Worker_Laborer_32_658
19
447 446 13 18 0.010261181
621 443 16 11 0.010565229
553 420 19 25 0.0118842255
677 447 14 13 0.020045001
636 487 21 19 0.0215745
467 415 10 10 0.024150906
676 456 13 10 0.02689516
556 423 13 14 0.031019744
616 432 23 17 0.036580227
686 490 20 21 0.052020397
528 440 14 16 0.0626359
552 415 19 19 0.0629726
530 442 10 11 0.10855262
675 451 21 16 0.13216937
464 411 20 19 0.18911152
487 405 21 21 0.714932
550 420 15 17 0.7522547
677 444 19 20 0.75233316
615 437 23 19 0.87230355

