32_Worker_Laborer_Worker_Laborer_32_595
18
263 141 7 10 0.010141143
215 136 34 55 0.011232236
392 114 19 31 0.012473818
209 148 19 33 0.01267407
153 179 29 41 0.015062968
539 296 146 124 0.015108214
232 135 21 20 0.01544474
338 125 19 32 0.015828468
345 343 26 16 0.016729048
223 133 19 32 0.026621575
219 146 21 22 0.026897423
226 136 19 22 0.02707768
348 128 20 31 0.05278614
406 105 7 10 0.055129983
344 134 24 19 0.06580645
401 175 25 48 0.19577628
223 143 19 33 0.33384174
407 178 27 45 0.69958293

