32_Worker_Laborer_Worker_Laborer_32_932
24
262 74 63 93 0.010843854
872 788 27 51 0.012749581
228 791 49 50 0.013389863
124 798 33 42 0.017069006
249 794 79 153 0.020878814
218 763 58 85 0.023383066
388 782 27 44 0.023879781
245 806 49 61 0.024598846
655 924 41 61 0.03024918
340 829 49 98 0.04362812
381 777 37 62 0.045480184
302 856 52 103 0.09422134
375 767 35 55 0.13771665
119 789 41 62 0.19476828
864 778 35 70 0.2321532
240 793 50 56 0.25151825
262 821 50 100 0.30643
373 804 46 102 0.34257618
282 854 57 105 0.40166038
529 812 39 75 0.46137196
964 775 37 80 0.59511626
819 790 53 93 0.76198375
688 774 44 65 0.8506248
268 100 78 97 0.9107266

