24_Soldier_Firing_Soldier_Firing_24_10
24
361 219 23 18 0.01036484
373 215 11 9 0.01056996
251 225 26 17 0.010931273
174 158 45 55 0.012575958
967 597 8 6 0.013221969
287 195 10 7 0.013392509
386 211 10 8 0.014088316
366 213 23 17 0.015500876
157 157 45 58 0.017124567
980 585 10 8 0.019632116
204 281 55 97 0.019745637
165 185 34 39 0.02159051
226 300 34 75 0.02415198
143 281 53 103 0.02586698
404 210 9 9 0.03230644
167 275 35 74 0.033535868
163 294 37 72 0.034481343
514 215 7 10 0.035911206
182 183 31 41 0.046004742
858 400 35 11 0.046965845
148 157 56 86 0.050326075
179 157 54 83 0.054709293
176 173 41 59 0.12411778
161 174 44 57 0.21909389

