24_Soldier_Firing_Soldier_Firing_24_644
86
461 294 19 31 0.010170273
57 102 21 21 0.010170335
162 321 37 67 0.010228022
1 128 19 58 0.010263108
571 269 25 18 0.010673065
92 137 20 22 0.010848081
594 288 10 9 0.010905989
480 270 18 35 0.011052942
165 152 13 23 0.011082451
15 79 22 18 0.011125071
411 173 21 20 0.011129016
115 149 20 21 0.011326375
317 188 23 19 0.011547107
0 212 14 68 0.012003414
378 192 42 53 0.012542677
2 86 10 25 0.012602245
161 164 20 32 0.012731282
572 284 25 17 0.012769198
0 183 17 71 0.012867096
2 103 10 32 0.013176307
456 215 22 19 0.013263873
117 123 37 57 0.013297342
97 126 35 57 0.013439011
367 344 43 66 0.013494575
412 182 21 28 0.0137172025
96 112 18 32 0.013721628
342 312 52 97 0.013949131
213 155 13 25 0.014054406
10 90 21 20 0.01479287
469 196 9 10 0.015303445
123 107 22 20 0.01598485
372 317 44 106 0.016508408
500 369 68 90 0.016823212
8 163 13 49 0.016957132
317 309 35 66 0.016965408
28 65 23 17 0.017034957
449 207 8 9 0.017669905
0 227 8 37 0.018049013
349 186 20 21 0.018608421
385 197 31 38 0.018708268
138 107 24 18 0.019036878
428 272 18 34 0.019039692
480 298 21 19 0.019109195
50 96 20 21 0.019838894
2 135 13 45 0.019979857
464 206 15 17 0.020235538
0 172 24 90 0.02056638
0 221 10 51 0.020568104
352 179 21 29 0.020966318
441 206 7 11 0.02449065
57 94 21 22 0.025814058
454 205 21 31 0.027842164
186 320 33 69 0.028094826
204 156 27 40 0.028839158
481 293 18 34 0.029215634
5 148 26 82 0.029895673
543 286 32 34 0.032849725
44 85 18 33 0.032938797
585 283 25 17 0.034494136
62 88 18 33 0.03454839
286 174 24 20 0.03548137
388 170 21 29 0.03609398
169 343 36 61 0.037218295
160 143 18 34 0.037432306
437 277 12 25 0.03826126
4 96 22 48 0.039950278
467 209 9 9 0.040608045
12 83 16 35 0.041351758
538 284 23 21 0.042544954
222 160 19 33 0.04369052
46 101 21 22 0.044992536
551 288 24 20 0.060123093
126 136 19 33 0.06091097
65 99 18 33 0.06210612
579 273 22 30 0.06289425
317 174 29 41 0.074341156
180 339 33 67 0.08124388
106 135 20 32 0.08510718
6 101 15 39 0.08515765
214 148 25 41 0.0970461
126 105 28 42 0.15324488
44 95 25 47 0.18280458
208 147 19 35 0.21609002
268 165 29 40 0.29085726
281 166 29 40 0.38185078
545 272 29 38 0.4785834

