24_Soldier_Firing_Soldier_Firing_24_931
60
365 76 18 29 0.010250014
904 152 7 11 0.010530815
982 184 9 8 0.010609965
638 169 40 64 0.010808743
723 55 20 20 0.0110875
470 75 35 61 0.011621361
869 116 14 16 0.011751709
639 182 57 97 0.012160285
964 177 9 7 0.012429479
866 136 14 17 0.012514165
446 64 14 21 0.012797638
902 125 9 8 0.013047167
80 134 10 11 0.013243232
910 119 21 18 0.013274394
999 174 7 7 0.013484149
917 123 10 9 0.015292446
925 116 13 18 0.015719961
899 141 8 9 0.01630816
472 104 22 20 0.016353125
873 118 21 18 0.016754434
843 109 13 15 0.017278317
455 87 20 31 0.01750252
476 101 40 63 0.017697545
466 103 21 19 0.01817928
935 172 7 9 0.018260043
868 140 10 10 0.018717892
461 82 22 19 0.018826276
901 105 14 16 0.02003245
929 110 9 10 0.02122018
264 56 23 20 0.024936473
880 122 10 9 0.026696784
978 176 7 7 0.02799747
870 119 10 10 0.029088091
472 68 20 20 0.029748585
650 159 57 87 0.03212279
1016 167 6 12 0.033971857
929 119 9 11 0.034583192
474 82 26 42 0.036174223
911 93 20 16 0.03799425
853 118 10 10 0.040928397
256 56 23 20 0.0411521
835 117 8 11 0.044489037
479 85 19 32 0.046640076
874 107 15 15 0.051747456
845 111 10 11 0.06220737
914 98 14 15 0.07772092
463 72 21 20 0.13016269
903 108 9 9 0.1534064
916 100 10 11 0.18774502
434 56 19 29 0.19859014
439 59 22 21 0.19973253
877 109 11 10 0.22403766
872 110 10 12 0.24857268
261 51 20 30 0.25946417
444 59 19 30 0.2833513
916 95 10 12 0.31347266
735 56 18 31 0.3285645
836 110 10 12 0.47925264
366 65 18 31 0.55554146
498 95 67 89 0.97336835

