24_Soldier_Firing_Soldier_Firing_24_368
23
634 34 57 91 0.010418609
126 263 60 94 0.010946704
783 78 65 89 0.011053797
784 399 73 88 0.01125994
122 69 97 130 0.011797373
170 123 115 143 0.011891091
249 205 66 86 0.012769379
515 27 60 85 0.01390419
773 370 102 137 0.016519079
130 97 39 72 0.017768392
370 247 137 147 0.018440317
72 104 31 66 0.019190762
430 324 91 76 0.019795103
378 125 177 272 0.02208802
430 155 82 89 0.024293605
511 62 95 135 0.029511478
766 316 112 157 0.030864704
525 82 70 90 0.034979153
394 153 77 96 0.040497646
138 85 60 92 0.042922366
401 150 121 187 0.04411831
409 247 125 171 0.048803642
384 138 107 138 0.25367126

