24_Soldier_Firing_Soldier_Firing_24_702
63
417 203 11 10 0.01003298
631 122 8 8 0.01015258
339 152 8 9 0.010531436
671 239 27 44 0.010565114
416 173 9 10 0.010893266
500 160 8 6 0.011033752
516 188 11 8 0.011187006
469 166 14 17 0.012142091
479 160 19 28 0.012281498
259 115 35 56 0.012383616
571 284 20 31 0.012434315
482 158 9 7 0.012978153
386 171 11 10 0.013376464
408 169 21 18 0.013579562
419 182 10 9 0.0144818
666 229 36 62 0.016621757
674 239 22 18 0.01725588
386 141 6 7 0.018146658
263 122 24 19 0.018589074
434 126 6 7 0.019274162
546 186 13 9 0.020181684
529 169 10 8 0.020360459
644 117 14 20 0.020411178
342 124 12 16 0.023621928
527 149 14 16 0.023867352
477 182 24 16 0.025053004
403 157 8 8 0.025132505
372 143 7 7 0.025202911
381 175 23 17 0.025649367
483 186 10 9 0.028078347
496 187 13 10 0.028541606
392 172 20 29 0.028950734
403 173 10 11 0.030163929
384 153 15 16 0.031220531
411 200 23 18 0.033276994
481 169 10 9 0.033679623
514 171 10 8 0.036306318
342 128 13 17 0.039252933
473 165 23 17 0.04031929
471 170 10 9 0.04349341
351 132 8 10 0.04751715
370 148 14 16 0.049647044
499 168 10 7 0.050909694
401 175 14 16 0.05195873
344 232 42 62 0.05380462
387 154 10 10 0.07415399
351 126 7 8 0.07875625
264 130 23 20 0.085173145
262 128 36 58 0.10165949
540 182 25 17 0.11582662
645 116 25 20 0.13011138
386 164 21 27 0.16992246
489 184 24 17 0.19272166
530 151 9 9 0.20069301
268 124 19 34 0.21343657
344 131 8 11 0.2158723
372 150 9 10 0.26759622
345 127 7 10 0.28374508
396 169 21 20 0.320386
382 167 21 21 0.34486488
642 111 21 30 0.49960464
179 60 44 55 0.95638174
834 78 35 55 0.98434675

