24_Soldier_Firing_Soldier_Firing_24_315
29
191 47 19 34 0.010036921
609 398 22 18 0.0103211375
66 36 41 52 0.010660514
125 270 52 99 0.010887657
80 33 44 52 0.011073768
377 341 27 17 0.011108615
285 255 54 58 0.011870704
277 86 11 14 0.011876662
70 41 32 36 0.011928705
667 297 6 9 0.013965255
605 382 20 31 0.01454896
338 266 43 59 0.014864285
494 428 9 8 0.015198466
78 24 23 17 0.01859976
284 84 18 29 0.020295838
602 395 31 38 0.02136221
606 389 22 18 0.021633936
182 41 28 44 0.021892997
2 63 43 55 0.02595083
595 391 41 55 0.026148843
81 31 21 19 0.029005073
175 32 39 59 0.032402795
78 28 22 29 0.03622984
283 81 14 20 0.047279023
671 297 6 8 0.067856565
9 47 26 44 0.19792312
159 26 48 58 0.42296222
275 82 19 21 0.53700715
300 254 63 75 0.6559392

