24_Soldier_Firing_Soldier_Firing_24_372
22
285 190 39 60 0.015062537
548 231 6 14 0.015357314
284 107 34 68 0.016787002
710 199 10 10 0.01695718
656 213 8 9 0.017216584
720 184 9 7 0.018315075
712 188 8 8 0.018502861
707 194 20 18 0.019475415
232 158 34 67 0.02229651
545 235 11 27 0.022946037
649 205 6 8 0.029287878
545 228 10 26 0.03241865
289 121 34 71 0.03339701
252 158 36 68 0.034190718
657 204 7 8 0.036864944
803 109 6 7 0.045551993
550 219 5 9 0.045879915
281 143 52 91 0.074309625
647 214 8 9 0.11336865
713 196 23 19 0.14259353
320 155 39 72 0.32658246
307 143 49 96 0.5683766

