24_Soldier_Firing_Soldier_Firing_24_601
100
950 175 6 10 0.010025243
1008 336 12 19 0.010120361
874 284 28 14 0.010314334
516 298 13 24 0.010649868
2 306 7 14 0.010727205
30 331 11 12 0.010867454
659 258 9 10 0.011094279
0 308 8 28 0.011218914
23 330 10 14 0.011620013
21 306 9 12 0.012210968
944 320 12 19 0.012240963
2 339 8 15 0.01225926
927 303 12 19 0.012826152
534 295 37 58 0.012943183
204 296 25 16 0.013083739
896 319 23 19 0.013619893
262 341 21 29 0.0137319835
211 292 13 11 0.013780671
948 291 7 10 0.014190925
929 314 12 18 0.014493613
999 344 17 34 0.014562343
316 306 29 39 0.015298121
883 286 11 7 0.015526444
454 294 19 32 0.015906727
916 303 14 18 0.01614173
914 331 10 11 0.016476696
929 292 6 8 0.016637938
1 335 10 23 0.017440686
952 353 8 11 0.018062156
239 312 20 21 0.018299667
60 316 22 20 0.01850985
0 302 10 23 0.021893589
145 317 13 22 0.022749305
537 303 28 42 0.023508292
947 322 7 12 0.02393557
921 291 6 9 0.024612652
959 329 12 18 0.025197212
485 294 29 41 0.027371537
685 249 24 45 0.027614756
423 286 24 18 0.028062768
975 321 17 31 0.028750774
0 347 8 16 0.030678906
355 324 19 33 0.031162182
29 321 19 28 0.033142865
298 287 33 35 0.035503145
959 321 12 19 0.03604943
537 288 27 42 0.037376657
22 320 13 22 0.037390646
513 308 19 32 0.038056854
27 322 14 20 0.038959377
516 292 20 33 0.041309044
228 317 21 30 0.041532733
948 327 12 19 0.041866735
426 312 19 33 0.043622
580 311 28 40 0.04479295
919 307 8 8 0.046576373
449 311 19 33 0.046662662
827 322 21 30 0.047598876
206 290 24 16 0.048604596
1011 340 7 11 0.048813447
945 300 11 18 0.052399714
961 323 8 13 0.052785248
632 304 27 43 0.05396477
962 332 7 13 0.058338936
931 307 7 10 0.05928353
960 350 7 12 0.059612934
906 327 22 19 0.06245295
932 317 8 10 0.063744314
915 322 9 10 0.06616935
950 330 8 13 0.06640848
803 324 19 33 0.06792486
12 319 17 33 0.09214963
135 319 19 30 0.101016246
611 283 34 59 0.101683795
1008 346 11 20 0.10491351
987 333 13 18 0.10958574
200 286 25 27 0.119856626
908 319 21 18 0.12196905
0 343 9 24 0.13222641
904 318 18 32 0.1524929
175 324 24 33 0.15505011
23 326 21 21 0.1551861
1010 349 8 12 0.1659699
171 316 34 49 0.1664164
982 336 9 14 0.1746091
981 295 9 15 0.19567098
69 308 29 38 0.23409998
423 286 20 34 0.23828435
948 302 7 12 0.32701173
981 334 13 18 0.33756062
979 290 12 18 0.59640753
313 287 32 37 0.6215958
602 303 30 42 0.8004947
179 322 34 36 0.84287566
294 317 30 36 0.85475713
474 302 29 39 0.8711405
87 308 31 38 0.8784674
393 305 28 39 0.87869024
734 309 36 56 0.90348226
863 300 32 40 0.93965936

