24_Soldier_Firing_Soldier_Firing_24_633
29
387 486 50 107 0.010142617
1004 20 14 42 0.010309006
863 409 30 41 0.011152161
838 434 33 41 0.01130993
972 386 28 40 0.011456343
791 405 30 41 0.01220424
106 16 22 19 0.013686966
998 378 16 39 0.013896268
19 226 40 108 0.015837302
849 419 39 66 0.015999775
342 105 33 72 0.017895449
775 134 32 67 0.019342516
835 415 31 41 0.020098789
1008 408 14 45 0.020578204
786 399 39 57 0.021280399
479 398 32 74 0.027597975
782 128 22 49 0.03635573
447 433 48 90 0.036504306
773 405 32 41 0.038225666
480 435 23 54 0.04068326
1 246 30 69 0.06817006
832 409 40 58 0.069220915
860 399 40 62 0.07727851
764 380 39 59 0.08351164
834 423 42 60 0.09762043
475 425 31 75 0.13827667
768 396 42 58 0.27029493
881 390 44 68 0.58139235
2 270 24 49 0.8300343

