16_Award_Ceremony_Awards_Ceremony_16_73
268
1013 10 9 13 0.010209907
817 56 10 11 0.010237923
657 61 13 11 0.010263171
28 147 25 47 0.010264609
594 74 13 13 0.010304293
590 0 13 11 0.010558069
553 31 17 26 0.01061942
818 74 10 11 0.010665742
441 67 22 19 0.010741956
79 54 12 12 0.010799513
525 36 18 28 0.010821505
851 39 9 12 0.010832394
0 142 19 55 0.010835751
800 39 14 17 0.010889937
389 29 9 11 0.0110328775
638 46 15 12 0.011189621
401 64 18 23 0.01129591
913 55 8 12 0.0113144955
147 75 11 12 0.011393445
370 47 9 12 0.011457553
802 70 10 12 0.0115436455
802 61 9 10 0.011567288
694 42 13 12 0.011740306
556 33 23 17 0.01179585
950 8 8 12 0.012020883
670 55 13 12 0.012069542
428 72 20 21 0.012100756
2 104 9 14 0.012165151
983 11 9 12 0.012284987
243 72 10 12 0.0123025235
559 55 22 17 0.012407415
0 144 9 33 0.012467395
695 7 14 15 0.012810361
773 25 14 15 0.012862077
915 30 7 11 0.012888518
182 71 12 13 0.01298763
730 41 22 18 0.0130258715
119 58 14 17 0.013280465
275 41 12 19 0.013513206
531 42 13 13 0.013657252
160 78 11 12 0.013741746
871 14 9 12 0.014107112
641 23 13 12 0.014156812
271 54 13 18 0.014206209
781 0 11 10 0.0142951105
876 12 13 18 0.01475566
754 49 21 18 0.014836345
257 75 10 13 0.015081713
367 46 14 17 0.015121373
22 158 34 75 0.015173977
367 7 12 18 0.015225625
623 0 10 9 0.015237592
814 52 14 18 0.015309431
596 25 14 12 0.015427644
982 9 13 18 0.015469253
654 26 15 11 0.015656423
784 10 10 10 0.015970096
911 113 11 28 0.016084926
967 21 13 21 0.016417563
383 82 20 21 0.01641862
767 0 22 14 0.016608857
879 14 9 13 0.016613265
457 37 18 27 0.016766157
737 6 15 15 0.01721932
429 81 21 20 0.017288782
143 61 12 12 0.017305827
3 76 8 13 0.017421804
49 58 14 17 0.01749334
1007 128 10 29 0.01766523
535 74 22 18 0.017881166
6 85 8 15 0.017909996
357 22 12 18 0.01811367
512 0 10 10 0.018168572
917 9 8 13 0.018447232
340 37 19 18 0.018539658
274 56 8 13 0.018583005
691 38 21 17 0.019006707
577 26 12 11 0.019028082
277 45 8 13 0.019139195
652 59 22 16 0.01928689
652 25 19 26 0.019592054
838 106 30 70 0.019637953
700 45 15 11 0.019742295
800 67 14 18 0.020096527
80 62 18 29 0.020127678
765 43 22 17 0.020152738
326 7 6 8 0.020238232
367 24 8 12 0.020316198
329 337 10 26 0.020500995
837 31 10 12 0.020576088
994 28 14 20 0.020619834
770 47 11 10 0.020699017
392 65 20 29 0.020887785
768 55 11 10 0.021288026
587 57 21 18 0.021306444
359 56 20 28 0.021405455
385 71 19 23 0.021516236
836 29 14 17 0.021867458
754 10 10 9 0.021878619
325 0 7 10 0.022048796
323 54 13 18 0.02230515
651 40 23 17 0.022519756
665 53 21 18 0.02325232
126 64 20 20 0.023332095
325 62 29 42 0.02353129
51 61 10 10 0.02373295
32 76 11 11 0.024091093
189 73 11 12 0.02421629
736 0 11 8 0.024271078
897 59 7 12 0.024479471
170 63 18 27 0.024505893
356 59 9 12 0.024769314
755 26 14 16 0.025102954
588 42 15 15 0.025489643
527 27 15 17 0.02573675
153 80 21 20 0.025917914
590 7 13 10 0.025998259
980 33 13 20 0.026836162
370 10 8 11 0.026943028
342 29 8 9 0.0269948
865 21 13 18 0.027017077
916 4 11 21 0.027168134
605 64 22 18 0.027389353
0 147 14 43 0.027636569
803 43 9 10 0.02865326
480 56 20 20 0.02868233
700 0 16 13 0.029000722
13 60 14 16 0.030287433
775 27 10 10 0.030409764
354 57 14 17 0.0304862
82 69 21 20 0.03144309
395 37 13 19 0.031468242
753 44 12 11 0.031950492
713 35 21 25 0.03253592
720 20 17 11 0.032931767
282 8 6 11 0.033039346
761 51 22 18 0.033174463
275 0 6 9 0.03351535
452 50 18 31 0.033681974
414 63 13 22 0.033707708
637 10 21 17 0.03455181
999 22 17 31 0.035808384
540 25 21 18 0.03581235
240 69 14 18 0.036181934
38 69 20 27 0.03618761
867 23 10 11 0.03640992
25 82 20 19 0.036764383
907 108 16 38 0.036925428
814 38 14 18 0.036939275
817 0 9 9 0.037501268
74 52 21 19 0.038619585
0 99 12 22 0.03939434
46 70 20 19 0.03990082
417 58 13 21 0.040229943
347 37 13 17 0.04028206
607 25 13 12 0.04045179
879 22 12 19 0.041112736
976 24 10 14 0.042284593
722 15 14 11 0.042911094
1009 26 9 12 0.04380652
989 0 14 15 0.044173013
802 15 9 10 0.044301476
817 42 9 11 0.044479277
1 73 12 22 0.044769425
636 21 22 17 0.044945907
592 23 22 17 0.045572586
420 59 19 28 0.046541307
654 68 13 17 0.046732202
429 56 13 19 0.046978205
10 79 18 30 0.047214627
717 13 23 16 0.047410864
256 74 13 20 0.04772729
786 41 11 11 0.048830234
494 23 13 17 0.05079611
590 71 21 18 0.05091166
154 75 21 19 0.051195696
463 34 21 19 0.05203011
757 28 10 11 0.053691585
567 75 21 19 0.054288726
779 37 22 18 0.05499032
325 56 9 11 0.055227008
450 41 14 18 0.05561691
475 27 14 17 0.05602979
757 0 9 8 0.060227633
457 57 22 20 0.060850877
26 74 20 20 0.060899705
887 35 12 17 0.061036553
142 71 21 19 0.06104582
569 24 22 17 0.061813403
739 9 12 9 0.061857853
620 34 15 16 0.061933015
782 25 14 17 0.063455395
748 41 22 18 0.064764366
641 11 13 11 0.06514739
802 21 13 17 0.06555512
445 54 20 20 0.06580969
214 330 7 10 0.06598386
350 39 9 12 0.066202454
896 28 12 19 0.06677525
898 30 8 13 0.06758974
533 68 14 18 0.06995942
785 26 10 11 0.07043572
137 60 21 17 0.070536755
882 24 8 13 0.07075115
574 54 15 16 0.07094571
528 39 21 19 0.071733184
139 61 17 29 0.07199723
287 8 7 11 0.07231215
895 36 9 14 0.07294353
991 2 13 18 0.077538565
772 0 12 12 0.08103681
701 5 16 12 0.08247513
359 24 8 12 0.083746254
178 67 20 19 0.08385181
916 39 8 14 0.08437773
772 4 11 11 0.08705693
914 37 12 20 0.092681766
715 18 24 16 0.09282026
620 30 15 16 0.093144976
889 37 9 13 0.09384668
390 38 13 19 0.09538102
11 80 21 20 0.0970209
812 27 14 17 0.09711254
1006 23 13 20 0.09765517
227 69 14 17 0.09872158
893 33 12 19 0.09986626
804 23 9 12 0.10105351
17 75 15 20 0.10399654
535 43 23 18 0.10599341
171 57 14 17 0.10769594
365 50 14 18 0.11295942
167 57 14 17 0.11580681
471 27 14 19 0.11699504
833 35 14 18 0.11735452
973 23 18 30 0.118460715
4 82 13 22 0.118514985
685 26 15 15 0.1312996
183 69 21 20 0.13741809
320 41 8 10 0.13925415
989 34 14 18 0.14188571
619 71 21 19 0.14389867
13 68 18 29 0.15503365
608 60 16 18 0.1552703
973 22 14 20 0.16037765
697 3 22 16 0.16404198
601 23 22 18 0.17642854
127 58 15 17 0.17707942
266 79 20 20 0.18051797
344 39 10 12 0.1814705
269 76 14 20 0.18351777
648 24 23 17 0.19715914
633 44 22 18 0.22341208
491 58 20 21 0.23008293
560 28 21 18 0.2325555
639 79 20 20 0.25437763
851 22 13 17 0.2693706
696 41 22 18 0.27139333
240 84 14 18 0.2811273
240 59 14 17 0.2846346
864 37 14 18 0.31432512
319 72 31 41 0.31712908
88 72 23 22 0.33292347
716 42 24 18 0.35830843
725 88 39 54 0.37617627
614 142 36 55 0.41999036
201 57 23 20 0.43516466
407 141 34 53 0.4439629
262 115 32 57 0.4662239

