16_Award_Ceremony_Awards_Ceremony_16_141
40
62 261 33 60 0.01014683
58 358 27 76 0.010686255
392 449 38 62 0.010867423
602 312 23 22 0.0111571
605 318 22 21 0.012436329
1 201 29 80 0.012736599
497 286 19 25 0.014188437
267 65 32 79 0.014956707
430 271 19 37 0.014984862
268 61 42 116 0.015012702
544 289 29 58 0.015515123
409 460 24 51 0.016337454
924 127 41 67 0.02104989
486 299 20 31 0.021528699
265 90 36 73 0.027392497
544 289 18 33 0.03022385
38 297 27 42 0.033146102
458 253 19 37 0.034109585
521 297 18 32 0.03668441
287 66 30 76 0.056411885
280 91 33 75 0.056998823
634 325 23 21 0.07188877
27 258 28 46 0.10479563
426 255 33 60 0.21895817
401 241 37 58 0.24722193
492 276 24 44 0.4151046
148 264 30 42 0.45553857
506 286 20 34 0.6312011
453 261 28 43 0.75745445
638 315 16 34 0.7592728
3 227 38 61 0.75990814
573 308 16 37 0.83052737
19 238 33 65 0.8485849
352 242 33 61 0.8516151
549 297 18 39 0.85574454
139 256 32 55 0.8652644
608 307 16 38 0.8797701
393 233 34 61 0.90437335
190 276 31 44 0.95536965
97 255 31 58 0.9555624

