16_Award_Ceremony_Awards_Ceremony_16_569
30
366 13 23 17 0.010787717
276 44 50 56 0.010846004
573 112 77 87 0.012060288
12 633 26 43 0.012211077
972 156 45 116 0.01349599
269 19 51 63 0.014377551
322 52 57 75 0.015538905
543 95 151 239 0.021469109
4 32 30 44 0.02293535
226 45 37 60 0.02552843
244 41 40 61 0.029661696
564 181 123 154 0.030865097
3 48 27 47 0.03265677
567 106 104 154 0.034691747
785 78 173 199 0.03578616
343 67 44 50 0.038316585
788 83 55 125 0.05672951
112 30 54 80 0.061898824
251 18 42 65 0.07339823
785 57 56 110 0.094907895
0 38 37 63 0.11923812
1 23 40 63 0.2243607
160 82 35 63 0.3461586
348 77 42 52 0.5202147
90 10 59 95 0.90059817
193 30 37 62 0.9157334
255 10 70 86 0.95432085
446 0 70 82 0.9665816
833 120 95 172 0.9885028
584 122 87 204 0.9983267

