16_Award_Ceremony_Awards_Ceremony_16_495
36
5 301 8 14 0.010078506
2 230 10 52 0.010372213
1017 61 7 41 0.010626451
11 452 12 50 0.010785855
1 184 7 17 0.012392535
93 211 12 21 0.01267339
67 212 11 23 0.013261021
0 182 17 51 0.014195135
84 200 8 14 0.014641211
742 683 75 86 0.014925743
875 1295 6 13 0.015305795
85 212 13 23 0.015864529
745 657 67 83 0.016799662
729 670 107 123 0.01735668
739 489 28 43 0.018223096
30 879 8 14 0.018383322
79 190 12 20 0.019815741
71 205 7 15 0.020487363
978 507 8 13 0.023087597
92 203 13 22 0.024391837
0 186 8 40 0.025509538
103 886 12 22 0.026597397
85 301 10 19 0.027334629
1007 753 17 67 0.03040222
981 800 5 11 0.031123342
873 1002 6 11 0.03208855
879 1295 6 12 0.032906614
0 181 8 28 0.041628666
69 202 11 22 0.04314125
91 208 17 33 0.0556364
80 201 16 35 0.059737567
82 196 12 23 0.07152817
86 309 7 12 0.11194579
0 188 14 40 0.2416735
86 305 7 13 0.25702602
399 189 168 238 0.9995117

