16_Award_Ceremony_Awards_Ceremony_16_195
87
285 345 12 22 0.010048607
479 203 19 32 0.010130627
688 300 11 12 0.010258077
703 250 13 18 0.010572973
256 63 39 54 0.010573606
669 192 42 58 0.010642545
600 225 32 60 0.010695443
859 300 33 71 0.010941207
849 278 11 22 0.010943876
343 62 37 63 0.011488459
220 89 29 44 0.011556112
310 183 39 55 0.012009115
266 89 23 20 0.012590847
414 230 20 31 0.0126615865
230 155 32 64 0.012668498
646 263 24 45 0.012912418
637 236 18 33 0.012926526
367 118 43 58 0.012940891
704 313 21 19 0.013285984
698 260 20 20 0.013297354
293 171 29 41 0.013418934
706 235 7 8 0.013485373
638 296 13 20 0.013558487
639 284 9 12 0.0136843985
128 434 21 30 0.013728821
261 74 30 38 0.013947051
115 87 38 58 0.013968644
412 180 11 23 0.014733742
585 287 17 38 0.016130427
667 262 23 41 0.0169191
100 87 37 58 0.016921053
603 248 24 46 0.017088313
454 178 20 37 0.01728266
672 297 22 18 0.017496306
875 276 12 21 0.017639589
675 270 10 13 0.018150205
288 110 41 59 0.018515551
718 234 13 18 0.019168725
629 182 39 61 0.019942991
863 270 18 32 0.020404456
313 119 32 39 0.020999521
438 370 12 24 0.02127539
215 81 37 60 0.021527885
610 253 17 35 0.021539267
706 254 8 9 0.022148944
348 92 30 43 0.022338673
533 206 35 55 0.022385372
104 93 29 41 0.022555947
864 298 18 35 0.024786815
408 179 12 24 0.025388695
290 177 42 53 0.025652017
662 280 13 20 0.026521359
724 265 13 19 0.026777165
589 247 20 23 0.027535813
257 83 37 58 0.030095125
636 280 13 19 0.030829621
659 262 9 12 0.03161973
678 289 18 31 0.03258256
261 89 28 42 0.033838827
344 116 44 56 0.035176303
649 286 18 33 0.03544604
721 238 8 9 0.041086435
586 239 18 33 0.047843542
714 231 19 32 0.050828114
582 280 25 49 0.05176866
653 292 21 19 0.052235268
658 259 13 20 0.061221898
651 268 16 35 0.0634433
727 269 8 11 0.07047255
342 85 38 61 0.071233116
528 207 26 40 0.08694295
578 271 34 66 0.09108828
622 186 25 46 0.09310639
608 238 17 36 0.095678315
338 89 53 93 0.109386645
583 254 25 47 0.15367284
682 297 20 20 0.15701859
294 99 39 55 0.15726441
870 275 13 24 0.1784256
544 216 20 35 0.19074413
243 30 31 43 0.20497587
306 99 38 57 0.23570691
672 268 14 20 0.29269654
669 270 19 22 0.31107822
535 210 28 37 0.8802112
453 182 28 41 0.9332969
234 20 35 62 0.94899017

