16_Award_Ceremony_Awards_Ceremony_16_4
326
731 297 23 17 0.010041836
285 344 38 59 0.010092897
1000 418 21 57 0.010140396
121 370 40 63 0.010150231
866 291 18 34 0.010160705
994 410 29 75 0.010172563
607 295 12 19 0.010221392
39 266 20 30 0.010257182
140 363 54 87 0.01031651
4 237 13 18 0.010574031
558 298 13 17 0.010618066
4 240 18 32 0.010620763
401 261 5 7 0.010661903
644 303 18 32 0.010747227
610 299 9 11 0.010764924
320 301 14 17 0.010781414
259 318 11 10 0.010897664
819 314 11 26 0.010923693
745 299 23 18 0.010975865
221 280 12 19 0.011020465
809 296 18 33 0.011117467
223 333 26 44 0.011370517
625 283 13 18 0.011386385
577 355 34 63 0.011393928
196 408 39 63 0.011454841
0 282 42 105 0.0114639485
57 343 36 61 0.011586069
946 249 37 58 0.0118320165
347 392 33 38 0.011925564
149 302 8 12 0.012064112
721 301 10 10 0.012136886
802 253 8 9 0.0121829435
148 281 12 20 0.012199878
533 302 8 8 0.012289767
83 257 14 18 0.012415012
692 303 9 11 0.012424786
340 262 6 6 0.012448675
708 264 14 17 0.012467295
381 327 22 18 0.012530174
929 270 9 11 0.012550037
896 277 12 21 0.012617628
594 284 9 11 0.01295414
224 283 9 11 0.013109378
515 275 5 7 0.013187912
371 283 13 17 0.013206997
59 249 22 19 0.013221783
154 298 19 22 0.013265458
721 286 15 16 0.0132745
196 365 52 81 0.013374747
886 269 8 12 0.013495832
159 283 12 19 0.013546758
1007 278 16 72 0.013599557
37 260 11 10 0.013929672
676 298 8 11 0.013943839
766 295 20 20 0.01399051
893 298 12 22 0.014134788
334 302 14 17 0.01418495
1009 286 11 54 0.014260622
926 441 35 70 0.014284667
689 259 6 9 0.014296944
415 301 13 17 0.014715873
255 269 13 17 0.014758515
547 271 7 9 0.014762052
7 239 23 17 0.014769509
49 255 14 17 0.015008783
133 298 9 11 0.015271156
203 298 18 32 0.01543136
13 241 12 11 0.015562886
596 300 10 12 0.015646689
569 242 7 6 0.015746212
215 299 10 12 0.015748791
190 399 50 101 0.015816292
870 274 17 32 0.015826307
253 315 22 18 0.015880482
738 300 10 9 0.016015984
84 265 11 12 0.016025614
561 301 9 11 0.01605571
807 283 9 12 0.016065309
809 272 19 30 0.016169872
41 263 21 19 0.016413528
743 276 21 28 0.01646162
544 229 6 8 0.016530348
341 286 8 9 0.016671745
31 293 19 32 0.016787661
13 251 15 16 0.016930763
848 366 50 91 0.017052317
51 257 9 11 0.017279128
198 349 33 71 0.017541561
272 304 9 10 0.017557181
925 267 13 19 0.017870024
96 270 9 10 0.018009145
660 282 7 10 0.018048218
737 293 20 32 0.018313985
273 272 14 17 0.018329483
946 284 9 12 0.018449519
856 260 7 11 0.018483253
1 279 10 25 0.018692654
223 302 10 12 0.019122511
325 318 12 11 0.019221378
5 240 10 11 0.019236423
824 261 7 10 0.019597655
340 398 51 89 0.01960299
883 267 12 21 0.019674184
16 254 11 11 0.020029267
321 385 43 56 0.020146264
6 272 17 34 0.020175867
104 303 19 32 0.020697152
771 297 19 32 0.020786412
370 258 6 7 0.020884942
773 272 9 9 0.021012682
626 317 13 21 0.021028368
850 405 45 57 0.021197654
503 301 8 9 0.021239797
594 268 13 17 0.021367865
147 298 13 21 0.021417674
179 281 13 19 0.021438235
570 280 19 21 0.021475637
721 259 14 14 0.021636829
323 303 9 10 0.02167184
852 266 11 23 0.02183102
356 288 7 8 0.021836882
595 297 13 18 0.02184308
628 263 12 18 0.022090552
295 302 11 11 0.022356119
858 381 40 63 0.022478037
832 261 7 10 0.022580922
373 305 10 12 0.022621855
821 285 7 13 0.022638509
116 286 8 9 0.022945251
675 286 12 19 0.023003718
642 287 7 10 0.02309686
712 262 7 8 0.023346962
386 303 8 9 0.023379158
360 257 6 7 0.023824047
435 301 9 11 0.023890035
818 281 12 21 0.023988448
576 244 6 6 0.023991823
537 228 6 9 0.024259573
853 268 7 12 0.024265645
392 261 7 7 0.024288598
162 285 8 11 0.024301047
833 285 7 13 0.024593968
535 277 6 8 0.024644982
610 285 13 18 0.024684666
546 298 13 17 0.025167806
210 271 14 16 0.025185274
455 259 5 7 0.02535627
182 284 8 11 0.025548073
186 374 38 68 0.025642969
576 275 9 10 0.025762515
226 378 38 61 0.025850657
514 300 7 10 0.025950246
549 328 27 41 0.026073141
861 280 11 26 0.026079906
306 286 8 10 0.026172634
752 262 10 9 0.026314117
569 255 7 8 0.02631496
340 387 44 54 0.026827527
524 351 30 39 0.026945941
213 287 8 11 0.027182285
294 299 14 17 0.027752096
638 346 31 70 0.02806275
221 272 13 16 0.028064817
337 304 9 10 0.02810122
6 322 15 44 0.028181039
897 298 18 34 0.028205128
690 288 7 10 0.02822132
129 285 13 20 0.02854232
131 294 12 20 0.028580073
601 356 32 65 0.028648935
724 288 10 10 0.028771473
107 311 20 22 0.028889416
830 281 12 22 0.028913084
254 280 13 18 0.02933563
180 274 8 9 0.02939306
257 283 9 12 0.029396355
884 235 13 20 0.030047003
327 311 21 19 0.030270148
731 283 22 18 0.030336829
294 281 8 11 0.030377936
738 260 10 8 0.030694153
482 302 8 9 0.030893644
418 304 9 10 0.030898713
419 275 7 8 0.031088112
289 271 13 17 0.031098854
437 273 6 7 0.03143843
942 266 19 30 0.032032184
712 297 24 18 0.032145448
482 273 6 8 0.03282642
961 269 9 11 0.032941114
738 288 10 10 0.033474397
548 288 8 10 0.033501312
220 298 13 18 0.033558168
379 317 23 17 0.03357977
36 267 11 11 0.03407951
150 285 8 10 0.034174997
369 308 20 19 0.034275193
566 277 8 10 0.034287676
943 279 14 20 0.03451476
902 271 8 13 0.03455097
125 352 35 67 0.034762006
689 269 7 8 0.035235826
576 254 8 8 0.03545515
1 252 13 18 0.036891952
805 279 12 21 0.03754731
74 263 21 29 0.037715662
912 270 11 12 0.037972894
211 284 13 20 0.038450498
764 333 25 47 0.038775206
163 273 7 9 0.039049894
35 264 14 18 0.039101433
643 300 9 13 0.03921925
468 256 5 7 0.0394049
502 276 6 8 0.03945545
808 273 8 11 0.039631832
196 285 8 12 0.040301964
704 286 14 18 0.04044036
793 339 30 72 0.04046551
707 289 9 10 0.04067775
382 282 13 17 0.0408098
218 346 35 64 0.04177051
830 264 12 20 0.04252591
129 276 8 8 0.0425427
418 285 8 9 0.043254673
749 265 14 15 0.043369014
548 300 9 11 0.043486916
731 288 29 42 0.044020638
951 256 27 43 0.04448724
401 301 14 17 0.0445104
1006 267 15 39 0.044559397
214 294 13 20 0.0446316
720 263 15 15 0.044638056
725 281 38 58 0.04512275
948 272 9 11 0.045562487
453 298 12 18 0.046091605
194 281 12 20 0.046611555
701 296 22 18 0.0476426
905 268 18 30 0.048244294
3 256 9 12 0.049578402
6 295 15 43 0.05038443
818 265 12 20 0.05088498
738 266 15 15 0.051001795
628 286 8 10 0.05139441
782 269 13 18 0.05289332
273 280 13 18 0.053389467
805 270 13 19 0.053478733
955 265 20 20 0.054455735
613 287 8 12 0.05516028
245 273 8 9 0.05578056
132 288 8 10 0.056292444
116 275 8 8 0.056548133
563 279 13 17 0.05656671
309 275 6 7 0.05777641
275 283 9 12 0.058735956
946 270 14 18 0.05977711
326 270 6 7 0.060854495
678 289 7 11 0.060901437
374 286 8 10 0.06148427
195 268 13 18 0.061755456
244 280 13 18 0.063370176
485 286 7 8 0.0649771
1010 278 10 26 0.06500795
462 298 13 18 0.065849155
245 283 10 11 0.06693416
641 297 12 20 0.06855299
766 337 34 66 0.070511796
321 314 21 18 0.07101732
639 271 7 9 0.07174945
530 342 38 56 0.0727553
467 285 7 8 0.072830744
403 282 8 10 0.07472509
388 270 6 8 0.07528356
456 272 6 9 0.076744124
468 274 6 8 0.07791735
452 285 7 9 0.078237504
851 276 12 26 0.07980106
78 261 21 20 0.08201669
304 300 10 12 0.082107775
276 275 8 9 0.0834541
371 271 6 7 0.08367287
404 303 9 11 0.08411119
901 268 12 20 0.086845234
612 271 8 9 0.088379785
213 273 9 10 0.08863953
502 286 6 7 0.08875544
455 300 8 12 0.09107897
1011 235 12 19 0.09276275
706 295 26 43 0.09470108
631 261 7 9 0.095071994
847 273 18 32 0.096997425
3 291 23 54 0.097359344
564 282 10 11 0.09747961
465 301 9 11 0.09938992
435 286 8 10 0.09985546
360 272 6 7 0.10005964
534 284 7 9 0.1015645
224 274 9 10 0.10246437
833 267 7 12 0.10627979
341 270 6 7 0.106798686
301 297 13 18 0.10716138
677 260 6 8 0.107977934
821 268 7 12 0.10971695
371 303 15 19 0.11355979
543 234 6 9 0.116420224
538 234 6 9 0.11795255
197 270 9 12 0.12180156
1 303 30 73 0.12206134
784 271 9 11 0.12522495
403 273 7 9 0.12573597
385 284 8 11 0.12597111
150 275 7 9 0.13300508
597 270 8 11 0.13313004
723 261 10 10 0.13409975
518 288 6 8 0.13499434
710 267 9 9 0.13595973
752 267 11 9 0.13935016
661 272 6 9 0.14538297
739 268 12 10 0.1560125
258 271 8 9 0.1584911
292 274 8 10 0.16331688
576 283 9 13 0.1683393
1013 238 9 12 0.17495766
722 266 11 10 0.19695722
630 266 7 11 0.21356788
677 267 7 9 0.24338256
907 267 19 20 0.37017742

