11_Meeting_Meeting_11_Meeting_Meeting_11_644
232
770 457 10 8 0.010030659
38 474 17 33 0.010054291
320 436 12 25 0.010133329
836 504 6 6 0.010255114
575 470 13 18 0.010260188
544 456 9 10 0.010299499
791 491 7 7 0.010535511
444 463 18 24 0.010575428
386 452 19 21 0.010738911
198 490 8 10 0.010901371
274 441 8 10 0.010910743
642 483 13 20 0.011013566
537 450 20 20 0.011119433
0 427 7 33 0.011193094
581 487 9 12 0.011238556
651 480 21 19 0.011386631
676 443 9 11 0.011442128
338 451 12 21 0.011551495
563 491 9 10 0.011577848
915 455 9 8 0.011611801
177 486 9 10 0.011659395
99 471 11 9 0.011694233
544 498 22 20 0.011705254
325 448 12 22 0.011748082
760 439 23 17 0.011823885
821 520 6 7 0.011830094
582 440 8 10 0.01183351
77 466 19 32 0.011925659
410 473 21 20 0.011975082
593 488 10 12 0.012074211
755 441 10 10 0.012136938
913 490 8 8 0.012157645
359 447 17 31 0.012237015
515 458 8 10 0.012302936
77 453 23 18 0.012424353
498 458 7 11 0.012437858
83 458 9 9 0.012480346
520 485 8 12 0.01262032
144 468 13 16 0.0127856545
261 446 18 30 0.01294841
0 492 6 35 0.013112913
836 492 6 6 0.013223786
645 489 8 9 0.013288578
578 428 9 10 0.01337717
447 435 29 58 0.013435262
264 445 8 10 0.013436192
97 473 22 30 0.013439074
658 473 7 8 0.013453762
850 441 6 7 0.013493273
62 490 10 13 0.013496835
564 43 35 11 0.013501732
447 449 12 26 0.013529602
223 464 13 17 0.013710354
84 580 55 91 0.013750764
253 480 21 19 0.013768798
83 473 9 9 0.014015679
270 453 9 12 0.01402686
512 496 21 20 0.014247162
255 466 20 29 0.014289259
6 498 22 50 0.014448172
98 492 28 42 0.014498741
580 484 13 19 0.014684337
593 443 9 10 0.014842842
214 508 41 57 0.015095907
306 424 33 60 0.015110944
178 466 13 16 0.015182895
912 519 9 9 0.015213391
167 487 7 10 0.01544129
105 467 24 16 0.015453174
56 492 19 22 0.015472258
791 522 7 9 0.015543328
752 498 14 17 0.01554883
347 467 20 20 0.015734082
37 493 17 34 0.015897183
586 440 22 18 0.016033052
646 518 25 17 0.016178757
221 459 14 15 0.016430844
170 483 20 21 0.016527178
880 472 8 8 0.016662555
246 499 23 19 0.01692274
689 427 8 11 0.016928628
532 457 8 10 0.016979674
480 463 17 32 0.017077776
271 438 14 19 0.017141309
802 521 7 7 0.017191445
789 535 7 10 0.017259179
725 550 27 16 0.017366085
594 474 10 11 0.017570198
529 452 13 19 0.017769167
68 456 13 17 0.017819922
147 457 12 16 0.017820599
494 454 13 21 0.017854098
352 452 12 20 0.017874084
914 506 7 8 0.018008731
241 458 14 16 0.018233972
162 463 7 8 0.018403918
886 431 8 7 0.018698847
55 494 12 22 0.018753009
911 445 8 7 0.019003488
598 456 9 11 0.019160593
8 501 15 40 0.019361828
555 488 21 19 0.019777957
792 504 6 7 0.019782335
370 464 19 22 0.019988002
194 462 8 7 0.019994255
582 454 7 10 0.020126982
647 473 7 8 0.020223923
520 492 18 31 0.020281933
68 468 8 11 0.020675734
410 479 22 20 0.020925041
786 464 8 6 0.021439422
800 531 13 19 0.02168118
851 475 6 6 0.021722961
56 488 12 20 0.021829126
673 452 9 12 0.021884272
577 474 9 10 0.02218406
722 455 8 10 0.022252895
267 449 13 19 0.022480942
741 515 9 9 0.02255958
326 463 18 32 0.02258477
663 458 8 9 0.022862816
91 483 40 57 0.023122204
750 437 23 17 0.023216393
522 494 19 21 0.023281654
516 473 8 11 0.023503551
112 461 10 9 0.023647489
654 464 17 31 0.023720726
249 470 21 20 0.023853565
740 445 8 8 0.02390445
926 451 14 16 0.023920963
545 485 20 20 0.0244663
98 458 10 9 0.024500716
717 553 26 15 0.024932334
104 458 23 16 0.025165292
513 469 13 20 0.025686901
869 505 7 8 0.026148217
196 469 14 16 0.026317798
160 467 13 16 0.026326435
92 438 15 16 0.026369851
88 471 32 38 0.026953282
820 507 6 7 0.027008042
885 438 7 7 0.02715309
881 505 8 8 0.027169524
225 466 10 11 0.027430883
803 535 8 11 0.027935114
869 489 7 7 0.028264312
555 495 18 31 0.028306505
236 466 21 29 0.029612249
82 441 9 9 0.02989615
363 462 18 31 0.029950561
901 487 9 8 0.030227598
366 454 12 21 0.030571923
606 449 17 31 0.031390723
520 487 20 21 0.031489316
838 458 7 8 0.03160962
518 481 13 21 0.032113504
492 495 19 32 0.032124627
807 461 8 7 0.032462597
244 469 10 12 0.033166297
97 578 39 65 0.034241658
803 490 6 7 0.034393534
788 470 6 7 0.035756357
115 471 9 9 0.036383595
243 461 10 10 0.036447838
838 474 6 7 0.03655594
606 454 10 14 0.036987767
822 475 6 5 0.03731458
2 509 34 64 0.037681326
681 432 20 21 0.037737355
209 460 14 15 0.03781228
93 465 23 18 0.03784347
902 477 8 7 0.038948245
902 510 9 8 0.039389055
902 453 8 8 0.040222816
739 455 8 9 0.040334474
586 491 19 30 0.040784076
915 473 8 8 0.042426072
872 460 7 8 0.043429233
805 507 6 7 0.04423807
853 489 6 7 0.045425422
224 461 9 11 0.045433953
81 464 43 54 0.04555355
589 469 21 19 0.04655883
818 489 7 7 0.04791245
992 505 25 44 0.0484523
458 397 19 31 0.050005436
238 498 21 20 0.05123342
903 516 9 9 0.051623467
60 488 13 20 0.053581476
590 446 18 29 0.054103237
754 501 9 10 0.054391738
90 454 23 18 0.058524456
262 453 9 11 0.059140816
804 474 7 7 0.06292805
558 497 19 22 0.06298641
853 458 7 8 0.063760355
261 450 13 18 0.06394966
929 453 10 11 0.0664571
879 459 8 7 0.06654325
182 463 8 9 0.068251856
902 445 8 8 0.07134159
242 466 14 19 0.07145924
671 440 20 20 0.07305295
208 464 13 17 0.07374573
95 440 10 10 0.0758466
521 475 17 34 0.077940814
211 462 10 11 0.078454494
870 474 7 8 0.07872354
70 460 8 10 0.08925852
397 450 20 20 0.09404495
223 503 28 41 0.099046744
377 468 21 22 0.102340184
415 471 19 31 0.10676524
594 451 20 20 0.10709994
667 447 20 20 0.108574405
393 448 18 33 0.11502945
198 471 9 10 0.12876482
147 471 8 9 0.12973489
586 484 22 21 0.13101779
134 473 7 9 0.15169065
771 419 15 16 0.1601529
316 435 18 35 0.17073101
210 467 10 10 0.18908074
180 468 9 9 0.21461424
604 452 13 20 0.23761947
385 459 17 34 0.32381663
452 447 18 36 0.3779416
149 461 8 9 0.4257237
163 468 8 10 0.43554717
302 435 28 42 0.4470578
455 455 19 34 0.46113807
619 461 19 34 0.7693952

