11_Meeting_Meeting_11_Meeting_Meeting_11_529
45
258 340 30 41 0.010432594
306 324 38 61 0.012593206
515 502 92 144 0.013322541
284 291 38 55 0.013455255
287 327 40 57 0.013871447
156 276 34 36 0.015575025
737 289 21 33 0.015732672
138 339 30 41 0.016124465
264 366 27 45 0.016496977
346 395 48 87 0.017454902
94 271 34 34 0.01912002
503 257 33 68 0.020649165
253 331 39 58 0.02190153
257 381 38 62 0.021961719
150 335 28 42 0.02201773
114 294 42 54 0.022872511
147 291 57 73 0.02531261
289 297 29 39 0.02646279
99 295 41 56 0.026763568
146 324 37 60 0.029085519
126 272 44 49 0.029331148
259 359 36 62 0.036622964
776 289 21 32 0.041087687
12 249 26 49 0.042051964
133 329 39 60 0.04335778
842 370 73 140 0.04958191
286 283 31 37 0.051929
530 505 62 98 0.062484283
376 291 34 67 0.07166835
173 306 31 41 0.07662282
21 248 36 53 0.12754788
8 253 40 56 0.19060059
633 267 45 92 0.3636102
770 295 27 42 0.3779402
464 270 38 70 0.42159742
831 309 44 77 0.45575756
12 287 49 91 0.46568906
664 468 71 80 0.6005886
730 292 29 43 0.6086425
176 296 37 63 0.69773
360 392 29 78 0.7190904
849 417 61 86 0.74793255
536 343 61 87 0.78566873
418 119 36 51 0.8442961
66 231 33 38 0.8668045

