11_Meeting_Meeting_11_Meeting_Meeting_11_206
78
292 183 18 27 0.010227342
988 257 26 47 0.010549329
609 207 13 18 0.010777296
332 211 21 18 0.010815806
974 314 24 56 0.01118024
841 330 47 90 0.0117700985
980 252 37 60 0.011822482
85 209 19 19 0.011831972
144 181 9 14 0.0120080635
134 237 13 21 0.0120345615
430 201 13 18 0.012134577
889 321 27 53 0.012518993
75 233 22 18 0.012674625
611 209 9 11 0.013210993
609 211 21 28 0.0139999725
573 228 28 40 0.014624333
92 212 19 29 0.014900868
163 378 36 71 0.015338671
562 476 42 59 0.017041003
667 335 21 31 0.018113973
77 211 19 29 0.01879725
96 209 10 12 0.018811656
424 188 12 18 0.019068537
156 406 43 65 0.020097625
45 185 17 27 0.021819478
969 294 26 52 0.022481728
331 215 20 19 0.022656342
547 478 36 61 0.023339104
138 180 17 27 0.024463318
208 198 20 21 0.025452347
874 319 27 48 0.02631427
425 191 9 12 0.031460077
137 187 12 19 0.03358094
848 309 46 87 0.033590294
433 204 8 11 0.035078675
191 187 19 23 0.037003864
246 193 8 12 0.03747241
838 254 30 39 0.0408971
978 305 33 78 0.041482065
276 192 10 13 0.041930236
963 265 38 57 0.04788947
280 187 19 22 0.050236885
242 190 13 19 0.050634824
325 168 7 9 0.050892685
313 188 9 13 0.052434016
210 190 19 23 0.05468411
141 180 13 18 0.05574862
448 188 14 17 0.06690474
430 188 14 18 0.07049116
321 174 13 20 0.07207681
835 240 27 41 0.07371736
324 176 8 11 0.074330635
433 192 9 11 0.08168453
901 245 34 38 0.09367639
206 184 18 31 0.101696424
309 282 25 43 0.107961245
93 207 14 20 0.10945708
84 219 20 20 0.12981938
451 191 9 10 0.13245016
88 215 19 20 0.13942139
312 185 13 18 0.14169206
219 190 20 22 0.15977582
835 313 38 67 0.19931532
870 308 35 69 0.21032096
884 309 34 77 0.33250225
965 286 34 74 0.36483356
969 300 33 80 0.37606183
191 368 40 73 0.43028367
274 189 14 20 0.45241952
896 248 40 58 0.5454917
303 276 26 46 0.601221
51 190 14 19 0.67627877
141 185 14 19 0.6785884
89 321 37 66 0.7038049
315 184 15 18 0.7386324
615 237 29 39 0.89983875
478 256 30 42 0.93274194
808 218 30 44 0.9717138

