11_Meeting_Meeting_11_Meeting_Meeting_11_26
201
23 201 48 48 0.01016686
42 210 26 15 0.010192065
2 209 20 29 0.010203756
995 370 17 36 0.010264262
438 223 6 7 0.010515766
702 276 14 16 0.010532957
506 204 6 8 0.010901567
247 216 12 19 0.010919536
360 266 11 12 0.011041538
530 248 6 8 0.011094143
305 299 13 11 0.011106887
990 365 24 46 0.0111490125
271 199 7 8 0.011216222
693 281 11 11 0.011372475
595 126 8 7 0.011396824
207 243 11 12 0.011463236
662 246 8 9 0.011537276
564 249 8 7 0.011670306
583 247 7 7 0.011751039
351 15 13 20 0.012018171
582 133 8 8 0.01222869
980 215 9 10 0.012373128
343 4 13 21 0.012523951
255 227 9 12 0.012602684
514 205 5 8 0.012606934
75 219 16 16 0.012637367
1 206 11 23 0.012869569
904 375 28 15 0.013184898
81 411 38 62 0.013233981
930 336 20 32 0.013285584
783 267 12 13 0.01336323
612 224 7 9 0.013514344
289 309 23 17 0.013527917
613 122 8 7 0.013620766
611 226 11 17 0.013733172
268 306 13 18 0.013776822
989 375 22 20 0.014052312
999 202 9 11 0.014079935
680 57 28 42 0.014105608
870 295 24 18 0.014113513
941 278 17 32 0.01426909
931 343 11 12 0.014298786
321 279 15 16 0.014449536
243 226 13 17 0.014654383
699 242 20 17 0.014705196
3 350 35 72 0.014839607
730 313 24 16 0.015198188
917 324 13 18 0.015240861
337 280 12 10 0.015263299
850 284 10 11 0.015308517
7 374 49 105 0.0153622115
305 253 19 19 0.01573265
157 272 20 21 0.015862286
612 244 7 10 0.016221749
927 308 21 19 0.016265264
924 330 28 42 0.01640728
525 216 12 17 0.016408326
68 223 15 17 0.016664399
453 248 6 7 0.01691443
957 271 12 21 0.017364401
288 297 15 16 0.017534815
336 0 18 30 0.017748848
220 264 19 21 0.018519158
207 235 9 11 0.018560436
295 262 9 11 0.018814886
689 241 19 18 0.018903565
918 322 38 59 0.019117968
626 118 8 8 0.01923717
190 278 20 22 0.019633414
373 241 13 16 0.019903421
67 393 35 67 0.020003801
157 265 21 19 0.020147182
241 255 17 29 0.020344183
646 249 8 8 0.020473735
308 256 12 13 0.020581841
198 234 9 11 0.02080013
860 320 21 20 0.020816188
769 262 9 13 0.021109913
601 237 6 8 0.021147711
47 204 13 9 0.02124415
232 237 8 10 0.022192111
520 231 6 8 0.0223585
632 247 7 9 0.022400746
928 293 20 20 0.02253973
160 230 20 17 0.022625836
775 260 20 24 0.022670506
464 225 7 7 0.02273363
418 261 10 9 0.02281924
922 298 35 59 0.023213856
400 263 10 9 0.023781357
257 255 18 27 0.023936354
65 338 25 48 0.024609584
249 220 7 11 0.02463872
704 279 11 10 0.024809264
146 307 19 31 0.02558071
89 389 32 64 0.025666349
977 353 14 17 0.02573981
658 261 8 11 0.02761327
862 364 40 61 0.027652865
350 241 10 13 0.029533248
561 231 7 7 0.029763164
29 202 25 16 0.02977534
27 208 25 17 0.030112201
1012 350 10 27 0.03110694
950 276 12 21 0.032050986
921 324 22 18 0.032279015
197 233 14 18 0.03234361
506 216 6 8 0.032361828
467 246 7 8 0.032429215
1005 199 13 18 0.034110848
694 238 9 9 0.034153126
323 282 11 10 0.03509848
768 260 13 18 0.035688918
39 202 27 14 0.037216816
298 296 24 16 0.0377283
176 229 14 17 0.038565114
400 233 13 15 0.038974233
386 247 9 10 0.039188247
862 309 22 20 0.039631926
202 284 19 21 0.03979867
647 259 8 11 0.03995765
387 258 14 16 0.04063569
528 265 8 9 0.041249484
295 310 26 16 0.04229907
1008 201 9 12 0.042594373
861 293 23 20 0.043664787
317 251 10 13 0.04429451
348 2 19 29 0.044460066
244 229 8 11 0.0449634
241 248 9 12 0.04525456
348 236 11 12 0.045977093
927 303 27 43 0.047866445
456 224 7 8 0.048182458
200 234 20 19 0.0509932
70 223 26 18 0.054093868
630 231 12 16 0.05501114
204 238 13 20 0.05552005
365 261 14 15 0.056843523
223 269 18 30 0.058973063
238 247 13 19 0.06131051
594 244 7 9 0.06198175
404 245 9 9 0.062022723
843 282 22 18 0.06476772
374 244 10 11 0.0654712
350 7 13 20 0.066581294
840 287 22 20 0.068070546
532 229 6 9 0.06921147
66 349 33 67 0.074405625
548 231 8 8 0.07475873
708 239 9 10 0.07584088
925 340 21 18 0.07818245
675 243 10 10 0.07968131
67 217 22 27 0.08144274
1006 342 18 34 0.093880296
264 200 6 8 0.09499149
179 231 9 11 0.09924827
813 275 18 26 0.10363522
388 260 11 11 0.104321904
368 263 10 11 0.10899519
438 246 7 8 0.120216176
756 255 13 17 0.13012286
275 252 9 13 0.13224795
549 220 6 9 0.13691838
195 239 21 21 0.14072758
520 217 6 9 0.16206047
247 257 13 19 0.16394228
273 251 13 17 0.17566001
171 276 17 31 0.17569119
178 283 18 23 0.18333614
63 219 25 17 0.18879174
270 254 13 18 0.18908793
206 278 19 23 0.2001065
417 247 8 9 0.20282704
643 231 8 10 0.21542309
732 249 14 15 0.22245361
251 258 14 18 0.23786873
155 303 19 31 0.26762828
381 235 10 11 0.27393126
376 235 11 13 0.28520274
288 244 12 18 0.30011317
440 230 6 8 0.30862415
464 228 7 8 0.30965742
217 272 20 22 0.31750247
705 244 10 11 0.33150348
165 233 10 12 0.33943892
341 236 13 16 0.36053845
632 233 8 12 0.36809012
454 228 7 8 0.37715447
750 250 13 16 0.3811647
528 220 7 10 0.38865417
725 249 14 15 0.39304298
827 293 24 20 0.40890503
402 235 10 11 0.41822898
423 231 8 9 0.43014762
673 236 10 12 0.43740103
806 277 22 20 0.49000242
308 251 14 16 0.49195534
656 233 9 12 0.49541086
693 244 10 11 0.5142003
780 265 18 21 0.59600013
613 228 7 10 0.5989562

