11_Meeting_Meeting_11_Meeting_Meeting_11_287
39
717 502 51 80 0.010163789
32 373 19 34 0.011595979
109 550 21 20 0.011717849
713 454 27 44 0.011903339
648 512 47 87 0.012909154
7 353 31 62 0.013391911
547 508 40 63 0.014018468
298 0 21 26 0.014740542
295 7 37 56 0.014855685
218 458 29 43 0.015398294
26 372 27 43 0.015634818
309 19 26 18 0.016518816
565 507 36 67 0.016659329
508 348 40 56 0.019251376
738 524 20 39 0.019909663
99 540 22 30 0.020719122
314 19 19 32 0.02460685
549 424 35 61 0.027586747
301 5 25 17 0.028096916
834 615 39 63 0.03054795
726 495 34 63 0.034543093
213 451 38 60 0.0367306
304 15 24 19 0.03689625
641 446 24 50 0.03872384
300 13 29 40 0.039705094
200 448 36 60 0.060933135
248 391 36 62 0.07130647
250 413 38 60 0.073483035
392 469 22 52 0.095834516
248 9 25 17 0.09911924
515 336 27 44 0.10983023
638 434 23 49 0.13575888
393 484 17 38 0.19982721
644 514 32 67 0.20127796
13 364 16 38 0.25999734
730 513 34 61 0.27169064
319 395 34 75 0.90084296
567 224 43 63 0.9401478
728 366 38 57 0.96711385

