11_Meeting_Meeting_11_Meeting_Meeting_11_560
101
808 381 13 18 0.010399536
65 79 9 8 0.01093082
832 292 17 31 0.0109397415
450 394 22 19 0.011043398
679 393 17 30 0.011608566
324 532 41 59 0.011832552
363 423 14 24 0.011845237
784 413 21 21 0.012219057
798 408 19 33 0.0124658095
617 409 21 23 0.012709083
633 388 23 17 0.013809612
34 198 8 6 0.013832027
166 462 33 61 0.014109163
398 357 17 33 0.014240868
640 388 10 9 0.014354918
217 158 58 46 0.0143646905
331 423 19 39 0.014418958
473 401 23 22 0.014423403
208 580 37 64 0.014971805
565 403 25 19 0.015367253
503 392 22 21 0.016202925
355 427 20 22 0.016353484
340 534 41 58 0.016389383
231 456 29 37 0.0165911
834 301 13 22 0.01663413
402 390 15 35 0.016714064
769 260 7 10 0.017186025
752 382 23 18 0.017357333
17 197 8 8 0.01777646
163 512 26 45 0.018295007
250 407 18 31 0.018446062
306 650 48 51 0.018588237
135 72 8 9 0.019206703
714 434 24 18 0.019903736
629 397 10 14 0.02033006
457 388 23 18 0.021399822
487 408 23 20 0.021854015
784 196 8 11 0.023134723
625 389 14 17 0.023514494
584 445 18 32 0.023860604
574 404 16 33 0.02480584
190 512 29 43 0.026731543
158 518 38 60 0.027136613
245 409 14 24 0.027200537
554 402 25 21 0.027564736
767 413 35 62 0.028847612
507 385 14 22 0.030585542
133 79 10 12 0.03198125
817 373 14 18 0.03417048
627 391 10 11 0.037284177
69 687 40 72 0.038621694
701 471 27 42 0.039408192
132 76 12 19 0.03970296
742 401 19 32 0.04060359
89 456 21 34 0.04063821
7 189 7 10 0.04457232
186 561 45 92 0.045212444
236 468 21 30 0.049682036
358 395 23 21 0.04987013
760 385 23 18 0.051897157
647 398 22 20 0.059098735
492 402 18 31 0.06886256
572 394 17 33 0.07164712
650 401 18 33 0.07211905
70 455 40 56 0.08439416
6 185 7 10 0.08509526
510 384 16 31 0.089061245
355 394 17 30 0.09157863
812 382 19 32 0.09607446
84 686 34 73 0.10213938
637 397 23 21 0.1100813
628 395 14 20 0.11122749
627 394 17 30 0.12306557
816 381 14 18 0.1497621
417 388 17 31 0.16650331
500 383 19 22 0.20596439
560 403 19 32 0.21155983
361 415 19 32 0.23917173
413 387 20 21 0.2586552
706 410 18 30 0.30075452
449 410 17 32 0.32434657
464 393 16 30 0.3440767
698 414 22 21 0.3562284
527 414 18 32 0.38687512
326 427 28 44 0.39420533
77 452 29 44 0.39671254
401 404 17 33 0.4174362
494 394 17 33 0.42759022
557 394 18 33 0.45762688
761 425 32 60 0.46634653
611 415 18 34 0.50276566
542 386 20 21 0.5281796
202 417 20 36 0.56122684
200 564 36 77 0.5629252
241 405 19 32 0.57588345
834 431 30 61 0.58511746
644 395 19 33 0.58946174
672 408 19 35 0.6029499
747 395 20 33 0.69193155
3 462 26 48 0.7363195
88 495 36 60 0.77681583

