11_Meeting_Meeting_11_Meeting_Meeting_11_176
73
744 216 27 16 0.010122377
94 259 23 19 0.010133559
203 261 35 47 0.010158777
581 256 21 26 0.010218928
745 248 23 18 0.010442194
257 275 21 30 0.010827229
63 273 39 47 0.011199534
64 393 54 97 0.011694321
739 223 19 31 0.012185744
648 294 19 37 0.01329719
680 233 25 16 0.014075116
108 250 33 34 0.01407638
571 362 32 36 0.014644417
762 249 22 18 0.014666232
768 257 22 19 0.015280195
9 216 17 33 0.015520674
730 231 35 56 0.015685
557 213 19 26 0.016128203
762 238 38 52 0.016143577
319 242 21 19 0.017052596
2 186 14 40 0.017059207
66 287 21 20 0.017385209
698 233 25 16 0.018714704
688 245 19 33 0.019465428
463 228 13 19 0.020467643
451 329 51 86 0.021259014
732 243 22 21 0.022530435
165 68 17 31 0.022560708
450 346 39 62 0.02320244
1017 215 6 40 0.023941796
21 241 23 19 0.023982028
273 210 19 28 0.028014934
35 326 39 57 0.028114896
591 258 15 12 0.028495764
765 211 23 18 0.030684097
539 227 25 16 0.03147616
350 233 20 29 0.033159524
642 282 33 59 0.033175938
423 322 35 64 0.03798947
685 242 22 19 0.03882977
589 252 15 16 0.04601984
478 332 33 67 0.04639417
79 277 22 20 0.047794256
354 223 20 22 0.05307887
275 212 21 19 0.053427488
209 268 22 33 0.05606117
333 232 23 29 0.0712212
776 259 24 19 0.076815985
471 351 38 59 0.07763727
897 224 16 33 0.08728833
354 215 21 20 0.099658884
900 235 12 25 0.11589323
505 211 20 27 0.12060481
773 247 21 31 0.12619196
740 239 19 33 0.1299662
586 255 22 17 0.13132103
441 327 36 65 0.138898
72 280 23 29 0.25122395
345 225 21 33 0.38262373
166 79 23 21 0.38852862
645 278 24 47 0.45994726
285 212 19 28 0.48134875
214 265 29 35 0.55759436
15 236 20 30 0.6165881
699 248 27 42 0.65342873
654 203 18 29 0.6752074
567 215 27 19 0.70336086
336 222 24 40 0.70447713
414 220 22 31 0.7774801
496 210 22 29 0.7871338
189 212 21 30 0.86681676
793 90 47 58 0.869313
118 248 35 36 0.8852304

