11_Meeting_Meeting_11_Meeting_Meeting_11_639
59
787 58 6 6 0.010024567
820 59 7 7 0.010075095
1016 5 5 9 0.010680961
57 111 42 69 0.010765823
1015 52 6 10 0.011194535
861 0 14 15 0.011337653
918 55 6 8 0.011375874
774 38 6 6 0.011521648
454 177 35 70 0.011675725
833 58 8 7 0.011742397
963 68 9 9 0.012771187
980 57 6 7 0.013689362
997 52 6 8 0.013885393
38 122 22 32 0.014208768
758 22 7 7 0.019781845
933 69 6 8 0.01985529
867 0 8 5 0.02036127
909 125 55 84 0.022299781
834 28 6 5 0.024651628
997 8 5 6 0.025037203
759 197 59 91 0.026974179
951 67 7 8 0.027083937
966 25 6 6 0.028038783
933 58 5 6 0.02848495
951 8 5 6 0.028798226
856 3 8 9 0.034167882
914 7 6 7 0.035612926
820 38 6 5 0.038295932
802 6 6 7 0.039458
947 24 5 5 0.044198852
823 28 6 5 0.047161534
792 36 6 6 0.049262963
979 29 6 6 0.053694844
864 2 9 9 0.058712248
902 7 7 7 0.05877037
999 25 5 7 0.059534963
978 10 5 6 0.06277462
803 39 6 6 0.06418021
1011 42 6 8 0.06932952
966 10 6 6 0.069449544
950 60 6 7 0.0725146
936 41 6 6 0.077466816
934 24 6 7 0.09178886
35 110 37 57 0.09808917
964 58 7 7 0.111909606
915 39 6 7 0.11369399
801 27 5 6 0.1160952
995 41 7 8 0.1225998
777 27 6 7 0.14609222
963 40 6 7 0.1584878
948 40 6 7 0.18547821
979 35 6 8 0.18820512
918 27 7 9 0.29446453
789 27 6 6 0.33263496
555 81 50 63 0.34266236
51 113 88 115 0.7588564
717 44 62 76 0.8968809
911 105 72 90 0.96010345
315 72 77 106 0.983659

