11_Meeting_Meeting_11_Meeting_Meeting_11_71
20
526 429 49 94 0.010508049
31 61 22 37 0.013713281
549 416 32 40 0.016595373
513 467 42 60 0.022427091
216 212 45 90 0.026946891
544 410 41 56 0.04000351
780 161 46 54 0.049053166
246 218 27 50 0.09207164
78 240 52 104 0.14007017
820 347 100 121 0.18072732
774 156 37 60 0.47750038
231 209 38 68 0.79163533
80 262 70 96 0.8788522
26 52 30 45 0.89016616
306 164 40 66 0.9127519
777 194 70 96 0.9246796
743 151 35 63 0.9586964
606 140 39 56 0.97599924
350 135 34 58 0.97983253
453 133 34 52 0.9903791

