11_Meeting_Meeting_11_Meeting_Meeting_11_587
394
424 209 8 10 0.010019722
999 277 7 10 0.01004329
287 202 14 17 0.010045528
634 144 6 7 0.010141914
111 223 10 11 0.010152244
185 149 6 8 0.01015674
691 236 9 10 0.010183784
838 286 10 10 0.010232165
835 268 14 17 0.0103338715
773 278 13 18 0.010349435
729 160 6 7 0.010391766
529 191 8 9 0.0104009155
525 242 13 16 0.01052855
501 266 7 11 0.010529931
311 257 8 11 0.0106989555
586 134 5 8 0.01077785
926 255 14 16 0.010780417
562 134 5 7 0.010861694
673 176 6 10 0.010866531
233 175 8 9 0.010935145
724 201 13 17 0.010949957
360 168 11 17 0.010985487
567 226 9 10 0.011014034
878 255 13 15 0.011067483
438 327 21 20 0.011132139
124 252 12 19 0.011169048
736 286 15 16 0.011185951
309 251 13 19 0.01118747
320 246 21 29 0.011241317
702 344 22 18 0.011353576
782 271 10 11 0.011405466
422 231 13 18 0.011415777
382 359 23 16 0.011548189
660 198 7 9 0.011569029
518 243 9 10 0.011575606
713 285 22 17 0.011667716
516 252 12 17 0.0116970325
109 220 13 18 0.011779231
808 358 19 23 0.011907979
423 234 9 13 0.011934911
896 210 11 10 0.011950289
84 193 8 7 0.012203481
271 223 9 10 0.012205436
886 298 11 11 0.012227354
337 204 10 10 0.012332488
268 267 13 18 0.0123375
861 345 12 23 0.0123670865
53 184 13 16 0.012402752
775 192 6 8 0.012404423
736 240 10 11 0.0125427535
324 151 5 7 0.012547071
480 129 6 8 0.012592987
516 201 13 17 0.012609629
420 188 7 9 0.012609676
557 184 12 17 0.012638069
819 272 9 10 0.012668689
62 179 9 7 0.012713494
1013 263 10 22 0.012733841
465 208 8 9 0.012913949
317 247 21 19 0.012924785
906 162 7 8 0.01311695
343 294 13 18 0.013199548
644 134 5 6 0.013251086
868 251 13 16 0.013301708
369 208 9 11 0.013341464
274 201 13 17 0.013467402
751 215 13 16 0.013581518
38 187 8 9 0.013623039
295 221 11 11 0.013638419
1007 241 12 18 0.013645497
657 287 14 11 0.013670826
640 211 13 15 0.013691615
548 269 8 9 0.013756281
609 203 8 12 0.0138222035
499 142 6 9 0.013891858
947 239 10 11 0.013983092
200 205 10 12 0.014075083
516 325 19 33 0.014218743
115 207 9 10 0.014483542
488 220 11 12 0.014529767
324 226 9 10 0.014654976
916 210 10 8 0.014799278
431 319 14 21 0.014957424
818 279 14 17 0.014974603
174 189 14 16 0.015153234
886 291 11 12 0.015302531
128 172 14 16 0.015335748
259 165 8 7 0.015372506
255 204 13 16 0.015696635
697 194 7 8 0.01576322
885 208 9 11 0.015772255
920 264 21 18 0.01607754
206 192 10 10 0.016158095
784 175 7 9 0.016230928
349 296 13 18 0.016311595
364 168 12 17 0.016535992
767 148 6 7 0.016764924
238 171 13 16 0.017083244
433 161 6 8 0.017340407
465 236 14 17 0.01736908
429 353 16 18 0.017495576
48 167 7 8 0.017628055
574 227 10 11 0.017756714
738 149 6 7 0.01797316
897 219 11 10 0.01800197
1015 205 6 11 0.018090436
424 225 10 13 0.018243061
499 212 9 9 0.01824981
631 222 8 10 0.018378515
334 256 12 12 0.018468518
714 295 21 28 0.01848163
567 232 21 18 0.018701049
750 208 13 16 0.018748907
249 363 25 16 0.018990798
317 192 14 15 0.019181658
600 205 8 11 0.019196492
907 279 13 18 0.01935733
241 273 8 12 0.019435976
1009 244 9 13 0.019771302
806 251 8 11 0.019820262
1005 401 13 44 0.019903589
607 283 12 19 0.020043876
481 239 14 17 0.020120725
696 206 6 8 0.020246858
554 189 8 10 0.020499893
872 267 10 13 0.02052012
945 256 9 11 0.020531412
240 141 6 11 0.020557938
705 161 5 8 0.02059548
425 311 20 28 0.020597192
378 387 29 38 0.020639367
470 145 6 9 0.020754676
631 177 6 8 0.021009838
898 245 10 9 0.021215733
805 243 8 11 0.021280568
587 294 18 30 0.021286568
745 180 6 7 0.021523926
362 164 7 10 0.021610927
679 140 6 8 0.021718929
176 191 10 11 0.0217772
336 162 7 7 0.02184544
320 200 14 16 0.022014204
47 171 13 15 0.022033626
806 316 19 26 0.022121023
235 188 14 15 0.022507872
199 281 10 13 0.022694305
903 176 8 9 0.022905549
1015 194 6 10 0.023087477
141 187 13 17 0.023114236
1016 397 7 14 0.023334518
135 190 9 9 0.023573257
273 303 21 20 0.024090823
198 278 13 18 0.024184115
467 238 10 11 0.024200814
723 301 13 13 0.024240443
366 160 8 11 0.024254616
234 144 6 9 0.024428425
709 178 6 8 0.024481077
369 147 7 9 0.024601962
432 210 9 9 0.02482487
562 177 7 8 0.025173862
930 257 9 10 0.025283739
226 245 13 19 0.025375815
558 294 19 29 0.025538072
803 356 18 22 0.025566414
673 218 13 17 0.025593335
423 222 13 18 0.025657889
280 151 6 7 0.025677243
89 175 8 8 0.025776288
104 162 8 7 0.025939334
258 275 10 12 0.025960388
627 204 7 11 0.026599267
302 217 13 16 0.026670288
557 323 19 21 0.026865978
553 142 5 9 0.026968824
115 193 10 8 0.027565936
565 235 14 16 0.027897757
441 179 6 9 0.028359318
574 236 10 10 0.028601779
837 272 9 10 0.028603833
203 271 13 17 0.029009748
204 204 13 17 0.029490324
845 235 12 17 0.030057108
472 174 6 7 0.03025491
345 285 21 19 0.030342722
817 255 13 17 0.030555949
998 223 8 11 0.031023443
13 184 10 12 0.031096607
181 177 8 9 0.031340294
337 174 8 10 0.031423528
483 242 10 11 0.03150579
737 252 13 13 0.031522796
727 299 22 19 0.031726666
501 163 6 7 0.03224586
871 223 10 13 0.032745846
899 288 11 11 0.03278339
144 176 8 9 0.03304774
764 242 14 16 0.033944678
512 330 12 27 0.03405594
312 237 13 19 0.03407949
473 130 6 9 0.03575073
429 220 14 17 0.036172703
657 172 7 10 0.036299516
230 210 9 10 0.036343057
916 227 10 10 0.036516607
578 190 7 9 0.036560033
610 140 6 7 0.03658111
576 175 7 8 0.036888342
522 164 6 8 0.03715667
1015 268 7 13 0.03758449
353 196 8 11 0.037662193
133 162 8 7 0.037736636
256 272 13 19 0.037794884
308 210 9 10 0.038032696
836 255 8 10 0.038454544
760 249 13 17 0.03856957
528 205 9 12 0.03863929
432 223 10 11 0.03881155
693 131 6 9 0.038821768
898 285 14 16 0.03892508
849 254 8 12 0.039265253
900 254 11 10 0.039274026
328 253 22 18 0.03937755
601 180 6 9 0.03961768
706 296 13 16 0.03963008
12 179 10 13 0.03968459
246 165 6 8 0.0400363
353 201 9 11 0.040913038
384 173 13 17 0.041267727
198 176 7 9 0.041746717
707 288 14 17 0.04225944
608 179 7 8 0.04288893
578 255 9 9 0.0432389
267 311 22 28 0.043700844
440 188 7 9 0.04431649
63 190 9 8 0.04475048
498 130 5 8 0.045250654
516 187 8 9 0.04545751
304 219 10 12 0.046068612
501 259 8 11 0.046819735
601 189 6 10 0.0471881
911 159 8 10 0.047368906
293 195 8 8 0.047458034
709 206 6 8 0.04769515
563 140 6 8 0.048012987
100 186 10 9 0.04818659
926 266 11 12 0.048714906
294 150 6 7 0.049772616
820 282 10 10 0.049842052
457 162 6 9 0.050081573
484 163 6 7 0.050143614
276 204 9 11 0.05071347
913 256 15 15 0.050714016
528 174 8 10 0.051429898
243 208 8 9 0.052040532
290 206 9 9 0.052168068
850 289 12 12 0.052174293
632 161 6 8 0.05220551
165 191 14 16 0.05294187
528 244 9 11 0.05320845
562 318 14 23 0.053393073
709 225 8 9 0.053502694
880 257 10 11 0.053647302
144 190 9 11 0.0542511
911 268 14 16 0.0543836
273 195 9 9 0.05503651
295 175 7 8 0.055589166
498 174 7 8 0.05585509
658 224 9 10 0.056009743
323 203 9 11 0.05616737
740 224 8 10 0.057033714
498 190 8 9 0.05729366
225 238 13 18 0.05755848
642 213 9 11 0.058398798
451 189 7 9 0.05958987
627 191 7 11 0.060380153
426 357 23 18 0.060854997
566 239 11 10 0.06132191
437 325 14 20 0.062546186
914 270 10 12 0.063000664
870 253 9 11 0.06411982
926 234 11 11 0.06577239
847 237 9 13 0.06600686
586 138 6 9 0.06609843
260 175 8 9 0.0662243
96 176 14 15 0.0668641
693 138 6 10 0.067189515
198 268 13 18 0.067459285
753 217 10 11 0.067564964
530 250 8 10 0.06788271
206 206 10 12 0.06835432
915 258 10 11 0.06967237
819 257 9 11 0.07050122
859 159 6 9 0.07077354
845 293 22 18 0.07111911
307 161 6 8 0.07140944
613 190 7 11 0.07184535
451 178 6 9 0.07305285
593 139 6 8 0.07308782
366 170 9 12 0.07325076
752 191 7 8 0.07506077
963 266 10 11 0.07515223
255 278 12 18 0.07547855
1009 248 11 19 0.07584
739 208 7 8 0.07664416
185 157 7 9 0.07875807
422 161 6 10 0.079236396
118 173 8 9 0.080506794
418 304 13 21 0.0824814
418 177 7 10 0.08283657
164 170 9 10 0.08356286
311 192 8 9 0.084246576
464 162 6 9 0.084458165
560 297 14 20 0.08671363
518 203 10 12 0.086925775
292 157 6 7 0.09006929
527 163 7 9 0.09024998
325 174 8 9 0.09219415
759 156 6 8 0.092509486
260 192 8 9 0.093391545
690 225 7 9 0.09452879
791 159 5 7 0.094826765
483 191 8 9 0.095001
260 235 13 18 0.09510919
764 248 13 17 0.09516839
143 157 7 8 0.0955424
776 175 6 9 0.09587947
516 179 8 10 0.09624982
771 160 6 7 0.097649895
561 255 9 9 0.09796192
307 173 7 8 0.09878085
743 191 7 8 0.09885745
471 192 8 9 0.09933485
238 190 10 11 0.100813545
590 298 14 21 0.10150972
320 194 9 10 0.10217568
257 207 10 10 0.10245462
484 175 7 8 0.10322764
761 149 6 9 0.10491485
758 175 5 7 0.105503514
738 156 6 8 0.10723195
728 197 7 8 0.107540034
361 170 8 12 0.10758678
753 211 8 10 0.10784711
773 270 13 18 0.11052247
420 307 13 22 0.1137982
518 255 8 10 0.114341505
304 148 6 7 0.115198456
999 283 7 10 0.11545958
165 165 8 9 0.11686405
277 158 7 8 0.11789673
8 183 9 13 0.12288529
323 157 7 8 0.12502004
131 175 9 10 0.12693018
233 190 10 13 0.12737663
919 233 12 11 0.12753524
316 237 14 17 0.13275349
560 186 8 12 0.1329091
706 193 6 8 0.13500485
876 224 13 16 0.13806897
56 186 8 11 0.1442739
675 220 9 11 0.15244535
495 219 11 12 0.15319933
545 220 10 12 0.15383798
7 179 10 14 0.1543259
727 204 7 10 0.16140264
195 162 7 8 0.16771498
1011 251 8 13 0.16962922
546 255 8 9 0.17370209
272 310 20 20 0.17401834
189 238 13 17 0.17519929
643 216 9 12 0.1809554
275 172 8 9 0.18512058
659 202 10 12 0.19441158
241 172 9 11 0.19909655
845 287 21 18 0.20005345
386 175 9 12 0.20308323
192 185 14 16 0.21114057
652 284 23 18 0.21499716
805 319 13 21 0.21708165
999 159 6 10 0.2267263
209 158 7 9 0.22955903
720 298 21 19 0.24075179
958 237 14 16 0.26467147
1015 157 6 10 0.26553047
646 139 6 9 0.267263
863 158 7 10 0.27312702
219 314 21 21 0.28949648
114 157 8 9 0.29787412
732 249 20 19 0.3123485
98 178 10 10 0.3201029
157 251 14 19 0.326084
240 128 6 10 0.34615925
50 172 9 10 0.42396376

