11_Meeting_Meeting_11_Meeting_Meeting_11_441
75
783 24 8 12 0.010209811
589 241 13 17 0.010285947
875 249 13 18 0.010797456
187 479 39 73 0.0120365685
620 331 21 30 0.012044527
855 367 35 35 0.012087198
294 136 35 61 0.012529613
563 187 7 13 0.013685203
606 218 8 10 0.013731345
673 20 7 12 0.014360418
780 10 9 13 0.014589796
771 334 23 32 0.014979852
212 476 35 74 0.015008121
855 228 13 21 0.01539804
616 247 10 11 0.016974015
776 18 8 14 0.01748757
674 42 7 11 0.018227873
827 341 48 84 0.018670721
421 415 37 65 0.019306786
799 357 48 52 0.01981337
564 242 13 19 0.019813541
648 365 35 31 0.020506822
657 367 36 32 0.02059091
910 273 20 29 0.020826591
775 14 11 20 0.02101898
793 337 41 53 0.021199238
847 255 14 17 0.021544022
776 44 7 11 0.023094174
584 238 9 11 0.023436822
847 360 48 49 0.02443945
918 273 12 23 0.02462468
561 194 8 14 0.02484666
603 226 13 16 0.024905529
218 640 48 43 0.025998577
556 228 12 18 0.02621568
210 631 60 52 0.026542159
354 317 38 60 0.027032085
622 246 10 9 0.028400328
592 244 9 11 0.028627977
555 231 6 11 0.028657507
567 246 8 11 0.03013548
577 241 14 17 0.03553969
559 190 11 22 0.035957452
265 322 25 45 0.044686265
159 465 47 102 0.046846148
600 222 10 12 0.049784288
190 457 42 113 0.05005329
605 228 10 12 0.06266996
670 9 12 17 0.06411622
820 339 46 51 0.07026535
412 357 28 44 0.075525306
296 160 34 61 0.076819934
762 325 40 53 0.08974605
622 321 21 31 0.10227257
580 244 9 10 0.10531181
331 298 25 43 0.10926675
816 354 52 52 0.11036619
147 355 29 69 0.11424609
559 230 7 11 0.115243465
372 304 27 40 0.11882065
388 357 36 59 0.12676722
671 11 9 12 0.1304589
361 307 28 41 0.14297469
408 279 19 34 0.15727246
775 9 12 18 0.16027892
739 288 20 36 0.16134155
738 328 29 39 0.17278895
599 227 10 12 0.2965242
400 274 24 42 0.66263425
735 293 28 43 0.6732011
138 359 33 75 0.8113689
649 287 26 40 0.8505135
258 303 24 50 0.8861073
461 272 21 33 0.9112598
558 274 20 35 0.91350794

