11_Meeting_Meeting_11_Meeting_Meeting_11_702
240
609 152 22 27 0.0101214545
964 128 14 10 0.010159353
378 111 24 15 0.010193166
1002 153 22 18 0.010205389
1014 127 9 12 0.010206188
814 108 14 17 0.010232059
938 105 19 27 0.010308208
329 129 10 15 0.010323519
394 165 20 27 0.010448901
767 67 14 15 0.010490323
40 163 26 16 0.01051845
563 114 9 8 0.010579928
883 101 12 9 0.010616244
718 92 13 17 0.010701671
701 100 13 15 0.01077391
343 185 22 18 0.01080231
772 110 11 13 0.010902965
575 176 21 21 0.010989326
729 159 22 30 0.011111031
541 126 12 10 0.011186214
311 205 9 13 0.011190656
434 112 9 6 0.011242928
910 113 23 17 0.011309269
668 145 23 20 0.0114093
466 121 13 18 0.011450409
847 114 11 11 0.011461124
556 137 22 17 0.011472187
751 72 12 17 0.011596116
310 202 12 19 0.011704797
2 215 12 26 0.011762939
914 73 13 16 0.011786987
593 157 24 16 0.011831409
803 125 16 12 0.011936925
57 334 31 14 0.012146254
60 237 24 17 0.012198321
699 157 21 20 0.012214177
669 111 14 17 0.012299924
189 249 14 17 0.012469789
117 360 27 17 0.012527685
62 185 22 26 0.012622619
383 83 7 8 0.012704423
974 146 25 16 0.012710298
359 162 23 19 0.012717151
1008 103 8 10 0.012809451
671 112 10 11 0.013009642
192 252 10 12 0.013180221
0 399 19 21 0.01320228
729 63 7 11 0.013218312
873 137 28 16 0.013555503
801 96 14 17 0.013660831
735 108 13 16 0.013775709
71 238 26 16 0.014006722
651 142 22 19 0.014090171
1012 122 12 21 0.014244297
984 156 27 15 0.014305556
109 363 26 16 0.014450276
155 240 24 16 0.014945569
877 100 23 16 0.015387079
630 115 13 16 0.015619399
629 124 14 9 0.015955236
703 126 21 19 0.01604924
938 119 25 16 0.016172687
745 78 8 11 0.016201928
472 169 20 19 0.016527146
807 121 21 26 0.017120996
191 243 11 11 0.017714862
951 108 23 16 0.018201312
461 189 21 30 0.018292772
400 112 11 6 0.018505538
911 95 22 16 0.018598044
96 224 23 16 0.018605947
640 128 11 12 0.018706242
344 190 10 12 0.018792136
994 128 13 11 0.018984908
368 125 15 28 0.019356469
331 133 20 19 0.019654177
544 114 10 10 0.019929385
119 256 25 17 0.019930406
465 198 20 21 0.020452157
631 195 24 31 0.020609586
913 65 14 15 0.020646678
889 141 25 16 0.021114664
978 114 11 10 0.021973863
862 110 23 15 0.021974565
52 178 26 17 0.022115186
927 66 8 8 0.022160197
750 64 13 16 0.022209669
147 131 9 8 0.022363557
119 211 31 29 0.022369092
47 172 15 19 0.022709304
997 105 14 16 0.022986664
1003 145 21 17 0.023093278
387 112 10 8 0.023247853
929 83 9 9 0.023257695
111 226 12 9 0.023316078
692 257 28 47 0.023702247
889 103 22 18 0.023903234
529 116 15 15 0.023928339
810 122 15 17 0.023930423
834 118 13 11 0.02418187
594 108 9 10 0.02420242
694 109 13 12 0.024624543
188 273 22 17 0.024656007
610 127 11 10 0.025190717
944 116 17 10 0.025240853
3 403 21 30 0.025267463
880 343 46 53 0.025452454
864 125 21 26 0.025518205
869 129 26 15 0.025795262
126 206 22 25 0.026210988
15 193 23 18 0.026272153
799 73 14 15 0.026403403
102 228 11 9 0.02677292
971 122 22 16 0.026826125
952 146 25 17 0.026842164
930 112 11 11 0.026906185
664 122 22 20 0.026962688
659 125 12 12 0.027031392
721 94 9 11 0.027884986
189 240 14 17 0.028725198
468 169 13 18 0.02946482
6 296 22 35 0.03143436
133 135 8 8 0.031498834
741 62 7 10 0.03161155
918 121 23 18 0.031812575
534 125 23 17 0.031986617
784 94 14 16 0.032447804
803 98 10 11 0.032559518
816 78 8 8 0.033276364
101 350 33 32 0.033916097
960 110 13 9 0.034213554
344 156 13 17 0.03607566
984 141 25 16 0.03626151
169 412 27 18 0.036380325
132 138 9 10 0.036626387
581 115 8 9 0.036767136
834 122 16 12 0.036988985
691 108 21 18 0.037392206
347 259 28 40 0.03809706
631 118 10 10 0.03888151
944 93 11 9 0.039562497
946 84 9 8 0.039571766
957 152 26 16 0.039627895
530 124 16 10 0.03966958
968 154 26 15 0.04050694
531 118 11 10 0.041452277
46 184 25 18 0.04170985
988 126 23 17 0.042296033
964 99 10 9 0.042338625
918 99 11 9 0.042815726
34 171 24 17 0.04296204
925 109 21 18 0.04542725
879 108 17 11 0.046370976
607 141 23 18 0.047459643
574 128 11 11 0.049501214
567 129 11 11 0.050740216
407 200 33 66 0.051430106
916 76 9 10 0.051729634
840 125 25 17 0.05308508
976 124 12 11 0.05313798
604 125 22 18 0.05406445
774 137 23 19 0.05428393
600 158 25 18 0.055598527
828 116 23 17 0.05606003
566 127 14 17 0.05695592
325 185 10 13 0.058077272
994 103 11 9 0.060060605
625 121 22 18 0.06160109
108 221 24 16 0.07052467
322 179 13 17 0.07054138
54 185 24 18 0.071851455
633 126 22 18 0.072165
4 391 20 32 0.073207706
940 151 25 17 0.07439692
967 68 6 8 0.074458845
802 72 8 8 0.07488111
926 96 15 15 0.07646567
998 107 11 10 0.08668815
754 75 8 11 0.08842242
17 197 20 30 0.08873175
165 409 27 34 0.0954069
671 150 21 29 0.09558108
623 189 27 41 0.09754216
345 158 20 21 0.100488916
752 313 53 82 0.10115051
699 107 14 16 0.10183586
1011 109 13 17 0.101840705
771 75 10 9 0.11120399
768 136 22 20 0.11121387
571 125 14 18 0.11504898
787 94 9 12 0.11880902
822 149 30 34 0.12421461
718 162 21 32 0.13194528
789 76 9 9 0.13751508
892 160 29 41 0.14603755
771 70 8 9 0.14830437
790 71 8 9 0.15798002
929 98 11 10 0.1707369
578 178 23 28 0.17271146
813 95 14 16 0.17394862
831 120 22 17 0.18114531
789 190 36 37 0.20086685
526 122 23 17 0.20459588
358 169 22 22 0.20670085
753 67 8 10 0.21052378
684 123 22 20 0.21648568
1014 111 9 12 0.21822757
752 112 14 16 0.22972822
413 200 23 32 0.23871578
654 122 22 19 0.24473879
380 182 20 31 0.25773048
781 109 15 16 0.26408967
982 99 11 11 0.2677158
617 140 25 20 0.27725267
897 98 15 15 0.28024518
510 131 16 18 0.28548342
713 129 22 21 0.29141504
960 175 38 49 0.29363686
915 68 9 10 0.2977208
523 141 24 20 0.31592584
911 121 24 19 0.31872827
0 212 19 30 0.33238772
25 191 24 28 0.3363158
802 74 9 11 0.33681569
442 293 47 62 0.35890535
874 106 24 17 0.35925114
42 170 23 25 0.3875797
857 128 25 19 0.41852838
800 121 23 19 0.4345661
479 129 14 18 0.44143757
682 251 34 61 0.45310938
417 231 36 57 0.46541572
939 114 24 16 0.47261888
541 161 25 20 0.47621477
892 236 39 61 0.47678876
371 126 21 19 0.50087297
119 215 27 18 0.5298823
331 130 15 18 0.5709888
3 302 35 33 0.5785795
399 142 23 20 0.5787367

