11_Meeting_Meeting_11_Meeting_Meeting_11_189
158
506 374 24 15 0.010467426
371 354 12 16 0.010525351
165 335 6 7 0.010605126
165 370 21 26 0.0107768895
468 378 15 14 0.011035245
335 391 9 9 0.011070871
393 432 22 27 0.011281354
1014 217 7 87 0.011566471
322 376 20 16 0.011568287
250 358 19 18 0.011650188
131 393 11 9 0.011725196
150 447 37 57 0.012238865
346 434 21 18 0.012633303
415 420 12 13 0.012999097
206 389 23 19 0.013169979
431 403 21 16 0.013311338
137 370 21 17 0.0138128325
388 356 14 16 0.014142026
283 332 6 8 0.014233334
69 357 19 27 0.01432422
253 448 24 17 0.014583641
351 372 14 16 0.014719745
518 391 10 8 0.014841384
476 375 14 15 0.014934221
1012 204 10 113 0.015204813
152 404 24 17 0.015231561
806 153 35 60 0.015972143
323 388 10 9 0.01632009
115 376 9 10 0.017888077
189 371 23 17 0.018556671
270 371 20 17 0.018868292
331 371 13 16 0.019785108
370 406 10 9 0.020407392
402 362 13 15 0.020914415
222 355 14 15 0.021027619
29 341 14 15 0.021232093
250 443 25 16 0.021524712
98 373 20 20 0.021910353
215 387 24 18 0.022421062
488 360 9 8 0.02307979
1 372 12 19 0.023836564
229 375 9 8 0.024626313
369 393 10 8 0.024642652
360 418 22 18 0.025096497
296 391 10 9 0.025147893
462 389 15 14 0.025532657
161 354 19 27 0.026117835
287 334 6 7 0.027608307
141 360 13 15 0.027799804
406 438 15 20 0.028771078
436 406 12 10 0.029482191
399 392 12 12 0.02978927
423 367 20 18 0.030088492
357 364 7 8 0.030814812
329 362 9 8 0.030857721
144 373 10 10 0.030951299
216 353 7 7 0.03139188
31 356 15 15 0.031420145
390 388 14 17 0.031479675
417 352 8 9 0.032353114
410 418 20 19 0.03260881
387 378 9 9 0.033053365
198 366 8 7 0.033150453
285 344 13 15 0.033249017
161 343 13 16 0.03349266
101 382 14 22 0.033699803
124 388 23 17 0.033948343
71 352 10 9 0.035435885
107 374 21 19 0.035480276
48 376 15 16 0.036581445
22 345 10 10 0.036593203
390 392 11 11 0.037909668
44 355 15 16 0.038001843
13 358 21 17 0.040261947
429 370 11 12 0.041180212
80 361 10 10 0.04172227
133 361 14 16 0.041793615
370 377 9 10 0.04377303
180 377 8 7 0.0440275
65 357 22 17 0.04501438
103 384 22 20 0.04676992
153 344 8 9 0.04753266
34 377 9 9 0.048503328
373 352 7 8 0.049626768
503 376 8 9 0.052698366
174 346 8 8 0.052900605
176 361 8 7 0.05301652
126 370 22 18 0.053226512
102 360 14 16 0.05400961
132 374 10 10 0.055570718
546 377 9 8 0.056195788
306 379 11 9 0.057055004
71 367 21 21 0.060711484
303 389 11 9 0.061129197
403 370 14 17 0.061977755
288 374 9 9 0.06319662
3 376 9 11 0.06338674
334 374 9 11 0.06364798
428 363 14 15 0.06376411
530 381 10 8 0.064788066
211 376 8 8 0.064942606
224 352 8 7 0.065562114
304 359 9 8 0.06790368
354 375 10 9 0.06793888
493 357 14 15 0.071543105
50 379 10 10 0.07167935
464 392 12 10 0.074653536
470 380 11 9 0.075336635
196 373 9 8 0.07638487
282 345 7 9 0.07885539
158 359 21 18 0.08209585
278 364 9 9 0.082475156
517 360 9 8 0.0839374
161 371 13 10 0.08447426
72 360 22 18 0.08559262
818 133 33 60 0.08652301
107 360 14 16 0.08741838
303 349 8 8 0.08750083
164 362 9 10 0.09097475
430 364 11 11 0.096107535
69 357 11 9 0.09702455
1 358 12 18 0.10558537
248 362 8 10 0.10827861
479 378 9 9 0.11290289
514 378 10 7 0.115268804
143 362 9 9 0.1155011
104 363 10 10 0.116490476
407 437 21 19 0.123586155
404 364 8 10 0.12360688
34 358 11 10 0.12587309
293 359 8 9 0.12665027
32 343 10 10 0.12783058
155 367 23 17 0.1297389
47 357 10 10 0.13032806
421 367 14 17 0.15550517
405 372 10 10 0.16079395
416 357 14 16 0.16239479
3 360 9 13 0.16559896
110 362 10 10 0.16941601
164 346 8 9 0.19542927
135 363 9 10 0.19899307
391 359 8 9 0.2198528
99 380 21 28 0.2276051
226 357 8 9 0.23758857
19 361 11 12 0.26442155
214 357 8 8 0.27932745
194 384 30 36 0.30356959
288 347 9 9 0.31003186
327 379 11 12 0.33751217
393 388 21 19 0.34643856
63 368 23 20 0.36639968
275 374 11 10 0.3744156
373 357 8 9 0.38683528
496 359 10 10 0.39659992
418 358 10 11 0.4567443
335 361 10 11 0.5448435
254 360 11 12 0.5988635
812 135 26 67 0.9636789

