11_Meeting_Meeting_11_Meeting_Meeting_11_774
504
131 378 9 11 0.0100143505
609 345 13 15 0.0100154
323 390 10 12 0.010045491
564 358 13 17 0.010139912
797 342 13 16 0.010204662
204 372 12 18 0.010204826
196 341 13 17 0.010221609
853 411 14 15 0.010293993
534 120 10 8 0.010392894
671 50 13 16 0.010394424
372 357 13 18 0.010509849
782 402 13 17 0.010512963
542 385 12 18 0.010534712
747 399 14 17 0.010583233
694 386 12 18 0.010627212
554 416 20 21 0.01066407
38 389 7 13 0.010686315
212 358 8 11 0.010696139
793 52 8 10 0.010732272
501 358 12 17 0.010748175
439 105 8 8 0.010785468
260 319 5 8 0.010906087
554 441 19 30 0.011013217
676 433 13 21 0.0110413665
353 356 13 18 0.01106068
432 358 12 17 0.011128523
961 360 8 9 0.011179106
307 137 6 6 0.0112186335
727 343 12 17 0.011236272
573 355 13 16 0.011275633
496 411 16 32 0.0113074565
99 375 13 16 0.011466803
4 373 6 15 0.011526786
96 399 13 18 0.011663505
356 342 12 18 0.011674058
611 355 13 17 0.01171807
426 404 17 30 0.011786882
781 391 14 16 0.011800802
27 310 13 18 0.011846906
564 387 13 18 0.011862434
859 407 14 16 0.0118640335
660 404 13 19 0.011880099
272 390 13 19 0.01188954
715 414 13 20 0.012007012
944 424 6 9 0.012109355
996 570 28 78 0.0121407695
49 388 7 13 0.012181228
658 328 7 10 0.012268271
179 399 13 18 0.01227948
245 383 13 18 0.012292557
374 123 6 6 0.012301742
488 107 9 8 0.012303503
482 89 8 7 0.012397538
640 463 21 29 0.012425575
800 51 8 10 0.01244799
371 314 5 7 0.012486907
760 52 8 10 0.012522305
427 439 20 21 0.012570358
597 362 9 10 0.012645187
903 386 8 13 0.012953798
724 360 13 19 0.013005497
108 356 13 16 0.013031426
228 405 14 19 0.0131174065
763 40 12 17 0.0131847365
542 376 13 17 0.0132758105
340 121 6 6 0.0133754825
565 390 10 12 0.013416055
519 408 17 30 0.013541648
66 345 13 17 0.01355933
51 138 6 6 0.013672375
868 426 8 9 0.013691364
339 391 13 18 0.013835411
516 79 7 7 0.014068845
689 59 9 7 0.014149925
913 50 8 12 0.014170887
606 479 39 53 0.014175917
212 153 6 7 0.014207212
767 51 8 11 0.014226892
337 372 13 17 0.014314191
657 345 8 10 0.014332139
814 370 19 18 0.014397079
658 76 7 8 0.014436056
774 343 8 12 0.014473247
913 45 9 10 0.01453181
467 118 10 8 0.014535573
147 390 10 12 0.014898335
427 388 14 19 0.014898993
577 350 7 8 0.015002327
909 359 13 17 0.015104828
720 70 10 9 0.015365535
78 390 13 18 0.015562689
325 138 6 6 0.015654534
76 370 13 18 0.015713116
354 120 7 7 0.015730072
585 435 19 22 0.015747106
836 4 13 17 0.015785346
893 323 8 12 0.015837578
640 372 9 12 0.015843919
717 409 13 20 0.01607398
889 344 8 14 0.016195226
911 377 9 11 0.016271949
663 55 9 8 0.016305674
589 401 18 28 0.016386984
6 344 9 13 0.01640291
562 405 13 21 0.01642391
455 431 21 21 0.016457304
652 435 21 21 0.01651344
145 361 13 17 0.016623683
129 347 14 16 0.016848816
826 390 18 19 0.016956544
518 104 9 6 0.017044678
83 120 5 7 0.01723701
901 382 13 19 0.01768466
836 371 9 12 0.017772231
617 469 25 43 0.017805723
380 371 13 18 0.017827084
299 415 17 31 0.01787909
100 377 10 12 0.01791785
382 358 12 17 0.017987255
593 84 9 8 0.018089168
636 401 13 19 0.018151088
830 302 9 12 0.018189127
40 372 11 21 0.018224947
704 354 13 18 0.018306315
304 375 9 12 0.018361252
80 392 9 13 0.018450366
672 303 6 8 0.018463025
627 344 13 16 0.018523082
558 439 21 20 0.018590648
543 466 20 23 0.018593153
272 344 12 17 0.018610543
326 122 5 6 0.01861149
195 358 8 10 0.01866699
146 369 12 17 0.018778367
680 71 8 8 0.018828843
834 0 8 7 0.0189543
588 439 20 29 0.01905
118 390 11 12 0.01918178
374 287 5 8 0.019182008
433 375 10 13 0.019224318
818 342 8 12 0.019266808
835 420 9 9 0.019319037
2 367 9 27 0.019348718
784 393 11 12 0.01936434
0 130 12 20 0.019495163
547 359 7 9 0.019577455
293 137 5 6 0.019594025
281 374 10 14 0.01970718
180 342 13 17 0.019713327
253 383 12 18 0.019717894
256 338 12 18 0.01974087
353 315 5 8 0.019800434
108 306 12 17 0.019980343
427 404 20 21 0.02047543
895 346 7 11 0.020475974
410 316 5 8 0.020630313
70 121 5 7 0.020631695
454 353 12 17 0.021001935
22 325 14 20 0.02108159
389 408 15 19 0.021165248
402 108 7 6 0.021200608
530 92 8 8 0.021311779
164 361 8 11 0.021338282
646 316 8 10 0.021453146
245 378 9 12 0.021557527
502 372 9 12 0.021814145
546 378 9 11 0.021881804
36 120 7 8 0.021945715
575 432 20 21 0.022093933
5 340 12 20 0.022289345
161 372 9 12 0.022444123
421 103 8 7 0.022638183
149 138 5 6 0.022737812
453 428 18 31 0.022990229
689 70 8 9 0.022998644
563 335 7 9 0.02303589
388 386 13 20 0.023088662
480 354 12 17 0.023261543
462 354 12 17 0.023277247
165 135 6 7 0.023379985
619 419 20 21 0.02351623
156 342 12 16 0.02360191
510 360 12 17 0.023730578
340 374 9 12 0.02380363
304 358 13 16 0.023809459
215 308 5 9 0.023916537
594 373 12 18 0.023945652
904 378 9 14 0.023970932
712 308 5 10 0.024098627
691 373 12 17 0.024270704
793 45 8 12 0.024304174
832 327 8 12 0.024541145
628 355 13 17 0.025084727
277 124 5 6 0.025248656
748 434 24 18 0.025447795
310 120 5 7 0.025774186
644 326 8 10 0.025935177
465 102 10 7 0.026124153
503 89 7 7 0.026201123
525 413 19 21 0.026293227
166 113 7 6 0.0264744
388 107 6 6 0.02664171
208 422 13 17 0.02670921
908 374 13 19 0.02687453
431 373 13 18 0.0272714
243 375 13 18 0.027419843
229 358 13 17 0.027445326
696 359 8 11 0.028047776
706 73 10 9 0.028075283
24 325 20 20 0.028160922
621 403 20 28 0.028178401
331 297 6 9 0.028546644
519 330 6 8 0.028596288
294 127 5 5 0.028680118
512 372 9 12 0.028709225
224 316 6 9 0.02875152
821 391 14 17 0.029927136
374 360 8 11 0.029999964
733 342 12 17 0.030060144
719 300 6 9 0.030069768
669 404 13 20 0.030734418
596 376 9 11 0.03080258
355 358 9 12 0.030890219
289 365 9 11 0.031039592
502 388 13 20 0.03133705
109 303 9 11 0.03157792
374 372 12 18 0.03182659
181 391 13 19 0.032300536
391 408 21 20 0.03243986
782 294 10 18 0.032481115
236 359 14 16 0.03266688
158 389 13 18 0.03269331
416 311 6 9 0.032717913
296 318 6 7 0.03286265
640 344 8 10 0.033043522
386 344 7 9 0.033355128
51 119 6 6 0.033721652
349 371 13 17 0.033854287
2 134 8 12 0.033977576
278 137 5 6 0.034448233
103 327 7 11 0.034582816
55 358 8 14 0.034594886
354 105 6 7 0.035436846
578 377 14 17 0.035698906
841 363 10 14 0.03581674
53 357 12 19 0.03640587
853 419 9 10 0.036409147
566 80 8 7 0.036448475
785 375 11 13 0.036514837
231 375 10 13 0.036759302
563 373 13 17 0.03685672
79 363 10 12 0.037006542
797 356 10 13 0.037097663
260 135 5 6 0.037914954
294 387 13 19 0.038134016
692 375 9 12 0.038296834
707 408 14 22 0.038587626
501 419 13 22 0.03885594
526 407 13 21 0.038869556
832 410 9 10 0.03893907
103 346 8 10 0.03900438
564 86 9 7 0.039842963
4 578 51 89 0.04001649
336 355 8 11 0.040249795
406 358 13 18 0.040364847
422 388 14 19 0.0404332
65 358 9 12 0.040695615
327 315 5 7 0.040988006
629 399 13 19 0.041032013
70 377 9 14 0.04138874
62 356 13 18 0.041458257
469 390 13 19 0.041626718
49 374 8 14 0.041995864
726 363 8 10 0.04216947
854 414 11 10 0.04225285
396 387 14 19 0.04234366
533 73 8 8 0.042347386
440 92 8 9 0.043313637
766 42 8 13 0.04335828
902 361 8 11 0.043860484
435 359 8 11 0.044017807
402 440 21 20 0.044034645
527 306 6 11 0.04423539
448 93 9 8 0.044470754
409 438 20 23 0.044534594
772 373 10 12 0.044664092
647 449 21 22 0.04474295
611 70 8 8 0.04502407
570 467 19 32 0.045313455
194 124 6 6 0.045352507
352 373 9 13 0.045623664
495 107 8 7 0.045886017
8 103 8 9 0.045907106
548 464 20 33 0.046251375
697 297 6 10 0.046953883
275 353 9 13 0.04696322
639 357 12 17 0.047200095
194 330 7 8 0.04753644
112 357 9 13 0.047615606
385 360 8 12 0.047955897
366 401 14 18 0.04838528
799 45 8 12 0.04861989
182 331 7 8 0.04886132
248 125 6 7 0.04922952
740 354 12 18 0.049355622
152 344 8 11 0.049666714
748 393 14 18 0.049837235
862 411 10 10 0.0501844
161 331 7 10 0.050216343
632 297 6 8 0.05056398
740 396 19 21 0.050848592
800 343 9 12 0.0510389
529 345 6 9 0.05107921
342 107 5 8 0.05112963
312 110 6 7 0.051186673
231 110 5 7 0.051952314
300 387 13 19 0.051969737
449 434 19 23 0.05301444
580 384 13 18 0.053890824
641 359 9 13 0.053995848
68 347 9 12 0.054856353
849 368 9 13 0.054887053
465 93 9 8 0.0549104
227 328 6 8 0.05503266
180 133 6 6 0.05542937
707 54 9 8 0.05546581
294 343 7 9 0.05654777
532 377 13 17 0.057146657
533 379 10 12 0.05779992
509 388 13 19 0.057895184
706 373 9 13 0.05855791
824 331 8 12 0.05855879
119 116 5 8 0.058595024
523 302 6 10 0.059153672
630 358 9 11 0.06032756
148 371 9 12 0.060422886
468 333 6 8 0.060619324
454 346 7 9 0.061411876
903 376 13 20 0.06144414
704 371 12 18 0.06162882
144 112 7 6 0.0621285
581 379 9 11 0.062304705
406 330 5 7 0.062778026
232 136 6 7 0.06323514
451 377 14 16 0.06347147
607 372 13 18 0.06380111
258 123 5 6 0.063988134
230 372 13 18 0.06418223
46 371 12 20 0.065043174
721 370 10 14 0.06517105
822 394 11 11 0.065407746
407 360 9 13 0.06555953
252 378 13 17 0.06571215
106 307 8 13 0.0658226
523 307 5 10 0.06675684
464 355 9 13 0.06680685
482 370 11 13 0.067112796
626 393 14 18 0.06742356
16 118 9 11 0.067929775
945 325 12 17 0.06819635
659 387 13 18 0.068257496
182 121 6 7 0.06887801
341 315 6 8 0.069078796
526 302 6 10 0.069998346
673 48 8 8 0.070487596
114 324 7 12 0.070917234
481 349 8 10 0.071284175
565 376 9 11 0.071331054
503 361 8 10 0.071430475
209 343 7 11 0.07147394
7 119 7 9 0.07172419
613 357 9 10 0.07216838
452 331 6 9 0.07237088
593 78 8 9 0.07259331
323 374 13 17 0.073757276
147 363 9 11 0.07439459
309 319 5 7 0.07559056
49 106 7 7 0.07566197
476 391 14 19 0.076017216
9 94 9 9 0.07631661
602 438 20 29 0.07715736
240 361 8 12 0.07719856
327 356 8 10 0.07774068
230 360 9 11 0.07895267
128 330 8 11 0.08017525
450 103 9 10 0.080207884
455 355 9 12 0.08021424
911 362 9 10 0.08053772
708 412 18 22 0.08080052
199 344 8 10 0.081062876
175 357 13 17 0.08134744
231 345 7 9 0.08228629
481 327 6 9 0.08370609
115 344 8 11 0.08623168
514 87 8 9 0.086435184
274 401 14 19 0.08855971
566 360 9 10 0.08857077
135 110 6 6 0.08857803
755 374 10 13 0.08946352
125 389 14 16 0.08959266
838 6 9 10 0.09214205
132 349 9 11 0.09244499
102 356 10 13 0.0926936
68 375 12 19 0.09427047
200 136 5 6 0.095123485
532 358 8 10 0.09537517
356 331 6 7 0.09556682
236 409 14 20 0.09692094
666 309 8 12 0.09866438
790 349 10 13 0.10032684
743 394 13 19 0.100497276
707 356 8 11 0.10314058
435 340 7 9 0.10315022
652 357 14 18 0.10421353
262 327 6 8 0.10449105
324 375 10 13 0.104525335
182 343 8 11 0.10462431
134 353 9 12 0.105549686
134 120 6 7 0.1058516
98 393 14 16 0.10614411
729 346 7 12 0.106792845
214 132 6 7 0.10851219
629 347 9 10 0.10872791
831 392 10 13 0.10951374
599 344 8 10 0.11024551
374 342 7 10 0.11112814
421 332 5 9 0.111208804
413 357 13 17 0.112147756
244 136 6 6 0.11430597
644 56 7 9 0.114380695
760 43 9 13 0.114646986
421 340 7 9 0.116591066
159 344 8 12 0.11721549
611 348 9 10 0.11789574
470 342 8 10 0.12081115
112 375 10 14 0.122572154
674 52 8 10 0.123214
274 347 9 11 0.124308325
16 99 9 9 0.1250691
416 359 9 13 0.12832576
278 331 6 8 0.12853716
39 96 7 8 0.12965468
287 370 10 13 0.13412684
576 357 9 10 0.13428466
307 359 9 11 0.1351034
301 421 20 22 0.13598116
229 124 6 8 0.13723195
307 343 7 9 0.13829967
326 344 7 8 0.13831927
309 327 5 7 0.13868544
711 298 6 10 0.14008105
241 341 8 11 0.14288794
212 127 6 7 0.14336716
482 356 9 11 0.14449295
531 332 6 10 0.14635548
358 344 8 10 0.14744198
404 341 6 9 0.14760947
765 390 15 17 0.14875321
336 347 8 9 0.14887267
671 307 7 12 0.15129456
293 329 6 8 0.15282425
597 402 14 21 0.15426446
111 307 8 13 0.15490164
245 326 6 8 0.15550892
512 363 9 11 0.15699089
13 96 9 9 0.16186559
147 119 5 6 0.16258809
564 340 8 9 0.1634376
735 344 9 12 0.16391525
258 340 8 12 0.1639534
707 349 8 11 0.16527417
196 372 13 18 0.16805807
342 331 6 8 0.1705344
14 600 44 63 0.17597413
819 372 11 13 0.1760789
440 333 6 10 0.1785409
742 356 8 13 0.18189774
370 330 6 8 0.18250278
800 373 13 16 0.18422677
846 364 10 14 0.1860507
346 416 20 20 0.18757214
791 352 10 14 0.18915136
212 329 6 9 0.19017178
37 100 8 8 0.1949216
68 106 6 7 0.19703925
391 328 6 8 0.2000559
90 101 7 8 0.20091082
520 347 8 9 0.20410751
326 332 5 7 0.20431711
886 323 9 14 0.21785279
117 109 6 8 0.22176078
95 100 7 9 0.2305418
335 294 6 10 0.23412521
547 345 7 10 0.25167593
500 346 7 10 0.27871227
183 109 7 9 0.28045008
418 300 5 10 0.28357875
831 306 9 13 0.28671145
372 292 5 9 0.2884379
644 296 8 11 0.30736884
165 117 6 7 0.30978563
947 327 8 12 0.3516306
216 301 6 10 0.36660895
784 296 7 13 0.40316215

