11_Meeting_Meeting_11_Meeting_Meeting_11_295
56
694 298 22 21 0.01018774
441 426 30 16 0.010197131
219 335 21 20 0.010259651
387 554 59 96 0.010420068
512 232 17 30 0.010553661
512 238 8 15 0.010964587
599 317 19 23 0.011036843
512 329 17 37 0.011350841
513 229 7 11 0.01176065
134 264 36 62 0.012814215
450 421 33 14 0.013289235
123 388 41 65 0.013438037
901 301 17 32 0.013922855
16 344 12 27 0.01592176
310 178 7 13 0.018274413
248 405 30 13 0.018739607
447 222 12 13 0.023137035
698 291 16 32 0.024036745
604 314 16 33 0.0246486
525 239 11 22 0.02621649
445 421 27 16 0.028434532
148 266 38 60 0.028492358
690 292 21 20 0.031634685
328 161 6 11 0.03174071
447 415 22 30 0.039114602
509 234 12 23 0.04198989
444 214 15 17 0.046813052
231 333 19 32 0.04813513
448 240 19 20 0.04888848
581 339 27 44 0.053544905
505 238 7 16 0.05388803
785 324 18 32 0.057556022
447 553 66 88 0.06286896
43 335 36 58 0.06936296
447 227 17 32 0.069376
6 316 23 53 0.072063625
10 341 16 38 0.076769434
800 307 18 31 0.079141125
439 219 14 19 0.079791434
504 335 26 41 0.08659793
899 313 18 24 0.08745197
798 299 21 23 0.1133948
146 365 33 63 0.20056137
503 234 12 22 0.27478424
492 326 24 45 0.27921653
441 218 20 20 0.39619365
819 563 69 87 0.4243098
592 314 18 35 0.60669297
234 341 22 32 0.7660856
139 370 31 63 0.7727496
689 291 18 33 0.80227757
611 364 42 67 0.86088145
121 454 64 101 0.86408454
903 310 18 34 0.8686566
802 295 17 37 0.92009157
54 332 33 57 0.9554985

