54_Rescue_rescuepeople_54_840
22
818 75 111 184 0.010043968
170 818 112 130 0.010244361
278 869 29 80 0.011985608
184 858 91 155 0.01200282
353 586 37 76 0.012694362
806 27 218 281 0.012802193
802 836 102 194 0.012952311
979 141 43 141 0.014813983
535 837 33 89 0.014901016
980 88 41 144 0.014901295
198 915 54 114 0.015287953
527 980 45 126 0.016599435
959 48 65 232 0.017849274
996 1411 12 24 0.019417629
142 828 66 89 0.021312132
250 55 99 207 0.021602111
520 850 51 112 0.028792057
324 930 30 75 0.03110556
223 898 33 80 0.05071285
240 814 37 67 0.05772269
205 886 57 98 0.059289094
972 48 48 114 0.079138204

