54_Rescue_rescuepeople_54_431
253
305 221 10 10 0.010010612
98 227 22 32 0.010064947
371 305 37 60 0.010070949
404 527 38 59 0.010291235
497 184 7 11 0.010300539
174 281 12 11 0.010322549
229 230 13 17 0.010391879
661 204 5 8 0.010481898
223 217 14 17 0.010486963
691 236 7 8 0.010524661
732 354 21 19 0.010526449
100 202 12 11 0.010526667
270 293 13 18 0.010529206
370 279 39 59 0.010676454
295 282 10 12 0.01080941
726 157 5 7 0.010841206
705 535 33 65 0.010901783
243 296 14 18 0.010963858
581 235 13 19 0.01100665
780 407 23 20 0.011009401
658 601 41 68 0.011072933
371 210 19 19 0.011322627
644 251 7 11 0.011337653
741 157 5 6 0.0113499
13 232 26 15 0.011386803
261 292 13 18 0.011416666
273 355 21 19 0.011422462
628 237 7 10 0.011437647
629 265 12 19 0.011471722
24 397 25 17 0.011526287
191 297 11 12 0.011617018
565 313 13 20 0.011619481
93 201 24 17 0.011874822
743 296 14 18 0.01204825
289 299 9 11 0.012066734
117 229 13 19 0.012158842
591 232 13 18 0.012260617
190 215 13 18 0.012302229
378 260 20 21 0.012500349
462 216 13 20 0.012542972
651 267 20 20 0.012674888
236 261 14 16 0.012707157
678 265 7 10 0.012795145
628 219 7 9 0.012818866
629 274 12 19 0.012859002
452 206 19 28 0.01288449
647 389 23 26 0.012918606
550 182 18 28 0.013284602
588 311 14 19 0.013453179
350 185 12 12 0.013487918
328 320 22 20 0.013629686
661 223 6 7 0.013709239
450 216 8 13 0.013893445
745 306 22 18 0.0139559405
678 222 6 7 0.013970633
374 203 11 12 0.013980739
692 186 5 7 0.014019246
42 464 111 123 0.014032321
609 289 14 20 0.014086801
159 266 10 11 0.014137658
474 327 19 31 0.014471445
741 188 5 6 0.01450274
323 301 11 12 0.014534725
178 296 12 11 0.014537922
0 262 22 18 0.014545999
57 188 32 38 0.0145878
593 234 9 12 0.014601742
405 508 35 63 0.014634884
184 236 8 11 0.014720223
168 279 22 18 0.014765354
155 380 40 57 0.014831273
615 397 25 26 0.01485916
675 236 6 8 0.014864369
650 269 16 29 0.0149441715
199 329 24 17 0.015076933
310 190 10 10 0.015157832
511 176 13 20 0.015204799
527 291 12 21 0.015290236
358 263 21 29 0.015463763
689 251 8 9 0.015486038
321 299 14 17 0.015506173
757 173 5 6 0.015538432
291 314 10 11 0.015627906
693 312 14 22 0.015699338
643 188 6 7 0.015700946
1006 417 18 36 0.01590781
633 370 21 20 0.015984176
551 187 22 20 0.01614747
709 173 6 6 0.016214855
742 172 6 7 0.016371427
482 182 8 12 0.016497627
91 211 24 18 0.0165624
289 311 13 18 0.016694086
798 448 22 30 0.016751455
642 220 6 8 0.016878549
643 235 6 9 0.01703356
210 246 13 17 0.017183827
147 200 12 18 0.017694902
188 295 14 18 0.01792997
240 236 8 9 0.018144574
520 452 29 39 0.018330377
660 234 7 8 0.019318657
167 218 8 11 0.019323256
306 315 11 11 0.019413289
338 206 10 10 0.01945728
321 322 21 19 0.01966811
239 263 10 11 0.020247841
713 391 25 18 0.0209458
297 351 22 29 0.021163693
643 264 12 19 0.02134629
295 278 12 19 0.021483453
147 283 12 10 0.021620547
267 321 20 29 0.021895805
777 417 22 28 0.022034083
342 186 11 11 0.022089936
329 315 22 19 0.022292098
232 264 10 12 0.022540802
111 338 48 55 0.02311472
57 471 72 88 0.0233094
301 329 21 29 0.02391603
712 311 21 19 0.024289327
660 186 6 7 0.024814136
725 174 5 6 0.024865374
115 321 43 60 0.02514978
316 333 21 28 0.02520655
690 219 7 8 0.025651883
305 355 22 19 0.025881091
644 267 8 12 0.026090553
752 298 12 12 0.02611319
487 214 21 20 0.026120784
616 173 7 10 0.02614439
385 202 11 11 0.026269495
675 184 6 8 0.026282012
317 310 21 19 0.026445448
431 200 12 19 0.026644504
376 209 22 19 0.026727052
689 316 18 29 0.026984625
566 414 32 33 0.028556636
373 201 14 18 0.028770754
138 264 29 37 0.029085854
248 183 20 18 0.029573606
710 185 6 8 0.030561559
434 202 8 12 0.030716944
447 211 13 21 0.03080709
192 232 8 11 0.030861432
725 185 6 7 0.030919187
241 196 14 17 0.03146562
338 183 21 17 0.031710498
333 202 21 19 0.032676402
658 249 8 11 0.03281007
148 203 9 12 0.033211432
191 328 23 18 0.033367895
301 312 22 19 0.03349299
211 232 8 9 0.033761527
450 198 12 19 0.03441329
22 231 27 17 0.034952518
51 180 43 54 0.035349865
200 347 29 37 0.035420112
467 181 13 18 0.035846613
289 195 19 18 0.035903037
308 197 13 17 0.03603738
211 218 7 9 0.03622466
172 293 23 18 0.036832612
390 187 11 11 0.037335668
655 362 22 28 0.038086507
207 354 20 21 0.038178343
678 249 7 10 0.038539786
183 217 7 11 0.03990722
812 379 22 29 0.040444348
311 353 22 21 0.041138142
547 185 13 20 0.041247223
178 245 13 17 0.042278577
389 185 14 17 0.04277611
142 263 23 16 0.042974297
329 210 21 19 0.04310671
695 176 6 7 0.043239754
765 328 24 19 0.043316036
148 265 12 10 0.04346288
518 256 11 22 0.044335913
320 200 10 12 0.04452638
227 221 7 9 0.044574615
674 175 6 8 0.045285698
247 188 10 12 0.04661133
620 297 13 19 0.047250945
246 186 13 17 0.04780182
315 350 20 30 0.049679536
180 247 9 13 0.050267596
231 234 8 10 0.050560158
309 200 10 11 0.0506931
597 280 14 20 0.05075146
321 187 14 16 0.05091574
527 371 19 32 0.051085513
212 249 9 11 0.054153003
285 184 14 16 0.055969305
295 278 22 19 0.056941234
712 455 22 32 0.058796767
816 372 22 30 0.05906383
212 289 14 17 0.059384152
551 193 21 20 0.06012189
697 311 22 20 0.06014571
572 315 22 19 0.061683867
749 329 23 18 0.062466312
193 218 8 10 0.0649103
571 320 22 19 0.0668281
463 323 26 43 0.067180015
730 445 25 40 0.06726603
484 211 20 29 0.07031769
452 200 8 12 0.070536785
589 359 19 29 0.070701666
253 185 12 12 0.0726737
603 283 14 19 0.07418596
279 187 12 12 0.074459635
272 324 13 18 0.07534489
598 358 23 21 0.07546926
655 273 14 20 0.07667155
359 385 35 57 0.07800181
530 379 19 31 0.080093876
689 306 17 32 0.08165353
141 279 23 17 0.08349764
87 217 40 54 0.08909367
343 182 22 18 0.090032265
779 510 33 54 0.09517371
239 312 14 17 0.09571718
469 183 8 12 0.09856717
665 446 26 40 0.09877768
480 215 21 21 0.09948208
288 185 10 11 0.10089328
510 167 13 22 0.10533909
243 198 9 11 0.10640197
209 283 14 17 0.10856744
890 508 43 51 0.11029431
317 197 14 18 0.11230736
323 188 11 11 0.115680784
674 392 26 39 0.12844065
294 198 11 12 0.13009521
607 315 20 21 0.13150765
535 379 22 29 0.13384083
685 291 14 19 0.13470487
821 370 28 35 0.13671869
417 226 19 30 0.14160182
744 400 22 31 0.15371193
664 357 23 28 0.15378089
787 520 31 40 0.1563742
776 323 21 26 0.16606902
379 199 21 19 0.17165048
746 295 22 19 0.1795458
87 309 56 83 0.20871662
371 388 32 55 0.21524498
568 457 31 41 0.23664497
758 449 29 38 0.2836582
627 543 34 60 0.32101607
872 424 33 37 0.35562092
520 506 32 55 0.3945014

