54_Rescue_rescuepeople_54_159
134
668 62 24 17 0.010250682
816 67 12 12 0.010460282
849 17 10 12 0.010637395
702 15 25 15 0.010648371
407 146 24 16 0.01073535
764 109 21 19 0.010981597
779 59 19 30 0.010996507
476 112 22 18 0.011118578
749 3 25 15 0.0112521015
744 84 24 17 0.011322766
738 82 32 62 0.011339069
907 10 23 18 0.011353056
1008 57 13 49 0.0114683425
825 92 24 17 0.0116019
860 58 12 18 0.011700733
528 129 9 10 0.011701714
394 68 24 16 0.011734869
782 107 15 20 0.011841593
540 193 22 19 0.011844807
512 103 10 10 0.011983101
749 13 24 16 0.011984931
526 126 13 18 0.012024151
511 106 13 18 0.012086764
510 100 13 17 0.012190417
416 222 20 31 0.012229962
794 87 34 58 0.012297629
807 107 24 18 0.012328213
850 31 13 18 0.012660348
703 82 21 19 0.0127359815
706 92 21 19 0.012843377
520 178 12 24 0.013045565
685 93 22 18 0.013054936
790 79 15 18 0.013297553
411 213 23 16 0.013373054
525 179 13 22 0.013414441
404 147 14 17 0.013534517
356 115 14 22 0.014457429
798 16 23 16 0.014465952
832 63 20 30 0.014512191
640 119 14 20 0.015062253
532 98 11 11 0.015137252
747 71 19 31 0.015459765
735 106 22 18 0.015598395
765 97 22 19 0.015647968
977 330 43 139 0.016150745
459 95 22 19 0.016170932
627 114 22 18 0.01624973
865 29 21 29 0.01707075
406 150 10 11 0.017111259
852 35 10 11 0.017200826
448 62 22 18 0.018303866
595 100 12 12 0.018614436
167 127 24 17 0.01900227
599 95 20 19 0.019740755
710 125 19 33 0.019752836
682 114 22 21 0.019796584
780 99 15 19 0.020233624
739 31 10 10 0.020706229
543 184 18 32 0.020798799
677 65 20 30 0.021214297
528 93 20 19 0.021640416
750 106 22 19 0.022241335
550 173 13 20 0.022592995
527 81 22 17 0.023015382
719 83 15 21 0.023246657
532 84 12 11 0.023916498
797 95 23 18 0.024003478
761 47 22 19 0.024150467
540 204 23 18 0.024558358
732 98 23 19 0.025224373
833 51 10 12 0.02614586
87 1 26 15 0.026545959
813 41 14 18 0.027231177
620 163 26 43 0.027829532
736 24 11 9 0.028632391
634 164 26 44 0.02873456
843 13 20 19 0.029060282
854 59 14 17 0.029461132
702 114 21 20 0.029776745
807 99 25 18 0.030136984
910 68 21 30 0.031808212
865 36 10 11 0.032323737
802 43 22 18 0.032462455
567 90 13 17 0.03373531
830 49 14 17 0.034491464
799 63 22 18 0.034812953
777 125 19 34 0.03637894
779 35 20 28 0.036880095
664 122 22 20 0.03718978
566 84 14 18 0.03765369
414 221 22 18 0.03821522
667 114 21 20 0.0410136
550 168 18 32 0.042316496
303 124 22 19 0.04278857
796 108 24 20 0.045917574
863 32 13 19 0.047658008
826 79 23 19 0.050617985
620 176 27 44 0.051124312
749 52 23 18 0.053082876
681 114 19 33 0.055993736
652 114 23 18 0.057229467
749 115 23 46 0.06043201
1008 82 12 49 0.06387714
571 85 14 18 0.06516459
518 183 17 23 0.06589024
552 174 20 21 0.073538385
779 98 19 32 0.07471666
631 173 26 46 0.0796372
747 57 23 19 0.080267064
641 110 18 28 0.082482085
714 76 17 33 0.08665771
802 35 22 19 0.09752705
521 172 17 33 0.09784408
746 93 18 34 0.104349166
747 95 22 20 0.10883188
781 34 22 19 0.12583941
574 89 13 19 0.12843929
653 125 23 20 0.12858734
646 118 19 31 0.1325047
588 96 19 27 0.13606185
524 179 16 33 0.14205354
296 208 23 20 0.14614508
791 80 23 19 0.1516743
809 64 22 19 0.17846137
802 97 20 33 0.20976882
808 63 18 30 0.22303665
715 84 18 33 0.23608191
681 101 26 43 0.24225082
715 88 22 21 0.24472913
807 36 22 20 0.25873822
353 117 19 29 0.28613603
591 97 20 20 0.4044309
634 115 21 21 0.40516725
888 26 32 39 0.6730673

