54_Rescue_rescuepeople_54_188
21
781 257 31 66 0.010922249
14 10 44 113 0.01127835
73 45 49 115 0.011743394
839 253 52 100 0.011788737
571 318 58 98 0.01199342
470 93 123 189 0.012673396
838 135 27 18 0.013847503
788 262 33 69 0.017652333
71 18 51 101 0.020503024
965 176 44 101 0.020949526
950 176 38 39 0.02423997
835 133 30 39 0.026047496
260 57 96 142 0.030323844
842 125 21 32 0.04580077
276 111 77 95 0.04850147
209 377 67 94 0.05128682
245 9 68 72 0.14478812
699 12 46 67 0.6107275
945 166 47 57 0.71374977
393 101 188 249 0.9299508
291 94 82 124 0.94084513

