54_Rescue_firemanrescue_54_458
22
541 630 9 10 0.01060412
718 572 14 15 0.010777901
803 272 42 68 0.012570322
784 49 65 84 0.018752355
608 571 10 11 0.024901837
528 627 20 17 0.029877141
600 583 10 12 0.030511819
602 569 21 18 0.030999627
682 622 18 20 0.03874971
599 579 13 18 0.03905214
550 549 7 9 0.04397657
721 575 9 10 0.05972878
608 581 11 12 0.06651633
723 579 8 9 0.078303955
601 577 21 19 0.13516234
680 619 12 18 0.2046499
681 625 10 15 0.20857841
132 564 43 70 0.21889766
532 629 11 12 0.2499595
685 618 13 18 0.30957896
687 625 10 14 0.44745848
184 250 121 223 0.9966138

