54_Rescue_rescuepeople_54_102
107
882 240 10 8 0.010025793
84 224 13 16 0.010265943
723 362 7 8 0.010305601
861 234 24 17 0.010674605
384 258 42 56 0.010691776
177 286 7 8 0.010694822
276 249 8 9 0.010708316
984 202 5 6 0.011228128
368 252 8 8 0.011324272
322 252 12 8 0.01152143
947 228 6 5 0.011547423
442 235 23 18 0.011599942
148 273 6 6 0.011919986
724 207 8 7 0.011962287
55 239 6 8 0.012043375
290 192 6 7 0.012080179
353 252 23 28 0.012230919
339 290 42 59 0.012426348
354 242 8 7 0.0125239855
66 249 7 10 0.012774826
346 260 23 18 0.012777321
806 191 7 6 0.012780089
931 239 7 5 0.012945838
339 274 45 55 0.013048493
406 259 39 58 0.013110648
291 252 9 8 0.013509259
307 253 10 8 0.013588673
209 268 9 9 0.013670337
398 429 78 80 0.01385771
295 280 22 28 0.014008275
915 239 7 7 0.01414424
598 208 5 5 0.0145423645
299 283 23 19 0.015310681
196 268 8 7 0.015417348
341 240 7 7 0.015906012
182 269 7 7 0.016473228
581 372 27 18 0.0165555
573 365 37 32 0.017517606
301 249 23 16 0.018955668
966 229 6 6 0.019190717
577 351 34 37 0.019342571
1017 209 5 10 0.019478498
1 210 9 27 0.019759439
184 237 7 6 0.019818109
138 219 6 8 0.020052899
874 235 24 17 0.020168638
537 204 6 9 0.020857565
259 249 8 9 0.020999758
614 209 6 5 0.02207257
305 238 7 7 0.022522708
993 191 6 7 0.022586107
286 283 19 20 0.022925692
628 208 6 6 0.023039749
227 250 8 8 0.023089277
399 250 20 33 0.023290634
341 254 8 8 0.02462435
562 222 8 9 0.026044514
258 235 14 15 0.027047066
167 203 6 7 0.02904763
163 272 7 6 0.02939459
137 206 6 6 0.0302156
181 189 5 7 0.030784782
71 238 7 8 0.0310587
94 232 8 9 0.03115993
178 256 7 7 0.03166174
542 215 12 20 0.033358373
985 193 6 7 0.03377661
984 227 6 6 0.034622997
572 344 43 52 0.035904646
536 216 12 21 0.036952984
146 204 5 6 0.03720762
194 235 6 7 0.038435392
349 250 22 17 0.03861594
404 255 8 9 0.041253205
211 250 8 7 0.04218855
191 389 47 56 0.043059696
213 242 7 6 0.043207377
537 219 8 12 0.044714507
146 223 6 7 0.047976725
200 257 6 6 0.04801302
576 255 7 7 0.048887834
315 248 23 17 0.051102735
949 237 6 5 0.05179981
546 211 7 8 0.052813426
546 218 7 10 0.055758193
268 236 14 15 0.056678638
356 254 9 9 0.058078643
85 228 13 16 0.060001597
406 251 28 41 0.065566145
244 249 8 8 0.06858174
993 227 6 8 0.0731979
291 239 8 7 0.07763112
1015 223 6 8 0.087988
86 227 9 10 0.08828355
1013 232 5 9 0.10006772
996 234 5 7 0.10720632
392 242 36 56 0.111406215
565 256 7 8 0.12922156
244 239 7 7 0.13484277
967 234 7 7 0.1581236
979 234 6 7 0.16724202
230 239 7 8 0.1759629
260 238 8 9 0.194865
271 239 9 10 0.22699162
548 233 9 14 0.35028166
87 230 9 11 0.4461009
545 230 13 19 0.69931185

