54_Rescue_rescuepeople_54_529
20
760 283 113 169 0.010914804
399 263 60 101 0.011252012
707 162 39 56 0.011320472
426 236 118 149 0.012309195
466 169 59 78 0.012454033
400 282 41 70 0.0125568705
308 248 54 108 0.012705889
752 245 119 143 0.014589145
805 235 110 158 0.017234126
831 257 67 90 0.019192
720 214 38 69 0.020488996
477 248 126 146 0.021988517
709 216 36 70 0.031516165
764 241 197 268 0.041294165
827 170 48 64 0.042253956
797 277 126 194 0.042405166
461 190 66 79 0.12591809
474 186 43 67 0.16961166
820 183 56 87 0.19811302
406 21 68 88 0.9671099

