54_Rescue_rescuepeople_54_108
20
483 281 109 204 0.010374421
965 402 59 209 0.010453947
642 83 84 81 0.010999857
536 355 135 183 0.011248925
616 134 124 180 0.011700561
283 464 134 153 0.013137669
966 540 32 88 0.014138648
434 273 234 327 0.015178774
958 461 66 225 0.019021066
970 506 41 139 0.021323137
182 385 54 105 0.024026556
977 426 41 139 0.02534542
452 282 84 196 0.026896175
626 78 126 115 0.043982968
239 348 134 209 0.049280033
588 70 193 234 0.056457233
970 551 45 126 0.07337998
170 415 38 75 0.07508177
630 85 118 189 0.32347387
249 349 175 266 0.9904269

