54_Rescue_rescuepeople_54_143
19
466 211 44 51 0.010090243
328 88 12 23 0.010563987
472 265 49 56 0.010766137
358 69 36 56 0.01090602
473 216 33 36 0.0113851065
332 86 12 24 0.012145127
333 86 18 33 0.012779523
375 64 29 37 0.012870332
363 60 27 41 0.0152515285
385 130 47 96 0.020102805
351 101 40 63 0.02103332
460 228 51 50 0.03169276
452 237 54 98 0.033572298
414 131 38 68 0.041249663
446 229 50 51 0.050204962
362 74 28 40 0.05122827
377 72 29 40 0.110290885
445 207 45 111 0.15060538
243 132 39 56 0.9725874

