54_Rescue_rescuepeople_54_581
271
599 379 9 11 0.0100637395
507 180 13 15 0.010107887
883 352 17 21 0.0101765
547 176 8 8 0.0102027925
546 179 13 16 0.01025557
819 361 11 17 0.0104199555
37 408 5 11 0.0104351705
107 231 6 9 0.010552127
273 348 8 9 0.010708635
402 355 13 16 0.010771797
12 187 13 16 0.0109828245
919 393 7 10 0.01099618
629 323 7 11 0.011117246
482 350 9 12 0.011194476
290 357 6 9 0.011293595
964 187 12 15 0.011428188
369 229 6 8 0.011451623
543 341 7 12 0.011564934
1014 360 7 11 0.011935592
818 390 6 10 0.01217005
975 365 14 15 0.012248173
918 323 13 17 0.01245808
1017 428 7 11 0.012692497
95 356 13 16 0.012859716
537 318 9 20 0.012923806
1010 404 8 12 0.01295858
964 214 5 8 0.01308489
467 189 8 9 0.013089264
15 340 8 10 0.013487593
193 182 11 16 0.01361032
872 374 11 17 0.0138007365
320 193 7 6 0.013905595
964 390 8 11 0.013928525
38 200 9 10 0.014363118
778 378 7 9 0.014434841
481 197 7 10 0.014792314
969 376 7 9 0.01484907
886 347 8 11 0.014868404
707 351 7 8 0.015050254
371 330 6 8 0.01525549
275 359 7 9 0.015518146
608 386 8 11 0.016267095
34 181 13 17 0.01629426
324 213 5 7 0.016314594
929 342 8 11 0.016328651
269 329 9 12 0.016638204
995 368 14 15 0.01681051
707 374 7 11 0.016950043
769 350 9 9 0.017036268
225 330 10 9 0.017108291
337 376 5 9 0.017183488
541 365 8 13 0.017609453
967 303 8 11 0.017630897
64 355 7 10 0.017764276
974 187 7 9 0.01779711
337 349 6 9 0.018031832
479 179 13 16 0.018303392
89 358 7 9 0.018597465
240 375 7 9 0.018659966
868 339 8 12 0.018667996
563 201 8 9 0.018807322
871 332 7 10 0.01893975
897 343 9 11 0.01929105
931 212 6 8 0.019306822
237 341 13 16 0.019375138
36 220 9 11 0.019405609
112 229 6 10 0.019533673
377 197 5 8 0.01959064
317 338 11 17 0.019800562
48 394 5 9 0.019974507
196 200 6 9 0.0200842
186 184 7 9 0.02068876
926 318 8 9 0.020756494
689 213 7 10 0.02079775
0 335 13 18 0.020818042
481 176 8 9 0.02130475
542 321 7 13 0.02130667
969 419 18 20 0.021323843
849 196 8 10 0.021511093
16 196 9 10 0.021564346
624 183 11 16 0.021635955
900 364 9 10 0.021900835
840 367 11 18 0.022068568
1007 392 13 17 0.022443166
598 350 9 12 0.022679577
211 342 8 8 0.022743411
651 199 7 11 0.022911826
789 392 6 9 0.023031855
911 366 9 11 0.023162985
937 191 7 10 0.023196777
173 349 8 11 0.023687199
542 370 7 11 0.023975816
748 196 12 16 0.024197925
465 341 8 11 0.024289979
790 361 12 16 0.024374528
432 213 6 9 0.025269378
851 180 12 16 0.025350444
212 375 6 8 0.02537657
899 329 7 8 0.025651263
57 354 7 11 0.027927203
1015 312 6 10 0.028207114
977 392 9 10 0.029283652
38 397 5 8 0.029834878
877 375 12 15 0.030904876
415 327 20 17 0.03135041
3 197 8 10 0.031461578
390 325 7 9 0.033069402
904 370 12 16 0.033565003
385 195 7 9 0.03406443
869 200 6 10 0.034161016
691 189 12 15 0.034263764
610 381 8 11 0.034516603
369 355 13 16 0.034640644
917 212 7 8 0.03650086
537 364 10 17 0.03794538
642 363 12 16 0.037980363
90 334 9 11 0.03907019
630 316 7 10 0.03942184
233 192 7 9 0.039577976
803 188 13 15 0.04017462
770 357 8 8 0.040776607
481 321 10 12 0.04153562
964 306 12 17 0.042402823
210 360 8 9 0.04323317
623 358 7 11 0.043341022
840 195 8 10 0.043618947
426 214 6 10 0.04433482
845 366 8 12 0.046773665
697 358 7 9 0.046813957
390 316 6 8 0.047238506
977 367 10 11 0.047742855
454 342 7 10 0.048315085
681 216 6 9 0.04849179
978 370 13 15 0.049098138
805 392 7 9 0.050830852
15 189 9 12 0.05106304
400 176 8 9 0.052725762
885 309 13 16 0.052954875
928 326 7 9 0.05570127
407 334 8 10 0.05606179
167 348 11 16 0.056475665
594 239 6 8 0.056621768
1010 395 9 11 0.057367034
407 345 8 9 0.05772025
455 362 7 11 0.058304816
118 384 7 9 0.059416715
1012 373 12 16 0.060355067
431 204 8 9 0.060882557
1 330 12 17 0.06269628
743 365 8 10 0.06288324
435 328 8 10 0.06290555
609 358 8 11 0.0629623
393 174 7 9 0.06407642
449 330 7 10 0.06524507
90 339 8 11 0.06746774
174 355 8 11 0.06762858
415 349 8 10 0.06851121
840 189 9 11 0.06885648
239 355 8 10 0.069707856
378 189 7 9 0.071681574
644 369 7 12 0.072320126
110 193 8 13 0.07665304
232 350 10 10 0.07775787
904 211 7 8 0.079019636
241 335 9 9 0.0820515
367 348 8 10 0.08247229
415 355 8 11 0.082901254
6 188 7 11 0.0849434
846 369 8 13 0.08640136
969 423 10 14 0.087102115
919 325 9 11 0.08752626
541 316 8 14 0.094769254
233 375 8 10 0.09510301
998 366 9 12 0.09766082
105 189 8 14 0.09885959
802 372 7 10 0.10582224
3 338 8 12 0.10716778
472 198 7 11 0.1074095
798 365 8 10 0.111402094
887 356 9 13 0.11361453
426 203 7 10 0.114070185
36 183 9 11 0.116161674
246 190 7 9 0.11616756
455 194 8 10 0.117495075
255 186 8 9 0.12058999
200 331 9 10 0.122793935
919 317 8 10 0.12313832
538 321 6 14 0.123464346
706 357 8 10 0.12652557
232 355 8 10 0.12707916
112 219 7 10 0.13112785
292 194 6 9 0.13541213
904 206 7 10 0.13806044
93 336 9 10 0.14136222
945 197 7 10 0.14155069
997 370 10 11 0.14164062
905 372 9 12 0.14290485
537 369 8 13 0.15409335
819 372 8 10 0.1587571
978 201 7 10 0.16500895
390 361 8 10 0.16843176
197 360 8 10 0.17410849
746 197 8 11 0.17504868
548 181 9 10 0.18062167
106 192 8 14 0.18312038
791 372 7 10 0.18440314
454 190 8 10 0.18490218
420 331 11 11 0.185393
538 317 8 15 0.1937282
840 365 7 11 0.19786839
240 343 9 11 0.20275667
95 338 8 10 0.20281105
482 354 9 13 0.20871224
337 357 7 10 0.21033792
61 348 8 12 0.21072204
315 341 8 12 0.21293871
873 376 8 13 0.22099675
909 370 10 12 0.2212111
510 181 8 11 0.22355294
1014 375 9 11 0.22979607
404 357 8 10 0.23516841
821 363 7 11 0.23818156
361 344 7 11 0.24225856
118 387 8 10 0.24281204
879 377 9 11 0.2443928
505 182 9 12 0.24513163
360 361 8 10 0.25057518
240 195 7 10 0.2541979
644 365 8 13 0.25511107
3 333 9 12 0.25670522
482 316 9 14 0.25710908
307 191 6 9 0.25916874
309 196 7 9 0.26875484
887 311 9 12 0.2759827
966 189 8 11 0.27613443
234 195 7 11 0.2762829
814 179 10 12 0.27690434
973 421 11 14 0.2798064
962 195 7 10 0.28193876
965 307 9 13 0.28652543
916 202 7 9 0.28703973
841 369 7 13 0.30522716
980 371 9 12 0.31286326
598 355 10 13 0.31458214
804 193 9 11 0.32455063
289 190 7 11 0.32738703
168 353 8 13 0.3363903
482 180 8 12 0.34913912
750 197 9 12 0.35221586
372 356 8 12 0.36758214
675 198 7 9 0.36843
58 347 7 13 0.36983743
936 197 8 10 0.37734368
792 364 8 11 0.3875964
693 193 9 11 0.38950887
385 189 8 10 0.39046913
405 178 8 11 0.4022808
210 202 7 10 0.4115399
852 182 9 11 0.41639566
741 371 10 12 0.4210692
211 331 10 11 0.4244081
691 374 8 13 0.43540537
262 330 10 12 0.44193032
195 185 8 11 0.4543248
656 198 7 10 0.46164873
98 357 9 11 0.46492514
883 197 8 11 0.47567886
318 340 8 12 0.48067597
436 183 7 10 0.4840806
323 198 7 8 0.5180145
626 186 7 12 0.550335

