54_Rescue_rescuepeople_54_135
68
693 222 27 42 0.010112349
992 221 31 60 0.010116259
214 187 33 69 0.010236281
681 176 30 14 0.010287956
141 166 17 34 0.010461304
72 230 22 52 0.010469333
679 171 34 35 0.010597088
5 259 13 49 0.010628842
968 204 27 17 0.010648039
1005 234 13 24 0.010839851
99 170 18 35 0.010897901
651 292 50 111 0.010903144
134 187 32 62 0.011049262
97 123 7 11 0.011082508
383 176 56 110 0.011096752
954 325 42 112 0.011097658
692 204 30 38 0.01110149
72 113 6 10 0.011120067
65 176 32 71 0.011282865
65 157 30 68 0.011374378
871 169 27 16 0.011426523
679 181 33 13 0.011577292
210 186 50 91 0.011618183
83 240 36 67 0.011688101
137 330 52 98 0.011887652
21 309 47 108 0.012312918
871 437 80 135 0.012634468
951 231 22 22 0.012871809
994 238 30 71 0.013350229
532 55 38 65 0.013515106
998 234 15 22 0.01387039
115 138 7 11 0.014822657
679 202 33 37 0.015081148
968 487 48 105 0.015185398
71 167 11 26 0.015622977
960 467 36 71 0.017092943
153 183 20 22 0.01783567
895 204 19 33 0.017872065
1000 246 22 53 0.018365812
1015 0 6 9 0.019197311
4 252 18 65 0.019810366
0 261 25 94 0.019861592
164 228 14 21 0.022731075
333 47 20 39 0.023156593
69 238 31 69 0.023737691
100 221 24 48 0.02820734
686 126 9 10 0.029368617
128 106 7 10 0.029450295
870 218 20 36 0.030844364
678 215 40 58 0.03292433
675 195 42 54 0.032955162
954 359 44 111 0.034348328
142 199 18 34 0.03708003
864 209 35 54 0.037921406
72 167 16 39 0.039676648
70 123 5 11 0.05758955
119 111 7 9 0.057622906
337 39 35 58 0.08925645
999 236 22 21 0.09432596
954 213 28 37 0.13232344
949 217 27 40 0.23350637
84 106 7 10 0.27138504
879 466 52 98 0.34854117
999 231 17 37 0.44062153
329 39 31 59 0.53736645
943 215 24 42 0.56545866
505 1 43 63 0.81359595
869 204 27 46 0.87723935

