54_Rescue_rescuepeople_54_711
66
720 234 7 10 0.010088396
420 363 13 17 0.010210086
480 395 8 8 0.010733172
519 364 8 9 0.010801827
486 303 9 12 0.010834652
329 253 7 6 0.012364595
491 309 12 18 0.013154087
561 348 7 9 0.013172085
579 285 8 8 0.013497146
562 283 8 8 0.014409947
565 267 6 7 0.015061364
546 283 14 17 0.016057435
454 300 12 18 0.01618735
355 247 9 7 0.01647111
544 362 7 8 0.017923193
454 307 12 18 0.018396446
425 350 6 8 0.019148394
433 397 10 8 0.020607606
481 380 9 9 0.021309016
495 312 7 12 0.021543566
452 355 14 17 0.022339981
496 296 12 19 0.022891948
354 241 9 7 0.023472836
548 286 10 10 0.023986883
499 299 8 12 0.02536273
469 379 8 8 0.026820406
463 306 12 19 0.029261578
494 338 12 18 0.029487895
516 345 8 11 0.029981764
446 372 14 16 0.030970583
455 310 9 12 0.031570673
499 365 8 9 0.031625476
461 299 13 18 0.032695808
339 252 6 6 0.033470586
465 309 9 13 0.033950176
434 378 9 8 0.035863273
468 353 8 9 0.040114846
427 315 12 18 0.040867653
483 347 7 10 0.041526575
529 360 13 17 0.0431797
428 325 13 19 0.044036534
464 301 8 12 0.05127533
456 302 8 12 0.053209737
423 364 8 9 0.054592226
496 331 12 19 0.056196306
480 360 7 8 0.059999693
451 350 14 15 0.06002059
426 325 7 13 0.060614344
413 376 11 12 0.07561075
713 235 7 11 0.08194482
430 318 8 11 0.09325075
437 349 7 7 0.09384681
498 334 8 12 0.10457274
434 361 8 8 0.109751254
432 329 7 10 0.113076374
424 320 12 21 0.11905553
497 341 8 12 0.12015878
449 375 10 9 0.1352074
471 359 7 8 0.14760512
532 363 8 10 0.17919211
454 358 9 9 0.24520953
454 353 9 10 0.33208564
422 313 12 20 0.37187508
424 315 8 13 0.4757517
406 372 15 17 0.66333
484 306 13 19 0.76895523

