40_Gymnastics_Gymnastics_40_273
20
490 122 30 42 0.6237009
374 227 35 54 0.6262456
484 256 32 57 0.64942616
581 75 27 41 0.7088446
791 124 34 37 0.7341559
179 225 36 50 0.76203614
299 128 31 42 0.76267254
692 126 35 37 0.7809068
148 69 27 39 0.79047287
487 60 27 40 0.8079286
391 121 29 39 0.81624544
409 76 27 40 0.82543707
672 71 28 43 0.838661
234 65 22 35 0.8551022
894 130 34 38 0.8634381
755 67 30 37 0.8659348
316 69 29 38 0.8665465
821 58 34 36 0.8985569
201 123 29 40 0.9182068
100 115 33 39 0.92796636

