40_Gymnastics_Gymnastics_40_887
20
334 395 42 67 0.6114209
519 271 44 63 0.6947876
659 274 52 60 0.6991235
249 273 45 65 0.7311324
360 145 41 60 0.7377963
804 270 50 56 0.80297387
485 132 37 64 0.8053927
875 109 46 57 0.8081745
112 270 36 73 0.8297724
744 97 40 56 0.83904505
432 79 39 56 0.8847679
384 287 46 62 0.8869393
625 130 43 53 0.89414567
218 134 37 61 0.90602636
189 82 39 54 0.91692793
551 61 42 57 0.9169434
314 71 39 58 0.939979
99 142 37 61 0.9407529
688 39 39 57 0.9536853
839 56 42 53 0.9598658

