20_Family_Group_Family_Group_20_1015
35
3 215 24 107 0.010013316
952 237 32 68 0.010251465
439 19 52 43 0.010288277
996 267 22 52 0.011100322
580 73 78 75 0.011460178
2 252 26 96 0.0114669325
435 174 34 69 0.011707081
386 313 58 83 0.012010473
929 236 34 70 0.012026678
607 74 128 103 0.012426969
348 179 38 58 0.012854874
1001 262 16 38 0.013165697
530 24 134 105 0.013186827
426 179 27 47 0.013311788
914 204 37 70 0.013417898
429 150 56 81 0.014120961
520 226 55 83 0.014136329
910 265 52 103 0.014656368
223 304 27 42 0.016353669
678 322 63 102 0.018969228
265 336 26 42 0.020349428
631 87 79 73 0.025683137
558 41 77 72 0.027748186
915 294 32 81 0.03369316
406 154 61 80 0.038523886
951 207 52 102 0.041551128
221 357 27 40 0.043796938
422 168 35 66 0.04783938
916 211 62 88 0.049662482
907 210 30 73 0.083259255
495 31 101 62 0.10397702
474 21 147 87 0.13176763
382 281 68 97 0.924897
520 333 74 121 0.97682846
651 311 77 119 0.98423314

