20_Family_Group_Family_Group_20_64
53
333 88 25 17 0.010463778
1003 412 17 67 0.011312907
0 261 32 101 0.011572202
248 432 39 59 0.012668963
734 297 51 80 0.01341781
991 295 28 71 0.013438916
1004 396 18 63 0.013668447
933 325 33 64 0.014305845
989 166 28 79 0.016347358
708 295 38 61 0.018701289
709 320 47 62 0.021235844
975 213 18 39 0.021247681
663 250 25 40 0.022108577
563 326 43 58 0.022843054
1009 108 12 47 0.02431091
327 78 23 29 0.027563507
538 323 44 56 0.034322675
12 378 52 59 0.036462307
243 445 43 62 0.045622006
120 385 47 48 0.046480816
929 272 34 63 0.047817018
327 291 52 83 0.049061667
957 220 34 63 0.049226563
902 292 47 82 0.072213985
927 286 32 66 0.087571956
0 246 20 106 0.08927738
585 326 58 73 0.092250764
993 198 22 54 0.09291025
858 464 36 62 0.105649196
153 390 43 53 0.108451284
970 203 31 64 0.13049789
324 447 34 68 0.22597916
9 342 47 103 0.3937606
491 162 49 63 0.40781984
172 303 50 64 0.48806185
540 165 39 55 0.5131467
183 422 54 78 0.5372718
716 327 63 68 0.5509251
756 274 45 64 0.55726737
892 301 43 68 0.5586242
342 274 44 62 0.5628737
47 133 49 63 0.6023247
309 309 60 88 0.6133686
461 317 68 79 0.6193519
652 122 51 62 0.71171916
610 311 43 68 0.73194784
763 480 71 84 0.75058454
253 181 32 43 0.79464626
317 158 43 57 0.841319
618 390 68 86 0.84957194
153 226 44 53 0.8750621
280 25 34 51 0.9511806
801 53 37 59 0.97110003

