20_Family_Group_Family_Group_20_672
103
513 1176 26 46 0.010299155
159 1076 36 59 0.010304964
445 792 21 29 0.010401951
756 224 29 39 0.01046322
176 484 36 55 0.011198758
160 1104 22 34 0.011787504
438 270 31 38 0.011856064
508 949 22 20 0.012062101
88 870 26 19 0.012963484
183 941 44 56 0.013024603
351 231 32 37 0.013205052
569 1168 31 65 0.013304175
731 1104 38 59 0.01385715
135 1104 27 44 0.014188898
391 224 32 37 0.014660176
550 828 31 15 0.014848345
830 837 20 31 0.01486749
399 236 23 32 0.015032544
259 1034 22 30 0.015797477
735 848 20 23 0.016891958
490 1007 27 41 0.017793352
369 352 45 49 0.018486628
359 340 37 54 0.018963655
544 464 29 67 0.01946152
495 838 25 38 0.02154737
36 416 32 72 0.027345603
502 920 28 37 0.027487652
428 840 27 19 0.029541394
389 280 29 37 0.030147327
506 834 19 34 0.037923332
503 937 27 37 0.043776613
166 1040 21 30 0.044888325
779 866 18 37 0.04494791
157 467 39 56 0.04824348
229 862 20 34 0.068429306
260 867 21 34 0.07419529
497 833 19 34 0.085791
114 487 32 44 0.09463132
552 825 20 31 0.107479915
310 823 22 29 0.12037563
740 849 18 31 0.12058504
152 1093 36 56 0.14793852
683 237 25 44 0.15045719
654 853 20 33 0.16079769
819 1043 19 32 0.16513796
393 876 23 32 0.17267412
138 265 31 54 0.18711895
264 873 21 33 0.19658144
577 480 33 60 0.20037514
90 864 21 32 0.22556886
431 834 20 34 0.24233247
357 842 26 38 0.25678837
232 486 39 56 0.2668109
460 830 20 33 0.26694414
567 873 30 37 0.27115598
205 857 24 45 0.29310253
537 209 26 42 0.29656577
305 823 21 33 0.30206704
135 868 18 34 0.31693098
611 847 22 32 0.32161397
476 262 33 55 0.32508007
311 862 26 39 0.33188006
372 340 33 55 0.33567092
403 235 30 38 0.3418108
252 1024 27 37 0.3655291
776 869 24 46 0.3686919
833 842 19 36 0.38113603
824 1048 22 32 0.38927022
808 893 22 46 0.39995956
146 274 31 41 0.4049512
740 885 25 43 0.4081495
856 844 26 40 0.42127356
511 205 31 41 0.42746776
682 864 21 36 0.44795746
357 281 32 43 0.4793452
746 232 35 39 0.48714218
166 483 36 53 0.49097198
715 183 28 39 0.49729237
425 269 29 41 0.51052094
565 262 31 61 0.51087517
311 255 33 40 0.5126298
106 939 25 42 0.5237908
643 238 29 46 0.5296136
435 149 34 49 0.5385028
692 271 36 54 0.5395407
678 184 27 37 0.5738303
744 1041 21 33 0.58388937
450 1023 28 40 0.5967681
610 212 28 45 0.59956986
648 1033 27 37 0.60298127
803 281 32 54 0.6101984
195 223 31 44 0.6219625
351 1024 29 38 0.6305659
757 337 36 68 0.6555929
279 286 33 54 0.6768228
305 143 34 37 0.69968194
281 217 32 41 0.7276158
104 261 32 60 0.7332324
106 480 34 56 0.7421988
215 299 35 57 0.7437542
663 144 31 38 0.7513026
361 223 29 41 0.7585835
868 308 38 56 0.8277166

