20_Family_Group_Family_Group_20_255
30
484 406 47 64 0.010672697
494 144 10 12 0.011638993
922 51 7 10 0.011645709
482 142 13 17 0.012154474
771 310 30 44 0.012638496
529 133 36 40 0.012834407
893 271 37 63 0.012880319
768 281 38 62 0.0135290045
483 143 10 13 0.01504595
733 374 54 83 0.015149869
489 425 62 54 0.018747654
352 280 40 61 0.019585762
730 361 39 72 0.033794675
221 316 41 59 0.035884507
767 301 38 63 0.064049736
928 197 24 18 0.06885467
374 259 52 94 0.08113678
710 358 35 61 0.097453505
197 310 57 80 0.14694062
312 443 49 64 0.36981946
606 421 52 65 0.41849133
752 367 49 89 0.60157436
495 400 49 89 0.62760067
891 358 60 84 0.63435906
367 301 46 55 0.6731931
141 434 62 79 0.7800218
197 332 42 62 0.821073
788 220 42 62 0.8875336
518 124 43 60 0.90407866
657 233 47 54 0.90629375

