20_Family_Group_Family_Group_20_759
19
114 114 32 44 0.012268606
438 411 24 20 0.021265239
981 450 26 96 0.02763486
524 288 27 45 0.030392693
517 299 37 59 0.04431615
369 77 34 42 0.16354907
973 457 29 74 0.17594352
311 283 42 65 0.4769611
599 375 37 58 0.80943954
761 226 48 64 0.821469
105 248 41 65 0.85231715
502 79 38 60 0.87701535
575 294 42 55 0.8982403
101 103 41 58 0.9133268
362 63 37 60 0.9141439
799 100 42 59 0.9370358
657 112 42 61 0.9535672
222 154 34 54 0.9714779
450 301 35 57 0.9744916

