20_Family_Group_Family_Group_20_702
21
5 224 84 213 0.010053295
3 333 27 40 0.010185731
37 334 27 16 0.010692371
13 387 28 41 0.010810338
16 381 40 55 0.0112585025
684 234 50 91 0.011376427
21 387 30 39 0.012074177
24 321 25 16 0.01254084
34 302 11 11 0.013127892
9 365 19 33 0.022816846
3 337 18 34 0.028143167
21 322 38 53 0.031904127
27 298 22 18 0.032978326
24 346 25 19 0.051727243
28 339 25 18 0.057934847
158 490 33 36 0.06918972
26 329 29 38 0.17099285
518 390 44 71 0.46200234
759 333 57 84 0.77274257
280 227 61 100 0.94958305
653 227 75 104 0.9857377

