20_Family_Group_Family_Group_20_62
46
733 305 28 40 0.010111604
971 148 18 35 0.0103345495
966 101 12 18 0.010354544
968 145 25 46 0.01073658
346 128 20 36 0.010800817
994 163 12 22 0.011075325
1009 152 8 13 0.012102711
336 126 21 38 0.013684688
679 436 12 19 0.013768902
721 237 21 31 0.01381653
1007 162 12 22 0.017106358
355 50 13 19 0.017891696
972 100 12 18 0.018300356
615 61 36 60 0.030649249
624 379 26 42 0.031255964
960 161 34 64 0.034119207
235 222 35 36 0.035899784
633 125 18 38 0.045462724
372 204 28 40 0.061459016
639 390 22 33 0.07929968
974 103 8 12 0.080374315
968 105 8 11 0.09160478
338 126 31 53 0.097123176
234 133 33 36 0.13918488
725 233 28 36 0.2000752
623 123 26 46 0.4509758
536 162 33 52 0.50440496
630 167 30 45 0.5051302
562 309 31 42 0.582572
444 236 31 56 0.59095156
450 166 31 45 0.6332426
632 383 27 40 0.6839281
365 202 26 38 0.71341515
333 132 31 38 0.7534314
644 304 29 40 0.7871764
308 179 35 36 0.8116646
716 140 30 43 0.85260373
763 186 31 44 0.86688906
515 133 30 42 0.8714729
867 208 33 42 0.88059807
243 215 37 46 0.88886565
192 164 35 50 0.93089205
416 136 30 42 0.93208414
108 100 33 50 0.93508214
839 154 31 41 0.93994975
242 125 31 43 0.9453621

