20_Family_Group_Family_Group_20_447
18
545 370 238 285 0.011064269
286 360 117 183 0.013249203
723 224 120 193 0.019674778
602 436 122 174 0.021358255
514 393 203 237 0.024416678
647 254 65 107 0.025698144
285 114 119 196 0.02760672
191 100 106 180 0.028581066
391 527 108 151 0.03282731
472 148 134 190 0.03338626
443 47 115 204 0.036688335
638 235 92 150 0.0463889
186 94 204 213 0.067322224
695 227 106 178 0.12490292
553 420 123 189 0.12883933
227 105 116 199 0.13230057
437 52 182 285 0.88002217
407 536 128 178 0.9923969

