20_Family_Group_Family_Group_20_636
233
127 142 12 20 0.010002676
150 58 8 9 0.010004759
782 120 12 19 0.010034254
376 131 11 21 0.010064928
785 161 21 20 0.010073017
913 120 11 23 0.01010201
417 102 8 14 0.010116048
542 195 11 24 0.010154185
421 114 11 20 0.01020851
1010 135 8 13 0.010230143
270 84 12 18 0.010267671
519 59 5 5 0.010406924
735 111 11 15 0.010428973
164 179 17 34 0.010551047
440 56 5 7 0.010654406
711 99 8 13 0.010735801
453 102 8 13 0.010945429
226 105 8 11 0.0111078
289 115 17 30 0.011262764
501 74 6 6 0.011266892
944 84 17 32 0.011441
958 140 12 26 0.011450944
113 189 12 22 0.0115971
128 170 9 15 0.01162417
927 110 34 64 0.011662488
793 160 20 20 0.011663148
531 192 10 24 0.011735262
147 149 11 20 0.012105267
159 117 12 21 0.0122835515
452 70 6 8 0.012292713
879 142 11 23 0.012630609
343 86 11 19 0.012759657
501 61 5 5 0.012823411
879 133 12 23 0.01298166
811 144 20 21 0.012988119
209 131 8 14 0.013097421
613 149 12 20 0.013129628
578 163 12 21 0.013356869
688 172 11 12 0.013384025
934 115 24 46 0.013556319
863 121 17 32 0.013821974
348 89 12 19 0.014053231
471 92 8 10 0.014116128
272 86 9 12 0.01418247
811 134 19 21 0.014381849
873 142 18 32 0.014385737
833 130 19 22 0.014394251
262 111 12 20 0.014512266
647 168 9 15 0.014530335
246 90 7 11 0.014669533
933 144 18 37 0.014728932
351 90 7 13 0.014739134
260 177 25 47 0.0148522165
467 114 9 13 0.01507144
303 95 9 16 0.015148652
481 129 10 14 0.0155366305
95 116 12 20 0.015544188
129 128 17 30 0.015612736
531 56 6 6 0.015617399
179 99 12 19 0.016126439
108 124 17 32 0.016202841
393 118 16 32 0.016321767
904 137 24 45 0.016488422
518 132 13 19 0.016548721
938 117 17 34 0.016602136
276 116 10 15 0.01677442
549 89 13 18 0.016783388
520 135 9 12 0.016901534
970 144 19 31 0.016907098
470 58 4 6 0.017003449
435 104 8 12 0.017020352
799 150 13 20 0.017058872
534 184 6 12 0.017258808
465 110 12 19 0.017432591
726 182 13 19 0.017439168
150 163 12 22 0.017439714
804 148 20 29 0.017560398
844 81 12 19 0.01766848
139 146 17 33 0.017916044
485 61 5 5 0.01799329
256 89 13 18 0.018088741
168 74 7 7 0.018171154
649 174 20 20 0.0183361
840 141 20 31 0.01844139
132 121 7 12 0.018462805
983 125 11 26 0.018733528
836 81 16 30 0.01888447
534 197 5 13 0.019293148
993 139 12 25 0.019458545
344 87 8 13 0.019571694
264 99 17 29 0.019652026
269 104 12 21 0.019733882
447 135 12 19 0.019738305
164 127 12 23 0.019813051
528 135 8 12 0.019862037
453 58 5 7 0.020723723
815 87 8 13 0.020762173
178 121 17 32 0.020771429
97 120 9 12 0.021016886
199 88 7 10 0.021148149
960 133 11 26 0.021246035
156 163 12 23 0.021411698
533 119 9 11 0.02151874
117 183 12 21 0.02157904
433 102 12 20 0.021591406
197 121 8 13 0.02223671
807 77 9 13 0.024037113
258 91 9 12 0.024852093
119 131 11 22 0.025370432
204 144 17 32 0.025796436
484 86 8 10 0.025935784
126 174 12 22 0.02638993
558 89 13 18 0.026478304
248 102 8 13 0.026617076
296 98 8 14 0.0271516
981 118 12 23 0.028092183
182 91 7 9 0.029258301
718 146 13 20 0.029385129
970 117 17 33 0.029695341
481 123 9 13 0.030197168
485 73 6 7 0.030513935
544 118 8 10 0.030691763
178 74 7 7 0.03071462
688 179 12 12 0.030955113
296 91 9 14 0.031358205
837 84 11 14 0.031373944
147 113 11 21 0.03148483
905 141 17 35 0.03157695
860 117 12 21 0.03223613
181 103 7 11 0.03235311
479 126 12 20 0.032452684
912 132 8 18 0.032730956
205 127 12 20 0.03284168
237 114 17 29 0.03326819
551 91 8 11 0.033566434
897 141 12 24 0.03365751
805 75 13 18 0.033873945
565 168 8 15 0.034103647
499 107 9 13 0.034147378
449 138 8 13 0.034264505
513 88 7 9 0.0344327
129 136 7 15 0.034599937
945 63 17 29 0.034881223
384 133 8 15 0.035420902
209 160 13 23 0.03563837
247 100 11 20 0.03624698
950 67 21 20 0.03655065
882 93 16 30 0.037927
561 92 8 11 0.03813721
997 138 17 33 0.04033453
533 105 8 10 0.040614113
505 90 7 9 0.041206304
303 90 9 15 0.041306645
712 87 9 16 0.04237996
531 89 7 9 0.043901965
515 76 6 7 0.0445112
498 105 12 19 0.04529015
126 168 12 21 0.045762558
852 118 13 23 0.045775115
165 103 6 10 0.04607343
400 105 7 15 0.04613917
904 132 11 25 0.04715994
776 128 19 22 0.048023548
909 122 17 34 0.048904333
565 172 12 23 0.049662594
729 183 20 20 0.050262097
283 114 13 21 0.051228657
295 95 11 20 0.052838653
149 116 7 13 0.054119516
191 101 12 19 0.054940544
239 118 9 15 0.055030823
194 119 13 21 0.056745898
683 169 20 19 0.05713504
812 84 12 19 0.0572062
647 168 21 20 0.058518004
196 73 6 7 0.059659086
1007 130 11 25 0.060036037
396 111 11 19 0.060418054
888 95 18 23 0.06385221
208 123 9 12 0.065640815
194 126 13 23 0.06807798
466 105 9 14 0.06890039
397 104 11 20 0.06907775
232 117 9 14 0.07206441
994 127 16 32 0.0743467
646 164 12 22 0.07448596
479 121 13 19 0.07562181
852 126 13 25 0.07576123
382 130 11 20 0.08151176
194 105 8 11 0.09615274
260 102 8 14 0.1002257
296 89 12 19 0.102608494
205 121 13 19 0.10465739
500 117 9 14 0.109613545
126 134 11 21 0.12311046
683 176 20 19 0.12553804
806 83 9 14 0.12698883
774 121 12 21 0.1328773
513 105 10 13 0.147673
350 150 17 36 0.16119035
551 97 13 18 0.1769589
556 96 12 17 0.18048735
552 100 9 13 0.18074104
498 114 13 19 0.1854498
667 117 12 17 0.18675555
231 114 13 20 0.22589877
236 116 12 19 0.22781833
564 166 11 22 0.22887684
258 100 12 20 0.2439408
274 112 13 22 0.25209546
774 126 13 20 0.25571847
836 81 13 20 0.26402554
923 130 35 65 0.27221453
510 102 14 18 0.2735341
389 105 11 20 0.27435496
345 98 11 20 0.28255203
846 124 19 32 0.29052693
663 117 13 18 0.29470363
391 110 10 21 0.2953565
805 80 12 19 0.29798764
270 109 18 32 0.32905906
885 95 14 22 0.34349406
909 129 12 24 0.35109162
712 85 12 21 0.36089242
949 66 14 20 0.36774918
715 85 14 19 0.3904107
431 114 12 20 0.49146065
463 102 13 21 0.49286154
192 119 18 32 0.5055918
300 89 13 19 0.5212743
348 98 12 20 0.5300352
734 105 13 19 0.5528131
621 106 14 19 0.6746376

