20_Family_Group_Family_Group_20_33
29
653 317 25 19 0.011579818
95 330 22 36 0.022268882
546 347 22 20 0.033764794
647 401 28 37 0.03973634
653 327 20 33 0.11481387
438 305 24 39 0.49997854
435 306 20 32 0.5231666
550 340 22 31 0.53511053
123 299 32 38 0.6433757
665 313 21 33 0.6838045
358 330 26 39 0.7418978
473 318 26 39 0.77277464
594 415 36 39 0.77452826
634 338 28 35 0.7992758
352 449 33 40 0.8365151
794 402 37 51 0.86020607
553 381 34 37 0.86336285
700 403 32 39 0.8848024
742 388 31 35 0.88958114
165 298 28 38 0.8912979
330 288 20 36 0.893504
455 400 33 37 0.9037223
264 402 30 42 0.9139402
899 338 29 38 0.91547316
770 343 28 37 0.9251393
252 308 31 39 0.92835784
219 339 31 39 0.93185365
89 333 31 40 0.9443952
830 347 31 37 0.9561496

