20_Family_Group_Family_Group_20_326
29
865 338 21 21 0.010461867
509 250 24 19 0.011395185
444 281 26 19 0.01144341
416 294 22 20 0.011795972
905 325 22 20 0.012561494
517 257 25 21 0.01264555
899 349 17 32 0.015762605
232 260 22 31 0.022717874
893 352 20 22 0.022846123
427 378 23 20 0.025950776
903 330 17 31 0.02990983
512 255 22 21 0.112392195
422 381 24 21 0.14749718
824 223 20 30 0.1854128
424 372 17 30 0.23531684
434 234 20 34 0.58299947
438 232 23 30 0.7222611
518 247 19 33 0.7639411
874 334 19 33 0.83625454
396 248 20 33 0.8917625
454 276 22 32 0.897553
220 220 28 41 0.92029476
350 234 19 38 0.9400597
860 199 27 39 0.94161075
817 223 20 36 0.9638324
630 191 38 50 0.9649093
809 284 19 37 0.97066665
151 213 29 41 0.9793912
704 221 30 42 0.9844806

