20_Family_Group_Family_Group_20_339
46
250 176 25 17 0.010049014
765 157 43 54 0.010057129
4 114 13 43 0.0102901375
832 178 25 18 0.010326106
0 82 14 39 0.010426237
839 151 25 18 0.011129609
835 124 30 38 0.011251847
190 169 24 17 0.011589898
579 208 20 30 0.011648619
862 90 41 52 0.011765839
904 114 20 32 0.012212953
585 190 19 32 0.013313917
107 159 20 22 0.016148925
200 166 22 19 0.017106736
1013 109 9 32 0.01743438
670 197 25 17 0.017722638
109 154 22 20 0.019104708
159 166 21 37 0.019413466
126 115 24 18 0.019413712
832 170 25 18 0.019756382
99 174 13 24 0.020976359
1011 79 11 52 0.022817113
99 172 19 32 0.023810964
100 159 20 32 0.044088334
539 190 19 33 0.050824504
252 170 24 19 0.05156073
1010 104 13 45 0.05263172
125 117 34 32 0.066713035
834 147 21 30 0.07130197
830 147 24 18 0.082458995
139 158 31 37 0.094433814
663 214 26 19 0.14625746
831 174 29 40 0.25256264
370 133 32 40 0.2584495
238 138 31 41 0.55165696
672 209 18 34 0.5839893
149 160 33 40 0.9176161
31 86 37 59 0.9304444
859 101 36 50 0.93062454
619 180 27 41 0.94255483
242 129 34 55 0.9463632
702 163 28 44 0.97085506
361 127 36 51 0.9721675
766 142 36 58 0.9744717
524 192 26 40 0.97608554
450 168 29 41 0.98330104

