20_Family_Group_Family_Group_20_22
20
567 215 7 9 0.011664571
633 230 18 36 0.012134189
557 223 24 18 0.012694911
617 525 23 21 0.019004226
404 253 17 33 0.019788545
302 252 30 38 0.024271466
467 229 19 34 0.02941103
609 526 20 23 0.0615393
615 522 20 31 0.3950408
476 224 20 37 0.9372691
347 246 24 42 0.94161195
180 286 26 41 0.9443534
549 238 18 38 0.94573
412 251 21 35 0.9457648
641 286 27 47 0.9656573
621 226 25 43 0.9671969
762 267 30 37 0.9783302
310 242 30 40 0.98798764
248 274 31 41 0.9883475
714 275 26 43 0.989244

