20_Family_Group_Family_Group_20_294
45
976 243 5 9 0.011562563
985 227 5 10 0.0115676215
994 225 5 11 0.012517301
998 211 5 10 0.012957012
415 195 25 42 0.012972273
147 384 33 42 0.013065496
784 260 17 42 0.01313749
246 327 27 42 0.014903843
249 338 20 34 0.015488248
853 256 26 43 0.01599597
87 178 39 56 0.016355487
237 329 20 38 0.016395496
577 340 27 41 0.016421398
87 315 37 57 0.021053791
423 197 19 35 0.021897307
542 172 21 33 0.023088865
659 356 29 40 0.026135864
568 249 28 35 0.027677128
123 248 24 46 0.086810246
662 217 24 29 0.14996909
561 277 23 31 0.15874587
467 304 30 37 0.36543205
459 305 30 38 0.3735993
356 230 29 44 0.38227153
381 225 29 41 0.454029
551 355 27 38 0.48112497
681 260 27 40 0.48887482
535 177 30 38 0.48933795
216 236 32 42 0.4933488
781 270 25 41 0.51882696
388 309 28 40 0.53807044
240 333 24 42 0.56041867
564 274 28 37 0.59226215
277 215 34 52 0.59475774
587 228 20 35 0.644329
174 179 28 41 0.7110131
486 205 28 46 0.7286466
393 187 29 38 0.7532597
652 217 29 36 0.8164011
651 360 30 41 0.83441967
744 246 26 42 0.8553106
844 255 27 43 0.8579307
791 191 31 42 0.86205316
698 196 31 35 0.86387867
137 381 35 61 0.89699227

