20_Family_Group_Family_Group_20_775
20
0 330 12 44 0.010607933
850 456 17 31 0.010884762
853 459 27 17 0.0133089265
333 580 136 176 0.016474772
626 278 43 100 0.017703574
978 478 40 67 0.02044164
614 294 41 57 0.028066235
77 1006 176 288 0.02960659
336 374 23 47 0.03059869
102 1054 124 211 0.034790304
963 471 49 107 0.048202273
957 479 47 57 0.05030994
361 392 268 348 0.070378534
346 370 17 37 0.1005452
629 293 36 59 0.26460677
338 368 18 38 0.43585074
152 362 20 36 0.8457511
74 330 24 44 0.90583783
271 584 209 237 0.9499709
428 386 187 264 0.9728486

