20_Family_Group_Family_Group_20_799
86
453 347 17 32 0.01001133
230 332 11 17 0.010191858
0 310 6 36 0.010251427
293 367 6 14 0.010573197
0 283 11 47 0.010879414
386 501 31 69 0.011436643
809 368 8 14 0.011506566
192 330 6 9 0.012149888
84 340 8 9 0.012322873
453 347 11 19 0.012495317
450 372 6 11 0.012873046
251 350 6 10 0.012925886
525 503 65 116 0.0130184805
191 335 12 18 0.013291224
98 169 12 19 0.013865943
233 330 7 10 0.014037574
86 162 12 22 0.014230563
167 337 7 8 0.014367048
807 365 12 21 0.014519952
814 368 8 14 0.014530682
182 332 11 19 0.014582189
275 337 6 10 0.01567176
184 330 6 8 0.015672298
360 367 5 11 0.015702706
276 368 6 12 0.015915463
812 365 11 19 0.017251724
131 335 12 18 0.017669383
206 347 12 19 0.017876226
87 174 9 15 0.017994445
290 361 11 25 0.021148633
295 339 12 19 0.022548735
58 315 9 14 0.023109488
404 353 6 7 0.02319781
195 346 11 21 0.023767866
96 162 12 21 0.02382193
132 351 7 10 0.024044499
57 308 12 18 0.025003843
301 346 11 21 0.025270911
293 359 18 32 0.026449686
257 348 6 11 0.02672297
454 350 7 12 0.028294941
394 436 25 48 0.029584814
352 348 12 18 0.030812794
422 347 12 18 0.030877274
0 280 7 35 0.032205045
301 338 11 18 0.03677141
350 341 12 17 0.037190147
463 347 11 21 0.03741724
144 336 7 9 0.044115953
104 335 7 9 0.046894524
465 351 7 13 0.048699837
212 343 6 8 0.04888586
304 349 6 14 0.053611446
424 350 8 11 0.056345355
198 350 6 11 0.056575995
85 170 12 20 0.058400672
133 328 7 7 0.0622817
209 350 7 11 0.06785752
297 342 8 12 0.0761104
393 729 31 68 0.080696054
391 352 6 9 0.08642449
841 363 12 19 0.09251325
145 327 6 8 0.0965622
295 351 7 13 0.098953724
293 348 11 21 0.10078865
371 354 7 9 0.11251779
346 351 6 10 0.1220745
353 344 7 12 0.13224207
432 348 12 18 0.14704327
63 314 10 15 0.15004846
60 310 13 16 0.20335937
133 339 7 9 0.22629473
242 336 6 11 0.23726708
194 337 7 10 0.2704749
185 335 6 10 0.28595746
303 341 8 12 0.32027486
256 342 7 10 0.33328953
232 334 7 11 0.42477247
355 350 7 11 0.5592958
529 521 81 131 0.565077
435 350 7 13 0.5933129
397 359 19 36 0.60397285
844 363 15 17 0.65179306
116 630 79 93 0.8712954
904 493 85 95 0.8736411
544 170 84 152 0.99560356

