20_Family_Group_Family_Group_20_1037
20
72 98 51 89 0.010520763
96 137 40 61 0.010907075
133 96 59 83 0.01637797
251 47 49 91 0.016896717
216 44 51 87 0.017244734
228 69 40 77 0.021626081
867 149 33 14 0.024308907
926 162 47 68 0.025915585
901 105 56 87 0.038463697
998 153 26 92 0.044186212
9 139 46 129 0.055606116
993 126 29 96 0.18565173
956 135 54 90 0.35972452
913 138 65 84 0.41270724
236 64 49 92 0.5959481
1 162 72 173 0.6239227
763 105 62 80 0.8640055
143 128 68 111 0.8750276
343 53 67 92 0.922905
571 44 61 84 0.9598881

