20_Family_Group_Family_Group_20_914
62
533 280 27 39 0.0102262655
216 220 22 20 0.0103916135
193 195 14 19 0.010419852
169 134 20 30 0.01069001
230 194 26 20 0.010858764
183 236 24 19 0.010862483
576 381 22 18 0.011120796
138 91 24 18 0.011305852
904 200 21 30 0.011536129
594 211 9 10 0.011546214
863 174 21 23 0.012333034
221 203 22 21 0.012393492
829 156 18 33 0.012514319
69 117 18 31 0.012694827
964 162 24 48 0.012984875
803 158 12 26 0.014699027
151 175 24 20 0.016336711
905 172 17 32 0.01878647
224 249 19 31 0.019647865
927 175 18 34 0.020839967
497 270 17 37 0.020848043
589 371 19 30 0.020864636
101 133 7 11 0.021997523
68 129 7 12 0.02202511
142 173 24 22 0.022216916
188 232 19 32 0.022778338
190 177 18 30 0.023068773
445 301 16 39 0.023878047
134 84 25 16 0.023930172
130 113 21 20 0.02526152
619 226 19 30 0.030988984
177 171 22 20 0.031200929
66 124 12 22 0.03145611
200 209 19 31 0.034580994
137 110 22 21 0.035529654
156 96 23 18 0.037499744
337 129 7 9 0.043106563
183 172 22 19 0.04407597
172 226 26 44 0.051314414
189 199 22 20 0.054910682
642 302 21 28 0.058916494
812 154 18 36 0.07221233
422 266 24 47 0.07748055
426 296 17 37 0.08077412
826 163 17 34 0.08875733
156 170 18 32 0.1390959
140 111 18 34 0.14123742
537 288 19 35 0.157049
527 280 19 38 0.17254421
625 218 19 35 0.24812259
605 365 21 31 0.52382934
265 256 19 33 0.5811301
635 224 18 33 0.7739759
233 193 20 32 0.7747779
144 165 18 37 0.8058042
391 308 23 45 0.8104346
162 115 21 34 0.82469726
528 284 24 43 0.8742944
866 169 20 36 0.89413023
817 160 19 37 0.9280026
591 227 19 37 0.96010923
458 199 27 41 0.9711575

