20_Family_Group_Family_Group_20_72
22
391 329 38 38 0.010786618
266 215 31 39 0.01159428
530 222 38 36 0.0135140065
254 232 40 56 0.014803158
495 174 50 84 0.016519768
516 215 42 53 0.018461129
731 110 48 97 0.021167966
402 326 34 42 0.022627765
519 237 38 36 0.028487546
398 313 44 49 0.064544514
271 298 47 48 0.14904588
423 270 38 35 0.24828513
387 319 47 55 0.4641673
476 168 47 67 0.58034134
430 260 41 56 0.58642375
526 225 44 55 0.69510967
280 204 29 38 0.8152724
737 140 42 60 0.8791413
211 224 43 62 0.91240156
707 212 37 57 0.93305403
580 269 44 56 0.94678223
326 201 37 50 0.9479024

