17_Ceremony_Ceremony_17_592
138
197 339 24 19 0.010059451
137 300 22 32 0.01011075
700 202 20 34 0.010506363
609 268 8 8 0.010559946
787 363 8 7 0.011400553
324 329 9 11 0.011580779
858 136 30 42 0.011695237
35 409 10 11 0.01197106
263 345 9 13 0.012146232
62 313 14 12 0.012552004
712 373 11 21 0.012587947
416 312 22 30 0.012895036
536 329 9 11 0.012946357
559 265 8 8 0.012973653
97 356 7 10 0.013104036
264 296 9 9 0.013117092
104 318 8 9 0.0131272245
843 126 34 61 0.01331821
451 295 10 10 0.013639324
590 288 21 18 0.013922063
374 201 34 38 0.014145855
614 345 6 10 0.014234337
262 315 18 30 0.014365744
797 341 10 11 0.01437424
574 314 13 16 0.014583853
201 276 17 34 0.014645615
391 266 57 78 0.015975574
626 360 5 12 0.016076762
184 252 19 23 0.016144333
688 190 37 57 0.016254785
723 341 13 18 0.016645892
377 203 52 77 0.016803427
267 334 19 29 0.017035613
453 326 7 8 0.017135726
118 313 6 9 0.017298482
338 351 12 19 0.017569259
617 356 6 11 0.01768809
580 343 7 10 0.01771648
609 295 9 9 0.018113447
608 317 8 9 0.01816083
271 342 10 14 0.018536152
202 306 21 20 0.018660802
546 281 8 11 0.01911133
726 325 13 18 0.019463213
396 277 20 30 0.01962156
414 339 22 18 0.01969432
237 305 20 20 0.019864548
189 247 13 23 0.019983074
596 293 10 10 0.0200548
32 406 14 18 0.020139739
467 279 11 11 0.020379456
250 308 20 20 0.02070092
83 334 9 8 0.021524983
663 219 48 89 0.021906888
681 180 36 57 0.022377014
661 246 50 92 0.02239334
6 374 12 13 0.022577433
555 299 14 15 0.022712728
503 290 14 16 0.023126205
709 355 7 10 0.023235133
279 286 8 10 0.023310313
277 326 14 20 0.023338512
716 372 13 19 0.024034537
340 353 9 13 0.024317611
270 289 14 17 0.024421908
410 306 32 39 0.024447894
286 319 20 29 0.024456903
719 374 8 12 0.024849838
167 260 26 44 0.024910517
723 358 8 10 0.025255134
557 307 13 16 0.025591882
134 281 29 44 0.026186476
112 327 7 9 0.026528707
404 297 43 53 0.026615717
86 342 8 9 0.026936052
547 304 18 19 0.028741002
339 346 12 17 0.028938305
877 160 102 163 0.02984709
761 353 22 17 0.030165344
734 329 10 11 0.030863564
758 361 8 9 0.031812876
262 342 13 19 0.032084912
462 275 21 18 0.03370298
761 349 8 8 0.03460738
769 357 9 9 0.03664797
528 224 20 20 0.037683453
341 349 9 12 0.039572537
548 325 9 10 0.040129416
445 291 21 18 0.043042675
511 283 14 18 0.046785414
766 346 15 16 0.0469132
558 302 9 10 0.048580874
853 128 40 61 0.048923988
405 289 10 13 0.05112851
368 193 47 53 0.05193529
273 292 9 10 0.05269983
356 341 13 18 0.054492455
293 279 20 19 0.056632064
358 343 9 13 0.057852622
609 324 8 9 0.058244824
100 321 13 18 0.061077766
591 317 14 14 0.062319525
403 282 9 12 0.06455308
728 325 20 19 0.06545394
728 329 8 10 0.06760321
551 299 13 17 0.06804739
201 295 24 46 0.06922465
785 326 14 17 0.07462653
725 346 8 9 0.07518493
194 339 19 32 0.07547215
192 339 22 19 0.07630881
564 324 8 9 0.077930115
577 317 9 10 0.08031003
268 339 13 20 0.08269769
400 280 14 18 0.0845202
54 308 16 17 0.0866229
129 288 42 51 0.089450836
579 323 9 10 0.08967286
102 325 8 11 0.0903841
705 344 12 17 0.090800814
768 349 10 9 0.09425298
97 347 7 9 0.10023469
787 328 10 10 0.10335362
403 286 13 19 0.10535259
678 197 38 55 0.115187675
188 248 18 35 0.118140355
694 187 26 43 0.122886114
280 323 21 21 0.13036107
560 310 9 10 0.1345144
550 308 10 12 0.24269797
787 338 15 16 0.3385898
163 249 28 41 0.4371011
594 321 10 11 0.44617403
4 369 19 21 0.48582014
708 348 8 11 0.50958055
509 288 15 16 0.64757544
55 308 23 19 0.7676857
298 281 19 20 0.79518694

