17_Ceremony_Ceremony_17_1005
40
821 190 34 70 0.010293561
186 930 208 221 0.010320976
355 109 37 64 0.010672048
176 987 124 119 0.012469332
766 101 39 58 0.013339593
597 0 67 91 0.013412004
560 139 50 79 0.014389279
1009 173 13 49 0.014831398
923 498 41 59 0.015577276
1007 123 14 46 0.016180554
1002 235 18 64 0.018617507
829 125 43 84 0.019314326
441 99 28 38 0.021049341
536 149 50 88 0.021519238
893 480 68 82 0.03198875
852 1673 43 61 0.033396713
1004 167 19 64 0.034234475
970 200 27 50 0.03430036
759 83 35 63 0.036575735
996 224 26 84 0.03784039
984 189 29 84 0.03960598
609 0 84 124 0.053578712
472 125 30 44 0.05484198
917 1681 28 43 0.05600904
965 181 44 96 0.056686446
903 1678 38 56 0.059664235
996 163 27 79 0.07062237
621 18 55 108 0.075884394
1007 138 17 65 0.08352969
686 192 40 64 0.087331265
219 972 134 155 0.08967914
932 214 26 43 0.13792309
467 128 40 63 0.2894613
791 175 38 74 0.47684866
966 178 34 71 0.5337571
549 143 43 70 0.6131756
867 177 36 78 0.6400613
678 180 39 72 0.66307014
831 115 38 67 0.8167423
318 269 179 240 0.996729

