17_Ceremony_Ceremony_17_470
42
993 295 29 79 0.0100823315
11 269 24 18 0.0104174735
721 268 35 62 0.010419808
650 304 15 20 0.010757544
890 349 21 30 0.011714774
0 286 10 29 0.012532888
136 271 14 18 0.013309628
726 276 26 44 0.0133172
880 348 18 31 0.013675751
715 263 25 18 0.015640559
145 263 10 9 0.016550492
750 212 42 53 0.022124857
888 344 24 17 0.02561971
5 285 18 35 0.025829364
645 303 15 22 0.027602192
143 273 12 13 0.029929789
593 281 35 60 0.030753568
714 269 25 18 0.032913126
191 268 21 29 0.037699748
820 313 38 63 0.03784826
883 357 21 18 0.04080479
176 273 23 17 0.04720253
76 261 35 36 0.048225753
138 262 21 19 0.053870957
133 262 19 28 0.056160852
186 274 25 18 0.07296601
717 281 19 32 0.07393464
886 352 24 18 0.07645033
679 293 26 20 0.09307065
319 302 35 75 0.14771011
644 305 26 19 0.17442134
718 265 18 33 0.25229555
644 297 19 32 0.27476296
137 269 21 20 0.5162464
947 267 43 69 0.59379035
351 171 46 68 0.71473384
682 288 21 32 0.8652592
736 208 42 55 0.8853542
79 250 41 55 0.94301736
585 281 33 63 0.9611094
228 218 35 56 0.97577477
484 249 39 62 0.97899204

