17_Ceremony_Ceremony_17_1009
24
381 264 24 16 0.010044471
386 243 13 10 0.010212659
344 218 20 19 0.011123901
417 231 11 10 0.0115995
407 243 26 16 0.012653953
315 210 13 19 0.012892595
365 229 15 16 0.013416144
384 213 24 25 0.013577225
608 267 38 71 0.013705331
375 210 13 18 0.013811826
381 241 24 16 0.014932608
368 232 11 11 0.01565148
401 234 13 9 0.017521832
535 143 34 61 0.018671276
393 241 26 16 0.020444104
409 228 24 17 0.021123398
298 241 21 20 0.023886973
539 163 26 44 0.027917458
396 230 24 16 0.043981284
381 207 14 17 0.070307836
344 222 13 19 0.07650376
309 210 14 18 0.1159518
347 222 14 17 0.14865227
181 185 89 128 0.9899256

