17_Ceremony_Ceremony_17_368
23
243 160 9 8 0.011952638
289 108 9 10 0.014899405
197 152 6 13 0.014991685
427 144 30 60 0.016587779
291 121 7 7 0.020449968
362 177 59 84 0.024433102
431 161 22 21 0.026713645
280 128 6 7 0.03302717
276 132 13 17 0.03527705
193 129 9 22 0.043027483
594 105 98 118 0.060508404
196 126 6 11 0.06434086
129 15 20 22 0.09220032
135 4 17 33 0.1340715
578 91 78 94 0.2074973
195 132 6 13 0.21417078
278 134 8 10 0.26019683
439 157 20 31 0.3132524
434 157 20 34 0.5180677
137 10 18 33 0.87649906
717 231 69 82 0.8913996
576 116 98 89 0.958076
353 148 71 100 0.9744285

