17_Ceremony_Ceremony_17_469
19
776 294 48 85 0.010652853
995 309 15 41 0.012232642
437 471 33 38 0.012396318
437 456 31 36 0.015048621
34 689 32 67 0.016158141
793 285 36 58 0.019551918
423 472 34 38 0.01959287
0 210 21 126 0.02254451
3 99 24 246 0.03240003
424 453 33 37 0.038392417
2 20 30 178 0.043876804
768 293 43 58 0.04427281
0 34 40 382 0.051772267
418 491 46 55 0.060927186
253 332 47 49 0.072071746
419 465 43 56 0.099630825
0 176 28 193 0.10247882
797 298 38 58 0.22609034
765 278 36 59 0.87182105

