17_Ceremony_Ceremony_17_588
30
307 356 12 25 0.010309731
314 349 22 41 0.011148586
190 294 13 22 0.011156611
238 322 26 16 0.015392274
172 279 22 29 0.016207486
251 308 25 16 0.017543796
433 241 17 30 0.019243032
246 322 26 17 0.022194937
253 308 18 32 0.023811353
256 340 17 35 0.024292458
319 358 12 26 0.02468906
186 289 21 30 0.02532339
309 364 13 28 0.025959611
92 310 41 51 0.027084697
291 366 11 26 0.029344581
440 239 12 27 0.032215018
762 192 18 34 0.03381131
172 299 29 39 0.061589796
186 298 18 33 0.08094462
302 360 16 33 0.107607976
315 360 17 32 0.16738836
97 327 34 37 0.1724736
445 237 16 32 0.26683456
488 275 22 21 0.63719046
266 216 19 35 0.77574325
197 341 24 44 0.8059492
749 190 23 42 0.8113808
577 213 16 36 0.8981833
955 160 35 57 0.96457356
90 173 39 54 0.9668434

