17_Ceremony_Ceremony_17_803
140
403 145 12 22 0.010149465
613 110 18 25 0.010268389
140 125 17 28 0.010403351
463 107 13 16 0.0106888255
465 130 10 11 0.010812679
93 136 22 18 0.011019036
643 116 13 18 0.011306017
606 122 10 12 0.011455775
431 102 13 19 0.01152477
229 132 22 26 0.011686944
116 147 11 11 0.011825779
551 140 17 30 0.011875346
162 107 18 26 0.012201136
180 138 10 11 0.012473907
107 104 14 17 0.012663298
872 251 31 13 0.012801464
523 199 21 21 0.012943128
86 104 17 22 0.013039009
137 113 17 29 0.014154164
434 103 8 11 0.014627728
534 149 14 19 0.014841679
401 135 9 13 0.0151559245
118 135 11 11 0.015205612
183 70 6 8 0.01608941
622 154 19 28 0.016109804
645 119 9 12 0.016145691
439 116 10 14 0.016555157
637 161 21 27 0.01661776
83 134 16 34 0.016681379
530 159 20 22 0.016796991
156 252 35 67 0.016875226
394 135 20 30 0.016978512
151 103 9 11 0.017067622
111 107 9 10 0.018116467
394 110 21 27 0.018406725
412 146 19 22 0.01841743
176 147 14 11 0.019076595
8 70 44 118 0.019367384
570 141 21 18 0.019376818
12 132 50 123 0.019734029
179 116 13 18 0.01990252
147 252 49 109 0.020061545
640 133 11 13 0.021202315
465 109 10 11 0.021565815
156 127 14 17 0.02183792
161 147 15 16 0.022197768
96 107 9 12 0.022857515
222 146 14 17 0.023145987
202 114 18 27 0.023646906
600 133 21 19 0.024154413
162 150 11 11 0.025772087
225 149 10 11 0.026892545
215 93 7 9 0.028922431
541 157 12 21 0.03150657
551 133 13 18 0.03236792
424 109 19 26 0.032507326
178 109 8 9 0.03285777
89 113 9 14 0.03294602
162 265 32 83 0.03318752
224 131 13 17 0.034859244
683 89 61 83 0.035318118
175 136 19 21 0.035476066
497 133 10 13 0.035486437
97 115 9 12 0.036872454
20 36 55 80 0.037129454
129 124 12 11 0.03714352
204 124 18 20 0.03749925
143 126 21 17 0.037636485
159 123 9 11 0.03793652
205 105 13 15 0.038465366
243 110 8 10 0.040994152
81 105 17 32 0.04340449
592 125 20 18 0.0442398
540 151 14 20 0.04476104
398 133 13 19 0.046735827
155 120 14 16 0.047890123
447 116 10 14 0.049791064
639 141 21 27 0.05162919
94 143 24 20 0.052217644
93 105 13 19 0.053320132
147 130 13 11 0.054578356
626 157 23 18 0.057643585
599 120 20 20 0.058237948
127 129 15 11 0.064158104
639 132 13 18 0.070908785
890 68 23 17 0.08324485
466 115 13 18 0.08332483
181 119 8 10 0.0842097
468 118 9 12 0.08454959
198 120 8 12 0.08620882
197 119 13 19 0.09034344
95 107 19 30 0.09329128
113 123 10 11 0.096866444
241 118 12 18 0.1080756
227 134 9 11 0.111278646
200 108 8 11 0.113282144
114 132 20 20 0.11694496
222 117 13 17 0.123144075
570 116 14 16 0.123682104
162 71 7 9 0.12779461
110 120 15 17 0.12910996
229 108 7 10 0.12969135
239 127 14 17 0.13218716
211 128 9 13 0.14851364
108 142 22 18 0.16122788
243 119 9 12 0.18418022
163 105 11 12 0.192002
89 110 20 21 0.20205933
614 141 18 31 0.21544828
126 123 15 16 0.21750993
88 109 13 20 0.22125687
212 122 8 12 0.23979789
208 107 8 11 0.25611547
435 112 19 21 0.2608679
507 114 13 16 0.26598373
225 119 8 11 0.27156705
631 152 21 21 0.29604426
502 116 14 16 0.3080458
209 121 13 17 0.3083775
8 88 76 201 0.31326956
558 130 14 17 0.31334946
491 129 19 21 0.31719083
149 122 15 16 0.31972978
171 143 21 19 0.3589934
121 125 22 18 0.37979767
605 144 21 20 0.3822145
574 137 15 18 0.39219284
566 115 13 18 0.42389697
197 127 14 18 0.43483043
443 113 14 19 0.44349796
161 103 14 17 0.49519026
478 120 15 16 0.4973209
526 113 15 17 0.5448934
416 113 14 18 0.59417385
595 122 16 17 0.6906327
96 135 19 33 0.6963063
625 107 14 18 0.84607893
943 172 21 35 0.90600073
319 27 93 117 0.924029
647 93 89 95 0.9468364

