17_Ceremony_Ceremony_17_852
37
541 514 37 73 0.010258517
601 554 41 64 0.0102635
2 434 11 19 0.011609629
520 1127 5 7 0.0119102625
13 410 14 16 0.012920991
508 502 32 80 0.0134645505
663 1114 5 10 0.014898629
16 435 14 18 0.015493819
114 429 11 6 0.01564569
7 412 7 9 0.01598881
3 422 13 19 0.017253196
30 437 13 18 0.020016735
13 421 14 17 0.020469228
178 577 65 84 0.02091982
86 581 39 69 0.0226192
364 243 16 40 0.025601052
19 439 8 11 0.026829867
162 579 40 74 0.028933026
66 581 56 95 0.036575004
851 238 19 41 0.039572764
33 441 9 10 0.04294346
394 265 16 38 0.04402704
5 426 7 10 0.048288967
328 364 6 9 0.049393423
484 461 33 68 0.05797456
4 438 7 11 0.06505915
17 423 8 9 0.065238275
501 470 32 79 0.076061726
401 245 23 50 0.078920685
16 413 9 9 0.11414953
36 427 7 7 0.12858705
145 582 65 84 0.17231897
473 239 19 36 0.18701398
410 242 21 49 0.88153493
465 232 24 46 0.9601685
505 211 31 46 0.97871494
853 232 28 46 0.9885317

