17_Ceremony_Ceremony_17_344
21
231 104 114 136 0.011414835
310 47 34 64 0.012161999
309 202 7 5 0.012839919
971 138 38 115 0.01298793
223 390 42 52 0.014144252
977 172 42 117 0.015206877
352 95 40 64 0.015973791
947 338 60 105 0.016091954
970 152 31 75 0.020892832
321 81 54 91 0.023557134
997 174 24 97 0.02657299
933 317 88 163 0.029426677
643 305 42 79 0.031666655
991 163 29 75 0.05124959
528 118 50 67 0.0937769
899 181 26 42 0.102379225
962 139 23 51 0.32891095
518 98 55 83 0.40609616
632 287 62 98 0.72864413
937 370 76 98 0.8887691
590 60 90 98 0.9717962

