17_Ceremony_Ceremony_17_46
85
693 231 6 8 0.010102878
466 122 6 7 0.010237189
736 138 5 7 0.010346183
230 380 12 20 0.010419155
69 133 11 14 0.010791172
378 249 7 8 0.011086549
761 276 7 11 0.01122064
344 270 11 21 0.011563936
760 264 7 9 0.011583225
896 368 9 15 0.013362816
232 384 8 12 0.013579122
651 135 5 7 0.014746373
768 274 7 11 0.015494545
888 365 11 21 0.015571203
386 259 7 10 0.0155810425
744 258 6 9 0.015622448
61 139 20 19 0.0161461
691 179 6 7 0.016203625
808 315 11 22 0.016377002
681 181 5 7 0.016578998
774 310 6 12 0.016765254
71 178 22 19 0.017756257
662 166 5 6 0.01866459
97 118 22 19 0.01972476
264 144 9 16 0.020729765
681 230 5 8 0.021857737
748 239 12 17 0.02193442
895 361 9 13 0.022448836
110 118 15 21 0.023014084
482 141 6 5 0.02356043
383 251 6 8 0.0237791
895 381 12 22 0.023885194
3 240 13 46 0.026814178
422 151 6 7 0.026863128
816 298 8 11 0.029041275
888 358 12 19 0.029735038
889 360 8 13 0.03294036
736 153 7 8 0.0347514
227 372 13 18 0.036044747
725 162 6 7 0.03793506
816 306 8 14 0.039934125
681 121 5 5 0.041179143
229 374 9 12 0.043411043
709 230 6 8 0.044873524
751 237 7 9 0.045285244
894 365 12 21 0.048277352
437 147 6 7 0.0490856
726 139 5 6 0.049419176
708 123 5 6 0.05143647
453 149 6 6 0.052655417
695 118 4 5 0.05508636
892 359 13 18 0.055488933
425 138 6 7 0.06062163
680 168 5 6 0.061905943
810 309 8 14 0.06280335
776 250 6 7 0.06375967
470 150 5 6 0.065228626
467 137 6 6 0.06719636
353 274 12 19 0.07200858
693 168 6 6 0.07624969
772 260 6 10 0.077755675
454 137 6 6 0.085948296
706 168 7 7 0.08652232
695 106 5 6 0.087862216
813 304 12 20 0.09049691
709 136 5 5 0.095100954
808 307 12 20 0.09686432
71 126 20 21 0.09968221
661 137 4 5 0.10342763
662 148 5 6 0.10477547
678 152 5 5 0.10539416
356 276 8 13 0.10611066
693 137 4 5 0.122766756
711 151 5 6 0.12878054
437 138 6 6 0.1348579
694 152 5 5 0.13599986
484 151 7 6 0.13674638
724 153 6 8 0.14262739
746 242 7 10 0.14598612
680 137 4 6 0.1619914
751 241 8 11 0.31845298
67 129 18 22 0.42208225
104 123 23 20 0.44872087
264 140 13 23 0.4551822
264 143 19 23 0.5764516

