17_Ceremony_Ceremony_17_171
71
152 266 28 46 0.010062181
501 166 36 65 0.010071995
313 122 33 35 0.010241625
993 68 21 60 0.010523335
839 203 54 80 0.010526001
451 74 36 59 0.010547683
192 197 49 91 0.01057004
1000 59 15 46 0.010639348
1000 441 23 97 0.010643268
710 8 29 16 0.011583809
456 61 26 45 0.0116433
536 30 22 33 0.013096065
985 164 34 84 0.014050496
691 194 46 61 0.014756485
880 236 41 69 0.015507476
574 12 34 34 0.015522349
142 87 20 22 0.015760414
117 202 37 62 0.015930384
1 238 12 46 0.017052013
276 48 31 39 0.018202318
974 97 41 128 0.018245716
970 36 37 117 0.019790571
416 304 73 74 0.02001962
711 68 34 70 0.020305928
303 162 40 56 0.020347437
611 83 32 36 0.020589633
971 47 31 71 0.021891879
992 192 32 77 0.021933908
138 84 21 30 0.025108
295 172 32 41 0.02580984
867 231 39 69 0.026595522
733 50 41 69 0.028743923
26 213 42 67 0.03039548
190 146 37 58 0.0318229
990 45 29 74 0.03722841
469 138 48 83 0.04933769
687 181 45 59 0.05151272
691 167 54 82 0.059064716
877 234 62 84 0.07429159
357 293 45 58 0.075144984
150 239 39 68 0.11047158
321 130 55 75 0.1107574
855 230 60 88 0.121948175
651 155 54 78 0.12627327
308 160 33 37 0.12750335
635 160 51 61 0.16065459
649 132 48 87 0.167106
299 155 34 53 0.2027309
188 229 66 75 0.40364644
722 66 39 71 0.4492603
20 216 59 85 0.45851415
767 49 36 73 0.46714622
481 161 41 68 0.48512506
963 154 55 110 0.5930424
453 134 34 60 0.5979124
336 144 45 58 0.60771704
516 339 90 93 0.6215045
244 149 37 55 0.6395976
253 239 68 81 0.6502204
517 84 40 61 0.65878415
668 71 40 64 0.6671878
388 311 92 79 0.66878086
9 129 29 47 0.70563877
293 31 29 38 0.71131057
95 126 30 45 0.7546913
265 59 33 41 0.80123496
524 25 31 42 0.8644418
651 306 79 129 0.884993
579 3 31 38 0.8994332
154 48 29 42 0.9241318
940 385 78 141 0.9303528

