17_Ceremony_Ceremony_17_271
75
278 310 6 6 0.010413905
241 340 8 8 0.010419911
486 361 20 29 0.010462503
495 243 12 18 0.010998695
358 311 5 8 0.011175286
568 263 6 9 0.011179518
386 560 32 67 0.01122348
374 339 4 7 0.011241863
559 364 12 20 0.01167386
290 309 5 7 0.011852557
260 323 6 6 0.011992127
228 354 9 9 0.012091263
186 592 26 53 0.012092561
199 341 7 8 0.012099194
210 356 8 9 0.012228061
271 444 21 20 0.012655514
628 307 5 7 0.012691374
730 361 25 37 0.012699173
372 387 8 6 0.0127229355
497 246 9 12 0.01274571
56 447 9 13 0.012765123
198 369 9 10 0.013094247
420 337 6 8 0.013174931
327 311 5 7 0.013386355
487 378 19 32 0.013518407
547 364 12 21 0.013533867
341 311 5 8 0.013634059
340 369 6 7 0.0141919935
186 561 33 69 0.014287795
579 275 6 8 0.0146078225
607 370 13 23 0.015074752
660 369 7 7 0.015794765
450 254 8 12 0.016119396
614 307 6 7 0.016336082
213 339 8 8 0.016627494
518 420 18 35 0.016896766
388 384 7 7 0.017072046
328 320 5 7 0.017261606
556 362 18 31 0.01756936
225 388 9 10 0.017690998
518 384 13 24 0.017798835
464 255 8 11 0.018040145
374 325 4 6 0.018456563
262 309 6 6 0.018828593
483 242 8 12 0.019406345
247 308 6 7 0.01945065
390 356 6 7 0.019934742
511 431 25 46 0.021835746
562 379 13 23 0.023149524
480 238 13 19 0.023792552
373 258 6 10 0.026624305
342 321 5 7 0.026926318
241 323 7 8 0.02821407
498 253 8 11 0.028891511
358 322 5 7 0.030108884
586 378 19 23 0.031432737
521 385 19 23 0.031883944
231 323 7 8 0.03264808
390 340 5 6 0.03423489
468 229 9 14 0.038477506
404 340 5 7 0.041069966
250 387 23 19 0.043982785
552 277 6 9 0.048179362
224 335 9 10 0.059383135
551 286 6 9 0.05956765
466 227 12 19 0.063332416
467 234 12 20 0.06895732
469 237 8 14 0.07161687
566 275 5 9 0.07611588
562 374 18 33 0.078625485
182 582 34 72 0.10888572
516 382 18 33 0.13328187
606 372 18 30 0.16859002
735 370 18 31 0.17892562
574 375 18 32 0.41387105

