17_Ceremony_Ceremony_17_253
272
787 429 7 12 0.010170609
784 370 10 20 0.010182179
289 480 7 11 0.010188294
776 372 6 12 0.010243989
337 469 8 10 0.010372532
645 337 9 22 0.010453305
598 354 5 12 0.010462834
470 331 12 21 0.01047292
640 685 9 12 0.010498424
565 282 10 27 0.010503017
480 337 7 13 0.010618959
177 415 9 13 0.010653798
309 468 7 11 0.010686138
611 319 5 12 0.01073058
386 465 7 8 0.010936498
242 408 8 11 0.010941285
738 395 11 22 0.011089163
611 226 6 13 0.011098302
962 658 8 11 0.011119192
837 433 6 12 0.011121326
343 352 7 11 0.011212293
963 753 8 11 0.011318133
383 455 9 11 0.011380267
340 336 11 19 0.011445596
127 403 9 13 0.011454778
755 322 4 9 0.011459579
835 404 6 10 0.011531225
823 453 6 11 0.011535395
150 448 9 14 0.011571432
661 353 5 11 0.011701086
263 493 8 13 0.011775085
818 370 5 11 0.011839076
358 486 7 8 0.011904405
609 740 8 10 0.011931898
727 369 5 11 0.011952305
1017 212 7 40 0.012352931
144 432 9 12 0.012372068
110 450 12 18 0.012406251
239 517 9 13 0.012433805
740 401 6 14 0.012459206
783 709 9 11 0.012600726
777 380 9 21 0.012809331
936 368 7 11 0.012840499
364 442 12 18 0.01291708
369 352 8 11 0.013029722
841 340 5 11 0.013121976
192 429 10 12 0.013277448
472 337 7 13 0.013570202
293 437 7 11 0.013587205
625 355 5 13 0.013614559
465 688 11 12 0.013724889
889 381 7 13 0.013740149
321 367 6 12 0.013927287
625 370 6 12 0.013957981
769 434 7 12 0.01405793
369 342 8 9 0.014128331
819 709 9 11 0.014158882
772 308 4 8 0.01415984
930 721 8 13 0.014236304
128 467 12 19 0.014282423
820 404 6 11 0.014351133
663 308 5 10 0.014373079
291 399 6 11 0.014680571
614 346 10 23 0.014709446
132 429 12 20 0.014722891
355 354 7 10 0.014830506
466 311 17 33 0.014861772
754 340 5 9 0.014877186
774 322 4 8 0.014938867
182 382 7 10 0.0150824785
293 389 6 9 0.015294242
662 330 9 23 0.015313586
611 340 5 12 0.015439034
150 384 7 12 0.015446807
878 355 11 19 0.01564221
134 432 8 14 0.01569631
111 462 12 19 0.015725657
836 422 7 11 0.015853135
163 416 8 13 0.015929136
849 705 8 13 0.015931498
1011 213 11 50 0.016058972
322 357 6 9 0.016083049
727 312 5 8 0.016100125
742 687 12 19 0.016151123
191 387 12 19 0.016206164
216 386 6 11 0.016268218
727 709 8 11 0.016350202
277 374 6 11 0.016502121
370 468 7 9 0.016639702
919 381 8 13 0.016703278
311 383 6 11 0.01699901
870 461 7 11 0.017104305
584 326 5 11 0.017227173
871 455 7 13 0.0172344
865 325 6 11 0.017396918
590 376 18 32 0.017413693
44 422 18 31 0.017430084
598 326 5 12 0.017923832
477 305 11 21 0.018003669
563 325 5 13 0.01805383
883 675 13 17 0.0181564
148 445 12 20 0.01833162
209 401 8 11 0.018504908
648 369 6 12 0.018587872
754 354 6 11 0.018820358
870 357 6 12 0.018948305
470 307 7 14 0.018987099
214 434 8 12 0.018988036
675 671 9 12 0.019161355
773 711 10 11 0.019356491
741 382 11 21 0.019361814
692 353 5 11 0.019743966
120 402 8 12 0.019787328
646 344 10 23 0.019978354
277 383 7 10 0.020187555
359 463 7 9 0.020337874
233 416 8 13 0.020405613
190 420 12 18 0.020407964
290 352 6 10 0.020498892
772 352 10 19 0.020980092
733 703 12 18 0.021009613
919 681 13 19 0.021061769
697 309 4 9 0.021069529
858 369 5 11 0.021096196
597 370 6 12 0.021402478
245 356 5 12 0.02173845
359 339 7 9 0.021970555
258 385 7 11 0.022279521
358 318 12 19 0.022290507
825 322 4 9 0.022492345
580 334 9 24 0.022573285
470 317 7 15 0.023210451
226 388 8 13 0.023211846
162 382 7 11 0.023355093
168 404 8 13 0.023500275
260 397 11 20 0.02378406
935 707 7 12 0.023789363
549 324 5 13 0.023861548
69 384 13 17 0.023959743
836 320 5 9 0.02439657
838 354 6 10 0.024517067
148 359 5 8 0.025080709
180 403 8 12 0.025240587
52 423 9 14 0.025326356
119 475 13 19 0.025521802
916 372 8 11 0.025604736
366 439 9 13 0.025617026
738 370 6 11 0.025715232
92 446 13 20 0.025856331
848 670 12 19 0.025904441
787 422 7 13 0.025998259
112 385 8 11 0.026210245
124 474 12 19 0.026309121
360 452 8 12 0.026940722
175 435 13 18 0.026946548
645 311 5 10 0.02697808
191 395 12 17 0.027062535
427 321 6 12 0.027142722
53 395 12 17 0.027716208
728 354 5 10 0.028037112
772 719 9 10 0.02806717
367 445 8 12 0.028083982
806 320 5 8 0.028134277
676 311 5 10 0.028520228
162 373 6 10 0.028546004
359 321 9 12 0.028654221
192 422 9 13 0.02893438
852 308 5 11 0.029038534
312 373 6 10 0.029258518
821 353 5 9 0.029378608
744 690 8 12 0.029381948
94 399 13 18 0.029636359
630 327 5 12 0.030538449
838 310 5 10 0.030555328
738 311 5 9 0.030828103
805 311 4 8 0.03084177
787 352 6 10 0.031037584
70 401 13 19 0.031507563
241 414 8 12 0.03194208
612 310 5 12 0.032523368
468 305 11 22 0.032707777
341 450 7 11 0.03314386
679 321 4 10 0.033303816
662 326 5 11 0.034382783
322 462 7 10 0.034600828
743 385 7 13 0.034629166
706 308 4 9 0.034938384
194 389 7 12 0.035067227
321 343 6 9 0.036355652
631 333 6 13 0.036379572
736 707 8 12 0.036445986
148 419 9 14 0.036564562
809 387 6 12 0.03670402
361 318 21 19 0.036727555
277 350 6 10 0.03706197
648 323 5 11 0.037201777
262 353 5 10 0.037864693
743 321 4 9 0.038137656
902 366 7 12 0.038150977
775 340 6 9 0.03818801
279 344 6 11 0.038500633
177 437 9 13 0.03904045
229 365 6 10 0.039076634
904 359 7 13 0.03970111
791 306 4 8 0.040248025
314 343 5 10 0.040366363
783 383 7 13 0.04123675
850 343 5 11 0.04139311
55 394 8 10 0.04154116
97 402 9 12 0.04216638
807 341 5 10 0.04316215
262 400 8 14 0.04379405
76 405 13 17 0.044216875
760 304 5 9 0.04450286
126 368 12 17 0.046056326
79 406 9 14 0.04614901
616 350 6 14 0.04645446
121 371 8 11 0.047152996
583 348 6 13 0.047467317
886 368 7 12 0.047776237
880 358 8 13 0.04850777
431 319 6 13 0.04923652
708 350 5 10 0.049730737
600 335 5 13 0.050606042
78 411 10 14 0.051828276
146 417 12 19 0.05245871
569 334 5 13 0.055134036
865 367 7 12 0.056414817
84 445 14 19 0.0565641
824 306 4 9 0.05675842
647 340 5 14 0.056938734
72 403 8 12 0.057748485
78 386 8 11 0.058953363
648 348 6 14 0.059658084
740 352 5 11 0.060037818
884 699 12 19 0.061639294
743 339 4 9 0.061742816
850 349 5 11 0.06315065
194 397 8 13 0.06349118
711 338 4 10 0.065653406
786 373 7 12 0.068147145
72 411 12 18 0.06902035
694 323 4 10 0.070602156
468 313 11 23 0.07137042
214 371 6 10 0.07241075
778 383 7 14 0.07491665
50 421 13 19 0.075516514
582 339 5 14 0.07662487
711 324 4 10 0.07719367
147 368 7 10 0.07727009
664 333 6 14 0.07967845
724 340 4 10 0.079841755
804 356 5 11 0.0802147
231 360 6 11 0.08167048
544 334 5 13 0.08473855
679 341 5 13 0.085056305
725 322 4 9 0.08605677
681 348 5 13 0.087831065
787 342 5 10 0.089100614
818 341 5 11 0.09113862
199 369 6 10 0.097013965
538 335 6 13 0.110684395
181 375 6 10 0.11512781
101 382 12 18 0.12039454
693 335 4 12 0.12965739
342 338 7 10 0.14243394
48 425 13 18 0.14437398
71 387 8 11 0.17088434
774 355 6 13 0.17175208
102 384 9 12 0.24723199
54 397 9 11 0.27179864
129 370 8 12 0.27873096

