17_Ceremony_Ceremony_17_57
24
436 85 13 10 0.010266509
0 403 40 124 0.011380674
436 109 29 39 0.011401596
431 83 25 16 0.011963082
922 171 22 35 0.014940467
549 214 11 13 0.018898409
134 108 20 39 0.021086978
435 121 30 39 0.021119928
741 314 26 45 0.023591617
0 395 25 103 0.02373579
240 206 19 36 0.025159363
550 205 25 17 0.025607383
551 205 21 28 0.02742605
134 121 21 35 0.027607828
860 285 23 18 0.02885981
598 62 44 54 0.040435456
549 211 26 18 0.042088155
549 212 14 17 0.044923887
129 103 32 54 0.87238526
908 165 32 42 0.941475
579 152 31 40 0.96421766
426 117 31 42 0.9765984
734 123 32 42 0.97958434
289 91 33 55 0.98722214

