17_Ceremony_Ceremony_17_418
333
375 144 26 16 0.0100975195
774 84 5 5 0.010270129
712 110 22 17 0.010401048
477 126 12 11 0.010415359
988 145 13 16 0.010426365
466 100 8 9 0.01045225
321 114 13 11 0.010568934
447 124 14 17 0.010579479
28 157 23 21 0.0105811665
632 137 20 19 0.010604695
337 78 9 13 0.010643508
68 110 9 10 0.010679581
208 65 7 9 0.0107306065
137 141 23 19 0.010808003
753 137 14 17 0.0108244615
786 128 8 11 0.010841119
242 94 8 10 0.010915509
296 149 19 30 0.01092277
170 121 25 17 0.010960741
985 237 23 19 0.010981033
745 65 5 6 0.011069754
914 145 13 17 0.011087323
935 130 13 16 0.011093724
581 130 10 13 0.011099595
755 140 9 11 0.011216016
517 186 21 29 0.011226894
897 170 13 18 0.011346701
373 96 10 11 0.011432132
553 166 25 39 0.011654439
185 92 22 17 0.011667667
978 178 10 10 0.011717374
210 98 10 9 0.011722317
80 63 12 18 0.011820754
739 52 6 6 0.011926688
140 158 22 20 0.011975725
62 141 23 18 0.0120075885
247 82 7 9 0.012104046
338 157 22 18 0.012158378
880 143 8 12 0.012331349
421 132 12 12 0.012408309
725 85 5 5 0.012418421
588 134 14 17 0.012438145
769 138 11 12 0.012637129
499 129 9 9 0.012637693
103 145 19 30 0.0127560105
297 151 24 18 0.012925795
98 116 11 9 0.012941324
240 161 10 13 0.013031292
45 167 23 19 0.013053916
701 115 22 16 0.013180934
868 192 19 30 0.013282384
76 76 12 17 0.013337165
165 113 10 11 0.013462847
823 130 8 10 0.013647422
858 170 22 18 0.013740317
648 156 20 18 0.014075943
187 126 21 19 0.014265919
483 98 8 7 0.014273492
627 138 15 13 0.014285499
582 98 8 15 0.01429874
269 173 22 20 0.014368026
50 124 10 11 0.014393553
40 144 24 17 0.014453291
384 106 18 28 0.014519209
67 93 20 26 0.0145557085
915 174 13 17 0.014569716
993 198 18 30 0.014637642
519 87 6 7 0.014652855
457 109 21 19 0.014670436
724 96 7 7 0.0148248365
993 252 15 37 0.0148319695
430 128 14 17 0.014935758
955 191 20 19 0.015041067
866 174 10 10 0.015088578
98 92 14 17 0.015119875
962 173 14 16 0.015244833
355 124 23 17 0.015471897
809 184 22 19 0.015550785
191 79 14 17 0.015651817
770 136 19 26 0.01565596
420 144 13 11 0.015657151
371 111 20 18 0.0157053
124 92 14 17 0.015735507
59 149 21 28 0.015779043
300 89 17 27 0.015860151
358 154 26 18 0.015868094
962 115 10 9 0.01586816
279 129 22 20 0.015993817
105 92 22 24 0.016070014
949 194 14 20 0.016097218
200 65 8 9 0.016241683
323 94 14 17 0.016287008
117 83 13 17 0.016353378
209 79 8 8 0.016391335
456 144 25 16 0.016418133
469 127 13 12 0.01648488
833 55 6 6 0.016506882
1012 191 9 11 0.0166125
283 174 23 18 0.016652042
984 152 20 18 0.016704092
554 155 22 18 0.016994724
136 125 22 18 0.017380029
81 112 9 9 0.017474279
49 118 9 9 0.017656244
859 209 22 19 0.017673828
898 165 9 11 0.017915515
720 113 10 9 0.017975165
464 111 9 9 0.018039145
450 144 11 11 0.018301474
325 96 10 11 0.018432261
72 141 21 20 0.018500376
938 127 19 18 0.01860675
238 158 13 19 0.01872632
993 208 12 12 0.018790707
452 95 7 9 0.018815745
977 204 20 19 0.01895801
38 131 21 28 0.019123688
168 117 19 29 0.019245425
663 126 21 19 0.019318707
705 130 11 11 0.019605696
710 84 5 6 0.019607479
964 176 10 11 0.020130457
796 142 13 18 0.020190926
958 143 14 16 0.020535916
138 99 21 27 0.020565059
474 122 15 17 0.0207153
634 125 20 19 0.020765185
195 104 18 30 0.020865027
70 76 12 17 0.021067802
43 160 23 19 0.021232562
887 128 12 17 0.021274794
722 65 5 5 0.021351678
709 116 9 9 0.021834753
192 95 9 10 0.022169968
979 127 14 16 0.022342136
203 95 23 17 0.022365881
179 82 14 17 0.022441728
175 90 22 17 0.022494549
91 112 23 18 0.022707798
1016 127 7 11 0.022843845
655 123 17 27 0.022873774
962 156 15 16 0.023027351
423 138 23 19 0.023302265
944 113 9 10 0.02331001
554 176 23 20 0.023484299
386 94 14 17 0.023770222
501 99 7 6 0.023866724
582 104 10 16 0.024384134
931 144 8 9 0.024557553
800 144 8 12 0.024737561
917 177 9 11 0.02475945
112 112 13 18 0.02480046
113 67 7 9 0.025028666
548 82 6 8 0.025102096
148 112 9 9 0.025366053
530 94 7 8 0.025759118
1013 209 10 11 0.02584332
1010 173 13 17 0.025943696
403 100 11 11 0.026165137
385 115 12 11 0.026190469
696 138 23 17 0.026274119
1011 205 12 18 0.026691135
77 95 13 17 0.026935797
129 70 7 8 0.02699688
387 96 11 11 0.027155498
2 120 10 26 0.02718231
808 157 20 28 0.027343726
944 159 9 10 0.027530232
169 141 23 19 0.027809724
724 52 5 6 0.028093817
56 93 13 17 0.028308343
769 131 11 13 0.028839806
917 157 9 10 0.028990852
546 94 7 9 0.029206568
786 66 5 6 0.02962459
297 82 9 14 0.029651888
707 95 6 7 0.0298731
43 120 22 19 0.029886361
960 219 22 19 0.030011702
401 97 14 17 0.030045364
899 173 9 11 0.030414984
991 146 9 11 0.030620929
128 94 8 10 0.030779198
303 82 9 14 0.030833114
589 92 13 23 0.031119958
355 153 20 29 0.031375065
833 62 6 7 0.031721767
970 258 18 34 0.032374043
800 132 8 11 0.032705784
336 96 10 13 0.032735404
955 200 19 29 0.032884784
272 130 21 19 0.03302862
908 127 12 16 0.033197444
416 130 21 17 0.033239618
12 153 21 29 0.033457905
691 156 21 18 0.034677994
788 155 11 11 0.034931883
885 164 7 10 0.035246782
166 84 8 9 0.0354396
786 273 34 61 0.035623353
916 148 9 11 0.035855755
314 121 24 17 0.035864647
781 284 28 42 0.036696006
146 84 8 9 0.037302487
930 175 10 12 0.038159847
349 155 23 20 0.038565256
102 70 7 9 0.038573407
1005 276 15 40 0.03863574
115 115 8 11 0.038867258
711 65 4 6 0.03888984
982 146 14 16 0.039834406
847 125 12 19 0.039870903
1006 153 13 17 0.040712066
936 132 9 12 0.04112322
948 143 10 10 0.04125718
786 53 5 6 0.04156791
881 172 8 10 0.042144727
577 128 20 19 0.04275938
58 96 9 12 0.043070022
79 132 20 30 0.043233555
462 122 19 27 0.043339536
826 64 5 7 0.04344562
960 124 20 18 0.043750312
155 160 19 32 0.044644658
579 100 17 28 0.045575984
789 148 10 12 0.046496313
895 127 13 16 0.047804467
161 108 22 19 0.048120473
754 130 9 12 0.048239224
787 152 13 18 0.04943292
927 172 14 17 0.049510863
964 160 11 10 0.04977321
155 94 14 16 0.05024627
1005 147 13 17 0.052339498
991 130 9 10 0.052355736
194 83 9 9 0.053385545
333 94 13 17 0.053645063
1013 176 10 11 0.053744607
687 136 14 17 0.05826478
181 93 11 8 0.058474712
689 132 10 11 0.05949243
117 88 13 17 0.059521068
809 171 22 19 0.06027175
978 153 20 17 0.060365472
991 155 11 12 0.06093266
182 86 9 9 0.06258947
126 128 22 18 0.06337141
983 147 10 11 0.06433196
127 138 21 20 0.064754926
149 92 13 17 0.06550621
453 112 9 12 0.066192806
129 80 8 10 0.06684217
532 85 5 8 0.06788583
364 124 17 29 0.06869138
856 109 12 18 0.0709132
131 122 20 29 0.07095158
451 110 14 18 0.07187433
376 119 23 19 0.07325311
296 79 13 20 0.07495392
507 114 23 20 0.07520036
753 128 13 18 0.075775586
688 130 14 16 0.076672524
960 146 10 9 0.07749892
849 127 8 13 0.08003919
79 78 8 11 0.08349918
932 157 14 17 0.08411221
946 198 19 23 0.08483994
764 133 20 21 0.08493439
889 129 9 12 0.086632185
1008 149 9 12 0.08725555
787 145 13 19 0.08763408
793 191 20 31 0.08817566
811 158 21 20 0.0881803
119 86 8 10 0.088443466
1009 156 9 12 0.08968893
158 96 10 10 0.0903119
100 80 7 8 0.09353447
101 95 10 9 0.094111234
950 328 37 62 0.09473367
274 136 21 20 0.095223434
981 131 10 9 0.10019981
517 94 7 7 0.10711816
271 125 17 31 0.10727318
445 140 21 18 0.11232595
628 130 14 19 0.11418725
81 98 8 10 0.11897861
981 157 13 11 0.11980719
934 159 10 12 0.12545753
910 129 9 12 0.12940054
10 118 23 21 0.13408332
416 141 22 18 0.14093529
986 205 22 19 0.14184104
72 78 8 11 0.14487807
300 80 13 19 0.14590424
965 126 11 12 0.15315682
151 95 8 10 0.15526116
932 248 17 38 0.16015813
696 156 22 20 0.16784203
968 222 23 20 0.1680003
858 111 8 13 0.17322923
83 67 7 10 0.18332896
379 113 21 18 0.1840795
298 143 24 20 0.1865691
943 129 10 13 0.1885592
315 111 23 19 0.19566926
581 95 12 24 0.21230192
9 122 20 30 0.21255392
785 190 21 31 0.21616714
145 159 19 31 0.22535226
302 134 18 31 0.23844875
512 109 20 29 0.24189486
585 130 20 20 0.25287274
26 147 29 36 0.25370112
861 109 9 14 0.25462252
118 91 9 11 0.26111946
625 134 20 20 0.26376167
868 140 14 19 0.26868218
898 128 8 12 0.28569865
361 125 24 19 0.28686127
506 120 24 19 0.29991117
61 93 14 17 0.3057765
766 130 14 18 0.31321937
64 95 10 12 0.3418796
167 110 24 20 0.36014828
555 178 22 30 0.36674365
563 125 14 17 0.3802619
251 105 20 28 0.38936192
87 132 29 37 0.39222443
466 123 21 19 0.40397406
714 165 21 30 0.40614274
699 125 21 20 0.4696363
205 116 19 33 0.52704835
657 125 21 20 0.62105477

