17_Ceremony_Ceremony_17_218
50
769 367 27 37 0.010147904
949 636 49 100 0.010514621
978 274 6 13 0.012298898
921 637 50 109 0.0196098
455 287 22 19 0.02142574
447 288 22 19 0.031819023
902 345 30 35 0.033322707
728 305 21 32 0.042603906
362 368 35 58 0.04968441
905 328 23 29 0.05284146
803 461 24 43 0.14076307
373 360 29 39 0.16522072
946 484 32 40 0.20596309
364 356 29 43 0.22678563
517 329 23 33 0.2720513
1008 542 16 40 0.3008418
641 320 27 38 0.32459491
997 365 27 40 0.36140662
50 512 36 56 0.4122995
252 383 33 41 0.43046433
567 330 21 32 0.43271944
720 296 26 39 0.44082835
362 402 36 52 0.44498655
964 421 30 40 0.46414754
632 437 31 38 0.47517142
759 360 32 34 0.5121538
641 472 37 58 0.52279437
920 350 33 37 0.5512264
707 423 29 43 0.56593794
461 457 31 39 0.58128697
892 505 39 53 0.5929742
66 460 37 49 0.6051095
290 317 32 41 0.62247086
549 432 29 40 0.66461277
769 459 32 61 0.669168
821 325 31 35 0.6861093
326 485 32 42 0.69148797
489 400 28 38 0.72172236
40 423 35 37 0.7273204
391 525 33 57 0.7299475
156 366 32 41 0.7453821
135 551 33 53 0.7607359
514 521 38 59 0.76496845
853 428 34 33 0.77946424
864 372 37 32 0.78239346
252 497 36 58 0.8058471
54 313 33 39 0.80643934
182 311 31 37 0.8392346
197 428 37 58 0.839245
10 369 31 38 0.86252147

