17_Ceremony_Ceremony_17_944
242
162 543 20 30 0.010032591
260 499 9 12 0.010140071
320 503 10 11 0.010244293
241 511 9 12 0.010250648
311 503 9 10 0.010310665
246 501 9 11 0.010315936
551 370 5 7 0.010369282
253 538 12 21 0.010382282
260 469 13 16 0.010637385
840 454 18 19 0.010651466
290 528 9 14 0.010653737
4 514 8 12 0.010787497
516 291 7 9 0.010795352
469 445 12 18 0.010858041
222 483 14 16 0.011009375
439 419 5 9 0.011229515
351 389 6 9 0.011240178
812 454 19 18 0.01128304
199 520 21 28 0.011348444
341 526 13 17 0.011393203
1017 500 7 36 0.011546557
260 512 9 12 0.011658988
319 485 10 10 0.011668546
255 527 11 22 0.01167726
677 514 7 12 0.011954726
131 505 13 20 0.01198182
176 526 9 13 0.012008227
278 532 9 15 0.012057255
553 468 5 9 0.0121161165
867 595 35 65 0.0123179
613 522 11 20 0.012448218
799 508 11 23 0.012677567
179 496 13 18 0.012794722
292 510 19 29 0.012822023
686 478 12 20 0.012858771
521 407 7 9 0.012967146
735 479 14 17 0.012978679
872 528 12 21 0.013038739
760 451 18 19 0.013125977
679 539 20 30 0.013321644
224 494 9 11 0.013341093
291 504 9 10 0.01335834
18 527 13 21 0.013388087
735 516 10 12 0.013428558
887 546 26 43 0.013746554
1007 535 14 39 0.013874238
173 523 13 19 0.014088031
258 496 13 18 0.014145482
207 482 14 16 0.014264343
631 548 7 12 0.014744026
147 527 9 12 0.015114919
439 481 5 7 0.015120245
613 451 6 8 0.015194007
570 504 6 8 0.015611176
134 498 11 21 0.015646124
193 456 7 9 0.015909899
884 514 13 19 0.016197681
712 511 20 30 0.016416717
570 511 6 9 0.016860938
312 557 23 19 0.016943444
277 541 9 15 0.017121615
766 461 10 12 0.017362408
682 500 6 11 0.017379109
136 501 7 12 0.017457511
801 485 8 11 0.017500341
819 540 12 24 0.017724914
164 517 9 12 0.018013835
164 528 9 13 0.018248715
722 523 20 20 0.018252637
233 546 20 29 0.01842751
347 390 5 9 0.01852975
139 553 19 32 0.018589612
196 497 9 11 0.018946325
146 524 12 19 0.01907002
342 529 11 11 0.019338863
145 456 7 9 0.019453868
425 52 144 111 0.01970491
274 497 9 13 0.020373473
468 421 13 17 0.020377386
162 542 10 13 0.020665782
470 472 6 7 0.020756917
162 514 13 19 0.02080583
24 528 20 21 0.021148743
616 526 7 12 0.021165697
293 511 9 12 0.021996323
439 440 6 7 0.022180976
535 305 5 9 0.022282265
316 506 13 18 0.022595804
259 477 13 17 0.022696927
689 482 7 11 0.022764327
547 424 5 7 0.022797946
710 542 24 21 0.023044338
13 545 13 21 0.02315379
137 481 6 10 0.023199495
597 437 5 6 0.023227217
67 541 12 23 0.023349341
173 544 13 19 0.023415113
754 451 19 18 0.023614539
598 453 5 7 0.023735663
728 521 21 20 0.023912245
236 461 12 17 0.02403465
962 560 19 36 0.024150906
244 544 12 22 0.024330392
528 406 5 8 0.02454655
878 537 19 31 0.024652258
954 549 32 62 0.025523666
159 493 13 18 0.025805976
92 546 18 32 0.026025308
211 465 13 16 0.026772251
687 497 8 13 0.028087992
840 456 10 13 0.028422758
497 446 8 11 0.02850446
685 494 12 20 0.029370613
241 552 13 21 0.029935133
147 484 7 10 0.030604307
138 469 6 10 0.030663015
182 499 8 11 0.031180365
209 499 13 18 0.03135249
511 232 12 22 0.03253178
452 418 6 9 0.032586288
198 482 8 10 0.032933913
77 544 18 32 0.033164095
232 456 8 9 0.033166297
146 491 12 19 0.033177383
599 484 5 7 0.033185806
529 419 7 10 0.033433445
205 531 13 20 0.033784114
207 536 13 20 0.034066103
162 526 13 19 0.03451012
272 471 15 15 0.035038043
275 473 10 11 0.035048984
175 478 8 11 0.03512914
179 514 9 13 0.03514837
477 428 13 16 0.0352661
291 509 13 19 0.035307508
408 454 5 8 0.03551712
489 450 7 9 0.036171574
148 495 8 12 0.036744773
611 471 6 9 0.037171464
718 455 9 12 0.037673607
270 493 13 19 0.03892635
726 512 13 21 0.039192665
482 423 7 10 0.039775215
452 439 6 8 0.039976954
226 514 13 17 0.041288696
286 525 13 21 0.042024594
225 486 9 9 0.0421996
578 513 6 8 0.042716183
716 453 12 17 0.042933002
632 446 12 19 0.042957813
597 466 5 8 0.043275367
757 458 13 17 0.043458737
809 460 10 14 0.043604646
275 537 12 21 0.043879107
12 543 16 33 0.044379678
564 471 5 8 0.044695478
817 536 19 32 0.045462787
884 554 35 62 0.046452485
242 480 9 10 0.047276486
495 433 13 16 0.047474872
310 512 9 13 0.047486875
212 509 9 13 0.04759712
160 539 13 19 0.048025444
177 512 12 18 0.048891395
227 461 13 18 0.050775792
261 471 9 11 0.050845485
738 482 9 10 0.051102445
211 502 9 11 0.051471505
595 500 6 8 0.052385576
709 453 13 18 0.05415282
82 542 13 23 0.05538264
728 514 21 19 0.05571359
196 525 13 21 0.055773653
563 449 5 8 0.05659687
633 450 9 12 0.058310863
845 458 10 16 0.05895331
569 480 5 9 0.06086236
162 496 9 12 0.061206374
450 467 5 7 0.06284833
277 529 12 22 0.06512699
451 451 5 7 0.06515676
168 478 8 11 0.06630497
765 453 10 12 0.06656233
260 479 9 10 0.066806614
581 500 6 8 0.069093436
711 455 9 12 0.06993085
210 507 13 18 0.07081459
565 438 5 6 0.072009474
470 424 8 10 0.07298405
239 463 8 11 0.07370068
581 440 4 7 0.07601215
816 456 11 13 0.07753633
308 510 13 18 0.078993805
758 461 9 12 0.08114653
470 427 13 17 0.08191428
228 517 9 11 0.08205676
89 540 20 22 0.08243089
529 431 7 11 0.08396013
873 527 21 20 0.08461049
440 450 5 7 0.086092316
196 466 12 17 0.08662981
275 478 11 12 0.08914275
148 464 11 18 0.093458265
161 466 12 17 0.09379819
497 419 8 10 0.09498394
125 566 27 41 0.09546231
438 468 4 6 0.101802945
716 458 13 17 0.102224134
471 449 8 10 0.10402801
615 497 5 9 0.112880565
214 468 8 10 0.11623392
229 464 9 11 0.123487785
582 449 5 7 0.12626173
611 479 5 10 0.13010663
552 449 6 8 0.13481833
578 484 5 8 0.13995738
210 485 8 9 0.14196794
709 461 9 14 0.14301124
515 421 13 17 0.14628851
274 475 13 18 0.14832011
640 448 9 12 0.1501312
2 523 13 24 0.16591296
708 458 13 19 0.17206904
637 446 13 17 0.17552324
480 430 9 12 0.18034038
706 537 22 31 0.1905199
3 517 17 32 0.19301456
175 469 8 14 0.24301209
472 429 8 12 0.24515548
423 32 132 95 0.25783896
546 435 6 9 0.25871974
516 423 10 13 0.2605259
498 435 8 12 0.29259598
163 468 8 13 0.29592976
198 468 8 13 0.33194908
518 427 10 13 0.33866644
840 457 13 17 0.34870934
758 454 10 13 0.34991175
580 465 6 9 0.3589994
149 467 8 12 0.3670337
955 548 24 46 0.460097
814 457 13 17 0.46961302

