17_Ceremony_Ceremony_17_227
153
294 504 8 10 0.010007702
905 447 11 19 0.010061104
239 506 12 18 0.0100876205
229 498 8 12 0.010184241
621 722 27 15 0.010268099
859 432 6 15 0.01029668
439 434 5 12 0.010352209
530 687 12 10 0.0105554685
953 481 7 9 0.010668811
998 498 6 8 0.010752982
101 512 7 12 0.011201873
660 403 5 7 0.0113536455
31 481 10 21 0.011424967
524 684 22 17 0.01154185
210 466 11 19 0.011680584
0 717 10 25 0.012009784
308 489 17 22 0.012071708
677 501 9 7 0.012173713
629 404 5 7 0.012257522
738 401 5 10 0.012286607
105 482 7 14 0.012313092
768 433 5 11 0.012425394
496 440 6 10 0.012447285
382 700 22 18 0.012448364
194 496 7 11 0.01245689
48 495 7 11 0.012499413
431 722 23 18 0.012562919
635 674 27 14 0.012565192
864 444 6 15 0.012822385
435 669 14 18 0.013049802
500 671 12 11 0.013116826
962 478 8 10 0.013326006
87 521 11 21 0.013378849
103 477 11 21 0.013542427
89 525 7 13 0.013578681
521 423 5 10 0.013919438
243 496 12 18 0.014005983
634 706 27 15 0.014017862
499 662 12 10 0.014085046
459 699 24 16 0.014364725
319 485 7 12 0.014395969
191 481 11 20 0.01442343
627 658 14 11 0.014469148
0 728 10 28 0.014707592
981 697 13 20 0.014846685
768 417 5 11 0.015182281
648 480 13 18 0.015297718
260 492 17 19 0.015319844
675 480 8 10 0.015334424
212 493 12 20 0.015352368
672 446 7 11 0.015416111
95 525 12 21 0.015665561
153 527 8 12 0.01582073
817 381 4 12 0.01595755
113 510 7 13 0.015964523
157 525 12 19 0.016248563
224 480 7 12 0.016804127
437 672 10 12 0.017228894
622 655 24 15 0.017295467
674 438 6 8 0.017357957
131 498 7 13 0.017515589
180 525 13 19 0.017553844
930 480 6 9 0.01810571
293 508 12 18 0.018197937
434 657 10 9 0.018594893
691 417 6 9 0.019157581
49 707 11 11 0.019176515
903 514 5 7 0.019377518
145 502 7 12 0.019701693
147 508 11 20 0.020081133
241 508 9 13 0.02117093
267 492 12 17 0.021729782
292 582 6 7 0.022742813
650 483 8 12 0.022781314
243 485 7 11 0.02319714
570 461 8 14 0.023464544
491 446 5 12 0.023582183
570 454 18 18 0.023810456
342 514 7 9 0.023959955
37 493 6 12 0.024261475
181 513 7 10 0.025141394
316 491 11 19 0.02534592
215 497 7 12 0.025381189
257 470 8 11 0.025442202
677 420 6 8 0.02550668
200 463 6 11 0.025669377
677 471 7 9 0.025720343
209 510 12 19 0.026337
440 723 25 17 0.026505992
172 497 11 19 0.028267749
162 482 7 11 0.028306104
260 483 8 11 0.028833328
175 500 7 13 0.029114854
496 446 5 12 0.029286316
861 431 10 22 0.030296726
888 477 6 11 0.030468887
161 528 7 12 0.030839918
134 508 11 19 0.031438746
198 514 8 13 0.031804983
793 432 6 12 0.033473417
905 467 7 12 0.033762343
212 514 8 12 0.03433197
631 188 105 178 0.034372646
157 511 12 18 0.03516818
194 485 7 12 0.035602424
213 469 7 12 0.035868872
37 709 10 12 0.036908675
1012 685 10 25 0.037120342
321 511 13 18 0.0371654
35 707 14 17 0.038998388
662 472 8 9 0.03943677
318 494 8 13 0.040254317
303 510 12 18 0.04117168
863 433 6 16 0.04220999
150 511 7 13 0.04381584
911 463 8 12 0.044231556
182 528 8 12 0.04448099
973 669 23 19 0.04461507
245 498 9 11 0.04479453
907 450 7 14 0.046057977
196 511 12 19 0.04607555
763 418 4 12 0.048555624
888 470 7 12 0.04866782
982 484 7 8 0.049996514
520 433 5 11 0.052863136
954 466 9 13 0.054153014
310 486 12 18 0.0558867
33 486 6 13 0.06112009
312 488 8 13 0.06231038
786 662 39 59 0.06350747
613 451 6 10 0.06392773
295 511 8 11 0.06491529
269 494 9 12 0.07313173
280 515 7 10 0.07833609
762 431 5 12 0.08199485
136 510 7 13 0.08624905
614 464 7 11 0.088403665
656 482 10 12 0.09377553
215 478 8 14 0.12251473
214 475 11 20 0.123215616
995 482 7 7 0.1294652
653 480 14 17 0.1348183
160 515 8 12 0.1425777
324 514 8 11 0.16361035
1014 484 6 8 0.1952592
306 513 8 11 0.2250893
911 451 9 14 0.350577
166 494 12 20 0.3871491
574 457 13 17 0.38857275
115 494 11 19 0.44230062
311 493 9 14 0.44657367
956 464 14 16 0.53941727
263 495 10 13 0.61050594

